Date,Time,Cow ID,Lying Time (min),Standing Time (min),Eating Time (min),Not Recognized (min),Temperature (°C),Weather Condition,Camera Field
2022-08-11,00:00,Cow_1,5,3,7,0,26.7,Clear,Field B
2022-08-11,00:00,Cow_2,7,5,3,0,26.7,Clear,Field C
2022-08-11,00:00,Cow_3,14,0,4,0,26.7,Clear,Field C
2022-08-11,00:00,Cow_4,13,7,0,0,26.7,Clear,Field A
2022-08-11,00:00,Cow_5,7,2,6,0,26.7,Clear,Field C
2022-08-11,00:00,Cow_6,5,7,3,0,26.7,Clear,Field B
2022-08-11,00:00,Cow_7,7,4,4,0,26.7,Clear,Field A
2022-08-11,00:00,Cow_8,13,10,0,0,26.7,Clear,Field A
2022-08-11,00:00,Cow_9,3,5,7,0,26.7,Clear,Field A
2022-08-11,00:00,Cow_10,14,6,0,0,26.7,Clear,Field A
2022-08-11,00:00,Cow_11,2,6,7,0,26.7,Clear,Field B
2022-08-11,00:00,Cow_12,7,2,6,0,26.7,Clear,Field A
2022-08-11,00:00,Cow_13,6,6,3,0,26.7,Clear,Field A
2022-08-11,00:00,Cow_14,6,4,5,0,26.7,Clear,Field C
2022-08-11,00:00,Cow_15,9,5,1,0,26.7,Clear,Field B
2022-08-11,00:00,Cow_16,6,2,7,0,26.7,Clear,Field B
2022-08-11,00:00,Cow_17,5,4,6,0,26.7,Clear,Field C
2022-08-11,00:00,Cow_18,14,8,0,0,26.7,Clear,Field A
2022-08-11,00:00,Cow_19,14,0,4,0,26.7,Clear,Field C
2022-08-11,00:00,Cow_20,6,6,3,0,26.7,Clear,Field B
2022-08-11,00:00,Cow_21,0,10,5,0,26.7,Clear,Field B
2022-08-11,00:00,Cow_22,6,4,5,0,26.7,Clear,Field B
2022-08-11,00:00,Cow_23,7,4,4,0,26.7,Clear,Field A
2022-08-11,00:00,Cow_24,7,4,4,0,26.7,Clear,Field B
2022-08-11,00:00,Cow_25,5,3,7,0,26.7,Clear,Field B
2022-08-11,00:00,Cow_26,0,0,0,15,26.7,Clear,Field A
2022-08-11,00:00,Cow_27,0,0,0,15,26.7,Clear,Field C
2022-08-11,00:00,Cow_28,3,4,8,0,26.7,Clear,Field B
2022-08-11,00:00,Cow_29,1,6,8,0,26.7,Clear,Field A
2022-08-11,00:00,Cow_30,12,0,8,0,26.7,Clear,Field C
2022-08-11,00:00,Cow_31,0,0,0,15,26.7,Clear,Field C
2022-08-11,00:00,Cow_32,5,5,5,0,26.7,Clear,Field C
2022-08-11,00:00,Cow_33,7,3,5,0,26.7,Clear,Field A
2022-08-11,00:00,Cow_34,6,3,6,0,26.7,Clear,Field A
2022-08-11,00:00,Cow_35,7,3,5,0,26.7,Clear,Field A
2022-08-11,00:00,Cow_36,4,7,4,0,26.7,Clear,Field A
2022-08-11,00:00,Cow_37,5,5,5,0,26.7,Clear,Field B
2022-08-11,00:00,Cow_38,13,3,0,0,26.7,Clear,Field A
2022-08-11,00:00,Cow_39,3,5,7,0,26.7,Clear,Field C
2022-08-11,00:00,Cow_40,1,8,6,0,26.7,Clear,Field A
2022-08-11,00:00,Cow_41,10,0,8,0,26.7,Clear,Field B
2022-08-11,00:00,Cow_42,10,9,0,0,26.7,Clear,Field B
2022-08-11,00:00,Cow_43,11,0,4,0,26.7,Clear,Field C
2022-08-11,00:00,Cow_44,7,6,2,0,26.7,Clear,Field A
2022-08-11,00:00,Cow_45,7,1,7,0,26.7,Clear,Field A
2022-08-11,00:00,Cow_46,8,5,2,0,26.7,Clear,Field A
2022-08-11,00:00,Cow_47,0,10,6,0,26.7,Clear,Field B
2022-08-11,00:00,Cow_48,8,5,2,0,26.7,Clear,Field C
2022-08-11,00:00,Cow_49,10,1,4,0,26.7,Clear,Field C
2022-08-11,00:00,Cow_50,6,4,5,0,26.7,Clear,Field B
2022-08-11,00:00,Cow_51,4,6,5,0,26.7,Clear,Field C
2022-08-11,00:00,Cow_52,7,1,7,0,26.7,Clear,Field B
2022-08-11,00:00,Cow_53,5,7,3,0,26.7,Clear,Field A
2022-08-11,00:00,Cow_54,1,4,10,0,26.7,Clear,Field B
2022-08-11,00:00,Cow_55,6,4,5,0,26.7,Clear,Field B
2022-08-11,00:00,Cow_56,7,0,8,0,26.7,Clear,Field B
2022-08-11,00:00,Cow_57,11,8,0,0,26.7,Clear,Field A
2022-08-11,00:00,Cow_58,10,3,2,0,26.7,Clear,Field B
2022-08-11,00:00,Cow_59,7,5,3,0,26.7,Clear,Field B
2022-08-11,00:00,Cow_60,6,9,0,0,26.7,Clear,Field B
2022-08-11,00:00,Cow_61,6,2,7,0,26.7,Clear,Field C
2022-08-11,00:00,Cow_62,14,7,0,0,26.7,Clear,Field C
2022-08-11,00:00,Cow_63,9,9,0,0,26.7,Clear,Field C
2022-08-11,00:00,Cow_64,3,8,4,0,26.7,Clear,Field A
2022-08-11,00:00,Cow_65,2,8,5,0,26.7,Clear,Field A
2022-08-11,00:00,Cow_66,10,3,2,0,26.7,Clear,Field A
2022-08-11,00:00,Cow_67,7,6,2,0,26.7,Clear,Field C
2022-08-11,00:00,Cow_68,14,0,6,0,26.7,Clear,Field A
2022-08-11,00:00,Cow_69,6,6,3,0,26.7,Clear,Field B
2022-08-11,00:00,Cow_70,4,4,7,0,26.7,Clear,Field B
2022-08-11,00:00,Cow_71,14,0,7,0,26.7,Clear,Field A
2022-08-11,00:00,Cow_72,0,0,0,15,26.7,Clear,Field B
2022-08-11,00:00,Cow_73,0,0,0,15,26.7,Clear,Field B
2022-08-11,00:00,Cow_74,13,7,0,0,26.7,Clear,Field C
2022-08-11,00:00,Cow_75,0,0,0,15,26.7,Clear,Field B
2022-08-11,00:00,Cow_76,14,0,8,0,26.7,Clear,Field A
2022-08-11,00:00,Cow_77,7,5,3,0,26.7,Clear,Field C
2022-08-11,00:00,Cow_78,0,10,6,0,26.7,Clear,Field C
2022-08-11,00:00,Cow_79,14,3,0,0,26.7,Clear,Field A
2022-08-11,00:00,Cow_80,8,5,2,0,26.7,Clear,Field C
2022-08-11,00:00,Cow_81,9,1,5,0,26.7,Clear,Field A
2022-08-11,00:00,Cow_82,11,4,0,0,26.7,Clear,Field A
2022-08-11,00:00,Cow_83,9,0,6,0,26.7,Clear,Field A
2022-08-11,00:00,Cow_84,13,4,0,0,26.7,Clear,Field B
2022-08-11,00:00,Cow_85,5,8,2,0,26.7,Clear,Field C
2022-08-11,00:00,Cow_86,8,4,3,0,26.7,Clear,Field B
2022-08-11,00:00,Cow_87,8,4,3,0,26.7,Clear,Field A
2022-08-11,00:00,Cow_88,5,7,3,0,26.7,Clear,Field A
2022-08-11,00:00,Cow_89,0,0,0,15,26.7,Clear,Field C
2022-08-11,00:00,Cow_90,12,0,4,0,26.7,Clear,Field A
2022-08-11,00:00,Cow_91,0,8,7,0,26.7,Clear,Field A
2022-08-11,00:00,Cow_92,7,3,5,0,26.7,Clear,Field A
2022-08-11,00:00,Cow_93,0,9,7,0,26.7,Clear,Field B
2022-08-11,00:00,Cow_94,13,0,3,0,26.7,Clear,Field B
2022-08-11,00:00,Cow_95,0,0,0,15,26.7,Clear,Field A
2022-08-11,00:00,Cow_96,7,4,4,0,26.7,Clear,Field C
2022-08-11,00:00,Cow_97,8,5,2,0,26.7,Clear,Field A
2022-08-11,00:00,Cow_98,9,1,5,0,26.7,Clear,Field A
2022-08-11,00:00,Cow_99,5,7,3,0,26.7,Clear,Field B
2022-08-11,00:00,Cow_100,14,0,7,0,26.7,Clear,Field A
2022-08-11,00:00,Cow_101,12,6,0,0,26.7,Clear,Field A
2022-08-11,00:00,Cow_102,6,6,3,0,26.7,Clear,Field A
2022-08-11,00:00,Cow_103,11,0,6,0,26.7,Clear,Field C
2022-08-11,00:00,Cow_104,8,5,2,0,26.7,Clear,Field B
2022-08-11,00:00,Cow_105,6,2,7,0,26.7,Clear,Field C
2022-08-11,00:00,Cow_106,14,0,7,0,26.7,Clear,Field B
2022-08-11,00:00,Cow_107,12,8,0,0,26.7,Clear,Field A
2022-08-11,00:00,Cow_108,6,5,4,0,26.7,Clear,Field A
2022-08-11,00:00,Cow_109,7,5,3,0,26.7,Clear,Field C
2022-08-11,00:00,Cow_110,2,7,6,0,26.7,Clear,Field B
2022-08-11,00:00,Cow_111,7,9,0,0,26.7,Clear,Field A
2022-08-11,00:00,Cow_112,6,5,4,0,26.7,Clear,Field A
2022-08-11,00:00,Cow_113,7,4,4,0,26.7,Clear,Field B
2022-08-11,00:00,Cow_114,0,10,5,0,26.7,Clear,Field A
2022-08-11,00:00,Cow_115,11,8,0,0,26.7,Clear,Field C
2022-08-11,00:00,Cow_116,12,0,5,0,26.7,Clear,Field C
2022-08-11,00:00,Cow_117,4,4,7,0,26.7,Clear,Field A
2022-08-11,00:00,Cow_118,11,10,0,0,26.7,Clear,Field A
2022-08-11,00:00,Cow_119,13,0,3,0,26.7,Clear,Field B
2022-08-11,00:00,Cow_120,5,6,4,0,26.7,Clear,Field C
2022-08-11,00:00,Cow_121,2,6,7,0,26.7,Clear,Field A
2022-08-11,00:00,Cow_122,3,6,6,0,26.7,Clear,Field C
2022-08-11,00:00,Cow_123,6,9,0,0,26.7,Clear,Field C
2022-08-11,00:00,Cow_124,3,8,4,0,26.7,Clear,Field A
2022-08-11,00:00,Cow_125,8,6,1,0,26.7,Clear,Field A
2022-08-11,00:00,Cow_126,10,2,3,0,26.7,Clear,Field B
2022-08-11,00:00,Cow_127,1,9,5,0,26.7,Clear,Field C
2022-08-11,00:00,Cow_128,11,1,3,0,26.7,Clear,Field A
2022-08-11,00:00,Cow_129,2,9,4,0,26.7,Clear,Field A
2022-08-11,00:00,Cow_130,10,0,5,0,26.7,Clear,Field B
2022-08-11,00:00,Cow_131,12,6,0,0,26.7,Clear,Field B
2022-08-11,00:00,Cow_132,9,1,5,0,26.7,Clear,Field A
2022-08-11,00:00,Cow_133,14,0,5,0,26.7,Clear,Field C
2022-08-11,00:00,Cow_134,11,1,3,0,26.7,Clear,Field A
2022-08-11,00:00,Cow_135,5,2,8,0,26.7,Clear,Field B
2022-08-11,00:00,Cow_136,10,8,0,0,26.7,Clear,Field C
2022-08-11,00:00,Cow_137,0,0,0,15,26.7,Clear,Field B
2022-08-11,00:00,Cow_138,14,0,5,0,26.7,Clear,Field B
2022-08-11,00:00,Cow_139,8,2,5,0,26.7,Clear,Field A
2022-08-11,00:00,Cow_140,11,9,0,0,26.7,Clear,Field C
2022-08-11,00:00,Cow_141,14,8,0,0,26.7,Clear,Field C
2022-08-11,00:00,Cow_142,3,4,8,0,26.7,Clear,Field C
2022-08-11,00:00,Cow_143,6,5,4,0,26.7,Clear,Field B
2022-08-11,00:00,Cow_144,7,1,7,0,26.7,Clear,Field B
2022-08-11,00:00,Cow_145,7,5,3,0,26.7,Clear,Field A
2022-08-11,00:00,Cow_146,5,7,3,0,26.7,Clear,Field A
2022-08-11,00:00,Cow_147,8,7,0,0,26.7,Clear,Field C
2022-08-11,00:00,Cow_148,7,4,4,0,26.7,Clear,Field A
2022-08-11,00:00,Cow_149,7,4,4,0,26.7,Clear,Field B
2022-08-11,00:00,Cow_150,5,8,2,0,26.7,Clear,Field A
2022-08-11,00:00,Cow_151,8,4,3,0,26.7,Clear,Field B
2022-08-11,00:00,Cow_152,9,8,0,0,26.7,Clear,Field C
2022-08-11,00:00,Cow_153,9,2,4,0,26.7,Clear,Field B
2022-08-11,00:00,Cow_154,3,7,5,0,26.7,Clear,Field A
2022-08-11,00:00,Cow_155,10,0,7,0,26.7,Clear,Field B
2022-08-11,00:00,Cow_156,6,1,8,0,26.7,Clear,Field C
2022-08-11,00:00,Cow_157,6,9,0,0,26.7,Clear,Field A
2022-08-11,00:00,Cow_158,8,10,0,0,26.7,Clear,Field C
2022-08-11,00:00,Cow_159,8,4,3,0,26.7,Clear,Field A
2022-08-11,00:00,Cow_160,14,6,0,0,26.7,Clear,Field A
2022-08-11,00:00,Cow_161,13,5,0,0,26.7,Clear,Field B
2022-08-11,00:00,Cow_162,12,0,7,0,26.7,Clear,Field A
2022-08-11,00:00,Cow_163,7,9,0,0,26.7,Clear,Field C
2022-08-11,00:00,Cow_164,13,0,4,0,26.7,Clear,Field C
2022-08-11,00:00,Cow_165,14,0,6,0,26.7,Clear,Field C
2022-08-11,00:00,Cow_166,4,4,7,0,26.7,Clear,Field B
2022-08-11,00:00,Cow_167,5,5,5,0,26.7,Clear,Field A
2022-08-11,00:00,Cow_168,2,7,6,0,26.7,Clear,Field C
2022-08-11,00:00,Cow_169,7,3,5,0,26.7,Clear,Field B
2022-08-11,00:00,Cow_170,5,2,8,0,26.7,Clear,Field C
2022-08-11,00:00,Cow_171,14,0,6,0,26.7,Clear,Field B
2022-08-11,00:00,Cow_172,13,0,6,0,26.7,Clear,Field C
2022-08-11,00:00,Cow_173,3,4,8,0,26.7,Clear,Field B
2022-08-11,00:00,Cow_174,6,9,0,0,26.7,Clear,Field C
2022-08-11,00:00,Cow_175,7,5,3,0,26.7,Clear,Field C
2022-08-11,00:00,Cow_176,7,9,0,0,26.7,Clear,Field B
2022-08-11,00:00,Cow_177,1,8,6,0,26.7,Clear,Field A
2022-08-11,00:00,Cow_178,5,6,4,0,26.7,Clear,Field A
2022-08-11,00:00,Cow_179,5,4,6,0,26.7,Clear,Field C
2022-08-11,00:00,Cow_180,4,7,4,0,26.7,Clear,Field B
2022-08-11,00:00,Cow_181,0,0,0,15,26.7,Clear,Field A
2022-08-11,00:00,Cow_182,14,4,0,0,26.7,Clear,Field C
2022-08-11,00:00,Cow_183,2,8,5,0,26.7,Clear,Field B
2022-08-11,00:00,Cow_184,10,4,1,0,26.7,Clear,Field B
2022-08-11,00:00,Cow_185,12,0,5,0,26.7,Clear,Field B
2022-08-11,00:00,Cow_186,10,6,0,0,26.7,Clear,Field B
2022-08-11,00:00,Cow_187,2,10,3,0,26.7,Clear,Field A
2022-08-11,00:00,Cow_188,0,0,0,15,26.7,Clear,Field B
2022-08-11,00:00,Cow_189,0,0,0,15,26.7,Clear,Field C
2022-08-11,00:00,Cow_190,8,4,3,0,26.7,Clear,Field B
2022-08-11,00:00,Cow_191,8,3,4,0,26.7,Clear,Field B
2022-08-11,00:00,Cow_192,12,0,4,0,26.7,Clear,Field C
2022-08-11,00:00,Cow_193,11,0,5,0,26.7,Clear,Field C
2022-08-11,00:00,Cow_194,7,7,1,0,26.7,Clear,Field C
2022-08-11,00:00,Cow_195,0,10,8,0,26.7,Clear,Field B
2022-08-11,00:00,Cow_196,11,0,8,0,26.7,Clear,Field C
2022-08-11,00:00,Cow_197,0,0,0,15,26.7,Clear,Field A
2022-08-11,00:00,Cow_198,3,4,8,0,26.7,Clear,Field C
2022-08-11,00:00,Cow_199,7,3,5,0,26.7,Clear,Field A
2022-08-11,00:00,Cow_200,8,8,0,0,26.7,Clear,Field B
2022-08-11,00:00,Cow_201,9,9,0,0,26.7,Clear,Field A
2022-08-11,00:00,Cow_202,8,0,7,0,26.7,Clear,Field A
2022-08-11,00:00,Cow_203,5,5,5,0,26.7,Clear,Field A
2022-08-11,00:00,Cow_204,6,1,8,0,26.7,Clear,Field A
2022-08-11,00:00,Cow_205,10,0,5,0,26.7,Clear,Field B
2022-08-11,00:00,Cow_206,6,5,4,0,26.7,Clear,Field A
2022-08-11,00:00,Cow_207,14,6,0,0,26.7,Clear,Field A
2022-08-11,00:00,Cow_208,12,0,7,0,26.7,Clear,Field B
2022-08-11,00:00,Cow_209,5,4,6,0,26.7,Clear,Field C
2022-08-11,00:00,Cow_210,8,3,4,0,26.7,Clear,Field A
2022-08-11,00:00,Cow_211,8,9,0,0,26.7,Clear,Field B
2022-08-11,00:00,Cow_212,8,4,3,0,26.7,Clear,Field B
2022-08-11,00:00,Cow_213,1,7,7,0,26.7,Clear,Field C
2022-08-11,00:00,Cow_214,13,9,0,0,26.7,Clear,Field A
2022-08-11,00:00,Cow_215,9,3,3,0,26.7,Clear,Field C
2022-08-11,00:00,Cow_216,8,10,0,0,26.7,Clear,Field B
2022-08-11,00:00,Cow_217,6,5,4,0,26.7,Clear,Field B
2022-08-11,00:00,Cow_218,5,5,5,0,26.7,Clear,Field A
2022-08-11,00:00,Cow_219,11,0,6,0,26.7,Clear,Field B
2022-08-11,00:00,Cow_220,5,8,2,0,26.7,Clear,Field B
2022-08-11,00:00,Cow_221,7,8,0,0,26.7,Clear,Field A
2022-08-11,00:00,Cow_222,12,4,0,0,26.7,Clear,Field A
2022-08-11,00:00,Cow_223,13,4,0,0,26.7,Clear,Field A
2022-08-11,00:00,Cow_224,1,7,7,0,26.7,Clear,Field B
2022-08-11,00:00,Cow_225,7,5,3,0,26.7,Clear,Field A
2022-08-11,00:00,Cow_226,0,0,0,15,26.7,Clear,Field B
2022-08-11,00:00,Cow_227,6,3,6,0,26.7,Clear,Field B
2022-08-11,00:00,Cow_228,10,0,7,0,26.7,Clear,Field C
2022-08-11,00:00,Cow_229,5,6,4,0,26.7,Clear,Field C
2022-08-11,00:00,Cow_230,6,5,4,0,26.7,Clear,Field B
2022-08-11,00:00,Cow_231,14,4,0,0,26.7,Clear,Field A
2022-08-11,00:00,Cow_232,9,3,3,0,26.7,Clear,Field A
2022-08-11,00:00,Cow_233,0,8,7,0,26.7,Clear,Field A
2022-08-11,00:00,Cow_234,14,10,0,0,26.7,Clear,Field B
2022-08-11,00:00,Cow_235,7,6,2,0,26.7,Clear,Field B
2022-08-11,00:00,Cow_236,1,7,7,0,26.7,Clear,Field C
2022-08-11,00:00,Cow_237,0,9,8,0,26.7,Clear,Field C
2022-08-11,00:00,Cow_238,13,0,3,0,26.7,Clear,Field C
2022-08-11,00:00,Cow_239,0,0,0,15,26.7,Clear,Field A
2022-08-11,00:00,Cow_240,0,10,6,0,26.7,Clear,Field A
2022-08-11,00:00,Cow_241,3,6,6,0,26.7,Clear,Field B
2022-08-11,00:00,Cow_242,6,6,3,0,26.7,Clear,Field A
2022-08-11,00:00,Cow_243,4,5,6,0,26.7,Clear,Field B
2022-08-11,00:00,Cow_244,8,3,4,0,26.7,Clear,Field B
2022-08-11,00:00,Cow_245,6,5,4,0,26.7,Clear,Field C
2022-08-11,00:00,Cow_246,8,9,0,0,26.7,Clear,Field B
2022-08-11,00:00,Cow_247,14,9,0,0,26.7,Clear,Field B
2022-08-11,00:00,Cow_248,3,4,8,0,26.7,Clear,Field B
2022-08-11,00:00,Cow_249,9,0,8,0,26.7,Clear,Field A
2022-08-11,00:00,Cow_250,13,6,0,0,26.7,Clear,Field B
2022-08-11,00:00,Cow_251,12,0,5,0,26.7,Clear,Field A
2022-08-11,00:00,Cow_252,7,10,0,0,26.7,Clear,Field C
2022-08-11,00:00,Cow_253,7,5,3,0,26.7,Clear,Field C
2022-08-11,00:00,Cow_254,14,3,0,0,26.7,Clear,Field A
2022-08-11,00:00,Cow_255,12,5,0,0,26.7,Clear,Field B
2022-08-11,00:00,Cow_256,6,6,3,0,26.7,Clear,Field B
2022-08-11,00:00,Cow_257,14,0,8,0,26.7,Clear,Field C
2022-08-11,00:00,Cow_258,7,0,8,0,26.7,Clear,Field A
2022-08-11,00:00,Cow_259,0,0,0,15,26.7,Clear,Field A
2022-08-11,00:00,Cow_260,7,6,2,0,26.7,Clear,Field B
2022-08-11,00:00,Cow_261,0,9,6,0,26.7,Clear,Field B
2022-08-11,00:00,Cow_262,10,10,0,0,26.7,Clear,Field B
2022-08-11,00:00,Cow_263,3,5,7,0,26.7,Clear,Field A
2022-08-11,00:00,Cow_264,3,5,7,0,26.7,Clear,Field C
2022-08-11,00:00,Cow_265,6,3,6,0,26.7,Clear,Field B
2022-08-11,00:00,Cow_266,7,8,0,0,26.7,Clear,Field B
2022-08-11,00:00,Cow_267,2,8,5,0,26.7,Clear,Field C
2022-08-11,00:00,Cow_268,10,3,2,0,26.7,Clear,Field B
2022-08-11,00:00,Cow_269,14,6,0,0,26.7,Clear,Field C
2022-08-11,00:00,Cow_270,5,10,0,0,26.7,Clear,Field B
2022-08-11,00:00,Cow_271,6,5,4,0,26.7,Clear,Field B
2022-08-11,00:00,Cow_272,0,0,0,15,26.7,Clear,Field C
2022-08-11,00:00,Cow_273,11,1,3,0,26.7,Clear,Field A
2022-08-11,00:00,Cow_274,10,8,0,0,26.7,Clear,Field A
2022-08-11,00:00,Cow_275,11,0,4,0,26.7,Clear,Field B
2022-08-11,00:00,Cow_276,7,1,7,0,26.7,Clear,Field C
2022-08-11,00:00,Cow_277,8,6,1,0,26.7,Clear,Field A
2022-08-11,00:00,Cow_278,9,3,3,0,26.7,Clear,Field B
2022-08-11,00:00,Cow_279,12,0,4,0,26.7,Clear,Field A
2022-08-11,00:00,Cow_280,6,2,7,0,26.7,Clear,Field A
2022-08-11,00:00,Cow_281,0,0,0,15,26.7,Clear,Field A
2022-08-11,00:00,Cow_282,14,7,0,0,26.7,Clear,Field A
2022-08-11,00:00,Cow_283,2,5,8,0,26.7,Clear,Field A
2022-08-11,00:00,Cow_284,11,3,1,0,26.7,Clear,Field C
2022-08-11,00:00,Cow_285,7,5,3,0,26.7,Clear,Field C
2022-08-11,00:00,Cow_286,12,10,0,0,26.7,Clear,Field A
2022-08-11,00:00,Cow_287,11,7,0,0,26.7,Clear,Field C
2022-08-11,00:00,Cow_288,6,3,6,0,26.7,Clear,Field B
2022-08-11,00:00,Cow_289,8,3,4,0,26.7,Clear,Field C
2022-08-11,00:00,Cow_290,7,9,0,0,26.7,Clear,Field A
2022-08-11,00:00,Cow_291,12,9,0,0,26.7,Clear,Field A
2022-08-11,00:00,Cow_292,8,0,7,0,26.7,Clear,Field C
2022-08-11,00:00,Cow_293,2,4,9,0,26.7,Clear,Field A
2022-08-11,00:00,Cow_294,14,6,0,0,26.7,Clear,Field B
2022-08-11,00:00,Cow_295,8,0,8,0,26.7,Clear,Field B
2022-08-11,00:00,Cow_296,12,6,0,0,26.7,Clear,Field B
2022-08-11,00:00,Cow_297,10,9,0,0,26.7,Clear,Field C
2022-08-11,00:00,Cow_298,0,0,0,15,26.7,Clear,Field A
2022-08-11,00:00,Cow_299,0,12,4,0,26.7,Clear,Field C
2022-08-11,00:00,Cow_300,5,4,6,0,26.7,Clear,Field C
2022-08-11,00:00,Cow_301,0,9,6,0,26.7,Clear,Field C
2022-08-11,00:00,Cow_302,8,4,3,0,26.7,Clear,Field C
2022-08-11,00:00,Cow_303,11,3,1,0,26.7,Clear,Field A
2022-08-11,00:00,Cow_304,13,8,0,0,26.7,Clear,Field A
2022-08-11,00:00,Cow_305,14,0,6,0,26.7,Clear,Field B
2022-08-11,00:00,Cow_306,2,7,6,0,26.7,Clear,Field C
2022-08-11,00:00,Cow_307,12,9,0,0,26.7,Clear,Field B
2022-08-11,00:00,Cow_308,14,6,0,0,26.7,Clear,Field B
2022-08-11,00:00,Cow_309,0,0,0,15,26.7,Clear,Field C
2022-08-11,00:00,Cow_310,0,10,5,0,26.7,Clear,Field C
2022-08-11,00:00,Cow_311,5,8,2,0,26.7,Clear,Field B
2022-08-11,00:00,Cow_312,14,7,0,0,26.7,Clear,Field C
2022-08-11,00:00,Cow_313,1,10,4,0,26.7,Clear,Field A
2022-08-11,00:00,Cow_314,1,7,7,0,26.7,Clear,Field A
2022-08-11,00:00,Cow_315,5,8,2,0,26.7,Clear,Field A
2022-08-11,00:00,Cow_316,1,7,7,0,26.7,Clear,Field B
2022-08-11,00:00,Cow_317,5,4,6,0,26.7,Clear,Field B
2022-08-11,00:00,Cow_318,6,4,5,0,26.7,Clear,Field C
2022-08-11,00:00,Cow_319,2,5,8,0,26.7,Clear,Field C
2022-08-11,00:00,Cow_320,7,8,0,0,26.7,Clear,Field B
2022-08-11,00:00,Cow_321,5,3,7,0,26.7,Clear,Field C
2022-08-11,00:00,Cow_322,13,0,5,0,26.7,Clear,Field B
2022-08-11,00:00,Cow_323,0,0,0,15,26.7,Clear,Field A
2022-08-11,00:00,Cow_324,6,2,7,0,26.7,Clear,Field A
2022-08-11,00:00,Cow_325,6,6,3,0,26.7,Clear,Field B
2022-08-11,00:00,Cow_326,11,5,0,0,26.7,Clear,Field C
2022-08-11,00:00,Cow_327,7,3,5,0,26.7,Clear,Field A
2022-08-11,00:00,Cow_328,13,9,0,0,26.7,Clear,Field B
2022-08-11,00:00,Cow_329,5,5,5,0,26.7,Clear,Field B
2022-08-11,00:00,Cow_330,13,0,7,0,26.7,Clear,Field C
2022-08-11,00:00,Cow_331,1,6,8,0,26.7,Clear,Field A
2022-08-11,00:00,Cow_332,5,6,4,0,26.7,Clear,Field A
2022-08-11,00:00,Cow_333,9,3,3,0,26.7,Clear,Field B
2022-08-11,00:00,Cow_334,9,3,3,0,26.7,Clear,Field C
2022-08-11,00:00,Cow_335,13,9,0,0,26.7,Clear,Field A
2022-08-11,00:00,Cow_336,14,0,3,0,26.7,Clear,Field C
2022-08-11,00:00,Cow_337,7,0,8,0,26.7,Clear,Field C
2022-08-11,00:00,Cow_338,0,7,8,0,26.7,Clear,Field B
2022-08-11,00:00,Cow_339,7,4,4,0,26.7,Clear,Field B
2022-08-11,00:00,Cow_340,2,6,7,0,26.7,Clear,Field B
2022-08-11,00:00,Cow_341,13,0,3,0,26.7,Clear,Field A
2022-08-11,00:00,Cow_342,12,7,0,0,26.7,Clear,Field B
2022-08-11,00:00,Cow_343,12,0,8,0,26.7,Clear,Field B
2022-08-11,00:00,Cow_344,8,3,4,0,26.7,Clear,Field C
2022-08-11,00:00,Cow_345,13,0,4,0,26.7,Clear,Field A
2022-08-11,00:00,Cow_346,10,0,8,0,26.7,Clear,Field A
2022-08-11,00:00,Cow_347,7,3,5,0,26.7,Clear,Field C
2022-08-11,00:00,Cow_348,2,8,5,0,26.7,Clear,Field A
2022-08-11,00:00,Cow_349,4,3,8,0,26.7,Clear,Field C
2022-08-11,00:00,Cow_350,9,6,0,0,26.7,Clear,Field B
2022-08-11,00:00,Cow_351,7,2,6,0,26.7,Clear,Field A
2022-08-11,00:00,Cow_352,1,9,5,0,26.7,Clear,Field C
2022-08-11,00:00,Cow_353,3,8,4,0,26.7,Clear,Field B
2022-08-11,00:00,Cow_354,7,4,4,0,26.7,Clear,Field B
2022-08-11,00:00,Cow_355,3,4,8,0,26.7,Clear,Field B
2022-08-11,00:00,Cow_356,14,6,0,0,26.7,Clear,Field A
2022-08-11,00:00,Cow_357,14,0,8,0,26.7,Clear,Field C
2022-08-11,00:00,Cow_358,13,0,8,0,26.7,Clear,Field B
2022-08-11,00:00,Cow_359,0,0,0,15,26.7,Clear,Field A
2022-08-11,00:00,Cow_360,14,7,0,0,26.7,Clear,Field B
2022-08-11,00:00,Cow_361,1,6,8,0,26.7,Clear,Field A
2022-08-11,00:00,Cow_362,12,0,4,0,26.7,Clear,Field B
2022-08-11,00:00,Cow_363,4,9,2,0,26.7,Clear,Field C
2022-08-11,00:00,Cow_364,13,0,4,0,26.7,Clear,Field C
2022-08-11,00:00,Cow_365,5,7,3,0,26.7,Clear,Field C
2022-08-11,00:00,Cow_366,6,3,6,0,26.7,Clear,Field B
2022-08-11,00:00,Cow_367,8,4,3,0,26.7,Clear,Field B
2022-08-11,00:00,Cow_368,3,4,8,0,26.7,Clear,Field C
2022-08-11,00:00,Cow_369,4,5,6,0,26.7,Clear,Field C
2022-08-11,00:00,Cow_370,10,0,8,0,26.7,Clear,Field A
2022-08-11,00:00,Cow_371,2,6,7,0,26.7,Clear,Field B
2022-08-11,00:00,Cow_372,7,5,3,0,26.7,Clear,Field B
2022-08-11,00:00,Cow_373,12,0,7,0,26.7,Clear,Field C
2022-08-11,00:00,Cow_374,5,5,5,0,26.7,Clear,Field A
2022-08-11,00:00,Cow_375,5,7,3,0,26.7,Clear,Field B
2022-08-11,00:00,Cow_376,2,8,5,0,26.7,Clear,Field B
2022-08-11,00:00,Cow_377,8,4,3,0,26.7,Clear,Field A
2022-08-11,00:00,Cow_378,10,0,6,0,26.7,Clear,Field A
2022-08-11,00:00,Cow_379,13,0,7,0,26.7,Clear,Field C
2022-08-11,00:00,Cow_380,12,0,6,0,26.7,Clear,Field A
2022-08-11,00:00,Cow_381,0,0,0,15,26.7,Clear,Field A
2022-08-11,00:00,Cow_382,1,7,7,0,26.7,Clear,Field C
2022-08-11,00:00,Cow_383,8,6,1,0,26.7,Clear,Field C
2022-08-11,00:00,Cow_384,8,7,0,0,26.7,Clear,Field B
2022-08-11,00:00,Cow_385,3,6,6,0,26.7,Clear,Field C
2022-08-11,00:00,Cow_386,4,5,6,0,26.7,Clear,Field A
2022-08-11,00:00,Cow_387,5,4,6,0,26.7,Clear,Field B
2022-08-11,00:00,Cow_388,6,10,0,0,26.7,Clear,Field A
2022-08-11,00:00,Cow_389,11,3,1,0,26.7,Clear,Field A
2022-08-11,00:00,Cow_390,12,6,0,0,26.7,Clear,Field A
2022-08-11,00:00,Cow_391,6,5,4,0,26.7,Clear,Field C
2022-08-11,00:00,Cow_392,0,0,0,15,26.7,Clear,Field C
2022-08-11,00:00,Cow_393,7,5,3,0,26.7,Clear,Field A
2022-08-11,00:00,Cow_394,7,10,0,0,26.7,Clear,Field A
2022-08-11,00:00,Cow_395,1,7,7,0,26.7,Clear,Field B
2022-08-11,00:00,Cow_396,7,4,4,0,26.7,Clear,Field C
2022-08-11,00:00,Cow_397,5,5,5,0,26.7,Clear,Field A
2022-08-11,00:00,Cow_398,0,0,0,15,26.7,Clear,Field C
2022-08-11,00:00,Cow_399,14,5,0,0,26.7,Clear,Field C
2022-08-11,00:00,Cow_400,11,6,0,0,26.7,Clear,Field A
2022-08-11,00:00,Cow_401,8,3,4,0,26.7,Clear,Field C
2022-08-11,00:00,Cow_402,0,8,8,0,26.7,Clear,Field C
2022-08-11,00:00,Cow_403,14,9,0,0,26.7,Clear,Field B
2022-08-11,00:00,Cow_404,13,0,7,0,26.7,Clear,Field B
2022-08-11,00:00,Cow_405,1,9,5,0,26.7,Clear,Field C
2022-08-11,00:00,Cow_406,0,0,0,15,26.7,Clear,Field B
2022-08-11,00:00,Cow_407,14,4,0,0,26.7,Clear,Field A
2022-08-11,00:00,Cow_408,12,8,0,0,26.7,Clear,Field A
2022-08-11,00:00,Cow_409,0,9,6,0,26.7,Clear,Field A
2022-08-11,00:00,Cow_410,9,1,5,0,26.7,Clear,Field A
2022-08-11,00:00,Cow_411,11,10,0,0,26.7,Clear,Field C
2022-08-11,00:00,Cow_412,13,0,9,0,26.7,Clear,Field A
2022-08-11,00:00,Cow_413,5,6,4,0,26.7,Clear,Field A
2022-08-11,00:00,Cow_414,0,10,6,0,26.7,Clear,Field A
2022-08-11,00:00,Cow_415,3,7,5,0,26.7,Clear,Field B
2022-08-11,00:00,Cow_416,0,8,7,0,26.7,Clear,Field C
2022-08-11,00:00,Cow_417,0,0,0,15,26.7,Clear,Field A
2022-08-11,00:00,Cow_418,7,9,0,0,26.7,Clear,Field A
2022-08-11,00:00,Cow_419,12,0,6,0,26.7,Clear,Field A
2022-08-11,00:00,Cow_420,11,1,3,0,26.7,Clear,Field C
2022-08-11,00:00,Cow_421,13,3,0,0,26.7,Clear,Field C
2022-08-11,00:00,Cow_422,7,4,4,0,26.7,Clear,Field B
2022-08-11,00:00,Cow_423,11,0,4,0,26.7,Clear,Field C
2022-08-11,00:00,Cow_424,13,6,0,0,26.7,Clear,Field C
2022-08-11,00:00,Cow_425,12,10,0,0,26.7,Clear,Field B
2022-08-11,00:00,Cow_426,14,10,0,0,26.7,Clear,Field B
2022-08-11,00:00,Cow_427,14,6,0,0,26.7,Clear,Field B
2022-08-11,00:00,Cow_428,13,0,7,0,26.7,Clear,Field C
2022-08-11,00:00,Cow_429,12,6,0,0,26.7,Clear,Field A
2022-08-11,00:00,Cow_430,5,7,3,0,26.7,Clear,Field C
2022-08-11,00:00,Cow_431,10,2,3,0,26.7,Clear,Field A
2022-08-11,00:00,Cow_432,13,5,0,0,26.7,Clear,Field C
2022-08-11,00:00,Cow_433,0,0,0,15,26.7,Clear,Field A
2022-08-11,00:00,Cow_434,6,10,0,0,26.7,Clear,Field C
2022-08-11,00:00,Cow_435,6,5,4,0,26.7,Clear,Field A
2022-08-11,00:00,Cow_436,0,10,8,0,26.7,Clear,Field A
2022-08-11,00:00,Cow_437,5,9,1,0,26.7,Clear,Field A
2022-08-11,00:00,Cow_438,1,6,8,0,26.7,Clear,Field B
2022-08-11,00:00,Cow_439,7,1,7,0,26.7,Clear,Field C
2022-08-11,00:00,Cow_440,12,9,0,0,26.7,Clear,Field B
2022-08-11,00:00,Cow_441,6,4,5,0,26.7,Clear,Field B
2022-08-11,00:00,Cow_442,7,3,5,0,26.7,Clear,Field C
2022-08-11,00:00,Cow_443,8,2,5,0,26.7,Clear,Field C
2022-08-11,00:00,Cow_444,13,8,0,0,26.7,Clear,Field A
2022-08-11,00:00,Cow_445,12,8,0,0,26.7,Clear,Field C
2022-08-11,00:00,Cow_446,5,2,8,0,26.7,Clear,Field A
2022-08-11,00:00,Cow_447,6,10,0,0,26.7,Clear,Field C
2022-08-11,00:00,Cow_448,8,3,4,0,26.7,Clear,Field B
2022-08-11,00:00,Cow_449,10,0,8,0,26.7,Clear,Field B
2022-08-11,00:00,Cow_450,0,9,7,0,26.7,Clear,Field B
2022-08-11,00:00,Cow_451,7,0,8,0,26.7,Clear,Field B
2022-08-11,00:00,Cow_452,5,7,3,0,26.7,Clear,Field B
2022-08-11,00:00,Cow_453,11,0,4,0,26.7,Clear,Field A
2022-08-11,00:00,Cow_454,9,8,0,0,26.7,Clear,Field A
2022-08-11,00:00,Cow_455,8,1,6,0,26.7,Clear,Field A
2022-08-11,00:00,Cow_456,11,1,3,0,26.7,Clear,Field A
2022-08-11,00:00,Cow_457,8,7,0,0,26.7,Clear,Field B
2022-08-11,00:00,Cow_458,0,0,0,15,26.7,Clear,Field C
2022-08-11,00:00,Cow_459,12,0,5,0,26.7,Clear,Field A
2022-08-11,00:00,Cow_460,0,0,0,15,26.7,Clear,Field C
2022-08-11,00:00,Cow_461,4,5,6,0,26.7,Clear,Field A
2022-08-11,00:00,Cow_462,7,5,3,0,26.7,Clear,Field C
2022-08-11,00:00,Cow_463,8,4,3,0,26.7,Clear,Field C
2022-08-11,00:00,Cow_464,4,8,3,0,26.7,Clear,Field C
2022-08-11,00:00,Cow_465,6,6,3,0,26.7,Clear,Field C
2022-08-11,00:00,Cow_466,4,3,8,0,26.7,Clear,Field C
2022-08-11,00:00,Cow_467,8,4,3,0,26.7,Clear,Field A
2022-08-11,00:00,Cow_468,0,8,8,0,26.7,Clear,Field B
2022-08-11,00:00,Cow_469,13,0,4,0,26.7,Clear,Field C
2022-08-11,00:00,Cow_470,9,3,3,0,26.7,Clear,Field A
2022-08-11,00:00,Cow_471,2,8,5,0,26.7,Clear,Field B
2022-08-11,00:00,Cow_472,5,7,3,0,26.7,Clear,Field B
2022-08-11,00:00,Cow_473,0,10,5,0,26.7,Clear,Field C
2022-08-11,00:00,Cow_474,5,6,4,0,26.7,Clear,Field A
2022-08-11,00:00,Cow_475,0,9,6,0,26.7,Clear,Field C
2022-08-11,00:00,Cow_476,14,0,5,0,26.7,Clear,Field A
2022-08-11,00:00,Cow_477,8,5,2,0,26.7,Clear,Field A
2022-08-11,00:00,Cow_478,7,1,7,0,26.7,Clear,Field B
2022-08-11,00:00,Cow_479,12,0,6,0,26.7,Clear,Field B
2022-08-11,00:00,Cow_480,3,9,3,0,26.7,Clear,Field B
2022-08-11,00:00,Cow_481,6,9,0,0,26.7,Clear,Field C
2022-08-11,00:00,Cow_482,14,0,8,0,26.7,Clear,Field C
2022-08-11,00:00,Cow_483,14,7,0,0,26.7,Clear,Field A
2022-08-11,00:00,Cow_484,3,7,5,0,26.7,Clear,Field A
2022-08-11,00:00,Cow_485,10,1,4,0,26.7,Clear,Field C
2022-08-11,00:00,Cow_486,5,6,4,0,26.7,Clear,Field B
2022-08-11,00:00,Cow_487,2,10,3,0,26.7,Clear,Field C
2022-08-11,00:00,Cow_488,7,0,8,0,26.7,Clear,Field A
2022-08-11,00:00,Cow_489,6,6,3,0,26.7,Clear,Field B
2022-08-11,00:00,Cow_490,5,7,3,0,26.7,Clear,Field B
2022-08-11,00:00,Cow_491,6,1,8,0,26.7,Clear,Field A
2022-08-11,00:00,Cow_492,0,10,8,0,26.7,Clear,Field A
2022-08-11,00:00,Cow_493,5,4,6,0,26.7,Clear,Field C
2022-08-11,00:00,Cow_494,6,5,4,0,26.7,Clear,Field A
2022-08-11,00:00,Cow_495,3,9,3,0,26.7,Clear,Field B
2022-08-11,00:00,Cow_496,0,9,7,0,26.7,Clear,Field A
2022-08-11,00:00,Cow_497,5,3,7,0,26.7,Clear,Field A
2022-08-11,00:00,Cow_498,7,0,8,0,26.7,Clear,Field A
2022-08-11,00:00,Cow_499,1,7,7,0,26.7,Clear,Field A
2022-08-11,00:00,Cow_500,4,6,5,0,26.7,Clear,Field C
2022-08-11,00:15,Cow_1,13,5,0,0,24.7,Clear,Field A
2022-08-11,00:15,Cow_2,0,8,8,0,24.7,Clear,Field A
2022-08-11,00:15,Cow_3,6,3,6,0,24.7,Clear,Field A
2022-08-11,00:15,Cow_4,0,8,7,0,24.7,Clear,Field C
2022-08-11,00:15,Cow_5,1,9,5,0,24.7,Clear,Field A
2022-08-11,00:15,Cow_6,7,4,4,0,24.7,Clear,Field C
2022-08-11,00:15,Cow_7,14,0,3,0,24.7,Clear,Field A
2022-08-11,00:15,Cow_8,7,2,6,0,24.7,Clear,Field C
2022-08-11,00:15,Cow_9,13,0,6,0,24.7,Clear,Field B
2022-08-11,00:15,Cow_10,4,8,3,0,24.7,Clear,Field C
2022-08-11,00:15,Cow_11,14,6,0,0,24.7,Clear,Field C
2022-08-11,00:15,Cow_12,1,6,8,0,24.7,Clear,Field A
2022-08-11,00:15,Cow_13,8,4,3,0,24.7,Clear,Field A
2022-08-11,00:15,Cow_14,6,6,3,0,24.7,Clear,Field A
2022-08-11,00:15,Cow_15,4,3,8,0,24.7,Clear,Field B
2022-08-11,00:15,Cow_16,7,7,1,0,24.7,Clear,Field B
2022-08-11,00:15,Cow_17,0,0,0,15,24.7,Clear,Field A
2022-08-11,00:15,Cow_18,6,7,2,0,24.7,Clear,Field B
2022-08-11,00:15,Cow_19,0,0,0,15,24.7,Clear,Field C
2022-08-11,00:15,Cow_20,6,5,4,0,24.7,Clear,Field C
2022-08-11,00:15,Cow_21,8,6,1,0,24.7,Clear,Field B
2022-08-11,00:15,Cow_22,4,7,4,0,24.7,Clear,Field A
2022-08-11,00:15,Cow_23,13,4,0,0,24.7,Clear,Field A
2022-08-11,00:15,Cow_24,14,0,8,0,24.7,Clear,Field C
2022-08-11,00:15,Cow_25,8,0,7,0,24.7,Clear,Field B
2022-08-11,00:15,Cow_26,14,0,3,0,24.7,Clear,Field B
2022-08-11,00:15,Cow_27,2,8,5,0,24.7,Clear,Field B
2022-08-11,00:15,Cow_28,12,6,0,0,24.7,Clear,Field A
2022-08-11,00:15,Cow_29,8,3,4,0,24.7,Clear,Field A
2022-08-11,00:15,Cow_30,12,0,4,0,24.7,Clear,Field B
2022-08-11,00:15,Cow_31,7,5,3,0,24.7,Clear,Field B
2022-08-11,00:15,Cow_32,0,9,7,0,24.7,Clear,Field B
2022-08-11,00:15,Cow_33,9,5,1,0,24.7,Clear,Field B
2022-08-11,00:15,Cow_34,9,10,0,0,24.7,Clear,Field C
2022-08-11,00:15,Cow_35,0,0,0,15,24.7,Clear,Field A
2022-08-11,00:15,Cow_36,6,4,5,0,24.7,Clear,Field A
2022-08-11,00:15,Cow_37,12,0,7,0,24.7,Clear,Field A
2022-08-11,00:15,Cow_38,14,0,4,0,24.7,Clear,Field C
2022-08-11,00:15,Cow_39,14,5,0,0,24.7,Clear,Field B
2022-08-11,00:15,Cow_40,11,0,4,0,24.7,Clear,Field B
2022-08-11,00:15,Cow_41,3,7,5,0,24.7,Clear,Field B
2022-08-11,00:15,Cow_42,0,0,0,15,24.7,Clear,Field A
2022-08-11,00:15,Cow_43,6,3,6,0,24.7,Clear,Field B
2022-08-11,00:15,Cow_44,8,5,2,0,24.7,Clear,Field A
2022-08-11,00:15,Cow_45,13,0,5,0,24.7,Clear,Field B
2022-08-11,00:15,Cow_46,5,5,5,0,24.7,Clear,Field A
2022-08-11,00:15,Cow_47,7,1,7,0,24.7,Clear,Field C
2022-08-11,00:15,Cow_48,6,1,8,0,24.7,Clear,Field B
2022-08-11,00:15,Cow_49,14,8,0,0,24.7,Clear,Field A
2022-08-11,00:15,Cow_50,6,5,4,0,24.7,Clear,Field C
2022-08-11,00:15,Cow_51,13,8,0,0,24.7,Clear,Field A
2022-08-11,00:15,Cow_52,2,7,6,0,24.7,Clear,Field C
2022-08-11,00:15,Cow_53,12,0,5,0,24.7,Clear,Field A
2022-08-11,00:15,Cow_54,13,0,6,0,24.7,Clear,Field C
2022-08-11,00:15,Cow_55,3,6,6,0,24.7,Clear,Field A
2022-08-11,00:15,Cow_56,5,7,3,0,24.7,Clear,Field A
2022-08-11,00:15,Cow_57,8,7,0,0,24.7,Clear,Field B
2022-08-11,00:15,Cow_58,14,4,0,0,24.7,Clear,Field B
2022-08-11,00:15,Cow_59,8,9,0,0,24.7,Clear,Field C
2022-08-11,00:15,Cow_60,9,5,1,0,24.7,Clear,Field A
2022-08-11,00:15,Cow_61,12,0,5,0,24.7,Clear,Field B
2022-08-11,00:15,Cow_62,1,9,5,0,24.7,Clear,Field B
2022-08-11,00:15,Cow_63,0,12,6,0,24.7,Clear,Field A
2022-08-11,00:15,Cow_64,11,3,1,0,24.7,Clear,Field B
2022-08-11,00:15,Cow_65,9,3,3,0,24.7,Clear,Field C
2022-08-11,00:15,Cow_66,5,5,5,0,24.7,Clear,Field B
2022-08-11,00:15,Cow_67,3,7,5,0,24.7,Clear,Field A
2022-08-11,00:15,Cow_68,11,0,4,0,24.7,Clear,Field B
2022-08-11,00:15,Cow_69,3,6,6,0,24.7,Clear,Field C
2022-08-11,00:15,Cow_70,4,6,5,0,24.7,Clear,Field B
2022-08-11,00:15,Cow_71,7,5,3,0,24.7,Clear,Field B
2022-08-11,00:15,Cow_72,9,5,1,0,24.7,Clear,Field C
2022-08-11,00:15,Cow_73,4,5,6,0,24.7,Clear,Field C
2022-08-11,00:15,Cow_74,0,8,8,0,24.7,Clear,Field B
2022-08-11,00:15,Cow_75,9,2,4,0,24.7,Clear,Field A
2022-08-11,00:15,Cow_76,5,6,4,0,24.7,Clear,Field A
2022-08-11,00:15,Cow_77,0,10,8,0,24.7,Clear,Field C
2022-08-11,00:15,Cow_78,14,0,4,0,24.7,Clear,Field C
2022-08-11,00:15,Cow_79,14,0,7,0,24.7,Clear,Field A
2022-08-11,00:15,Cow_80,6,5,4,0,24.7,Clear,Field A
2022-08-11,00:15,Cow_81,0,0,0,15,24.7,Clear,Field A
2022-08-11,00:15,Cow_82,0,0,0,15,24.7,Clear,Field C
2022-08-11,00:15,Cow_83,10,0,7,0,24.7,Clear,Field B
2022-08-11,00:15,Cow_84,5,6,4,0,24.7,Clear,Field B
2022-08-11,00:15,Cow_85,13,0,6,0,24.7,Clear,Field A
2022-08-11,00:15,Cow_86,13,8,0,0,24.7,Clear,Field A
2022-08-11,00:15,Cow_87,6,10,0,0,24.7,Clear,Field A
2022-08-11,00:15,Cow_88,14,0,4,0,24.7,Clear,Field A
2022-08-11,00:15,Cow_89,12,0,7,0,24.7,Clear,Field B
2022-08-11,00:15,Cow_90,13,8,0,0,24.7,Clear,Field A
2022-08-11,00:15,Cow_91,0,10,5,0,24.7,Clear,Field B
2022-08-11,00:15,Cow_92,5,7,3,0,24.7,Clear,Field A
2022-08-11,00:15,Cow_93,8,4,3,0,24.7,Clear,Field A
2022-08-11,00:15,Cow_94,5,6,4,0,24.7,Clear,Field C
2022-08-11,00:15,Cow_95,0,0,0,15,24.7,Clear,Field A
2022-08-11,00:15,Cow_96,6,5,4,0,24.7,Clear,Field B
2022-08-11,00:15,Cow_97,5,5,5,0,24.7,Clear,Field A
2022-08-11,00:15,Cow_98,0,7,8,0,24.7,Clear,Field A
2022-08-11,00:15,Cow_99,14,7,0,0,24.7,Clear,Field B
2022-08-11,00:15,Cow_100,3,4,8,0,24.7,Clear,Field C
2022-08-11,00:15,Cow_101,6,3,6,0,24.7,Clear,Field B
2022-08-11,00:15,Cow_102,10,7,0,0,24.7,Clear,Field B
2022-08-11,00:15,Cow_103,4,4,7,0,24.7,Clear,Field A
2022-08-11,00:15,Cow_104,14,4,0,0,24.7,Clear,Field A
2022-08-11,00:15,Cow_105,11,0,8,0,24.7,Clear,Field B
2022-08-11,00:15,Cow_106,2,6,7,0,24.7,Clear,Field C
2022-08-11,00:15,Cow_107,0,10,8,0,24.7,Clear,Field A
2022-08-11,00:15,Cow_108,13,4,0,0,24.7,Clear,Field B
2022-08-11,00:15,Cow_109,1,7,7,0,24.7,Clear,Field A
2022-08-11,00:15,Cow_110,9,8,0,0,24.7,Clear,Field B
2022-08-11,00:15,Cow_111,2,9,4,0,24.7,Clear,Field C
2022-08-11,00:15,Cow_112,13,8,0,0,24.7,Clear,Field A
2022-08-11,00:15,Cow_113,6,4,5,0,24.7,Clear,Field B
2022-08-11,00:15,Cow_114,6,1,8,0,24.7,Clear,Field C
2022-08-11,00:15,Cow_115,9,2,4,0,24.7,Clear,Field C
2022-08-11,00:15,Cow_116,14,0,3,0,24.7,Clear,Field A
2022-08-11,00:15,Cow_117,0,0,0,15,24.7,Clear,Field C
2022-08-11,00:15,Cow_118,6,4,5,0,24.7,Clear,Field C
2022-08-11,00:15,Cow_119,8,3,4,0,24.7,Clear,Field B
2022-08-11,00:15,Cow_120,7,5,3,0,24.7,Clear,Field B
2022-08-11,00:15,Cow_121,11,8,0,0,24.7,Clear,Field B
2022-08-11,00:15,Cow_122,11,0,8,0,24.7,Clear,Field B
2022-08-11,00:15,Cow_123,0,0,0,15,24.7,Clear,Field B
2022-08-11,00:15,Cow_124,7,9,0,0,24.7,Clear,Field B
2022-08-11,00:15,Cow_125,8,4,3,0,24.7,Clear,Field A
2022-08-11,00:15,Cow_126,8,4,3,0,24.7,Clear,Field C
2022-08-11,00:15,Cow_127,14,0,6,0,24.7,Clear,Field B
2022-08-11,00:15,Cow_128,0,0,0,15,24.7,Clear,Field C
2022-08-11,00:15,Cow_129,6,9,0,0,24.7,Clear,Field B
2022-08-11,00:15,Cow_130,7,2,6,0,24.7,Clear,Field C
2022-08-11,00:15,Cow_131,8,2,5,0,24.7,Clear,Field C
2022-08-11,00:15,Cow_132,6,5,4,0,24.7,Clear,Field B
2022-08-11,00:15,Cow_133,14,0,7,0,24.7,Clear,Field A
2022-08-11,00:15,Cow_134,10,6,0,0,24.7,Clear,Field A
2022-08-11,00:15,Cow_135,12,0,3,0,24.7,Clear,Field C
2022-08-11,00:15,Cow_136,6,1,8,0,24.7,Clear,Field B
2022-08-11,00:15,Cow_137,0,7,8,0,24.7,Clear,Field C
2022-08-11,00:15,Cow_138,6,6,3,0,24.7,Clear,Field B
2022-08-11,00:15,Cow_139,0,0,0,15,24.7,Clear,Field C
2022-08-11,00:15,Cow_140,0,0,0,15,24.7,Clear,Field C
2022-08-11,00:15,Cow_141,4,5,6,0,24.7,Clear,Field B
2022-08-11,00:15,Cow_142,0,0,0,15,24.7,Clear,Field B
2022-08-11,00:15,Cow_143,10,8,0,0,24.7,Clear,Field A
2022-08-11,00:15,Cow_144,7,8,0,0,24.7,Clear,Field B
2022-08-11,00:15,Cow_145,2,9,4,0,24.7,Clear,Field B
2022-08-11,00:15,Cow_146,10,4,1,0,24.7,Clear,Field A
2022-08-11,00:15,Cow_147,0,10,5,0,24.7,Clear,Field A
2022-08-11,00:15,Cow_148,5,7,3,0,24.7,Clear,Field B
2022-08-11,00:15,Cow_149,14,9,0,0,24.7,Clear,Field C
2022-08-11,00:15,Cow_150,4,7,4,0,24.7,Clear,Field A
2022-08-11,00:15,Cow_151,2,8,5,0,24.7,Clear,Field C
2022-08-11,00:15,Cow_152,0,0,0,15,24.7,Clear,Field C
2022-08-11,00:15,Cow_153,10,9,0,0,24.7,Clear,Field C
2022-08-11,00:15,Cow_154,7,5,3,0,24.7,Clear,Field A
2022-08-11,00:15,Cow_155,14,0,3,0,24.7,Clear,Field A
2022-08-11,00:15,Cow_156,9,8,0,0,24.7,Clear,Field C
2022-08-11,00:15,Cow_157,5,2,8,0,24.7,Clear,Field C
2022-08-11,00:15,Cow_158,7,3,5,0,24.7,Clear,Field A
2022-08-11,00:15,Cow_159,12,0,8,0,24.7,Clear,Field C
2022-08-11,00:15,Cow_160,9,6,0,0,24.7,Clear,Field B
2022-08-11,00:15,Cow_161,14,5,0,0,24.7,Clear,Field B
2022-08-11,00:15,Cow_162,6,6,3,0,24.7,Clear,Field C
2022-08-11,00:15,Cow_163,5,7,3,0,24.7,Clear,Field A
2022-08-11,00:15,Cow_164,13,7,0,0,24.7,Clear,Field C
2022-08-11,00:15,Cow_165,9,0,6,0,24.7,Clear,Field B
2022-08-11,00:15,Cow_166,8,4,3,0,24.7,Clear,Field A
2022-08-11,00:15,Cow_167,6,1,8,0,24.7,Clear,Field C
2022-08-11,00:15,Cow_168,14,6,0,0,24.7,Clear,Field A
2022-08-11,00:15,Cow_169,13,0,6,0,24.7,Clear,Field C
2022-08-11,00:15,Cow_170,4,5,6,0,24.7,Clear,Field C
2022-08-11,00:15,Cow_171,3,5,7,0,24.7,Clear,Field C
2022-08-11,00:15,Cow_172,11,7,0,0,24.7,Clear,Field A
2022-08-11,00:15,Cow_173,4,6,5,0,24.7,Clear,Field C
2022-08-11,00:15,Cow_174,6,6,3,0,24.7,Clear,Field A
2022-08-11,00:15,Cow_175,14,0,6,0,24.7,Clear,Field A
2022-08-11,00:15,Cow_176,0,9,7,0,24.7,Clear,Field A
2022-08-11,00:15,Cow_177,4,4,7,0,24.7,Clear,Field B
2022-08-11,00:15,Cow_178,13,5,0,0,24.7,Clear,Field B
2022-08-11,00:15,Cow_179,3,6,6,0,24.7,Clear,Field A
2022-08-11,00:15,Cow_180,8,8,0,0,24.7,Clear,Field B
2022-08-11,00:15,Cow_181,6,6,3,0,24.7,Clear,Field B
2022-08-11,00:15,Cow_182,8,2,5,0,24.7,Clear,Field B
2022-08-11,00:15,Cow_183,4,7,4,0,24.7,Clear,Field B
2022-08-11,00:15,Cow_184,14,0,4,0,24.7,Clear,Field B
2022-08-11,00:15,Cow_185,6,1,8,0,24.7,Clear,Field B
2022-08-11,00:15,Cow_186,14,0,6,0,24.7,Clear,Field A
2022-08-11,00:15,Cow_187,7,3,5,0,24.7,Clear,Field A
2022-08-11,00:15,Cow_188,5,10,0,0,24.7,Clear,Field B
2022-08-11,00:15,Cow_189,9,0,8,0,24.7,Clear,Field B
2022-08-11,00:15,Cow_190,13,5,0,0,24.7,Clear,Field B
2022-08-11,00:15,Cow_191,0,10,7,0,24.7,Clear,Field A
2022-08-11,00:15,Cow_192,11,4,0,0,24.7,Clear,Field C
2022-08-11,00:15,Cow_193,0,9,6,0,24.7,Clear,Field B
2022-08-11,00:15,Cow_194,0,10,5,0,24.7,Clear,Field B
2022-08-11,00:15,Cow_195,14,6,0,0,24.7,Clear,Field C
2022-08-11,00:15,Cow_196,14,0,6,0,24.7,Clear,Field A
2022-08-11,00:15,Cow_197,11,5,0,0,24.7,Clear,Field A
2022-08-11,00:15,Cow_198,0,10,5,0,24.7,Clear,Field B
2022-08-11,00:15,Cow_199,13,0,4,0,24.7,Clear,Field B
2022-08-11,00:15,Cow_200,12,5,0,0,24.7,Clear,Field C
2022-08-11,00:15,Cow_201,6,6,3,0,24.7,Clear,Field B
2022-08-11,00:15,Cow_202,5,4,6,0,24.7,Clear,Field C
2022-08-11,00:15,Cow_203,12,0,7,0,24.7,Clear,Field B
2022-08-11,00:15,Cow_204,10,1,4,0,24.7,Clear,Field A
2022-08-11,00:15,Cow_205,7,2,6,0,24.7,Clear,Field A
2022-08-11,00:15,Cow_206,10,0,7,0,24.7,Clear,Field C
2022-08-11,00:15,Cow_207,10,0,6,0,24.7,Clear,Field B
2022-08-11,00:15,Cow_208,0,0,0,15,24.7,Clear,Field C
2022-08-11,00:15,Cow_209,8,4,3,0,24.7,Clear,Field B
2022-08-11,00:15,Cow_210,4,6,5,0,24.7,Clear,Field C
2022-08-11,00:15,Cow_211,13,0,7,0,24.7,Clear,Field A
2022-08-11,00:15,Cow_212,0,0,0,15,24.7,Clear,Field B
2022-08-11,00:15,Cow_213,7,8,0,0,24.7,Clear,Field B
2022-08-11,00:15,Cow_214,7,10,0,0,24.7,Clear,Field B
2022-08-11,00:15,Cow_215,0,10,8,0,24.7,Clear,Field C
2022-08-11,00:15,Cow_216,10,0,6,0,24.7,Clear,Field A
2022-08-11,00:15,Cow_217,6,4,5,0,24.7,Clear,Field A
2022-08-11,00:15,Cow_218,8,3,4,0,24.7,Clear,Field C
2022-08-11,00:15,Cow_219,0,0,0,15,24.7,Clear,Field C
2022-08-11,00:15,Cow_220,13,8,0,0,24.7,Clear,Field A
2022-08-11,00:15,Cow_221,9,0,8,0,24.7,Clear,Field C
2022-08-11,00:15,Cow_222,0,8,8,0,24.7,Clear,Field C
2022-08-11,00:15,Cow_223,0,0,0,15,24.7,Clear,Field C
2022-08-11,00:15,Cow_224,9,3,3,0,24.7,Clear,Field C
2022-08-11,00:15,Cow_225,6,9,0,0,24.7,Clear,Field B
2022-08-11,00:15,Cow_226,7,3,5,0,24.7,Clear,Field A
2022-08-11,00:15,Cow_227,9,0,7,0,24.7,Clear,Field A
2022-08-11,00:15,Cow_228,2,9,4,0,24.7,Clear,Field A
2022-08-11,00:15,Cow_229,0,10,5,0,24.7,Clear,Field A
2022-08-11,00:15,Cow_230,3,8,4,0,24.7,Clear,Field A
2022-08-11,00:15,Cow_231,6,4,5,0,24.7,Clear,Field A
2022-08-11,00:15,Cow_232,4,8,3,0,24.7,Clear,Field B
2022-08-11,00:15,Cow_233,0,7,8,0,24.7,Clear,Field A
2022-08-11,00:15,Cow_234,13,4,0,0,24.7,Clear,Field C
2022-08-11,00:15,Cow_235,14,10,0,0,24.7,Clear,Field A
2022-08-11,00:15,Cow_236,12,0,5,0,24.7,Clear,Field B
2022-08-11,00:15,Cow_237,11,1,3,0,24.7,Clear,Field C
2022-08-11,00:15,Cow_238,10,0,7,0,24.7,Clear,Field B
2022-08-11,00:15,Cow_239,0,0,0,15,24.7,Clear,Field B
2022-08-11,00:15,Cow_240,6,5,4,0,24.7,Clear,Field B
2022-08-11,00:15,Cow_241,0,0,0,15,24.7,Clear,Field B
2022-08-11,00:15,Cow_242,10,1,4,0,24.7,Clear,Field B
2022-08-11,00:15,Cow_243,11,1,3,0,24.7,Clear,Field A
2022-08-11,00:15,Cow_244,5,7,3,0,24.7,Clear,Field B
2022-08-11,00:15,Cow_245,0,9,6,0,24.7,Clear,Field A
2022-08-11,00:15,Cow_246,6,4,5,0,24.7,Clear,Field B
2022-08-11,00:15,Cow_247,13,0,7,0,24.7,Clear,Field A
2022-08-11,00:15,Cow_248,2,8,5,0,24.7,Clear,Field A
2022-08-11,00:15,Cow_249,1,8,6,0,24.7,Clear,Field A
2022-08-11,00:15,Cow_250,7,3,5,0,24.7,Clear,Field A
2022-08-11,00:15,Cow_251,10,2,3,0,24.7,Clear,Field B
2022-08-11,00:15,Cow_252,6,3,6,0,24.7,Clear,Field C
2022-08-11,00:15,Cow_253,2,9,4,0,24.7,Clear,Field A
2022-08-11,00:15,Cow_254,11,3,1,0,24.7,Clear,Field B
2022-08-11,00:15,Cow_255,2,5,8,0,24.7,Clear,Field A
2022-08-11,00:15,Cow_256,7,6,2,0,24.7,Clear,Field C
2022-08-11,00:15,Cow_257,4,6,5,0,24.7,Clear,Field B
2022-08-11,00:15,Cow_258,7,4,4,0,24.7,Clear,Field A
2022-08-11,00:15,Cow_259,3,8,4,0,24.7,Clear,Field C
2022-08-11,00:15,Cow_260,0,0,0,15,24.7,Clear,Field A
2022-08-11,00:15,Cow_261,7,7,1,0,24.7,Clear,Field A
2022-08-11,00:15,Cow_262,8,3,4,0,24.7,Clear,Field A
2022-08-11,00:15,Cow_263,0,0,0,15,24.7,Clear,Field A
2022-08-11,00:15,Cow_264,5,7,3,0,24.7,Clear,Field C
2022-08-11,00:15,Cow_265,14,0,3,0,24.7,Clear,Field A
2022-08-11,00:15,Cow_266,7,4,4,0,24.7,Clear,Field B
2022-08-11,00:15,Cow_267,5,8,2,0,24.7,Clear,Field B
2022-08-11,00:15,Cow_268,10,2,3,0,24.7,Clear,Field C
2022-08-11,00:15,Cow_269,12,0,7,0,24.7,Clear,Field C
2022-08-11,00:15,Cow_270,11,10,0,0,24.7,Clear,Field A
2022-08-11,00:15,Cow_271,10,7,0,0,24.7,Clear,Field B
2022-08-11,00:15,Cow_272,13,0,7,0,24.7,Clear,Field B
2022-08-11,00:15,Cow_273,8,4,3,0,24.7,Clear,Field C
2022-08-11,00:15,Cow_274,0,0,0,15,24.7,Clear,Field B
2022-08-11,00:15,Cow_275,8,6,1,0,24.7,Clear,Field A
2022-08-11,00:15,Cow_276,14,0,5,0,24.7,Clear,Field B
2022-08-11,00:15,Cow_277,6,5,4,0,24.7,Clear,Field C
2022-08-11,00:15,Cow_278,11,9,0,0,24.7,Clear,Field A
2022-08-11,00:15,Cow_279,11,9,0,0,24.7,Clear,Field C
2022-08-11,00:15,Cow_280,13,0,7,0,24.7,Clear,Field B
2022-08-11,00:15,Cow_281,11,9,0,0,24.7,Clear,Field C
2022-08-11,00:15,Cow_282,2,10,3,0,24.7,Clear,Field C
2022-08-11,00:15,Cow_283,14,6,0,0,24.7,Clear,Field A
2022-08-11,00:15,Cow_284,10,0,8,0,24.7,Clear,Field A
2022-08-11,00:15,Cow_285,4,4,7,0,24.7,Clear,Field A
2022-08-11,00:15,Cow_286,0,10,6,0,24.7,Clear,Field B
2022-08-11,00:15,Cow_287,2,10,3,0,24.7,Clear,Field A
2022-08-11,00:15,Cow_288,7,2,6,0,24.7,Clear,Field A
2022-08-11,00:15,Cow_289,6,2,7,0,24.7,Clear,Field A
2022-08-11,00:15,Cow_290,0,0,0,15,24.7,Clear,Field C
2022-08-11,00:15,Cow_291,3,8,4,0,24.7,Clear,Field A
2022-08-11,00:15,Cow_292,1,10,4,0,24.7,Clear,Field C
2022-08-11,00:15,Cow_293,12,0,5,0,24.7,Clear,Field C
2022-08-11,00:15,Cow_294,0,0,0,15,24.7,Clear,Field C
2022-08-11,00:15,Cow_295,5,3,7,0,24.7,Clear,Field B
2022-08-11,00:15,Cow_296,13,0,7,0,24.7,Clear,Field A
2022-08-11,00:15,Cow_297,4,8,3,0,24.7,Clear,Field A
2022-08-11,00:15,Cow_298,1,7,7,0,24.7,Clear,Field A
2022-08-11,00:15,Cow_299,15,9,0,0,24.7,Clear,Field B
2022-08-11,00:15,Cow_300,5,6,4,0,24.7,Clear,Field C
2022-08-11,00:15,Cow_301,9,9,0,0,24.7,Clear,Field C
2022-08-11,00:15,Cow_302,14,10,0,0,24.7,Clear,Field C
2022-08-11,00:15,Cow_303,6,6,3,0,24.7,Clear,Field B
2022-08-11,00:15,Cow_304,7,3,5,0,24.7,Clear,Field B
2022-08-11,00:15,Cow_305,0,0,0,15,24.7,Clear,Field B
2022-08-11,00:15,Cow_306,1,6,8,0,24.7,Clear,Field A
2022-08-11,00:15,Cow_307,6,5,4,0,24.7,Clear,Field A
2022-08-11,00:15,Cow_308,10,0,5,0,24.7,Clear,Field C
2022-08-11,00:15,Cow_309,10,2,3,0,24.7,Clear,Field B
2022-08-11,00:15,Cow_310,12,0,6,0,24.7,Clear,Field B
2022-08-11,00:15,Cow_311,11,7,0,0,24.7,Clear,Field B
2022-08-11,00:15,Cow_312,0,0,0,15,24.7,Clear,Field C
2022-08-11,00:15,Cow_313,4,5,6,0,24.7,Clear,Field B
2022-08-11,00:15,Cow_314,12,0,4,0,24.7,Clear,Field C
2022-08-11,00:15,Cow_315,12,8,0,0,24.7,Clear,Field B
2022-08-11,00:15,Cow_316,0,0,0,15,24.7,Clear,Field B
2022-08-11,00:15,Cow_317,0,0,0,15,24.7,Clear,Field B
2022-08-11,00:15,Cow_318,8,1,6,0,24.7,Clear,Field B
2022-08-11,00:15,Cow_319,2,7,6,0,24.7,Clear,Field A
2022-08-11,00:15,Cow_320,6,5,4,0,24.7,Clear,Field A
2022-08-11,00:15,Cow_321,14,6,0,0,24.7,Clear,Field C
2022-08-11,00:15,Cow_322,11,9,0,0,24.7,Clear,Field A
2022-08-11,00:15,Cow_323,9,3,3,0,24.7,Clear,Field C
2022-08-11,00:15,Cow_324,7,3,5,0,24.7,Clear,Field B
2022-08-11,00:15,Cow_325,13,9,0,0,24.7,Clear,Field C
2022-08-11,00:15,Cow_326,5,3,7,0,24.7,Clear,Field B
2022-08-11,00:15,Cow_327,9,5,1,0,24.7,Clear,Field B
2022-08-11,00:15,Cow_328,11,0,6,0,24.7,Clear,Field A
2022-08-11,00:15,Cow_329,5,2,8,0,24.7,Clear,Field B
2022-08-11,00:15,Cow_330,5,3,7,0,24.7,Clear,Field B
2022-08-11,00:15,Cow_331,7,0,8,0,24.7,Clear,Field C
2022-08-11,00:15,Cow_332,4,5,6,0,24.7,Clear,Field B
2022-08-11,00:15,Cow_333,6,6,3,0,24.7,Clear,Field B
2022-08-11,00:15,Cow_334,13,8,0,0,24.7,Clear,Field B
2022-08-11,00:15,Cow_335,9,9,0,0,24.7,Clear,Field B
2022-08-11,00:15,Cow_336,10,4,1,0,24.7,Clear,Field B
2022-08-11,00:15,Cow_337,10,0,6,0,24.7,Clear,Field A
2022-08-11,00:15,Cow_338,2,6,7,0,24.7,Clear,Field A
2022-08-11,00:15,Cow_339,8,6,1,0,24.7,Clear,Field B
2022-08-11,00:15,Cow_340,7,4,4,0,24.7,Clear,Field C
2022-08-11,00:15,Cow_341,4,4,7,0,24.7,Clear,Field C
2022-08-11,00:15,Cow_342,11,0,4,0,24.7,Clear,Field C
2022-08-11,00:15,Cow_343,7,7,1,0,24.7,Clear,Field C
2022-08-11,00:15,Cow_344,6,5,4,0,24.7,Clear,Field C
2022-08-11,00:15,Cow_345,6,2,7,0,24.7,Clear,Field B
2022-08-11,00:15,Cow_346,6,9,0,0,24.7,Clear,Field A
2022-08-11,00:15,Cow_347,7,1,7,0,24.7,Clear,Field C
2022-08-11,00:15,Cow_348,12,4,0,0,24.7,Clear,Field A
2022-08-11,00:15,Cow_349,13,0,6,0,24.7,Clear,Field C
2022-08-11,00:15,Cow_350,10,0,5,0,24.7,Clear,Field B
2022-08-11,00:15,Cow_351,5,7,3,0,24.7,Clear,Field A
2022-08-11,00:15,Cow_352,14,6,0,0,24.7,Clear,Field A
2022-08-11,00:15,Cow_353,11,0,4,0,24.7,Clear,Field C
2022-08-11,00:15,Cow_354,8,3,4,0,24.7,Clear,Field C
2022-08-11,00:15,Cow_355,5,7,3,0,24.7,Clear,Field C
2022-08-11,00:15,Cow_356,7,8,0,0,24.7,Clear,Field A
2022-08-11,00:15,Cow_357,1,7,7,0,24.7,Clear,Field C
2022-08-11,00:15,Cow_358,3,5,7,0,24.7,Clear,Field B
2022-08-11,00:15,Cow_359,7,5,3,0,24.7,Clear,Field B
2022-08-11,00:15,Cow_360,9,9,0,0,24.7,Clear,Field B
2022-08-11,00:15,Cow_361,3,9,3,0,24.7,Clear,Field A
2022-08-11,00:15,Cow_362,6,5,4,0,24.7,Clear,Field B
2022-08-11,00:15,Cow_363,6,5,4,0,24.7,Clear,Field A
2022-08-11,00:15,Cow_364,14,10,0,0,24.7,Clear,Field B
2022-08-11,00:15,Cow_365,0,10,5,0,24.7,Clear,Field B
2022-08-11,00:15,Cow_366,9,4,2,0,24.7,Clear,Field A
2022-08-11,00:15,Cow_367,6,6,3,0,24.7,Clear,Field B
2022-08-11,00:15,Cow_368,2,6,7,0,24.7,Clear,Field A
2022-08-11,00:15,Cow_369,9,1,5,0,24.7,Clear,Field B
2022-08-11,00:15,Cow_370,8,6,1,0,24.7,Clear,Field A
2022-08-11,00:15,Cow_371,6,4,5,0,24.7,Clear,Field B
2022-08-11,00:15,Cow_372,9,1,5,0,24.7,Clear,Field A
2022-08-11,00:15,Cow_373,3,5,7,0,24.7,Clear,Field C
2022-08-11,00:15,Cow_374,11,4,0,0,24.7,Clear,Field C
2022-08-11,00:15,Cow_375,8,6,1,0,24.7,Clear,Field B
2022-08-11,00:15,Cow_376,4,3,8,0,24.7,Clear,Field A
2022-08-11,00:15,Cow_377,6,4,5,0,24.7,Clear,Field C
2022-08-11,00:15,Cow_378,5,4,6,0,24.7,Clear,Field C
2022-08-11,00:15,Cow_379,0,0,0,15,24.7,Clear,Field B
2022-08-11,00:15,Cow_380,5,10,0,0,24.7,Clear,Field A
2022-08-11,00:15,Cow_381,0,12,9,0,24.7,Clear,Field B
2022-08-11,00:15,Cow_382,11,7,0,0,24.7,Clear,Field C
2022-08-11,00:15,Cow_383,14,0,4,0,24.7,Clear,Field A
2022-08-11,00:15,Cow_384,2,6,7,0,24.7,Clear,Field A
2022-08-11,00:15,Cow_385,0,0,0,15,24.7,Clear,Field C
2022-08-11,00:15,Cow_386,9,9,0,0,24.7,Clear,Field C
2022-08-11,00:15,Cow_387,6,6,3,0,24.7,Clear,Field B
2022-08-11,00:15,Cow_388,0,0,0,15,24.7,Clear,Field A
2022-08-11,00:15,Cow_389,9,9,0,0,24.7,Clear,Field A
2022-08-11,00:15,Cow_390,14,0,3,0,24.7,Clear,Field B
2022-08-11,00:15,Cow_391,0,12,9,0,24.7,Clear,Field B
2022-08-11,00:15,Cow_392,10,0,8,0,24.7,Clear,Field C
2022-08-11,00:15,Cow_393,5,7,3,0,24.7,Clear,Field C
2022-08-11,00:15,Cow_394,9,5,1,0,24.7,Clear,Field B
2022-08-11,00:15,Cow_395,15,0,2,0,24.7,Clear,Field B
2022-08-11,00:15,Cow_396,13,8,0,0,24.7,Clear,Field A
2022-08-11,00:15,Cow_397,6,9,0,0,24.7,Clear,Field C
2022-08-11,00:15,Cow_398,14,0,5,0,24.7,Clear,Field C
2022-08-11,00:15,Cow_399,14,3,0,0,24.7,Clear,Field A
2022-08-11,00:15,Cow_400,2,5,8,0,24.7,Clear,Field B
2022-08-11,00:15,Cow_401,11,0,4,0,24.7,Clear,Field C
2022-08-11,00:15,Cow_402,10,0,8,0,24.7,Clear,Field B
2022-08-11,00:15,Cow_403,7,0,8,0,24.7,Clear,Field B
2022-08-11,00:15,Cow_404,13,0,3,0,24.7,Clear,Field C
2022-08-11,00:15,Cow_405,6,6,3,0,24.7,Clear,Field B
2022-08-11,00:15,Cow_406,5,2,8,0,24.7,Clear,Field C
2022-08-11,00:15,Cow_407,7,0,8,0,24.7,Clear,Field C
2022-08-11,00:15,Cow_408,12,0,6,0,24.7,Clear,Field C
2022-08-11,00:15,Cow_409,7,3,5,0,24.7,Clear,Field A
2022-08-11,00:15,Cow_410,0,10,5,0,24.7,Clear,Field B
2022-08-11,00:15,Cow_411,10,2,3,0,24.7,Clear,Field C
2022-08-11,00:15,Cow_412,12,0,9,0,24.7,Clear,Field C
2022-08-11,00:15,Cow_413,6,6,3,0,24.7,Clear,Field B
2022-08-11,00:15,Cow_414,6,4,5,0,24.7,Clear,Field C
2022-08-11,00:15,Cow_415,5,4,6,0,24.7,Clear,Field C
2022-08-11,00:15,Cow_416,9,3,3,0,24.7,Clear,Field A
2022-08-11,00:15,Cow_417,5,4,6,0,24.7,Clear,Field B
2022-08-11,00:15,Cow_418,11,9,0,0,24.7,Clear,Field C
2022-08-11,00:15,Cow_419,8,1,6,0,24.7,Clear,Field B
2022-08-11,00:15,Cow_420,6,7,2,0,24.7,Clear,Field C
2022-08-11,00:15,Cow_421,12,9,0,0,24.7,Clear,Field A
2022-08-11,00:15,Cow_422,5,2,8,0,24.7,Clear,Field A
2022-08-11,00:15,Cow_423,5,4,6,0,24.7,Clear,Field C
2022-08-11,00:15,Cow_424,8,1,6,0,24.7,Clear,Field B
2022-08-11,00:15,Cow_425,1,9,5,0,24.7,Clear,Field B
2022-08-11,00:15,Cow_426,9,0,8,0,24.7,Clear,Field A
2022-08-11,00:15,Cow_427,0,0,0,15,24.7,Clear,Field A
2022-08-11,00:15,Cow_428,0,0,0,15,24.7,Clear,Field C
2022-08-11,00:15,Cow_429,11,0,7,0,24.7,Clear,Field B
2022-08-11,00:15,Cow_430,3,6,6,0,24.7,Clear,Field C
2022-08-11,00:15,Cow_431,9,10,0,0,24.7,Clear,Field A
2022-08-11,00:15,Cow_432,1,6,8,0,24.7,Clear,Field B
2022-08-11,00:15,Cow_433,4,4,7,0,24.7,Clear,Field C
2022-08-11,00:15,Cow_434,8,2,5,0,24.7,Clear,Field C
2022-08-11,00:15,Cow_435,0,0,0,15,24.7,Clear,Field C
2022-08-11,00:15,Cow_436,8,6,1,0,24.7,Clear,Field C
2022-08-11,00:15,Cow_437,14,6,0,0,24.7,Clear,Field B
2022-08-11,00:15,Cow_438,0,8,7,0,24.7,Clear,Field C
2022-08-11,00:15,Cow_439,10,1,4,0,24.7,Clear,Field B
2022-08-11,00:15,Cow_440,6,6,3,0,24.7,Clear,Field A
2022-08-11,00:15,Cow_441,12,3,0,0,24.7,Clear,Field C
2022-08-11,00:15,Cow_442,0,12,8,0,24.7,Clear,Field C
2022-08-11,00:15,Cow_443,12,0,4,0,24.7,Clear,Field C
2022-08-11,00:15,Cow_444,12,7,0,0,24.7,Clear,Field C
2022-08-11,00:15,Cow_445,11,0,8,0,24.7,Clear,Field C
2022-08-11,00:15,Cow_446,13,5,0,0,24.7,Clear,Field B
2022-08-11,00:15,Cow_447,11,0,8,0,24.7,Clear,Field A
2022-08-11,00:15,Cow_448,12,4,0,0,24.7,Clear,Field C
2022-08-11,00:15,Cow_449,12,10,0,0,24.7,Clear,Field C
2022-08-11,00:15,Cow_450,5,2,8,0,24.7,Clear,Field B
2022-08-11,00:15,Cow_451,0,0,0,15,24.7,Clear,Field B
2022-08-11,00:15,Cow_452,6,4,5,0,24.7,Clear,Field C
2022-08-11,00:15,Cow_453,9,0,7,0,24.7,Clear,Field C
2022-08-11,00:15,Cow_454,0,10,8,0,24.7,Clear,Field C
2022-08-11,00:15,Cow_455,9,0,8,0,24.7,Clear,Field A
2022-08-11,00:15,Cow_456,7,6,2,0,24.7,Clear,Field B
2022-08-11,00:15,Cow_457,10,3,2,0,24.7,Clear,Field B
2022-08-11,00:15,Cow_458,9,3,3,0,24.7,Clear,Field B
2022-08-11,00:15,Cow_459,10,0,5,0,24.7,Clear,Field C
2022-08-11,00:15,Cow_460,8,4,3,0,24.7,Clear,Field A
2022-08-11,00:15,Cow_461,12,0,4,0,24.7,Clear,Field B
2022-08-11,00:15,Cow_462,3,6,6,0,24.7,Clear,Field C
2022-08-11,00:15,Cow_463,14,0,7,0,24.7,Clear,Field A
2022-08-11,00:15,Cow_464,6,5,4,0,24.7,Clear,Field B
2022-08-11,00:15,Cow_465,4,4,7,0,24.7,Clear,Field C
2022-08-11,00:15,Cow_466,7,0,8,0,24.7,Clear,Field C
2022-08-11,00:15,Cow_467,5,2,8,0,24.7,Clear,Field A
2022-08-11,00:15,Cow_468,6,4,5,0,24.7,Clear,Field C
2022-08-11,00:15,Cow_469,13,6,0,0,24.7,Clear,Field C
2022-08-11,00:15,Cow_470,10,4,1,0,24.7,Clear,Field A
2022-08-11,00:15,Cow_471,3,8,4,0,24.7,Clear,Field B
2022-08-11,00:15,Cow_472,7,4,4,0,24.7,Clear,Field B
2022-08-11,00:15,Cow_473,0,9,8,0,24.7,Clear,Field A
2022-08-11,00:15,Cow_474,12,8,0,0,24.7,Clear,Field B
2022-08-11,00:15,Cow_475,2,6,7,0,24.7,Clear,Field C
2022-08-11,00:15,Cow_476,8,8,0,0,24.7,Clear,Field A
2022-08-11,00:15,Cow_477,8,2,5,0,24.7,Clear,Field B
2022-08-11,00:15,Cow_478,7,2,6,0,24.7,Clear,Field B
2022-08-11,00:15,Cow_479,13,0,8,0,24.7,Clear,Field A
2022-08-11,00:15,Cow_480,8,4,3,0,24.7,Clear,Field B
2022-08-11,00:15,Cow_481,14,8,0,0,24.7,Clear,Field B
2022-08-11,00:15,Cow_482,4,3,8,0,24.7,Clear,Field B
2022-08-11,00:15,Cow_483,11,6,0,0,24.7,Clear,Field B
2022-08-11,00:15,Cow_484,14,0,8,0,24.7,Clear,Field A
2022-08-11,00:15,Cow_485,6,8,1,0,24.7,Clear,Field B
2022-08-11,00:15,Cow_486,4,7,4,0,24.7,Clear,Field B
2022-08-11,00:15,Cow_487,2,7,6,0,24.7,Clear,Field C
2022-08-11,00:15,Cow_488,5,9,1,0,24.7,Clear,Field C
2022-08-11,00:15,Cow_489,6,10,0,0,24.7,Clear,Field B
2022-08-11,00:15,Cow_490,5,5,5,0,24.7,Clear,Field C
2022-08-11,00:15,Cow_491,7,5,3,0,24.7,Clear,Field A
2022-08-11,00:15,Cow_492,12,8,0,0,24.7,Clear,Field C
2022-08-11,00:15,Cow_493,0,9,7,0,24.7,Clear,Field B
2022-08-11,00:15,Cow_494,5,3,7,0,24.7,Clear,Field B
2022-08-11,00:15,Cow_495,6,3,6,0,24.7,Clear,Field A
2022-08-11,00:15,Cow_496,10,3,2,0,24.7,Clear,Field C
2022-08-11,00:15,Cow_497,7,4,4,0,24.7,Clear,Field A
2022-08-11,00:15,Cow_498,1,9,5,0,24.7,Clear,Field C
2022-08-11,00:15,Cow_499,1,8,6,0,24.7,Clear,Field B
2022-08-11,00:15,Cow_500,12,0,8,0,24.7,Clear,Field A
2022-08-11,00:30,Cow_1,5,3,7,0,27.5,Rainy,Field A
2022-08-11,00:30,Cow_2,11,8,0,0,27.5,Rainy,Field C
2022-08-11,00:30,Cow_3,0,0,0,15,27.5,Rainy,Field A
2022-08-11,00:30,Cow_4,4,4,7,0,27.5,Rainy,Field A
2022-08-11,00:30,Cow_5,14,0,8,0,27.5,Rainy,Field B
2022-08-11,00:30,Cow_6,12,0,5,0,27.5,Rainy,Field A
2022-08-11,00:30,Cow_7,8,3,4,0,27.5,Rainy,Field B
2022-08-11,00:30,Cow_8,8,1,6,0,27.5,Rainy,Field C
2022-08-11,00:30,Cow_9,13,8,0,0,27.5,Rainy,Field A
2022-08-11,00:30,Cow_10,11,9,0,0,27.5,Rainy,Field C
2022-08-11,00:30,Cow_11,5,5,5,0,27.5,Rainy,Field C
2022-08-11,00:30,Cow_12,6,3,6,0,27.5,Rainy,Field B
2022-08-11,00:30,Cow_13,9,2,4,0,27.5,Rainy,Field A
2022-08-11,00:30,Cow_14,11,1,3,0,27.5,Rainy,Field A
2022-08-11,00:30,Cow_15,13,0,6,0,27.5,Rainy,Field B
2022-08-11,00:30,Cow_16,11,0,8,0,27.5,Rainy,Field C
2022-08-11,00:30,Cow_17,8,0,8,0,27.5,Rainy,Field A
2022-08-11,00:30,Cow_18,12,0,6,0,27.5,Rainy,Field C
2022-08-11,00:30,Cow_19,10,6,0,0,27.5,Rainy,Field A
2022-08-11,00:30,Cow_20,12,0,4,0,27.5,Rainy,Field C
2022-08-11,00:30,Cow_21,0,8,8,0,27.5,Rainy,Field B
2022-08-11,00:30,Cow_22,9,7,0,0,27.5,Rainy,Field A
2022-08-11,00:30,Cow_23,10,7,0,0,27.5,Rainy,Field A
2022-08-11,00:30,Cow_24,7,4,4,0,27.5,Rainy,Field B
2022-08-11,00:30,Cow_25,5,10,0,0,27.5,Rainy,Field A
2022-08-11,00:30,Cow_26,11,0,5,0,27.5,Rainy,Field B
2022-08-11,00:30,Cow_27,11,6,0,0,27.5,Rainy,Field A
2022-08-11,00:30,Cow_28,14,0,7,0,27.5,Rainy,Field C
2022-08-11,00:30,Cow_29,13,4,0,0,27.5,Rainy,Field C
2022-08-11,00:30,Cow_30,5,3,7,0,27.5,Rainy,Field A
2022-08-11,00:30,Cow_31,13,5,0,0,27.5,Rainy,Field A
2022-08-11,00:30,Cow_32,9,10,0,0,27.5,Rainy,Field B
2022-08-11,00:30,Cow_33,10,5,0,0,27.5,Rainy,Field B
2022-08-11,00:30,Cow_34,6,6,3,0,27.5,Rainy,Field C
2022-08-11,00:30,Cow_35,11,0,4,0,27.5,Rainy,Field B
2022-08-11,00:30,Cow_36,0,9,7,0,27.5,Rainy,Field B
2022-08-11,00:30,Cow_37,4,7,4,0,27.5,Rainy,Field A
2022-08-11,00:30,Cow_38,12,0,5,0,27.5,Rainy,Field B
2022-08-11,00:30,Cow_39,1,8,6,0,27.5,Rainy,Field B
2022-08-11,00:30,Cow_40,5,7,3,0,27.5,Rainy,Field A
2022-08-11,00:30,Cow_41,12,0,6,0,27.5,Rainy,Field B
2022-08-11,00:30,Cow_42,0,9,6,0,27.5,Rainy,Field B
2022-08-11,00:30,Cow_43,14,0,4,0,27.5,Rainy,Field A
2022-08-11,00:30,Cow_44,13,0,5,0,27.5,Rainy,Field A
2022-08-11,00:30,Cow_45,14,7,0,0,27.5,Rainy,Field A
2022-08-11,00:30,Cow_46,2,7,6,0,27.5,Rainy,Field C
2022-08-11,00:30,Cow_47,8,4,3,0,27.5,Rainy,Field C
2022-08-11,00:30,Cow_48,3,9,3,0,27.5,Rainy,Field A
2022-08-11,00:30,Cow_49,5,7,3,0,27.5,Rainy,Field A
2022-08-11,00:30,Cow_50,4,4,7,0,27.5,Rainy,Field C
2022-08-11,00:30,Cow_51,0,0,0,15,27.5,Rainy,Field A
2022-08-11,00:30,Cow_52,7,4,4,0,27.5,Rainy,Field A
2022-08-11,00:30,Cow_53,6,8,1,0,27.5,Rainy,Field A
2022-08-11,00:30,Cow_54,0,9,10,0,27.5,Rainy,Field C
2022-08-11,00:30,Cow_55,4,5,6,0,27.5,Rainy,Field B
2022-08-11,00:30,Cow_56,12,0,7,0,27.5,Rainy,Field B
2022-08-11,00:30,Cow_57,4,3,8,0,27.5,Rainy,Field B
2022-08-11,00:30,Cow_58,10,0,6,0,27.5,Rainy,Field B
2022-08-11,00:30,Cow_59,11,1,3,0,27.5,Rainy,Field B
2022-08-11,00:30,Cow_60,6,4,5,0,27.5,Rainy,Field C
2022-08-11,00:30,Cow_61,11,3,1,0,27.5,Rainy,Field A
2022-08-11,00:30,Cow_62,7,4,4,0,27.5,Rainy,Field A
2022-08-11,00:30,Cow_63,11,0,5,0,27.5,Rainy,Field B
2022-08-11,00:30,Cow_64,6,9,0,0,27.5,Rainy,Field A
2022-08-11,00:30,Cow_65,5,7,3,0,27.5,Rainy,Field C
2022-08-11,00:30,Cow_66,5,5,5,0,27.5,Rainy,Field A
2022-08-11,00:30,Cow_67,13,0,5,0,27.5,Rainy,Field A
2022-08-11,00:30,Cow_68,13,0,8,0,27.5,Rainy,Field B
2022-08-11,00:30,Cow_69,5,7,3,0,27.5,Rainy,Field A
2022-08-11,00:30,Cow_70,7,10,0,0,27.5,Rainy,Field B
2022-08-11,00:30,Cow_71,1,6,8,0,27.5,Rainy,Field C
2022-08-11,00:30,Cow_72,14,0,6,0,27.5,Rainy,Field C
2022-08-11,00:30,Cow_73,8,4,3,0,27.5,Rainy,Field A
2022-08-11,00:30,Cow_74,5,6,4,0,27.5,Rainy,Field C
2022-08-11,00:30,Cow_75,12,7,0,0,27.5,Rainy,Field C
2022-08-11,00:30,Cow_76,13,0,3,0,27.5,Rainy,Field A
2022-08-11,00:30,Cow_77,2,6,7,0,27.5,Rainy,Field A
2022-08-11,00:30,Cow_78,9,10,0,0,27.5,Rainy,Field C
2022-08-11,00:30,Cow_79,3,4,8,0,27.5,Rainy,Field B
2022-08-11,00:30,Cow_80,5,4,6,0,27.5,Rainy,Field C
2022-08-11,00:30,Cow_81,8,0,8,0,27.5,Rainy,Field A
2022-08-11,00:30,Cow_82,7,0,8,0,27.5,Rainy,Field C
2022-08-11,00:30,Cow_83,10,1,4,0,27.5,Rainy,Field C
2022-08-11,00:30,Cow_84,6,3,6,0,27.5,Rainy,Field C
2022-08-11,00:30,Cow_85,5,4,6,0,27.5,Rainy,Field C
2022-08-11,00:30,Cow_86,0,10,6,0,27.5,Rainy,Field A
2022-08-11,00:30,Cow_87,8,1,6,0,27.5,Rainy,Field B
2022-08-11,00:30,Cow_88,11,10,0,0,27.5,Rainy,Field B
2022-08-11,00:30,Cow_89,10,6,0,0,27.5,Rainy,Field B
2022-08-11,00:30,Cow_90,9,7,0,0,27.5,Rainy,Field C
2022-08-11,00:30,Cow_91,13,4,0,0,27.5,Rainy,Field B
2022-08-11,00:30,Cow_92,14,10,0,0,27.5,Rainy,Field C
2022-08-11,00:30,Cow_93,10,7,0,0,27.5,Rainy,Field B
2022-08-11,00:30,Cow_94,9,3,3,0,27.5,Rainy,Field A
2022-08-11,00:30,Cow_95,13,0,6,0,27.5,Rainy,Field B
2022-08-11,00:30,Cow_96,14,0,3,0,27.5,Rainy,Field B
2022-08-11,00:30,Cow_97,8,2,5,0,27.5,Rainy,Field A
2022-08-11,00:30,Cow_98,9,5,1,0,27.5,Rainy,Field A
2022-08-11,00:30,Cow_99,5,6,4,0,27.5,Rainy,Field C
2022-08-11,00:30,Cow_100,8,0,7,0,27.5,Rainy,Field A
2022-08-11,00:30,Cow_101,5,7,3,0,27.5,Rainy,Field B
2022-08-11,00:30,Cow_102,10,1,4,0,27.5,Rainy,Field C
2022-08-11,00:30,Cow_103,11,6,0,0,27.5,Rainy,Field A
2022-08-11,00:30,Cow_104,9,3,3,0,27.5,Rainy,Field C
2022-08-11,00:30,Cow_105,2,8,5,0,27.5,Rainy,Field B
2022-08-11,00:30,Cow_106,9,7,0,0,27.5,Rainy,Field C
2022-08-11,00:30,Cow_107,13,3,0,0,27.5,Rainy,Field A
2022-08-11,00:30,Cow_108,0,0,0,15,27.5,Rainy,Field A
2022-08-11,00:30,Cow_109,8,4,3,0,27.5,Rainy,Field C
2022-08-11,00:30,Cow_110,6,1,8,0,27.5,Rainy,Field C
2022-08-11,00:30,Cow_111,11,6,0,0,27.5,Rainy,Field C
2022-08-11,00:30,Cow_112,7,0,8,0,27.5,Rainy,Field A
2022-08-11,00:30,Cow_113,1,7,7,0,27.5,Rainy,Field C
2022-08-11,00:30,Cow_114,11,8,0,0,27.5,Rainy,Field B
2022-08-11,00:30,Cow_115,12,10,0,0,27.5,Rainy,Field C
2022-08-11,00:30,Cow_116,5,4,6,0,27.5,Rainy,Field A
2022-08-11,00:30,Cow_117,8,0,7,0,27.5,Rainy,Field C
2022-08-11,00:30,Cow_118,6,4,5,0,27.5,Rainy,Field B
2022-08-11,00:30,Cow_119,13,5,0,0,27.5,Rainy,Field B
2022-08-11,00:30,Cow_120,0,0,0,15,27.5,Rainy,Field C
2022-08-11,00:30,Cow_121,0,0,0,15,27.5,Rainy,Field A
2022-08-11,00:30,Cow_122,11,0,6,0,27.5,Rainy,Field C
2022-08-11,00:30,Cow_123,14,7,0,0,27.5,Rainy,Field A
2022-08-11,00:30,Cow_124,0,9,6,0,27.5,Rainy,Field C
2022-08-11,00:30,Cow_125,0,0,0,15,27.5,Rainy,Field B
2022-08-11,00:30,Cow_126,5,4,6,0,27.5,Rainy,Field B
2022-08-11,00:30,Cow_127,13,10,0,0,27.5,Rainy,Field B
2022-08-11,00:30,Cow_128,13,0,3,0,27.5,Rainy,Field B
2022-08-11,00:30,Cow_129,0,0,0,15,27.5,Rainy,Field A
2022-08-11,00:30,Cow_130,4,3,8,0,27.5,Rainy,Field A
2022-08-11,00:30,Cow_131,7,4,4,0,27.5,Rainy,Field A
2022-08-11,00:30,Cow_132,11,10,0,0,27.5,Rainy,Field C
2022-08-11,00:30,Cow_133,2,8,5,0,27.5,Rainy,Field C
2022-08-11,00:30,Cow_134,10,0,5,0,27.5,Rainy,Field C
2022-08-11,00:30,Cow_135,13,7,0,0,27.5,Rainy,Field A
2022-08-11,00:30,Cow_136,8,3,4,0,27.5,Rainy,Field B
2022-08-11,00:30,Cow_137,7,7,1,0,27.5,Rainy,Field B
2022-08-11,00:30,Cow_138,12,0,8,0,27.5,Rainy,Field C
2022-08-11,00:30,Cow_139,9,0,6,0,27.5,Rainy,Field A
2022-08-11,00:30,Cow_140,10,9,0,0,27.5,Rainy,Field C
2022-08-11,00:30,Cow_141,3,5,7,0,27.5,Rainy,Field C
2022-08-11,00:30,Cow_142,0,9,6,0,27.5,Rainy,Field B
2022-08-11,00:30,Cow_143,1,6,8,0,27.5,Rainy,Field A
2022-08-11,00:30,Cow_144,3,6,6,0,27.5,Rainy,Field B
2022-08-11,00:30,Cow_145,7,1,7,0,27.5,Rainy,Field C
2022-08-11,00:30,Cow_146,4,5,6,0,27.5,Rainy,Field A
2022-08-11,00:30,Cow_147,0,8,8,0,27.5,Rainy,Field A
2022-08-11,00:30,Cow_148,4,3,8,0,27.5,Rainy,Field A
2022-08-11,00:30,Cow_149,6,3,6,0,27.5,Rainy,Field B
2022-08-11,00:30,Cow_150,2,6,7,0,27.5,Rainy,Field B
2022-08-11,00:30,Cow_151,0,0,0,15,27.5,Rainy,Field B
2022-08-11,00:30,Cow_152,6,5,4,0,27.5,Rainy,Field B
2022-08-11,00:30,Cow_153,1,7,7,0,27.5,Rainy,Field B
2022-08-11,00:30,Cow_154,6,5,4,0,27.5,Rainy,Field C
2022-08-11,00:30,Cow_155,11,7,0,0,27.5,Rainy,Field B
2022-08-11,00:30,Cow_156,0,0,0,15,27.5,Rainy,Field A
2022-08-11,00:30,Cow_157,10,4,1,0,27.5,Rainy,Field A
2022-08-11,00:30,Cow_158,9,8,0,0,27.5,Rainy,Field C
2022-08-11,00:30,Cow_159,13,8,0,0,27.5,Rainy,Field A
2022-08-11,00:30,Cow_160,0,10,8,0,27.5,Rainy,Field B
2022-08-11,00:30,Cow_161,5,4,6,0,27.5,Rainy,Field C
2022-08-11,00:30,Cow_162,10,9,0,0,27.5,Rainy,Field B
2022-08-11,00:30,Cow_163,1,7,7,0,27.5,Rainy,Field C
2022-08-11,00:30,Cow_164,11,9,0,0,27.5,Rainy,Field A
2022-08-11,00:30,Cow_165,0,9,7,0,27.5,Rainy,Field A
2022-08-11,00:30,Cow_166,9,1,5,0,27.5,Rainy,Field B
2022-08-11,00:30,Cow_167,0,0,0,15,27.5,Rainy,Field A
2022-08-11,00:30,Cow_168,1,7,7,0,27.5,Rainy,Field C
2022-08-11,00:30,Cow_169,12,4,0,0,27.5,Rainy,Field C
2022-08-11,00:30,Cow_170,11,0,4,0,27.5,Rainy,Field B
2022-08-11,00:30,Cow_171,10,0,8,0,27.5,Rainy,Field B
2022-08-11,00:30,Cow_172,8,4,3,0,27.5,Rainy,Field C
2022-08-11,00:30,Cow_173,11,0,6,0,27.5,Rainy,Field C
2022-08-11,00:30,Cow_174,7,8,0,0,27.5,Rainy,Field A
2022-08-11,00:30,Cow_175,5,2,8,0,27.5,Rainy,Field C
2022-08-11,00:30,Cow_176,7,4,4,0,27.5,Rainy,Field B
2022-08-11,00:30,Cow_177,8,4,3,0,27.5,Rainy,Field C
2022-08-11,00:30,Cow_178,5,6,4,0,27.5,Rainy,Field B
2022-08-11,00:30,Cow_179,9,0,6,0,27.5,Rainy,Field A
2022-08-11,00:30,Cow_180,14,0,3,0,27.5,Rainy,Field C
2022-08-11,00:30,Cow_181,8,5,2,0,27.5,Rainy,Field C
2022-08-11,00:30,Cow_182,10,7,0,0,27.5,Rainy,Field B
2022-08-11,00:30,Cow_183,14,0,7,0,27.5,Rainy,Field B
2022-08-11,00:30,Cow_184,0,10,6,0,27.5,Rainy,Field C
2022-08-11,00:30,Cow_185,12,0,7,0,27.5,Rainy,Field C
2022-08-11,00:30,Cow_186,3,5,7,0,27.5,Rainy,Field B
2022-08-11,00:30,Cow_187,3,7,5,0,27.5,Rainy,Field A
2022-08-11,00:30,Cow_188,0,0,0,15,27.5,Rainy,Field C
2022-08-11,00:30,Cow_189,5,4,6,0,27.5,Rainy,Field A
2022-08-11,00:30,Cow_190,3,9,3,0,27.5,Rainy,Field C
2022-08-11,00:30,Cow_191,5,4,6,0,27.5,Rainy,Field C
2022-08-11,00:30,Cow_192,11,7,0,0,27.5,Rainy,Field B
2022-08-11,00:30,Cow_193,5,4,6,0,27.5,Rainy,Field A
2022-08-11,00:30,Cow_194,8,3,4,0,27.5,Rainy,Field C
2022-08-11,00:30,Cow_195,7,5,3,0,27.5,Rainy,Field B
2022-08-11,00:30,Cow_196,0,8,7,0,27.5,Rainy,Field C
2022-08-11,00:30,Cow_197,13,9,0,0,27.5,Rainy,Field C
2022-08-11,00:30,Cow_198,11,7,0,0,27.5,Rainy,Field A
2022-08-11,00:30,Cow_199,3,9,3,0,27.5,Rainy,Field A
2022-08-11,00:30,Cow_200,12,3,0,0,27.5,Rainy,Field A
2022-08-11,00:30,Cow_201,2,8,5,0,27.5,Rainy,Field C
2022-08-11,00:30,Cow_202,0,0,0,15,27.5,Rainy,Field B
2022-08-11,00:30,Cow_203,9,2,4,0,27.5,Rainy,Field B
2022-08-11,00:30,Cow_204,14,0,3,0,27.5,Rainy,Field A
2022-08-11,00:30,Cow_205,6,6,3,0,27.5,Rainy,Field B
2022-08-11,00:30,Cow_206,0,0,0,15,27.5,Rainy,Field B
2022-08-11,00:30,Cow_207,13,0,8,0,27.5,Rainy,Field C
2022-08-11,00:30,Cow_208,12,0,8,0,27.5,Rainy,Field C
2022-08-11,00:30,Cow_209,11,0,5,0,27.5,Rainy,Field C
2022-08-11,00:30,Cow_210,11,3,1,0,27.5,Rainy,Field C
2022-08-11,00:30,Cow_211,12,0,5,0,27.5,Rainy,Field C
2022-08-11,00:30,Cow_212,5,3,7,0,27.5,Rainy,Field A
2022-08-11,00:30,Cow_213,4,3,8,0,27.5,Rainy,Field C
2022-08-11,00:30,Cow_214,2,10,3,0,27.5,Rainy,Field C
2022-08-11,00:30,Cow_215,11,8,0,0,27.5,Rainy,Field A
2022-08-11,00:30,Cow_216,12,0,4,0,27.5,Rainy,Field A
2022-08-11,00:30,Cow_217,12,7,0,0,27.5,Rainy,Field C
2022-08-11,00:30,Cow_218,11,0,7,0,27.5,Rainy,Field B
2022-08-11,00:30,Cow_219,13,9,0,0,27.5,Rainy,Field C
2022-08-11,00:30,Cow_220,11,0,8,0,27.5,Rainy,Field A
2022-08-11,00:30,Cow_221,13,10,0,0,27.5,Rainy,Field B
2022-08-11,00:30,Cow_222,14,0,5,0,27.5,Rainy,Field A
2022-08-11,00:30,Cow_223,8,10,0,0,27.5,Rainy,Field A
2022-08-11,00:30,Cow_224,8,3,4,0,27.5,Rainy,Field B
2022-08-11,00:30,Cow_225,9,4,2,0,27.5,Rainy,Field B
2022-08-11,00:30,Cow_226,11,7,0,0,27.5,Rainy,Field A
2022-08-11,00:30,Cow_227,12,0,3,0,27.5,Rainy,Field B
2022-08-11,00:30,Cow_228,3,6,6,0,27.5,Rainy,Field B
2022-08-11,00:30,Cow_229,4,5,6,0,27.5,Rainy,Field C
2022-08-11,00:30,Cow_230,6,6,3,0,27.5,Rainy,Field A
2022-08-11,00:30,Cow_231,10,4,1,0,27.5,Rainy,Field B
2022-08-11,00:30,Cow_232,6,5,4,0,27.5,Rainy,Field C
2022-08-11,00:30,Cow_233,11,5,0,0,27.5,Rainy,Field B
2022-08-11,00:30,Cow_234,11,7,0,0,27.5,Rainy,Field A
2022-08-11,00:30,Cow_235,8,1,6,0,27.5,Rainy,Field C
2022-08-11,00:30,Cow_236,11,7,0,0,27.5,Rainy,Field B
2022-08-11,00:30,Cow_237,0,0,0,15,27.5,Rainy,Field B
2022-08-11,00:30,Cow_238,9,7,0,0,27.5,Rainy,Field B
2022-08-11,00:30,Cow_239,0,0,0,15,27.5,Rainy,Field B
2022-08-11,00:30,Cow_240,13,0,4,0,27.5,Rainy,Field B
2022-08-11,00:30,Cow_241,14,0,4,0,27.5,Rainy,Field B
2022-08-11,00:30,Cow_242,14,7,0,0,27.5,Rainy,Field A
2022-08-11,00:30,Cow_243,7,5,3,0,27.5,Rainy,Field B
2022-08-11,00:30,Cow_244,8,2,5,0,27.5,Rainy,Field A
2022-08-11,00:30,Cow_245,7,4,4,0,27.5,Rainy,Field B
2022-08-11,00:30,Cow_246,9,3,3,0,27.5,Rainy,Field C
2022-08-11,00:30,Cow_247,0,0,0,15,27.5,Rainy,Field B
2022-08-11,00:30,Cow_248,7,4,4,0,27.5,Rainy,Field B
2022-08-11,00:30,Cow_249,5,6,4,0,27.5,Rainy,Field B
2022-08-11,00:30,Cow_250,11,6,0,0,27.5,Rainy,Field A
2022-08-11,00:30,Cow_251,8,0,7,0,27.5,Rainy,Field B
2022-08-11,00:30,Cow_252,0,7,9,0,27.5,Rainy,Field C
2022-08-11,00:30,Cow_253,14,6,0,0,27.5,Rainy,Field B
2022-08-11,00:30,Cow_254,6,3,6,0,27.5,Rainy,Field B
2022-08-11,00:30,Cow_255,3,5,7,0,27.5,Rainy,Field A
2022-08-11,00:30,Cow_256,7,5,3,0,27.5,Rainy,Field A
2022-08-11,00:30,Cow_257,0,0,0,15,27.5,Rainy,Field B
2022-08-11,00:30,Cow_258,0,8,7,0,27.5,Rainy,Field A
2022-08-11,00:30,Cow_259,5,3,7,0,27.5,Rainy,Field C
2022-08-11,00:30,Cow_260,6,6,3,0,27.5,Rainy,Field B
2022-08-11,00:30,Cow_261,7,5,3,0,27.5,Rainy,Field C
2022-08-11,00:30,Cow_262,14,0,5,0,27.5,Rainy,Field C
2022-08-11,00:30,Cow_263,0,0,0,15,27.5,Rainy,Field A
2022-08-11,00:30,Cow_264,13,0,8,0,27.5,Rainy,Field A
2022-08-11,00:30,Cow_265,0,7,8,0,27.5,Rainy,Field C
2022-08-11,00:30,Cow_266,4,6,5,0,27.5,Rainy,Field C
2022-08-11,00:30,Cow_267,14,5,0,0,27.5,Rainy,Field A
2022-08-11,00:30,Cow_268,12,0,6,0,27.5,Rainy,Field B
2022-08-11,00:30,Cow_269,5,10,0,0,27.5,Rainy,Field C
2022-08-11,00:30,Cow_270,4,6,5,0,27.5,Rainy,Field A
2022-08-11,00:30,Cow_271,5,2,8,0,27.5,Rainy,Field B
2022-08-11,00:30,Cow_272,11,5,0,0,27.5,Rainy,Field A
2022-08-11,00:30,Cow_273,14,9,0,0,27.5,Rainy,Field B
2022-08-11,00:30,Cow_274,10,0,7,0,27.5,Rainy,Field B
2022-08-11,00:30,Cow_275,11,0,7,0,27.5,Rainy,Field B
2022-08-11,00:30,Cow_276,7,5,3,0,27.5,Rainy,Field C
2022-08-11,00:30,Cow_277,9,2,4,0,27.5,Rainy,Field A
2022-08-11,00:30,Cow_278,8,1,6,0,27.5,Rainy,Field C
2022-08-11,00:30,Cow_279,6,6,3,0,27.5,Rainy,Field B
2022-08-11,00:30,Cow_280,13,9,0,0,27.5,Rainy,Field C
2022-08-11,00:30,Cow_281,11,0,7,0,27.5,Rainy,Field A
2022-08-11,00:30,Cow_282,5,8,2,0,27.5,Rainy,Field A
2022-08-11,00:30,Cow_283,12,0,8,0,27.5,Rainy,Field A
2022-08-11,00:30,Cow_284,0,0,0,15,27.5,Rainy,Field C
2022-08-11,00:30,Cow_285,0,0,0,15,27.5,Rainy,Field C
2022-08-11,00:30,Cow_286,7,7,1,0,27.5,Rainy,Field A
2022-08-11,00:30,Cow_287,7,6,2,0,27.5,Rainy,Field A
2022-08-11,00:30,Cow_288,8,7,0,0,27.5,Rainy,Field C
2022-08-11,00:30,Cow_289,5,4,6,0,27.5,Rainy,Field B
2022-08-11,00:30,Cow_290,5,2,8,0,27.5,Rainy,Field C
2022-08-11,00:30,Cow_291,1,7,7,0,27.5,Rainy,Field C
2022-08-11,00:30,Cow_292,4,8,3,0,27.5,Rainy,Field A
2022-08-11,00:30,Cow_293,4,6,5,0,27.5,Rainy,Field B
2022-08-11,00:30,Cow_294,7,3,5,0,27.5,Rainy,Field B
2022-08-11,00:30,Cow_295,10,6,0,0,27.5,Rainy,Field C
2022-08-11,00:30,Cow_296,7,3,5,0,27.5,Rainy,Field C
2022-08-11,00:30,Cow_297,0,0,0,15,27.5,Rainy,Field A
2022-08-11,00:30,Cow_298,14,5,0,0,27.5,Rainy,Field A
2022-08-11,00:30,Cow_299,6,3,6,0,27.5,Rainy,Field B
2022-08-11,00:30,Cow_300,13,10,0,0,27.5,Rainy,Field C
2022-08-11,00:30,Cow_301,9,1,5,0,27.5,Rainy,Field B
2022-08-11,00:30,Cow_302,11,0,8,0,27.5,Rainy,Field B
2022-08-11,00:30,Cow_303,11,0,7,0,27.5,Rainy,Field A
2022-08-11,00:30,Cow_304,6,9,0,0,27.5,Rainy,Field B
2022-08-11,00:30,Cow_305,10,0,5,0,27.5,Rainy,Field B
2022-08-11,00:30,Cow_306,8,0,7,0,27.5,Rainy,Field C
2022-08-11,00:30,Cow_307,0,0,0,15,27.5,Rainy,Field C
2022-08-11,00:30,Cow_308,6,3,6,0,27.5,Rainy,Field A
2022-08-11,00:30,Cow_309,11,4,0,0,27.5,Rainy,Field B
2022-08-11,00:30,Cow_310,8,1,6,0,27.5,Rainy,Field A
2022-08-11,00:30,Cow_311,9,3,3,0,27.5,Rainy,Field C
2022-08-11,00:30,Cow_312,10,0,5,0,27.5,Rainy,Field C
2022-08-11,00:30,Cow_313,9,5,1,0,27.5,Rainy,Field A
2022-08-11,00:30,Cow_314,14,9,0,0,27.5,Rainy,Field A
2022-08-11,00:30,Cow_315,0,0,0,15,27.5,Rainy,Field C
2022-08-11,00:30,Cow_316,5,4,6,0,27.5,Rainy,Field A
2022-08-11,00:30,Cow_317,0,0,0,15,27.5,Rainy,Field B
2022-08-11,00:30,Cow_318,9,3,3,0,27.5,Rainy,Field B
2022-08-11,00:30,Cow_319,11,0,4,0,27.5,Rainy,Field A
2022-08-11,00:30,Cow_320,13,0,3,0,27.5,Rainy,Field A
2022-08-11,00:30,Cow_321,6,7,2,0,27.5,Rainy,Field B
2022-08-11,00:30,Cow_322,0,9,7,0,27.5,Rainy,Field B
2022-08-11,00:30,Cow_323,8,4,3,0,27.5,Rainy,Field C
2022-08-11,00:30,Cow_324,14,0,7,0,27.5,Rainy,Field A
2022-08-11,00:30,Cow_325,11,0,6,0,27.5,Rainy,Field C
2022-08-11,00:30,Cow_326,2,10,3,0,27.5,Rainy,Field B
2022-08-11,00:30,Cow_327,9,8,0,0,27.5,Rainy,Field A
2022-08-11,00:30,Cow_328,8,9,0,0,27.5,Rainy,Field C
2022-08-11,00:30,Cow_329,5,6,4,0,27.5,Rainy,Field C
2022-08-11,00:30,Cow_330,12,3,0,0,27.5,Rainy,Field B
2022-08-11,00:30,Cow_331,10,0,6,0,27.5,Rainy,Field C
2022-08-11,00:30,Cow_332,10,0,7,0,27.5,Rainy,Field C
2022-08-11,00:30,Cow_333,7,4,4,0,27.5,Rainy,Field C
2022-08-11,00:30,Cow_334,0,9,8,0,27.5,Rainy,Field B
2022-08-11,00:30,Cow_335,4,7,4,0,27.5,Rainy,Field C
2022-08-11,00:30,Cow_336,9,3,3,0,27.5,Rainy,Field C
2022-08-11,00:30,Cow_337,14,6,0,0,27.5,Rainy,Field B
2022-08-11,00:30,Cow_338,0,10,8,0,27.5,Rainy,Field A
2022-08-11,00:30,Cow_339,14,7,0,0,27.5,Rainy,Field C
2022-08-11,00:30,Cow_340,14,8,0,0,27.5,Rainy,Field C
2022-08-11,00:30,Cow_341,6,2,7,0,27.5,Rainy,Field A
2022-08-11,00:30,Cow_342,10,2,3,0,27.5,Rainy,Field B
2022-08-11,00:30,Cow_343,9,0,6,0,27.5,Rainy,Field B
2022-08-11,00:30,Cow_344,5,10,0,0,27.5,Rainy,Field A
2022-08-11,00:30,Cow_345,10,6,0,0,27.5,Rainy,Field B
2022-08-11,00:30,Cow_346,0,10,8,0,27.5,Rainy,Field C
2022-08-11,00:30,Cow_347,13,4,0,0,27.5,Rainy,Field C
2022-08-11,00:30,Cow_348,14,7,0,0,27.5,Rainy,Field C
2022-08-11,00:30,Cow_349,8,0,7,0,27.5,Rainy,Field A
2022-08-11,00:30,Cow_350,6,6,3,0,27.5,Rainy,Field C
2022-08-11,00:30,Cow_351,9,3,3,0,27.5,Rainy,Field B
2022-08-11,00:30,Cow_352,0,0,0,15,27.5,Rainy,Field B
2022-08-11,00:30,Cow_353,0,0,0,15,27.5,Rainy,Field C
2022-08-11,00:30,Cow_354,14,0,6,0,27.5,Rainy,Field A
2022-08-11,00:30,Cow_355,4,4,7,0,27.5,Rainy,Field B
2022-08-11,00:30,Cow_356,12,9,0,0,27.5,Rainy,Field C
2022-08-11,00:30,Cow_357,11,4,0,0,27.5,Rainy,Field C
2022-08-11,00:30,Cow_358,5,3,7,0,27.5,Rainy,Field A
2022-08-11,00:30,Cow_359,2,11,2,0,27.5,Rainy,Field B
2022-08-11,00:30,Cow_360,10,7,0,0,27.5,Rainy,Field A
2022-08-11,00:30,Cow_361,13,8,0,0,27.5,Rainy,Field B
2022-08-11,00:30,Cow_362,10,0,7,0,27.5,Rainy,Field A
2022-08-11,00:30,Cow_363,2,10,3,0,27.5,Rainy,Field B
2022-08-11,00:30,Cow_364,1,8,6,0,27.5,Rainy,Field A
2022-08-11,00:30,Cow_365,5,4,6,0,27.5,Rainy,Field A
2022-08-11,00:30,Cow_366,0,8,8,0,27.5,Rainy,Field B
2022-08-11,00:30,Cow_367,8,8,0,0,27.5,Rainy,Field A
2022-08-11,00:30,Cow_368,9,4,2,0,27.5,Rainy,Field C
2022-08-11,00:30,Cow_369,2,9,4,0,27.5,Rainy,Field B
2022-08-11,00:30,Cow_370,0,10,5,0,27.5,Rainy,Field A
2022-08-11,00:30,Cow_371,3,6,6,0,27.5,Rainy,Field B
2022-08-11,00:30,Cow_372,10,4,1,0,27.5,Rainy,Field C
2022-08-11,00:30,Cow_373,14,10,0,0,27.5,Rainy,Field B
2022-08-11,00:30,Cow_374,6,7,2,0,27.5,Rainy,Field C
2022-08-11,00:30,Cow_375,13,0,3,0,27.5,Rainy,Field B
2022-08-11,00:30,Cow_376,14,0,6,0,27.5,Rainy,Field B
2022-08-11,00:30,Cow_377,11,10,0,0,27.5,Rainy,Field B
2022-08-11,00:30,Cow_378,8,0,7,0,27.5,Rainy,Field B
2022-08-11,00:30,Cow_379,5,10,0,0,27.5,Rainy,Field A
2022-08-11,00:30,Cow_380,0,0,0,15,27.5,Rainy,Field A
2022-08-11,00:30,Cow_381,10,3,2,0,27.5,Rainy,Field B
2022-08-11,00:30,Cow_382,0,0,0,15,27.5,Rainy,Field C
2022-08-11,00:30,Cow_383,8,3,4,0,27.5,Rainy,Field A
2022-08-11,00:30,Cow_384,11,9,0,0,27.5,Rainy,Field B
2022-08-11,00:30,Cow_385,10,1,4,0,27.5,Rainy,Field C
2022-08-11,00:30,Cow_386,8,3,4,0,27.5,Rainy,Field A
2022-08-11,00:30,Cow_387,0,9,6,0,27.5,Rainy,Field C
2022-08-11,00:30,Cow_388,1,8,6,0,27.5,Rainy,Field A
2022-08-11,00:30,Cow_389,0,10,8,0,27.5,Rainy,Field A
2022-08-11,00:30,Cow_390,11,8,0,0,27.5,Rainy,Field A
2022-08-11,00:30,Cow_391,0,0,0,15,27.5,Rainy,Field B
2022-08-11,00:30,Cow_392,6,6,3,0,27.5,Rainy,Field A
2022-08-11,00:30,Cow_393,5,10,0,0,27.5,Rainy,Field B
2022-08-11,00:30,Cow_394,12,0,3,0,27.5,Rainy,Field A
2022-08-11,00:30,Cow_395,6,3,6,0,27.5,Rainy,Field B
2022-08-11,00:30,Cow_396,4,8,3,0,27.5,Rainy,Field A
2022-08-11,00:30,Cow_397,11,0,8,0,27.5,Rainy,Field B
2022-08-11,00:30,Cow_398,12,0,6,0,27.5,Rainy,Field C
2022-08-11,00:30,Cow_399,6,4,5,0,27.5,Rainy,Field C
2022-08-11,00:30,Cow_400,7,3,5,0,27.5,Rainy,Field B
2022-08-11,00:30,Cow_401,13,0,8,0,27.5,Rainy,Field A
2022-08-11,00:30,Cow_402,7,7,1,0,27.5,Rainy,Field C
2022-08-11,00:30,Cow_403,5,5,5,0,27.5,Rainy,Field C
2022-08-11,00:30,Cow_404,13,0,4,0,27.5,Rainy,Field C
2022-08-11,00:30,Cow_405,0,10,6,0,27.5,Rainy,Field A
2022-08-11,00:30,Cow_406,6,6,3,0,27.5,Rainy,Field C
2022-08-11,00:30,Cow_407,5,4,6,0,27.5,Rainy,Field A
2022-08-11,00:30,Cow_408,2,5,8,0,27.5,Rainy,Field A
2022-08-11,00:30,Cow_409,0,0,0,15,27.5,Rainy,Field B
2022-08-11,00:30,Cow_410,10,0,7,0,27.5,Rainy,Field B
2022-08-11,00:30,Cow_411,7,4,4,0,27.5,Rainy,Field C
2022-08-11,00:30,Cow_412,6,3,6,0,27.5,Rainy,Field C
2022-08-11,00:30,Cow_413,7,3,5,0,27.5,Rainy,Field C
2022-08-11,00:30,Cow_414,5,6,4,0,27.5,Rainy,Field C
2022-08-11,00:30,Cow_415,8,3,4,0,27.5,Rainy,Field B
2022-08-11,00:30,Cow_416,5,6,4,0,27.5,Rainy,Field B
2022-08-11,00:30,Cow_417,14,0,4,0,27.5,Rainy,Field C
2022-08-11,00:30,Cow_418,14,0,4,0,27.5,Rainy,Field B
2022-08-11,00:30,Cow_419,11,1,3,0,27.5,Rainy,Field A
2022-08-11,00:30,Cow_420,5,4,6,0,27.5,Rainy,Field B
2022-08-11,00:30,Cow_421,10,0,8,0,27.5,Rainy,Field C
2022-08-11,00:30,Cow_422,3,6,6,0,27.5,Rainy,Field A
2022-08-11,00:30,Cow_423,13,0,7,0,27.5,Rainy,Field B
2022-08-11,00:30,Cow_424,0,0,0,15,27.5,Rainy,Field B
2022-08-11,00:30,Cow_425,0,9,8,0,27.5,Rainy,Field B
2022-08-11,00:30,Cow_426,12,0,7,0,27.5,Rainy,Field A
2022-08-11,00:30,Cow_427,7,10,0,0,27.5,Rainy,Field A
2022-08-11,00:30,Cow_428,10,0,6,0,27.5,Rainy,Field B
2022-08-11,00:30,Cow_429,11,0,6,0,27.5,Rainy,Field C
2022-08-11,00:30,Cow_430,4,8,3,0,27.5,Rainy,Field B
2022-08-11,00:30,Cow_431,8,0,8,0,27.5,Rainy,Field C
2022-08-11,00:30,Cow_432,0,10,8,0,27.5,Rainy,Field A
2022-08-11,00:30,Cow_433,0,0,0,15,27.5,Rainy,Field C
2022-08-11,00:30,Cow_434,5,10,0,0,27.5,Rainy,Field A
2022-08-11,00:30,Cow_435,14,0,4,0,27.5,Rainy,Field B
2022-08-11,00:30,Cow_436,11,3,1,0,27.5,Rainy,Field A
2022-08-11,00:30,Cow_437,5,10,0,0,27.5,Rainy,Field C
2022-08-11,00:30,Cow_438,5,4,6,0,27.5,Rainy,Field A
2022-08-11,00:30,Cow_439,13,10,0,0,27.5,Rainy,Field B
2022-08-11,00:30,Cow_440,13,6,0,0,27.5,Rainy,Field C
2022-08-11,00:30,Cow_441,7,5,3,0,27.5,Rainy,Field A
2022-08-11,00:30,Cow_442,5,3,7,0,27.5,Rainy,Field C
2022-08-11,00:30,Cow_443,0,9,6,0,27.5,Rainy,Field C
2022-08-11,00:30,Cow_444,7,4,4,0,27.5,Rainy,Field C
2022-08-11,00:30,Cow_445,14,7,0,0,27.5,Rainy,Field B
2022-08-11,00:30,Cow_446,0,0,0,15,27.5,Rainy,Field B
2022-08-11,00:30,Cow_447,12,9,0,0,27.5,Rainy,Field C
2022-08-11,00:30,Cow_448,3,9,3,0,27.5,Rainy,Field A
2022-08-11,00:30,Cow_449,9,1,5,0,27.5,Rainy,Field A
2022-08-11,00:30,Cow_450,0,0,0,15,27.5,Rainy,Field A
2022-08-11,00:30,Cow_451,2,6,7,0,27.5,Rainy,Field A
2022-08-11,00:30,Cow_452,13,0,7,0,27.5,Rainy,Field A
2022-08-11,00:30,Cow_453,4,6,5,0,27.5,Rainy,Field B
2022-08-11,00:30,Cow_454,4,6,5,0,27.5,Rainy,Field A
2022-08-11,00:30,Cow_455,0,0,0,15,27.5,Rainy,Field B
2022-08-11,00:30,Cow_456,0,9,6,0,27.5,Rainy,Field B
2022-08-11,00:30,Cow_457,8,4,3,0,27.5,Rainy,Field B
2022-08-11,00:30,Cow_458,13,0,3,0,27.5,Rainy,Field B
2022-08-11,00:30,Cow_459,8,3,4,0,27.5,Rainy,Field B
2022-08-11,00:30,Cow_460,14,0,5,0,27.5,Rainy,Field C
2022-08-11,00:30,Cow_461,14,0,7,0,27.5,Rainy,Field A
2022-08-11,00:30,Cow_462,6,6,3,0,27.5,Rainy,Field A
2022-08-11,00:30,Cow_463,14,9,0,0,27.5,Rainy,Field A
2022-08-11,00:30,Cow_464,14,4,0,0,27.5,Rainy,Field B
2022-08-11,00:30,Cow_465,7,4,4,0,27.5,Rainy,Field B
2022-08-11,00:30,Cow_466,9,2,4,0,27.5,Rainy,Field B
2022-08-11,00:30,Cow_467,10,0,5,0,27.5,Rainy,Field A
2022-08-11,00:30,Cow_468,0,0,0,15,27.5,Rainy,Field A
2022-08-11,00:30,Cow_469,1,7,7,0,27.5,Rainy,Field B
2022-08-11,00:30,Cow_470,12,3,0,0,27.5,Rainy,Field A
2022-08-11,00:30,Cow_471,3,8,4,0,27.5,Rainy,Field B
2022-08-11,00:30,Cow_472,8,8,0,0,27.5,Rainy,Field B
2022-08-11,00:30,Cow_473,13,0,8,0,27.5,Rainy,Field C
2022-08-11,00:30,Cow_474,7,1,7,0,27.5,Rainy,Field C
2022-08-11,00:30,Cow_475,6,2,7,0,27.5,Rainy,Field B
2022-08-11,00:30,Cow_476,9,2,4,0,27.5,Rainy,Field A
2022-08-11,00:30,Cow_477,0,7,8,0,27.5,Rainy,Field B
2022-08-11,00:30,Cow_478,0,0,0,15,27.5,Rainy,Field C
2022-08-11,00:30,Cow_479,14,0,5,0,27.5,Rainy,Field A
2022-08-11,00:30,Cow_480,1,9,5,0,27.5,Rainy,Field C
2022-08-11,00:30,Cow_481,8,0,8,0,27.5,Rainy,Field A
2022-08-11,00:30,Cow_482,3,8,4,0,27.5,Rainy,Field B
2022-08-11,00:30,Cow_483,6,6,3,0,27.5,Rainy,Field B
2022-08-11,00:30,Cow_484,7,5,3,0,27.5,Rainy,Field A
2022-08-11,00:30,Cow_485,2,5,8,0,27.5,Rainy,Field A
2022-08-11,00:30,Cow_486,13,3,0,0,27.5,Rainy,Field A
2022-08-11,00:30,Cow_487,7,1,7,0,27.5,Rainy,Field A
2022-08-11,00:30,Cow_488,12,10,0,0,27.5,Rainy,Field A
2022-08-11,00:30,Cow_489,0,0,0,15,27.5,Rainy,Field B
2022-08-11,00:30,Cow_490,10,2,3,0,27.5,Rainy,Field A
2022-08-11,00:30,Cow_491,8,7,0,0,27.5,Rainy,Field A
2022-08-11,00:30,Cow_492,11,0,6,0,27.5,Rainy,Field A
2022-08-11,00:30,Cow_493,0,0,0,15,27.5,Rainy,Field C
2022-08-11,00:30,Cow_494,6,6,3,0,27.5,Rainy,Field A
2022-08-11,00:30,Cow_495,5,6,4,0,27.5,Rainy,Field C
2022-08-11,00:30,Cow_496,5,4,6,0,27.5,Rainy,Field C
2022-08-11,00:30,Cow_497,9,9,0,0,27.5,Rainy,Field A
2022-08-11,00:30,Cow_498,0,9,7,0,27.5,Rainy,Field A
2022-08-11,00:30,Cow_499,11,6,0,0,27.5,Rainy,Field C
2022-08-11,00:30,Cow_500,10,0,8,0,27.5,Rainy,Field B
2022-08-11,00:45,Cow_1,8,3,4,0,35.9,Rainy,Field B
2022-08-11,00:45,Cow_2,9,0,8,0,35.9,Rainy,Field A
2022-08-11,00:45,Cow_3,10,8,0,0,35.9,Rainy,Field C
2022-08-11,00:45,Cow_4,7,4,4,0,35.9,Rainy,Field B
2022-08-11,00:45,Cow_5,13,9,0,0,35.9,Rainy,Field B
2022-08-11,00:45,Cow_6,6,3,6,0,35.9,Rainy,Field A
2022-08-11,00:45,Cow_7,0,0,0,15,35.9,Rainy,Field A
2022-08-11,00:45,Cow_8,12,8,0,0,35.9,Rainy,Field B
2022-08-11,00:45,Cow_9,9,0,8,0,35.9,Rainy,Field B
2022-08-11,00:45,Cow_10,4,3,8,0,35.9,Rainy,Field C
2022-08-11,00:45,Cow_11,11,0,4,0,35.9,Rainy,Field B
2022-08-11,00:45,Cow_12,0,10,6,0,35.9,Rainy,Field C
2022-08-11,00:45,Cow_13,0,10,7,0,35.9,Rainy,Field A
2022-08-11,00:45,Cow_14,11,0,8,0,35.9,Rainy,Field C
2022-08-11,00:45,Cow_15,7,4,4,0,35.9,Rainy,Field A
2022-08-11,00:45,Cow_16,9,0,8,0,35.9,Rainy,Field C
2022-08-11,00:45,Cow_17,0,10,6,0,35.9,Rainy,Field C
2022-08-11,00:45,Cow_18,5,8,2,0,35.9,Rainy,Field B
2022-08-11,00:45,Cow_19,2,5,8,0,35.9,Rainy,Field A
2022-08-11,00:45,Cow_20,5,6,4,0,35.9,Rainy,Field A
2022-08-11,00:45,Cow_21,12,0,6,0,35.9,Rainy,Field C
2022-08-11,00:45,Cow_22,7,8,0,0,35.9,Rainy,Field A
2022-08-11,00:45,Cow_23,8,3,4,0,35.9,Rainy,Field A
2022-08-11,00:45,Cow_24,2,6,7,0,35.9,Rainy,Field C
2022-08-11,00:45,Cow_25,10,0,6,0,35.9,Rainy,Field B
2022-08-11,00:45,Cow_26,7,7,1,0,35.9,Rainy,Field A
2022-08-11,00:45,Cow_27,0,0,0,15,35.9,Rainy,Field A
2022-08-11,00:45,Cow_28,13,7,0,0,35.9,Rainy,Field C
2022-08-11,00:45,Cow_29,12,0,3,0,35.9,Rainy,Field C
2022-08-11,00:45,Cow_30,1,6,8,0,35.9,Rainy,Field A
2022-08-11,00:45,Cow_31,5,12,0,0,35.9,Rainy,Field B
2022-08-11,00:45,Cow_32,12,8,0,0,35.9,Rainy,Field B
2022-08-11,00:45,Cow_33,12,0,6,0,35.9,Rainy,Field A
2022-08-11,00:45,Cow_34,1,6,8,0,35.9,Rainy,Field C
2022-08-11,00:45,Cow_35,9,3,3,0,35.9,Rainy,Field B
2022-08-11,00:45,Cow_36,6,4,5,0,35.9,Rainy,Field A
2022-08-11,00:45,Cow_37,7,0,8,0,35.9,Rainy,Field B
2022-08-11,00:45,Cow_38,6,6,3,0,35.9,Rainy,Field B
2022-08-11,00:45,Cow_39,14,0,6,0,35.9,Rainy,Field B
2022-08-11,00:45,Cow_40,7,0,8,0,35.9,Rainy,Field A
2022-08-11,00:45,Cow_41,7,6,2,0,35.9,Rainy,Field A
2022-08-11,00:45,Cow_42,3,8,4,0,35.9,Rainy,Field A
2022-08-11,00:45,Cow_43,11,10,0,0,35.9,Rainy,Field C
2022-08-11,00:45,Cow_44,0,0,0,15,35.9,Rainy,Field A
2022-08-11,00:45,Cow_45,12,0,5,0,35.9,Rainy,Field A
2022-08-11,00:45,Cow_46,7,3,5,0,35.9,Rainy,Field B
2022-08-11,00:45,Cow_47,0,0,0,15,35.9,Rainy,Field A
2022-08-11,00:45,Cow_48,6,6,3,0,35.9,Rainy,Field C
2022-08-11,00:45,Cow_49,7,5,3,0,35.9,Rainy,Field C
2022-08-11,00:45,Cow_50,8,6,1,0,35.9,Rainy,Field A
2022-08-11,00:45,Cow_51,12,3,0,0,35.9,Rainy,Field A
2022-08-11,00:45,Cow_52,11,3,1,0,35.9,Rainy,Field A
2022-08-11,00:45,Cow_53,13,0,6,0,35.9,Rainy,Field C
2022-08-11,00:45,Cow_54,4,4,7,0,35.9,Rainy,Field A
2022-08-11,00:45,Cow_55,5,6,4,0,35.9,Rainy,Field A
2022-08-11,00:45,Cow_56,7,6,2,0,35.9,Rainy,Field C
2022-08-11,00:45,Cow_57,7,10,0,0,35.9,Rainy,Field B
2022-08-11,00:45,Cow_58,8,7,0,0,35.9,Rainy,Field A
2022-08-11,00:45,Cow_59,6,1,8,0,35.9,Rainy,Field C
2022-08-11,00:45,Cow_60,5,8,2,0,35.9,Rainy,Field C
2022-08-11,00:45,Cow_61,0,0,0,15,35.9,Rainy,Field A
2022-08-11,00:45,Cow_62,12,6,0,0,35.9,Rainy,Field B
2022-08-11,00:45,Cow_63,14,6,0,0,35.9,Rainy,Field A
2022-08-11,00:45,Cow_64,4,5,6,0,35.9,Rainy,Field C
2022-08-11,00:45,Cow_65,5,7,3,0,35.9,Rainy,Field A
2022-08-11,00:45,Cow_66,12,6,0,0,35.9,Rainy,Field B
2022-08-11,00:45,Cow_67,2,8,5,0,35.9,Rainy,Field B
2022-08-11,00:45,Cow_68,0,9,8,0,35.9,Rainy,Field C
2022-08-11,00:45,Cow_69,5,5,5,0,35.9,Rainy,Field C
2022-08-11,00:45,Cow_70,0,0,0,15,35.9,Rainy,Field A
2022-08-11,00:45,Cow_71,9,3,3,0,35.9,Rainy,Field A
2022-08-11,00:45,Cow_72,7,3,5,0,35.9,Rainy,Field C
2022-08-11,00:45,Cow_73,10,6,0,0,35.9,Rainy,Field C
2022-08-11,00:45,Cow_74,1,6,8,0,35.9,Rainy,Field C
2022-08-11,00:45,Cow_75,0,0,0,15,35.9,Rainy,Field B
2022-08-11,00:45,Cow_76,10,0,6,0,35.9,Rainy,Field C
2022-08-11,00:45,Cow_77,7,10,0,0,35.9,Rainy,Field B
2022-08-11,00:45,Cow_78,11,1,3,0,35.9,Rainy,Field C
2022-08-11,00:45,Cow_79,10,7,0,0,35.9,Rainy,Field C
2022-08-11,00:45,Cow_80,0,0,0,15,35.9,Rainy,Field B
2022-08-11,00:45,Cow_81,3,7,5,0,35.9,Rainy,Field A
2022-08-11,00:45,Cow_82,0,0,0,15,35.9,Rainy,Field A
2022-08-11,00:45,Cow_83,11,0,7,0,35.9,Rainy,Field C
2022-08-11,00:45,Cow_84,5,3,7,0,35.9,Rainy,Field A
2022-08-11,00:45,Cow_85,0,0,0,15,35.9,Rainy,Field B
2022-08-11,00:45,Cow_86,0,10,6,0,35.9,Rainy,Field C
2022-08-11,00:45,Cow_87,6,7,2,0,35.9,Rainy,Field C
2022-08-11,00:45,Cow_88,13,0,7,0,35.9,Rainy,Field C
2022-08-11,00:45,Cow_89,11,0,5,0,35.9,Rainy,Field A
2022-08-11,00:45,Cow_90,8,4,3,0,35.9,Rainy,Field C
2022-08-11,00:45,Cow_91,6,4,5,0,35.9,Rainy,Field C
2022-08-11,00:45,Cow_92,3,6,6,0,35.9,Rainy,Field C
2022-08-11,00:45,Cow_93,13,9,0,0,35.9,Rainy,Field C
2022-08-11,00:45,Cow_94,6,9,0,0,35.9,Rainy,Field B
2022-08-11,00:45,Cow_95,12,7,0,0,35.9,Rainy,Field A
2022-08-11,00:45,Cow_96,5,5,5,0,35.9,Rainy,Field B
2022-08-11,00:45,Cow_97,5,9,1,0,35.9,Rainy,Field B
2022-08-11,00:45,Cow_98,5,0,10,0,35.9,Rainy,Field B
2022-08-11,00:45,Cow_99,12,5,0,0,35.9,Rainy,Field C
2022-08-11,00:45,Cow_100,6,9,0,0,35.9,Rainy,Field A
2022-08-11,00:45,Cow_101,4,4,7,0,35.9,Rainy,Field C
2022-08-11,00:45,Cow_102,13,3,0,0,35.9,Rainy,Field C
2022-08-11,00:45,Cow_103,2,6,7,0,35.9,Rainy,Field B
2022-08-11,00:45,Cow_104,11,4,0,0,35.9,Rainy,Field B
2022-08-11,00:45,Cow_105,13,0,8,0,35.9,Rainy,Field C
2022-08-11,00:45,Cow_106,8,3,4,0,35.9,Rainy,Field B
2022-08-11,00:45,Cow_107,7,4,4,0,35.9,Rainy,Field B
2022-08-11,00:45,Cow_108,6,4,5,0,35.9,Rainy,Field B
2022-08-11,00:45,Cow_109,8,3,4,0,35.9,Rainy,Field A
2022-08-11,00:45,Cow_110,14,0,6,0,35.9,Rainy,Field A
2022-08-11,00:45,Cow_111,14,9,0,0,35.9,Rainy,Field C
2022-08-11,00:45,Cow_112,1,8,6,0,35.9,Rainy,Field B
2022-08-11,00:45,Cow_113,7,3,5,0,35.9,Rainy,Field A
2022-08-11,00:45,Cow_114,0,7,8,0,35.9,Rainy,Field A
2022-08-11,00:45,Cow_115,5,2,8,0,35.9,Rainy,Field C
2022-08-11,00:45,Cow_116,14,6,0,0,35.9,Rainy,Field B
2022-08-11,00:45,Cow_117,2,8,5,0,35.9,Rainy,Field B
2022-08-11,00:45,Cow_118,0,0,0,15,35.9,Rainy,Field C
2022-08-11,00:45,Cow_119,8,2,5,0,35.9,Rainy,Field C
2022-08-11,00:45,Cow_120,0,9,7,0,35.9,Rainy,Field C
2022-08-11,00:45,Cow_121,11,0,4,0,35.9,Rainy,Field B
2022-08-11,00:45,Cow_122,0,10,7,0,35.9,Rainy,Field C
2022-08-11,00:45,Cow_123,14,0,7,0,35.9,Rainy,Field C
2022-08-11,00:45,Cow_124,8,4,3,0,35.9,Rainy,Field B
2022-08-11,00:45,Cow_125,1,9,5,0,35.9,Rainy,Field C
2022-08-11,00:45,Cow_126,0,0,0,15,35.9,Rainy,Field C
2022-08-11,00:45,Cow_127,10,4,1,0,35.9,Rainy,Field B
2022-08-11,00:45,Cow_128,12,7,0,0,35.9,Rainy,Field B
2022-08-11,00:45,Cow_129,7,4,4,0,35.9,Rainy,Field A
2022-08-11,00:45,Cow_130,12,10,0,0,35.9,Rainy,Field C
2022-08-11,00:45,Cow_131,6,5,4,0,35.9,Rainy,Field B
2022-08-11,00:45,Cow_132,8,0,7,0,35.9,Rainy,Field A
2022-08-11,00:45,Cow_133,0,10,5,0,35.9,Rainy,Field C
2022-08-11,00:45,Cow_134,5,8,2,0,35.9,Rainy,Field B
2022-08-11,00:45,Cow_135,6,3,6,0,35.9,Rainy,Field A
2022-08-11,00:45,Cow_136,11,7,0,0,35.9,Rainy,Field A
2022-08-11,00:45,Cow_137,11,1,3,0,35.9,Rainy,Field A
2022-08-11,00:45,Cow_138,4,6,5,0,35.9,Rainy,Field B
2022-08-11,00:45,Cow_139,0,0,0,15,35.9,Rainy,Field B
2022-08-11,00:45,Cow_140,0,0,0,15,35.9,Rainy,Field C
2022-08-11,00:45,Cow_141,0,10,5,0,35.9,Rainy,Field C
2022-08-11,00:45,Cow_142,14,0,3,0,35.9,Rainy,Field B
2022-08-11,00:45,Cow_143,2,6,7,0,35.9,Rainy,Field A
2022-08-11,00:45,Cow_144,11,3,1,0,35.9,Rainy,Field C
2022-08-11,00:45,Cow_145,13,0,5,0,35.9,Rainy,Field C
2022-08-11,00:45,Cow_146,6,2,7,0,35.9,Rainy,Field B
2022-08-11,00:45,Cow_147,9,0,8,0,35.9,Rainy,Field A
2022-08-11,00:45,Cow_148,8,3,4,0,35.9,Rainy,Field C
2022-08-11,00:45,Cow_149,8,0,8,0,35.9,Rainy,Field A
2022-08-11,00:45,Cow_150,3,7,5,0,35.9,Rainy,Field A
2022-08-11,00:45,Cow_151,0,0,0,15,35.9,Rainy,Field C
2022-08-11,00:45,Cow_152,14,6,0,0,35.9,Rainy,Field B
2022-08-11,00:45,Cow_153,9,3,3,0,35.9,Rainy,Field C
2022-08-11,00:45,Cow_154,9,3,3,0,35.9,Rainy,Field C
2022-08-11,00:45,Cow_155,13,3,0,0,35.9,Rainy,Field B
2022-08-11,00:45,Cow_156,0,8,7,0,35.9,Rainy,Field B
2022-08-11,00:45,Cow_157,10,6,0,0,35.9,Rainy,Field C
2022-08-11,00:45,Cow_158,10,0,8,0,35.9,Rainy,Field A
2022-08-11,00:45,Cow_159,2,8,5,0,35.9,Rainy,Field A
2022-08-11,00:45,Cow_160,14,5,0,0,35.9,Rainy,Field C
2022-08-11,00:45,Cow_161,14,0,3,0,35.9,Rainy,Field C
2022-08-11,00:45,Cow_162,6,9,0,0,35.9,Rainy,Field B
2022-08-11,00:45,Cow_163,5,5,5,0,35.9,Rainy,Field B
2022-08-11,00:45,Cow_164,2,6,7,0,35.9,Rainy,Field A
2022-08-11,00:45,Cow_165,1,8,6,0,35.9,Rainy,Field B
2022-08-11,00:45,Cow_166,13,0,4,0,35.9,Rainy,Field B
2022-08-11,00:45,Cow_167,2,7,6,0,35.9,Rainy,Field B
2022-08-11,00:45,Cow_168,12,0,7,0,35.9,Rainy,Field C
2022-08-11,00:45,Cow_169,7,10,0,0,35.9,Rainy,Field A
2022-08-11,00:45,Cow_170,7,4,4,0,35.9,Rainy,Field A
2022-08-11,00:45,Cow_171,0,9,7,0,35.9,Rainy,Field C
2022-08-11,00:45,Cow_172,10,0,5,0,35.9,Rainy,Field C
2022-08-11,00:45,Cow_173,7,3,5,0,35.9,Rainy,Field B
2022-08-11,00:45,Cow_174,0,6,10,0,35.9,Rainy,Field A
2022-08-11,00:45,Cow_175,6,6,3,0,35.9,Rainy,Field C
2022-08-11,00:45,Cow_176,5,8,2,0,35.9,Rainy,Field B
2022-08-11,00:45,Cow_177,0,10,7,0,35.9,Rainy,Field A
2022-08-11,00:45,Cow_178,9,3,3,0,35.9,Rainy,Field B
2022-08-11,00:45,Cow_179,5,7,3,0,35.9,Rainy,Field B
2022-08-11,00:45,Cow_180,12,0,8,0,35.9,Rainy,Field B
2022-08-11,00:45,Cow_181,7,5,3,0,35.9,Rainy,Field B
2022-08-11,00:45,Cow_182,6,4,5,0,35.9,Rainy,Field C
2022-08-11,00:45,Cow_183,5,4,6,0,35.9,Rainy,Field B
2022-08-11,00:45,Cow_184,6,5,4,0,35.9,Rainy,Field A
2022-08-11,00:45,Cow_185,6,7,2,0,35.9,Rainy,Field A
2022-08-11,00:45,Cow_186,14,0,8,0,35.9,Rainy,Field C
2022-08-11,00:45,Cow_187,8,6,1,0,35.9,Rainy,Field A
2022-08-11,00:45,Cow_188,4,6,5,0,35.9,Rainy,Field B
2022-08-11,00:45,Cow_189,0,0,0,15,35.9,Rainy,Field B
2022-08-11,00:45,Cow_190,0,0,0,15,35.9,Rainy,Field B
2022-08-11,00:45,Cow_191,6,2,7,0,35.9,Rainy,Field A
2022-08-11,00:45,Cow_192,2,5,8,0,35.9,Rainy,Field A
2022-08-11,00:45,Cow_193,0,0,0,15,35.9,Rainy,Field A
2022-08-11,00:45,Cow_194,8,4,3,0,35.9,Rainy,Field A
2022-08-11,00:45,Cow_195,11,0,7,0,35.9,Rainy,Field C
2022-08-11,00:45,Cow_196,14,6,0,0,35.9,Rainy,Field B
2022-08-11,00:45,Cow_197,0,10,6,0,35.9,Rainy,Field A
2022-08-11,00:45,Cow_198,8,3,4,0,35.9,Rainy,Field C
2022-08-11,00:45,Cow_199,7,0,8,0,35.9,Rainy,Field B
2022-08-11,00:45,Cow_200,12,0,3,0,35.9,Rainy,Field B
2022-08-11,00:45,Cow_201,0,10,8,0,35.9,Rainy,Field B
2022-08-11,00:45,Cow_202,9,5,1,0,35.9,Rainy,Field C
2022-08-11,00:45,Cow_203,13,0,5,0,35.9,Rainy,Field A
2022-08-11,00:45,Cow_204,0,0,0,15,35.9,Rainy,Field A
2022-08-11,00:45,Cow_205,8,5,2,0,35.9,Rainy,Field A
2022-08-11,00:45,Cow_206,1,10,4,0,35.9,Rainy,Field A
2022-08-11,00:45,Cow_207,0,9,8,0,35.9,Rainy,Field C
2022-08-11,00:45,Cow_208,11,0,5,0,35.9,Rainy,Field A
2022-08-11,00:45,Cow_209,5,3,7,0,35.9,Rainy,Field A
2022-08-11,00:45,Cow_210,5,6,4,0,35.9,Rainy,Field B
2022-08-11,00:45,Cow_211,3,6,6,0,35.9,Rainy,Field B
2022-08-11,00:45,Cow_212,7,4,4,0,35.9,Rainy,Field A
2022-08-11,00:45,Cow_213,10,2,3,0,35.9,Rainy,Field B
2022-08-11,00:45,Cow_214,8,7,0,0,35.9,Rainy,Field A
2022-08-11,00:45,Cow_215,0,0,0,15,35.9,Rainy,Field C
2022-08-11,00:45,Cow_216,5,4,6,0,35.9,Rainy,Field A
2022-08-11,00:45,Cow_217,4,4,7,0,35.9,Rainy,Field A
2022-08-11,00:45,Cow_218,2,9,4,0,35.9,Rainy,Field A
2022-08-11,00:45,Cow_219,0,8,8,0,35.9,Rainy,Field B
2022-08-11,00:45,Cow_220,7,0,8,0,35.9,Rainy,Field B
2022-08-11,00:45,Cow_221,9,10,0,0,35.9,Rainy,Field B
2022-08-11,00:45,Cow_222,7,4,4,0,35.9,Rainy,Field B
2022-08-11,00:45,Cow_223,5,3,7,0,35.9,Rainy,Field C
2022-08-11,00:45,Cow_224,8,5,2,0,35.9,Rainy,Field A
2022-08-11,00:45,Cow_225,3,5,7,0,35.9,Rainy,Field A
2022-08-11,00:45,Cow_226,14,0,5,0,35.9,Rainy,Field B
2022-08-11,00:45,Cow_227,10,0,6,0,35.9,Rainy,Field B
2022-08-11,00:45,Cow_228,9,3,3,0,35.9,Rainy,Field B
2022-08-11,00:45,Cow_229,0,10,8,0,35.9,Rainy,Field A
2022-08-11,00:45,Cow_230,1,8,6,0,35.9,Rainy,Field A
2022-08-11,00:45,Cow_231,7,8,0,0,35.9,Rainy,Field C
2022-08-11,00:45,Cow_232,10,1,4,0,35.9,Rainy,Field C
2022-08-11,00:45,Cow_233,5,10,0,0,35.9,Rainy,Field C
2022-08-11,00:45,Cow_234,0,0,0,15,35.9,Rainy,Field B
2022-08-11,00:45,Cow_235,3,9,3,0,35.9,Rainy,Field C
2022-08-11,00:45,Cow_236,1,8,6,0,35.9,Rainy,Field C
2022-08-11,00:45,Cow_237,6,5,4,0,35.9,Rainy,Field B
2022-08-11,00:45,Cow_238,6,5,4,0,35.9,Rainy,Field C
2022-08-11,00:45,Cow_239,13,0,3,0,35.9,Rainy,Field A
2022-08-11,00:45,Cow_240,1,10,4,0,35.9,Rainy,Field C
2022-08-11,00:45,Cow_241,12,4,0,0,35.9,Rainy,Field C
2022-08-11,00:45,Cow_242,11,1,3,0,35.9,Rainy,Field B
2022-08-11,00:45,Cow_243,0,7,8,0,35.9,Rainy,Field A
2022-08-11,00:45,Cow_244,6,6,3,0,35.9,Rainy,Field C
2022-08-11,00:45,Cow_245,12,9,0,0,35.9,Rainy,Field A
2022-08-11,00:45,Cow_246,12,3,0,0,35.9,Rainy,Field B
2022-08-11,00:45,Cow_247,4,4,7,0,35.9,Rainy,Field A
2022-08-11,00:45,Cow_248,7,5,3,0,35.9,Rainy,Field B
2022-08-11,00:45,Cow_249,5,6,4,0,35.9,Rainy,Field B
2022-08-11,00:45,Cow_250,13,0,4,0,35.9,Rainy,Field B
2022-08-11,00:45,Cow_251,6,9,0,0,35.9,Rainy,Field C
2022-08-11,00:45,Cow_252,6,7,2,0,35.9,Rainy,Field C
2022-08-11,00:45,Cow_253,0,0,0,15,35.9,Rainy,Field A
2022-08-11,00:45,Cow_254,8,0,7,0,35.9,Rainy,Field C
2022-08-11,00:45,Cow_255,1,9,5,0,35.9,Rainy,Field C
2022-08-11,00:45,Cow_256,12,5,0,0,35.9,Rainy,Field C
2022-08-11,00:45,Cow_257,6,3,6,0,35.9,Rainy,Field C
2022-08-11,00:45,Cow_258,12,8,0,0,35.9,Rainy,Field A
2022-08-11,00:45,Cow_259,2,5,8,0,35.9,Rainy,Field C
2022-08-11,00:45,Cow_260,12,0,4,0,35.9,Rainy,Field C
2022-08-11,00:45,Cow_261,9,3,3,0,35.9,Rainy,Field B
2022-08-11,00:45,Cow_262,9,9,0,0,35.9,Rainy,Field C
2022-08-11,00:45,Cow_263,8,2,5,0,35.9,Rainy,Field B
2022-08-11,00:45,Cow_264,2,10,3,0,35.9,Rainy,Field A
2022-08-11,00:45,Cow_265,9,3,3,0,35.9,Rainy,Field A
2022-08-11,00:45,Cow_266,8,10,0,0,35.9,Rainy,Field B
2022-08-11,00:45,Cow_267,0,10,5,0,35.9,Rainy,Field B
2022-08-11,00:45,Cow_268,13,3,0,0,35.9,Rainy,Field A
2022-08-11,00:45,Cow_269,9,7,0,0,35.9,Rainy,Field A
2022-08-11,00:45,Cow_270,3,9,3,0,35.9,Rainy,Field C
2022-08-11,00:45,Cow_271,4,3,8,0,35.9,Rainy,Field C
2022-08-11,00:45,Cow_272,0,0,0,15,35.9,Rainy,Field A
2022-08-11,00:45,Cow_273,14,0,4,0,35.9,Rainy,Field C
2022-08-11,00:45,Cow_274,12,4,0,0,35.9,Rainy,Field A
2022-08-11,00:45,Cow_275,10,2,3,0,35.9,Rainy,Field A
2022-08-11,00:45,Cow_276,6,1,8,0,35.9,Rainy,Field B
2022-08-11,00:45,Cow_277,12,6,0,0,35.9,Rainy,Field B
2022-08-11,00:45,Cow_278,12,10,0,0,35.9,Rainy,Field B
2022-08-11,00:45,Cow_279,9,0,8,0,35.9,Rainy,Field B
2022-08-11,00:45,Cow_280,12,7,0,0,35.9,Rainy,Field C
2022-08-11,00:45,Cow_281,8,2,5,0,35.9,Rainy,Field B
2022-08-11,00:45,Cow_282,10,0,6,0,35.9,Rainy,Field C
2022-08-11,00:45,Cow_283,7,7,1,0,35.9,Rainy,Field C
2022-08-11,00:45,Cow_284,12,0,6,0,35.9,Rainy,Field C
2022-08-11,00:45,Cow_285,0,0,0,15,35.9,Rainy,Field A
2022-08-11,00:45,Cow_286,14,0,4,0,35.9,Rainy,Field A
2022-08-11,00:45,Cow_287,7,5,3,0,35.9,Rainy,Field A
2022-08-11,00:45,Cow_288,0,0,0,15,35.9,Rainy,Field A
2022-08-11,00:45,Cow_289,5,9,1,0,35.9,Rainy,Field C
2022-08-11,00:45,Cow_290,11,5,0,0,35.9,Rainy,Field C
2022-08-11,00:45,Cow_291,11,0,5,0,35.9,Rainy,Field A
2022-08-11,00:45,Cow_292,9,3,3,0,35.9,Rainy,Field A
2022-08-11,00:45,Cow_293,0,0,0,15,35.9,Rainy,Field A
2022-08-11,00:45,Cow_294,8,4,3,0,35.9,Rainy,Field C
2022-08-11,00:45,Cow_295,0,9,6,0,35.9,Rainy,Field A
2022-08-11,00:45,Cow_296,0,0,0,15,35.9,Rainy,Field A
2022-08-11,00:45,Cow_297,12,0,5,0,35.9,Rainy,Field C
2022-08-11,00:45,Cow_298,7,0,8,0,35.9,Rainy,Field C
2022-08-11,00:45,Cow_299,13,12,0,0,35.9,Rainy,Field B
2022-08-11,00:45,Cow_300,12,7,0,0,35.9,Rainy,Field A
2022-08-11,00:45,Cow_301,8,4,3,0,35.9,Rainy,Field C
2022-08-11,00:45,Cow_302,10,4,1,0,35.9,Rainy,Field B
2022-08-11,00:45,Cow_303,9,3,3,0,35.9,Rainy,Field C
2022-08-11,00:45,Cow_304,5,3,7,0,35.9,Rainy,Field A
2022-08-11,00:45,Cow_305,6,6,3,0,35.9,Rainy,Field A
2022-08-11,00:45,Cow_306,5,8,2,0,35.9,Rainy,Field A
2022-08-11,00:45,Cow_307,13,5,0,0,35.9,Rainy,Field C
2022-08-11,00:45,Cow_308,14,10,0,0,35.9,Rainy,Field B
2022-08-11,00:45,Cow_309,10,4,1,0,35.9,Rainy,Field C
2022-08-11,00:45,Cow_310,3,9,3,0,35.9,Rainy,Field B
2022-08-11,00:45,Cow_311,12,0,6,0,35.9,Rainy,Field B
2022-08-11,00:45,Cow_312,13,10,0,0,35.9,Rainy,Field B
2022-08-11,00:45,Cow_313,7,9,0,0,35.9,Rainy,Field A
2022-08-11,00:45,Cow_314,9,5,1,0,35.9,Rainy,Field A
2022-08-11,00:45,Cow_315,12,0,6,0,35.9,Rainy,Field A
2022-08-11,00:45,Cow_316,6,3,6,0,35.9,Rainy,Field C
2022-08-11,00:45,Cow_317,11,0,4,0,35.9,Rainy,Field C
2022-08-11,00:45,Cow_318,10,0,7,0,35.9,Rainy,Field A
2022-08-11,00:45,Cow_319,5,4,6,0,35.9,Rainy,Field B
2022-08-11,00:45,Cow_320,0,0,0,15,35.9,Rainy,Field B
2022-08-11,00:45,Cow_321,2,10,3,0,35.9,Rainy,Field C
2022-08-11,00:45,Cow_322,4,4,7,0,35.9,Rainy,Field C
2022-08-11,00:45,Cow_323,5,3,7,0,35.9,Rainy,Field A
2022-08-11,00:45,Cow_324,5,6,4,0,35.9,Rainy,Field A
2022-08-11,00:45,Cow_325,3,6,6,0,35.9,Rainy,Field C
2022-08-11,00:45,Cow_326,11,10,0,0,35.9,Rainy,Field C
2022-08-11,00:45,Cow_327,6,5,4,0,35.9,Rainy,Field A
2022-08-11,00:45,Cow_328,6,5,4,0,35.9,Rainy,Field B
2022-08-11,00:45,Cow_329,14,9,0,0,35.9,Rainy,Field A
2022-08-11,00:45,Cow_330,0,0,0,15,35.9,Rainy,Field C
2022-08-11,00:45,Cow_331,4,7,4,0,35.9,Rainy,Field C
2022-08-11,00:45,Cow_332,1,9,5,0,35.9,Rainy,Field B
2022-08-11,00:45,Cow_333,0,0,0,15,35.9,Rainy,Field C
2022-08-11,00:45,Cow_334,14,0,5,0,35.9,Rainy,Field C
2022-08-11,00:45,Cow_335,6,6,3,0,35.9,Rainy,Field A
2022-08-11,00:45,Cow_336,5,7,3,0,35.9,Rainy,Field A
2022-08-11,00:45,Cow_337,1,6,8,0,35.9,Rainy,Field A
2022-08-11,00:45,Cow_338,13,0,3,0,35.9,Rainy,Field A
2022-08-11,00:45,Cow_339,5,7,3,0,35.9,Rainy,Field C
2022-08-11,00:45,Cow_340,8,9,0,0,35.9,Rainy,Field B
2022-08-11,00:45,Cow_341,14,0,7,0,35.9,Rainy,Field B
2022-08-11,00:45,Cow_342,0,0,0,15,35.9,Rainy,Field B
2022-08-11,00:45,Cow_343,11,4,0,0,35.9,Rainy,Field A
2022-08-11,00:45,Cow_344,14,0,8,0,35.9,Rainy,Field C
2022-08-11,00:45,Cow_345,7,5,3,0,35.9,Rainy,Field A
2022-08-11,00:45,Cow_346,5,2,8,0,35.9,Rainy,Field A
2022-08-11,00:45,Cow_347,5,3,7,0,35.9,Rainy,Field C
2022-08-11,00:45,Cow_348,8,8,0,0,35.9,Rainy,Field A
2022-08-11,00:45,Cow_349,10,10,0,0,35.9,Rainy,Field B
2022-08-11,00:45,Cow_350,5,4,6,0,35.9,Rainy,Field C
2022-08-11,00:45,Cow_351,14,5,0,0,35.9,Rainy,Field C
2022-08-11,00:45,Cow_352,13,0,4,0,35.9,Rainy,Field B
2022-08-11,00:45,Cow_353,9,5,1,0,35.9,Rainy,Field A
2022-08-11,00:45,Cow_354,10,0,7,0,35.9,Rainy,Field B
2022-08-11,00:45,Cow_355,7,3,5,0,35.9,Rainy,Field A
2022-08-11,00:45,Cow_356,13,8,0,0,35.9,Rainy,Field B
2022-08-11,00:45,Cow_357,10,2,3,0,35.9,Rainy,Field A
2022-08-11,00:45,Cow_358,7,4,4,0,35.9,Rainy,Field C
2022-08-11,00:45,Cow_359,7,7,1,0,35.9,Rainy,Field A
2022-08-11,00:45,Cow_360,14,0,7,0,35.9,Rainy,Field B
2022-08-11,00:45,Cow_361,5,4,6,0,35.9,Rainy,Field C
2022-08-11,00:45,Cow_362,9,9,0,0,35.9,Rainy,Field C
2022-08-11,00:45,Cow_363,5,3,7,0,35.9,Rainy,Field A
2022-08-11,00:45,Cow_364,6,1,8,0,35.9,Rainy,Field C
2022-08-11,00:45,Cow_365,7,5,3,0,35.9,Rainy,Field C
2022-08-11,00:45,Cow_366,1,5,9,0,35.9,Rainy,Field B
2022-08-11,00:45,Cow_367,6,6,3,0,35.9,Rainy,Field A
2022-08-11,00:45,Cow_368,0,0,0,15,35.9,Rainy,Field A
2022-08-11,00:45,Cow_369,2,10,3,0,35.9,Rainy,Field A
2022-08-11,00:45,Cow_370,7,0,8,0,35.9,Rainy,Field B
2022-08-11,00:45,Cow_371,13,0,3,0,35.9,Rainy,Field A
2022-08-11,00:45,Cow_372,13,8,0,0,35.9,Rainy,Field C
2022-08-11,00:45,Cow_373,13,0,8,0,35.9,Rainy,Field A
2022-08-11,00:45,Cow_374,7,2,6,0,35.9,Rainy,Field B
2022-08-11,00:45,Cow_375,5,4,6,0,35.9,Rainy,Field B
2022-08-11,00:45,Cow_376,14,3,0,0,35.9,Rainy,Field A
2022-08-11,00:45,Cow_377,0,0,0,15,35.9,Rainy,Field C
2022-08-11,00:45,Cow_378,8,6,1,0,35.9,Rainy,Field C
2022-08-11,00:45,Cow_379,0,8,7,0,35.9,Rainy,Field A
2022-08-11,00:45,Cow_380,9,1,5,0,35.9,Rainy,Field C
2022-08-11,00:45,Cow_381,5,7,3,0,35.9,Rainy,Field C
2022-08-11,00:45,Cow_382,0,0,0,15,35.9,Rainy,Field B
2022-08-11,00:45,Cow_383,8,4,3,0,35.9,Rainy,Field A
2022-08-11,00:45,Cow_384,5,5,5,0,35.9,Rainy,Field B
2022-08-11,00:45,Cow_385,7,3,5,0,35.9,Rainy,Field C
2022-08-11,00:45,Cow_386,1,7,7,0,35.9,Rainy,Field B
2022-08-11,00:45,Cow_387,7,5,3,0,35.9,Rainy,Field B
2022-08-11,00:45,Cow_388,7,8,0,0,35.9,Rainy,Field C
2022-08-11,00:45,Cow_389,7,4,4,0,35.9,Rainy,Field A
2022-08-11,00:45,Cow_390,8,0,7,0,35.9,Rainy,Field C
2022-08-11,00:45,Cow_391,10,1,4,0,35.9,Rainy,Field A
2022-08-11,00:45,Cow_392,9,7,0,0,35.9,Rainy,Field C
2022-08-11,00:45,Cow_393,5,9,1,0,35.9,Rainy,Field B
2022-08-11,00:45,Cow_394,7,0,8,0,35.9,Rainy,Field B
2022-08-11,00:45,Cow_395,0,8,9,0,35.9,Rainy,Field C
2022-08-11,00:45,Cow_396,7,4,4,0,35.9,Rainy,Field A
2022-08-11,00:45,Cow_397,5,2,8,0,35.9,Rainy,Field A
2022-08-11,00:45,Cow_398,0,9,6,0,35.9,Rainy,Field A
2022-08-11,00:45,Cow_399,5,10,0,0,35.9,Rainy,Field B
2022-08-11,00:45,Cow_400,11,0,4,0,35.9,Rainy,Field B
2022-08-11,00:45,Cow_401,14,0,5,0,35.9,Rainy,Field B
2022-08-11,00:45,Cow_402,4,4,7,0,35.9,Rainy,Field A
2022-08-11,00:45,Cow_403,9,0,7,0,35.9,Rainy,Field C
2022-08-11,00:45,Cow_404,13,9,0,0,35.9,Rainy,Field B
2022-08-11,00:45,Cow_405,8,4,3,0,35.9,Rainy,Field B
2022-08-11,00:45,Cow_406,12,5,0,0,35.9,Rainy,Field B
2022-08-11,00:45,Cow_407,5,4,6,0,35.9,Rainy,Field A
2022-08-11,00:45,Cow_408,2,8,5,0,35.9,Rainy,Field B
2022-08-11,00:45,Cow_409,0,10,5,0,35.9,Rainy,Field C
2022-08-11,00:45,Cow_410,0,10,5,0,35.9,Rainy,Field B
2022-08-11,00:45,Cow_411,1,9,5,0,35.9,Rainy,Field A
2022-08-11,00:45,Cow_412,0,12,3,0,35.9,Rainy,Field C
2022-08-11,00:45,Cow_413,9,3,3,0,35.9,Rainy,Field C
2022-08-11,00:45,Cow_414,10,0,5,0,35.9,Rainy,Field A
2022-08-11,00:45,Cow_415,6,5,4,0,35.9,Rainy,Field B
2022-08-11,00:45,Cow_416,9,3,3,0,35.9,Rainy,Field C
2022-08-11,00:45,Cow_417,0,0,0,15,35.9,Rainy,Field C
2022-08-11,00:45,Cow_418,8,0,8,0,35.9,Rainy,Field B
2022-08-11,00:45,Cow_419,4,5,6,0,35.9,Rainy,Field A
2022-08-11,00:45,Cow_420,7,2,6,0,35.9,Rainy,Field C
2022-08-11,00:45,Cow_421,7,3,5,0,35.9,Rainy,Field C
2022-08-11,00:45,Cow_422,7,6,2,0,35.9,Rainy,Field B
2022-08-11,00:45,Cow_423,10,6,0,0,35.9,Rainy,Field C
2022-08-11,00:45,Cow_424,1,7,7,0,35.9,Rainy,Field A
2022-08-11,00:45,Cow_425,5,4,6,0,35.9,Rainy,Field A
2022-08-11,00:45,Cow_426,14,9,0,0,35.9,Rainy,Field B
2022-08-11,00:45,Cow_427,12,0,6,0,35.9,Rainy,Field B
2022-08-11,00:45,Cow_428,3,6,6,0,35.9,Rainy,Field A
2022-08-11,00:45,Cow_429,6,4,5,0,35.9,Rainy,Field B
2022-08-11,00:45,Cow_430,0,0,0,15,35.9,Rainy,Field C
2022-08-11,00:45,Cow_431,11,0,4,0,35.9,Rainy,Field A
2022-08-11,00:45,Cow_432,7,4,4,0,35.9,Rainy,Field C
2022-08-11,00:45,Cow_433,13,5,0,0,35.9,Rainy,Field A
2022-08-11,00:45,Cow_434,11,10,0,0,35.9,Rainy,Field C
2022-08-11,00:45,Cow_435,8,3,4,0,35.9,Rainy,Field C
2022-08-11,00:45,Cow_436,4,6,5,0,35.9,Rainy,Field B
2022-08-11,00:45,Cow_437,12,6,0,0,35.9,Rainy,Field B
2022-08-11,00:45,Cow_438,7,5,3,0,35.9,Rainy,Field A
2022-08-11,00:45,Cow_439,10,0,8,0,35.9,Rainy,Field B
2022-08-11,00:45,Cow_440,0,7,8,0,35.9,Rainy,Field A
2022-08-11,00:45,Cow_441,13,0,4,0,35.9,Rainy,Field C
2022-08-11,00:45,Cow_442,10,7,0,0,35.9,Rainy,Field C
2022-08-11,00:45,Cow_443,6,8,1,0,35.9,Rainy,Field B
2022-08-11,00:45,Cow_444,11,4,0,0,35.9,Rainy,Field A
2022-08-11,00:45,Cow_445,1,10,4,0,35.9,Rainy,Field A
2022-08-11,00:45,Cow_446,6,9,0,0,35.9,Rainy,Field B
2022-08-11,00:45,Cow_447,8,4,3,0,35.9,Rainy,Field B
2022-08-11,00:45,Cow_448,10,2,3,0,35.9,Rainy,Field B
2022-08-11,00:45,Cow_449,9,8,0,0,35.9,Rainy,Field C
2022-08-11,00:45,Cow_450,14,0,3,0,35.9,Rainy,Field C
2022-08-11,00:45,Cow_451,4,3,8,0,35.9,Rainy,Field A
2022-08-11,00:45,Cow_452,10,0,5,0,35.9,Rainy,Field B
2022-08-11,00:45,Cow_453,7,3,5,0,35.9,Rainy,Field B
2022-08-11,00:45,Cow_454,6,6,3,0,35.9,Rainy,Field C
2022-08-11,00:45,Cow_455,6,3,6,0,35.9,Rainy,Field C
2022-08-11,00:45,Cow_456,10,8,0,0,35.9,Rainy,Field A
2022-08-11,00:45,Cow_457,10,0,5,0,35.9,Rainy,Field B
2022-08-11,00:45,Cow_458,7,4,4,0,35.9,Rainy,Field A
2022-08-11,00:45,Cow_459,8,0,7,0,35.9,Rainy,Field A
2022-08-11,00:45,Cow_460,0,10,8,0,35.9,Rainy,Field A
2022-08-11,00:45,Cow_461,1,10,4,0,35.9,Rainy,Field A
2022-08-11,00:45,Cow_462,13,10,0,0,35.9,Rainy,Field C
2022-08-11,00:45,Cow_463,3,4,8,0,35.9,Rainy,Field C
2022-08-11,00:45,Cow_464,10,8,0,0,35.9,Rainy,Field B
2022-08-11,00:45,Cow_465,14,4,0,0,35.9,Rainy,Field A
2022-08-11,00:45,Cow_466,8,4,3,0,35.9,Rainy,Field A
2022-08-11,00:45,Cow_467,5,4,6,0,35.9,Rainy,Field B
2022-08-11,00:45,Cow_468,1,10,4,0,35.9,Rainy,Field C
2022-08-11,00:45,Cow_469,4,8,3,0,35.9,Rainy,Field B
2022-08-11,00:45,Cow_470,5,4,6,0,35.9,Rainy,Field B
2022-08-11,00:45,Cow_471,2,10,3,0,35.9,Rainy,Field A
2022-08-11,00:45,Cow_472,12,0,5,0,35.9,Rainy,Field B
2022-08-11,00:45,Cow_473,13,0,3,0,35.9,Rainy,Field C
2022-08-11,00:45,Cow_474,11,0,8,0,35.9,Rainy,Field A
2022-08-11,00:45,Cow_475,7,5,3,0,35.9,Rainy,Field A
2022-08-11,00:45,Cow_476,9,7,0,0,35.9,Rainy,Field C
2022-08-11,00:45,Cow_477,2,8,5,0,35.9,Rainy,Field A
2022-08-11,00:45,Cow_478,2,5,8,0,35.9,Rainy,Field A
2022-08-11,00:45,Cow_479,0,5,10,0,35.9,Rainy,Field C
2022-08-11,00:45,Cow_480,3,7,5,0,35.9,Rainy,Field C
2022-08-11,00:45,Cow_481,4,5,6,0,35.9,Rainy,Field C
2022-08-11,00:45,Cow_482,7,10,0,0,35.9,Rainy,Field B
2022-08-11,00:45,Cow_483,2,6,7,0,35.9,Rainy,Field B
2022-08-11,00:45,Cow_484,4,3,8,0,35.9,Rainy,Field B
2022-08-11,00:45,Cow_485,10,0,6,0,35.9,Rainy,Field A
2022-08-11,00:45,Cow_486,14,7,0,0,35.9,Rainy,Field B
2022-08-11,00:45,Cow_487,12,0,7,0,35.9,Rainy,Field B
2022-08-11,00:45,Cow_488,3,4,8,0,35.9,Rainy,Field C
2022-08-11,00:45,Cow_489,3,9,3,0,35.9,Rainy,Field A
2022-08-11,00:45,Cow_490,8,5,2,0,35.9,Rainy,Field B
2022-08-11,00:45,Cow_491,5,3,7,0,35.9,Rainy,Field A
2022-08-11,00:45,Cow_492,14,5,0,0,35.9,Rainy,Field A
2022-08-11,00:45,Cow_493,10,5,0,0,35.9,Rainy,Field A
2022-08-11,00:45,Cow_494,0,10,8,0,35.9,Rainy,Field B
2022-08-11,00:45,Cow_495,12,0,4,0,35.9,Rainy,Field B
2022-08-11,00:45,Cow_496,9,2,4,0,35.9,Rainy,Field C
2022-08-11,00:45,Cow_497,11,9,0,0,35.9,Rainy,Field B
2022-08-11,00:45,Cow_498,10,9,0,0,35.9,Rainy,Field C
2022-08-11,00:45,Cow_499,0,10,8,0,35.9,Rainy,Field A
2022-08-11,00:45,Cow_500,10,1,4,0,35.9,Rainy,Field B
2022-08-11,01:00,Cow_1,0,0,0,15,27.3,Clear,Field B
2022-08-11,01:00,Cow_2,9,0,6,0,27.3,Clear,Field A
2022-08-11,01:00,Cow_3,14,8,0,0,27.3,Clear,Field C
2022-08-11,01:00,Cow_4,0,0,0,15,27.3,Clear,Field C
2022-08-11,01:00,Cow_5,10,0,6,0,27.3,Clear,Field A
2022-08-11,01:00,Cow_6,8,1,6,0,27.3,Clear,Field A
2022-08-11,01:00,Cow_7,8,4,3,0,27.3,Clear,Field C
2022-08-11,01:00,Cow_8,0,0,0,15,27.3,Clear,Field B
2022-08-11,01:00,Cow_9,7,3,5,0,27.3,Clear,Field C
2022-08-11,01:00,Cow_10,13,0,4,0,27.3,Clear,Field C
2022-08-11,01:00,Cow_11,0,8,7,0,27.3,Clear,Field B
2022-08-11,01:00,Cow_12,11,9,0,0,27.3,Clear,Field A
2022-08-11,01:00,Cow_13,8,4,3,0,27.3,Clear,Field B
2022-08-11,01:00,Cow_14,7,5,3,0,27.3,Clear,Field C
2022-08-11,01:00,Cow_15,9,0,6,0,27.3,Clear,Field B
2022-08-11,01:00,Cow_16,8,8,0,0,27.3,Clear,Field B
2022-08-11,01:00,Cow_17,8,4,3,0,27.3,Clear,Field C
2022-08-11,01:00,Cow_18,13,11,0,0,27.3,Clear,Field C
2022-08-11,01:00,Cow_19,11,0,6,0,27.3,Clear,Field A
2022-08-11,01:00,Cow_20,11,0,6,0,27.3,Clear,Field A
2022-08-11,01:00,Cow_21,11,5,0,0,27.3,Clear,Field C
2022-08-11,01:00,Cow_22,2,10,3,0,27.3,Clear,Field B
2022-08-11,01:00,Cow_23,14,8,0,0,27.3,Clear,Field A
2022-08-11,01:00,Cow_24,11,4,0,0,27.3,Clear,Field C
2022-08-11,01:00,Cow_25,11,7,0,0,27.3,Clear,Field A
2022-08-11,01:00,Cow_26,3,8,4,0,27.3,Clear,Field C
2022-08-11,01:00,Cow_27,8,3,4,0,27.3,Clear,Field A
2022-08-11,01:00,Cow_28,2,9,4,0,27.3,Clear,Field A
2022-08-11,01:00,Cow_29,6,8,1,0,27.3,Clear,Field B
2022-08-11,01:00,Cow_30,13,0,8,0,27.3,Clear,Field A
2022-08-11,01:00,Cow_31,6,10,0,0,27.3,Clear,Field A
2022-08-11,01:00,Cow_32,9,3,3,0,27.3,Clear,Field B
2022-08-11,01:00,Cow_33,0,0,0,15,27.3,Clear,Field A
2022-08-11,01:00,Cow_34,4,8,3,0,27.3,Clear,Field C
2022-08-11,01:00,Cow_35,9,10,0,0,27.3,Clear,Field A
2022-08-11,01:00,Cow_36,9,6,0,0,27.3,Clear,Field A
2022-08-11,01:00,Cow_37,14,0,4,0,27.3,Clear,Field C
2022-08-11,01:00,Cow_38,7,4,4,0,27.3,Clear,Field C
2022-08-11,01:00,Cow_39,9,6,0,0,27.3,Clear,Field C
2022-08-11,01:00,Cow_40,11,0,8,0,27.3,Clear,Field A
2022-08-11,01:00,Cow_41,14,0,4,0,27.3,Clear,Field C
2022-08-11,01:00,Cow_42,11,1,3,0,27.3,Clear,Field A
2022-08-11,01:00,Cow_43,6,1,8,0,27.3,Clear,Field C
2022-08-11,01:00,Cow_44,14,8,0,0,27.3,Clear,Field A
2022-08-11,01:00,Cow_45,0,10,8,0,27.3,Clear,Field B
2022-08-11,01:00,Cow_46,9,3,3,0,27.3,Clear,Field C
2022-08-11,01:00,Cow_47,6,8,1,0,27.3,Clear,Field B
2022-08-11,01:00,Cow_48,6,7,2,0,27.3,Clear,Field A
2022-08-11,01:00,Cow_49,9,3,3,0,27.3,Clear,Field A
2022-08-11,01:00,Cow_50,0,8,8,0,27.3,Clear,Field C
2022-08-11,01:00,Cow_51,5,6,4,0,27.3,Clear,Field C
2022-08-11,01:00,Cow_52,9,0,8,0,27.3,Clear,Field B
2022-08-11,01:00,Cow_53,5,4,6,0,27.3,Clear,Field C
2022-08-11,01:00,Cow_54,9,4,2,0,27.3,Clear,Field A
2022-08-11,01:00,Cow_55,14,5,0,0,27.3,Clear,Field C
2022-08-11,01:00,Cow_56,8,4,3,0,27.3,Clear,Field A
2022-08-11,01:00,Cow_57,7,4,4,0,27.3,Clear,Field A
2022-08-11,01:00,Cow_58,6,10,0,0,27.3,Clear,Field A
2022-08-11,01:00,Cow_59,11,10,0,0,27.3,Clear,Field C
2022-08-11,01:00,Cow_60,6,6,3,0,27.3,Clear,Field B
2022-08-11,01:00,Cow_61,12,0,3,0,27.3,Clear,Field C
2022-08-11,01:00,Cow_62,13,0,4,0,27.3,Clear,Field C
2022-08-11,01:00,Cow_63,0,0,0,15,27.3,Clear,Field A
2022-08-11,01:00,Cow_64,6,4,5,0,27.3,Clear,Field B
2022-08-11,01:00,Cow_65,13,0,7,0,27.3,Clear,Field A
2022-08-11,01:00,Cow_66,0,0,0,15,27.3,Clear,Field C
2022-08-11,01:00,Cow_67,2,5,8,0,27.3,Clear,Field C
2022-08-11,01:00,Cow_68,5,3,7,0,27.3,Clear,Field C
2022-08-11,01:00,Cow_69,10,8,0,0,27.3,Clear,Field C
2022-08-11,01:00,Cow_70,13,0,4,0,27.3,Clear,Field C
2022-08-11,01:00,Cow_71,13,7,0,0,27.3,Clear,Field A
2022-08-11,01:00,Cow_72,4,7,4,0,27.3,Clear,Field C
2022-08-11,01:00,Cow_73,1,10,4,0,27.3,Clear,Field A
2022-08-11,01:00,Cow_74,7,5,3,0,27.3,Clear,Field B
2022-08-11,01:00,Cow_75,4,7,4,0,27.3,Clear,Field A
2022-08-11,01:00,Cow_76,12,6,0,0,27.3,Clear,Field A
2022-08-11,01:00,Cow_77,7,2,6,0,27.3,Clear,Field A
2022-08-11,01:00,Cow_78,12,8,0,0,27.3,Clear,Field B
2022-08-11,01:00,Cow_79,14,3,0,0,27.3,Clear,Field A
2022-08-11,01:00,Cow_80,5,8,2,0,27.3,Clear,Field A
2022-08-11,01:00,Cow_81,12,0,5,0,27.3,Clear,Field A
2022-08-11,01:00,Cow_82,9,10,0,0,27.3,Clear,Field C
2022-08-11,01:00,Cow_83,0,0,0,15,27.3,Clear,Field C
2022-08-11,01:00,Cow_84,9,0,7,0,27.3,Clear,Field B
2022-08-11,01:00,Cow_85,2,8,5,0,27.3,Clear,Field B
2022-08-11,01:00,Cow_86,8,8,0,0,27.3,Clear,Field B
2022-08-11,01:00,Cow_87,7,4,4,0,27.3,Clear,Field B
2022-08-11,01:00,Cow_88,5,4,6,0,27.3,Clear,Field A
2022-08-11,01:00,Cow_89,12,0,8,0,27.3,Clear,Field A
2022-08-11,01:00,Cow_90,9,1,5,0,27.3,Clear,Field B
2022-08-11,01:00,Cow_91,8,10,0,0,27.3,Clear,Field B
2022-08-11,01:00,Cow_92,8,4,3,0,27.3,Clear,Field A
2022-08-11,01:00,Cow_93,10,5,0,0,27.3,Clear,Field B
2022-08-11,01:00,Cow_94,1,6,8,0,27.3,Clear,Field A
2022-08-11,01:00,Cow_95,12,0,7,0,27.3,Clear,Field A
2022-08-11,01:00,Cow_96,5,7,3,0,27.3,Clear,Field C
2022-08-11,01:00,Cow_97,14,0,6,0,27.3,Clear,Field B
2022-08-11,01:00,Cow_98,10,11,0,0,27.3,Clear,Field C
2022-08-11,01:00,Cow_99,12,6,0,0,27.3,Clear,Field C
2022-08-11,01:00,Cow_100,5,4,6,0,27.3,Clear,Field B
2022-08-11,01:00,Cow_101,10,0,7,0,27.3,Clear,Field B
2022-08-11,01:00,Cow_102,12,9,0,0,27.3,Clear,Field B
2022-08-11,01:00,Cow_103,0,0,0,15,27.3,Clear,Field A
2022-08-11,01:00,Cow_104,13,0,5,0,27.3,Clear,Field C
2022-08-11,01:00,Cow_105,7,4,4,0,27.3,Clear,Field C
2022-08-11,01:00,Cow_106,14,0,4,0,27.3,Clear,Field B
2022-08-11,01:00,Cow_107,0,0,0,15,27.3,Clear,Field A
2022-08-11,01:00,Cow_108,5,6,4,0,27.3,Clear,Field B
2022-08-11,01:00,Cow_109,6,10,0,0,27.3,Clear,Field B
2022-08-11,01:00,Cow_110,8,3,4,0,27.3,Clear,Field A
2022-08-11,01:00,Cow_111,14,4,0,0,27.3,Clear,Field B
2022-08-11,01:00,Cow_112,0,10,6,0,27.3,Clear,Field B
2022-08-11,01:00,Cow_113,0,9,7,0,27.3,Clear,Field A
2022-08-11,01:00,Cow_114,12,0,4,0,27.3,Clear,Field A
2022-08-11,01:00,Cow_115,12,0,5,0,27.3,Clear,Field B
2022-08-11,01:00,Cow_116,13,0,3,0,27.3,Clear,Field A
2022-08-11,01:00,Cow_117,2,6,7,0,27.3,Clear,Field B
2022-08-11,01:00,Cow_118,10,8,0,0,27.3,Clear,Field A
2022-08-11,01:00,Cow_119,8,5,2,0,27.3,Clear,Field C
2022-08-11,01:00,Cow_120,10,0,8,0,27.3,Clear,Field C
2022-08-11,01:00,Cow_121,1,10,4,0,27.3,Clear,Field C
2022-08-11,01:00,Cow_122,13,3,0,0,27.3,Clear,Field B
2022-08-11,01:00,Cow_123,10,1,4,0,27.3,Clear,Field B
2022-08-11,01:00,Cow_124,11,10,0,0,27.3,Clear,Field A
2022-08-11,01:00,Cow_125,8,3,4,0,27.3,Clear,Field B
2022-08-11,01:00,Cow_126,9,3,3,0,27.3,Clear,Field C
2022-08-11,01:00,Cow_127,7,3,5,0,27.3,Clear,Field B
2022-08-11,01:00,Cow_128,0,8,7,0,27.3,Clear,Field C
2022-08-11,01:00,Cow_129,8,9,0,0,27.3,Clear,Field C
2022-08-11,01:00,Cow_130,2,9,4,0,27.3,Clear,Field A
2022-08-11,01:00,Cow_131,0,10,5,0,27.3,Clear,Field C
2022-08-11,01:00,Cow_132,2,5,8,0,27.3,Clear,Field B
2022-08-11,01:00,Cow_133,1,7,7,0,27.3,Clear,Field A
2022-08-11,01:00,Cow_134,6,5,4,0,27.3,Clear,Field B
2022-08-11,01:00,Cow_135,1,8,6,0,27.3,Clear,Field B
2022-08-11,01:00,Cow_136,8,1,6,0,27.3,Clear,Field A
2022-08-11,01:00,Cow_137,9,0,7,0,27.3,Clear,Field C
2022-08-11,01:00,Cow_138,5,5,5,0,27.3,Clear,Field C
2022-08-11,01:00,Cow_139,6,6,3,0,27.3,Clear,Field C
2022-08-11,01:00,Cow_140,7,5,3,0,27.3,Clear,Field A
2022-08-11,01:00,Cow_141,2,10,3,0,27.3,Clear,Field A
2022-08-11,01:00,Cow_142,11,9,0,0,27.3,Clear,Field B
2022-08-11,01:00,Cow_143,8,3,4,0,27.3,Clear,Field B
2022-08-11,01:00,Cow_144,3,8,4,0,27.3,Clear,Field B
2022-08-11,01:00,Cow_145,14,0,6,0,27.3,Clear,Field C
2022-08-11,01:00,Cow_146,0,9,7,0,27.3,Clear,Field C
2022-08-11,01:00,Cow_147,7,0,8,0,27.3,Clear,Field B
2022-08-11,01:00,Cow_148,11,0,4,0,27.3,Clear,Field A
2022-08-11,01:00,Cow_149,0,9,8,0,27.3,Clear,Field C
2022-08-11,01:00,Cow_150,10,4,1,0,27.3,Clear,Field B
2022-08-11,01:00,Cow_151,0,0,0,15,27.3,Clear,Field A
2022-08-11,01:00,Cow_152,10,2,3,0,27.3,Clear,Field B
2022-08-11,01:00,Cow_153,7,2,6,0,27.3,Clear,Field A
2022-08-11,01:00,Cow_154,7,2,6,0,27.3,Clear,Field B
2022-08-11,01:00,Cow_155,12,0,7,0,27.3,Clear,Field B
2022-08-11,01:00,Cow_156,6,1,8,0,27.3,Clear,Field B
2022-08-11,01:00,Cow_157,7,4,4,0,27.3,Clear,Field A
2022-08-11,01:00,Cow_158,0,0,0,15,27.3,Clear,Field A
2022-08-11,01:00,Cow_159,0,8,8,0,27.3,Clear,Field A
2022-08-11,01:00,Cow_160,8,1,6,0,27.3,Clear,Field C
2022-08-11,01:00,Cow_161,6,5,4,0,27.3,Clear,Field C
2022-08-11,01:00,Cow_162,10,0,7,0,27.3,Clear,Field A
2022-08-11,01:00,Cow_163,11,7,0,0,27.3,Clear,Field B
2022-08-11,01:00,Cow_164,12,0,6,0,27.3,Clear,Field A
2022-08-11,01:00,Cow_165,8,4,3,0,27.3,Clear,Field B
2022-08-11,01:00,Cow_166,14,4,0,0,27.3,Clear,Field A
2022-08-11,01:00,Cow_167,0,9,6,0,27.3,Clear,Field B
2022-08-11,01:00,Cow_168,7,3,5,0,27.3,Clear,Field C
2022-08-11,01:00,Cow_169,8,6,1,0,27.3,Clear,Field B
2022-08-11,01:00,Cow_170,9,10,0,0,27.3,Clear,Field B
2022-08-11,01:00,Cow_171,8,4,3,0,27.3,Clear,Field B
2022-08-11,01:00,Cow_172,0,9,7,0,27.3,Clear,Field A
2022-08-11,01:00,Cow_173,9,0,7,0,27.3,Clear,Field A
2022-08-11,01:00,Cow_174,0,0,0,15,27.3,Clear,Field B
2022-08-11,01:00,Cow_175,13,6,0,0,27.3,Clear,Field C
2022-08-11,01:00,Cow_176,14,0,8,0,27.3,Clear,Field C
2022-08-11,01:00,Cow_177,8,6,1,0,27.3,Clear,Field C
2022-08-11,01:00,Cow_178,9,0,7,0,27.3,Clear,Field A
2022-08-11,01:00,Cow_179,13,0,8,0,27.3,Clear,Field A
2022-08-11,01:00,Cow_180,0,0,0,15,27.3,Clear,Field A
2022-08-11,01:00,Cow_181,7,7,1,0,27.3,Clear,Field A
2022-08-11,01:00,Cow_182,0,9,7,0,27.3,Clear,Field B
2022-08-11,01:00,Cow_183,7,2,6,0,27.3,Clear,Field A
2022-08-11,01:00,Cow_184,3,9,3,0,27.3,Clear,Field B
2022-08-11,01:00,Cow_185,6,1,8,0,27.3,Clear,Field B
2022-08-11,01:00,Cow_186,5,3,7,0,27.3,Clear,Field C
2022-08-11,01:00,Cow_187,6,4,5,0,27.3,Clear,Field B
2022-08-11,01:00,Cow_188,5,4,6,0,27.3,Clear,Field C
2022-08-11,01:00,Cow_189,8,5,2,0,27.3,Clear,Field A
2022-08-11,01:00,Cow_190,1,10,4,0,27.3,Clear,Field B
2022-08-11,01:00,Cow_191,10,6,0,0,27.3,Clear,Field A
2022-08-11,01:00,Cow_192,6,4,5,0,27.3,Clear,Field A
2022-08-11,01:00,Cow_193,7,4,4,0,27.3,Clear,Field A
2022-08-11,01:00,Cow_194,0,0,0,15,27.3,Clear,Field A
2022-08-11,01:00,Cow_195,1,8,6,0,27.3,Clear,Field A
2022-08-11,01:00,Cow_196,6,3,6,0,27.3,Clear,Field A
2022-08-11,01:00,Cow_197,9,8,0,0,27.3,Clear,Field B
2022-08-11,01:00,Cow_198,12,9,0,0,27.3,Clear,Field B
2022-08-11,01:00,Cow_199,5,7,3,0,27.3,Clear,Field C
2022-08-11,01:00,Cow_200,8,2,5,0,27.3,Clear,Field B
2022-08-11,01:00,Cow_201,11,0,6,0,27.3,Clear,Field B
2022-08-11,01:00,Cow_202,9,10,0,0,27.3,Clear,Field C
2022-08-11,01:00,Cow_203,3,9,3,0,27.3,Clear,Field B
2022-08-11,01:00,Cow_204,6,5,4,0,27.3,Clear,Field C
2022-08-11,01:00,Cow_205,11,6,0,0,27.3,Clear,Field C
2022-08-11,01:00,Cow_206,0,10,6,0,27.3,Clear,Field B
2022-08-11,01:00,Cow_207,6,5,4,0,27.3,Clear,Field C
2022-08-11,01:00,Cow_208,4,3,8,0,27.3,Clear,Field A
2022-08-11,01:00,Cow_209,9,3,3,0,27.3,Clear,Field B
2022-08-11,01:00,Cow_210,0,0,0,15,27.3,Clear,Field A
2022-08-11,01:00,Cow_211,11,0,7,0,27.3,Clear,Field A
2022-08-11,01:00,Cow_212,8,1,6,0,27.3,Clear,Field C
2022-08-11,01:00,Cow_213,4,8,3,0,27.3,Clear,Field B
2022-08-11,01:00,Cow_214,10,4,1,0,27.3,Clear,Field A
2022-08-11,01:00,Cow_215,14,0,4,0,27.3,Clear,Field C
2022-08-11,01:00,Cow_216,3,8,4,0,27.3,Clear,Field C
2022-08-11,01:00,Cow_217,10,0,8,0,27.3,Clear,Field C
2022-08-11,01:00,Cow_218,10,0,8,0,27.3,Clear,Field C
2022-08-11,01:00,Cow_219,7,7,1,0,27.3,Clear,Field B
2022-08-11,01:00,Cow_220,6,5,4,0,27.3,Clear,Field A
2022-08-11,01:00,Cow_221,1,8,6,0,27.3,Clear,Field A
2022-08-11,01:00,Cow_222,12,0,4,0,27.3,Clear,Field B
2022-08-11,01:00,Cow_223,14,9,0,0,27.3,Clear,Field A
2022-08-11,01:00,Cow_224,6,4,5,0,27.3,Clear,Field B
2022-08-11,01:00,Cow_225,3,6,6,0,27.3,Clear,Field B
2022-08-11,01:00,Cow_226,6,6,3,0,27.3,Clear,Field B
2022-08-11,01:00,Cow_227,0,9,6,0,27.3,Clear,Field A
2022-08-11,01:00,Cow_228,11,8,0,0,27.3,Clear,Field A
2022-08-11,01:00,Cow_229,8,4,3,0,27.3,Clear,Field B
2022-08-11,01:00,Cow_230,2,10,3,0,27.3,Clear,Field B
2022-08-11,01:00,Cow_231,6,5,4,0,27.3,Clear,Field C
2022-08-11,01:00,Cow_232,9,3,3,0,27.3,Clear,Field A
2022-08-11,01:00,Cow_233,0,10,6,0,27.3,Clear,Field C
2022-08-11,01:00,Cow_234,5,4,6,0,27.3,Clear,Field C
2022-08-11,01:00,Cow_235,13,12,0,0,27.3,Clear,Field A
2022-08-11,01:00,Cow_236,14,0,7,0,27.3,Clear,Field A
2022-08-11,01:00,Cow_237,12,4,0,0,27.3,Clear,Field B
2022-08-11,01:00,Cow_238,11,0,6,0,27.3,Clear,Field C
2022-08-11,01:00,Cow_239,7,4,4,0,27.3,Clear,Field C
2022-08-11,01:00,Cow_240,0,10,5,0,27.3,Clear,Field C
2022-08-11,01:00,Cow_241,0,9,7,0,27.3,Clear,Field B
2022-08-11,01:00,Cow_242,6,7,2,0,27.3,Clear,Field A
2022-08-11,01:00,Cow_243,0,10,8,0,27.3,Clear,Field A
2022-08-11,01:00,Cow_244,11,9,0,0,27.3,Clear,Field C
2022-08-11,01:00,Cow_245,11,1,3,0,27.3,Clear,Field A
2022-08-11,01:00,Cow_246,12,0,7,0,27.3,Clear,Field C
2022-08-11,01:00,Cow_247,0,0,0,15,27.3,Clear,Field C
2022-08-11,01:00,Cow_248,10,1,4,0,27.3,Clear,Field B
2022-08-11,01:00,Cow_249,8,3,4,0,27.3,Clear,Field C
2022-08-11,01:00,Cow_250,5,6,4,0,27.3,Clear,Field B
2022-08-11,01:00,Cow_251,1,9,5,0,27.3,Clear,Field C
2022-08-11,01:00,Cow_252,0,11,4,0,27.3,Clear,Field A
2022-08-11,01:00,Cow_253,6,6,3,0,27.3,Clear,Field B
2022-08-11,01:00,Cow_254,0,10,5,0,27.3,Clear,Field B
2022-08-11,01:00,Cow_255,12,5,0,0,27.3,Clear,Field A
2022-08-11,01:00,Cow_256,12,0,8,0,27.3,Clear,Field C
2022-08-11,01:00,Cow_257,0,0,0,15,27.3,Clear,Field C
2022-08-11,01:00,Cow_258,6,10,0,0,27.3,Clear,Field B
2022-08-11,01:00,Cow_259,8,9,0,0,27.3,Clear,Field C
2022-08-11,01:00,Cow_260,9,8,0,0,27.3,Clear,Field A
2022-08-11,01:00,Cow_261,1,9,5,0,27.3,Clear,Field B
2022-08-11,01:00,Cow_262,0,10,7,0,27.3,Clear,Field B
2022-08-11,01:00,Cow_263,8,4,3,0,27.3,Clear,Field A
2022-08-11,01:00,Cow_264,8,6,1,0,27.3,Clear,Field B
2022-08-11,01:00,Cow_265,8,3,4,0,27.3,Clear,Field A
2022-08-11,01:00,Cow_266,0,10,7,0,27.3,Clear,Field C
2022-08-11,01:00,Cow_267,7,5,3,0,27.3,Clear,Field C
2022-08-11,01:00,Cow_268,10,0,7,0,27.3,Clear,Field A
2022-08-11,01:00,Cow_269,9,6,0,0,27.3,Clear,Field C
2022-08-11,01:00,Cow_270,12,7,0,0,27.3,Clear,Field B
2022-08-11,01:00,Cow_271,6,3,6,0,27.3,Clear,Field A
2022-08-11,01:00,Cow_272,5,3,7,0,27.3,Clear,Field C
2022-08-11,01:00,Cow_273,2,7,6,0,27.3,Clear,Field C
2022-08-11,01:00,Cow_274,10,8,0,0,27.3,Clear,Field A
2022-08-11,01:00,Cow_275,6,1,8,0,27.3,Clear,Field B
2022-08-11,01:00,Cow_276,12,5,0,0,27.3,Clear,Field A
2022-08-11,01:00,Cow_277,13,10,0,0,27.3,Clear,Field B
2022-08-11,01:00,Cow_278,8,3,4,0,27.3,Clear,Field A
2022-08-11,01:00,Cow_279,13,0,3,0,27.3,Clear,Field A
2022-08-11,01:00,Cow_280,7,9,0,0,27.3,Clear,Field A
2022-08-11,01:00,Cow_281,1,6,8,0,27.3,Clear,Field A
2022-08-11,01:00,Cow_282,0,0,0,15,27.3,Clear,Field A
2022-08-11,01:00,Cow_283,11,0,6,0,27.3,Clear,Field A
2022-08-11,01:00,Cow_284,2,5,8,0,27.3,Clear,Field B
2022-08-11,01:00,Cow_285,7,9,0,0,27.3,Clear,Field A
2022-08-11,01:00,Cow_286,0,7,8,0,27.3,Clear,Field B
2022-08-11,01:00,Cow_287,8,9,0,0,27.3,Clear,Field C
2022-08-11,01:00,Cow_288,0,0,0,15,27.3,Clear,Field B
2022-08-11,01:00,Cow_289,9,9,0,0,27.3,Clear,Field C
2022-08-11,01:00,Cow_290,14,7,0,0,27.3,Clear,Field C
2022-08-11,01:00,Cow_291,9,3,3,0,27.3,Clear,Field C
2022-08-11,01:00,Cow_292,11,9,0,0,27.3,Clear,Field B
2022-08-11,01:00,Cow_293,13,0,2,0,27.3,Clear,Field B
2022-08-11,01:00,Cow_294,4,3,8,0,27.3,Clear,Field C
2022-08-11,01:00,Cow_295,11,8,0,0,27.3,Clear,Field B
2022-08-11,01:00,Cow_296,6,3,6,0,27.3,Clear,Field B
2022-08-11,01:00,Cow_297,10,0,8,0,27.3,Clear,Field B
2022-08-11,01:00,Cow_298,14,0,5,0,27.3,Clear,Field C
2022-08-11,01:00,Cow_299,11,0,4,0,27.3,Clear,Field C
2022-08-11,01:00,Cow_300,8,4,3,0,27.3,Clear,Field A
2022-08-11,01:00,Cow_301,9,3,3,0,27.3,Clear,Field B
2022-08-11,01:00,Cow_302,5,3,7,0,27.3,Clear,Field A
2022-08-11,01:00,Cow_303,6,3,6,0,27.3,Clear,Field A
2022-08-11,01:00,Cow_304,6,10,0,0,27.3,Clear,Field A
2022-08-11,01:00,Cow_305,14,4,0,0,27.3,Clear,Field B
2022-08-11,01:00,Cow_306,10,6,0,0,27.3,Clear,Field B
2022-08-11,01:00,Cow_307,3,5,7,0,27.3,Clear,Field B
2022-08-11,01:00,Cow_308,6,5,4,0,27.3,Clear,Field C
2022-08-11,01:00,Cow_309,0,0,0,15,27.3,Clear,Field B
2022-08-11,01:00,Cow_310,1,9,5,0,27.3,Clear,Field A
2022-08-11,01:00,Cow_311,5,7,3,0,27.3,Clear,Field B
2022-08-11,01:00,Cow_312,5,3,7,0,27.3,Clear,Field C
2022-08-11,01:00,Cow_313,8,3,4,0,27.3,Clear,Field B
2022-08-11,01:00,Cow_314,0,9,7,0,27.3,Clear,Field A
2022-08-11,01:00,Cow_315,9,1,5,0,27.3,Clear,Field A
2022-08-11,01:00,Cow_316,12,0,8,0,27.3,Clear,Field C
2022-08-11,01:00,Cow_317,9,0,7,0,27.3,Clear,Field B
2022-08-11,01:00,Cow_318,10,4,1,0,27.3,Clear,Field A
2022-08-11,01:00,Cow_319,10,0,6,0,27.3,Clear,Field C
2022-08-11,01:00,Cow_320,7,4,4,0,27.3,Clear,Field B
2022-08-11,01:00,Cow_321,0,10,5,0,27.3,Clear,Field C
2022-08-11,01:00,Cow_322,9,5,1,0,27.3,Clear,Field C
2022-08-11,01:00,Cow_323,12,0,5,0,27.3,Clear,Field A
2022-08-11,01:00,Cow_324,3,5,7,0,27.3,Clear,Field B
2022-08-11,01:00,Cow_325,7,4,4,0,27.3,Clear,Field B
2022-08-11,01:00,Cow_326,6,8,1,0,27.3,Clear,Field A
2022-08-11,01:00,Cow_327,10,0,5,0,27.3,Clear,Field A
2022-08-11,01:00,Cow_328,2,8,5,0,27.3,Clear,Field B
2022-08-11,01:00,Cow_329,0,0,0,15,27.3,Clear,Field A
2022-08-11,01:00,Cow_330,4,6,5,0,27.3,Clear,Field C
2022-08-11,01:00,Cow_331,0,9,8,0,27.3,Clear,Field C
2022-08-11,01:00,Cow_332,5,5,5,0,27.3,Clear,Field C
2022-08-11,01:00,Cow_333,10,7,0,0,27.3,Clear,Field A
2022-08-11,01:00,Cow_334,9,10,0,0,27.3,Clear,Field A
2022-08-11,01:00,Cow_335,10,7,0,0,27.3,Clear,Field B
2022-08-11,01:00,Cow_336,0,0,0,15,27.3,Clear,Field C
2022-08-11,01:00,Cow_337,7,4,4,0,27.3,Clear,Field C
2022-08-11,01:00,Cow_338,6,4,5,0,27.3,Clear,Field C
2022-08-11,01:00,Cow_339,4,3,8,0,27.3,Clear,Field B
2022-08-11,01:00,Cow_340,4,4,7,0,27.3,Clear,Field C
2022-08-11,01:00,Cow_341,13,3,0,0,27.3,Clear,Field C
2022-08-11,01:00,Cow_342,7,2,6,0,27.3,Clear,Field B
2022-08-11,01:00,Cow_343,6,8,1,0,27.3,Clear,Field B
2022-08-11,01:00,Cow_344,0,0,0,15,27.3,Clear,Field A
2022-08-11,01:00,Cow_345,11,6,0,0,27.3,Clear,Field C
2022-08-11,01:00,Cow_346,7,10,0,0,27.3,Clear,Field A
2022-08-11,01:00,Cow_347,6,6,3,0,27.3,Clear,Field B
2022-08-11,01:00,Cow_348,0,0,0,15,27.3,Clear,Field A
2022-08-11,01:00,Cow_349,11,10,0,0,27.3,Clear,Field C
2022-08-11,01:00,Cow_350,11,1,3,0,27.3,Clear,Field B
2022-08-11,01:00,Cow_351,7,4,4,0,27.3,Clear,Field A
2022-08-11,01:00,Cow_352,4,6,5,0,27.3,Clear,Field A
2022-08-11,01:00,Cow_353,0,7,8,0,27.3,Clear,Field B
2022-08-11,01:00,Cow_354,6,6,3,0,27.3,Clear,Field C
2022-08-11,01:00,Cow_355,6,3,6,0,27.3,Clear,Field B
2022-08-11,01:00,Cow_356,5,7,3,0,27.3,Clear,Field C
2022-08-11,01:00,Cow_357,8,9,0,0,27.3,Clear,Field C
2022-08-11,01:00,Cow_358,14,0,6,0,27.3,Clear,Field B
2022-08-11,01:00,Cow_359,5,1,9,0,27.3,Clear,Field C
2022-08-11,01:00,Cow_360,6,4,5,0,27.3,Clear,Field A
2022-08-11,01:00,Cow_361,12,4,0,0,27.3,Clear,Field C
2022-08-11,01:00,Cow_362,9,2,4,0,27.3,Clear,Field C
2022-08-11,01:00,Cow_363,9,0,9,0,27.3,Clear,Field C
2022-08-11,01:00,Cow_364,3,4,8,0,27.3,Clear,Field C
2022-08-11,01:00,Cow_365,3,9,3,0,27.3,Clear,Field A
2022-08-11,01:00,Cow_366,6,7,2,0,27.3,Clear,Field C
2022-08-11,01:00,Cow_367,9,0,8,0,27.3,Clear,Field B
2022-08-11,01:00,Cow_368,0,7,8,0,27.3,Clear,Field B
2022-08-11,01:00,Cow_369,0,10,5,0,27.3,Clear,Field C
2022-08-11,01:00,Cow_370,10,1,4,0,27.3,Clear,Field A
2022-08-11,01:00,Cow_371,14,7,0,0,27.3,Clear,Field A
2022-08-11,01:00,Cow_372,0,8,7,0,27.3,Clear,Field A
2022-08-11,01:00,Cow_373,7,7,1,0,27.3,Clear,Field A
2022-08-11,01:00,Cow_374,3,6,6,0,27.3,Clear,Field A
2022-08-11,01:00,Cow_375,8,3,4,0,27.3,Clear,Field C
2022-08-11,01:00,Cow_376,12,0,5,0,27.3,Clear,Field B
2022-08-11,01:00,Cow_377,13,9,0,0,27.3,Clear,Field B
2022-08-11,01:00,Cow_378,1,10,4,0,27.3,Clear,Field C
2022-08-11,01:00,Cow_379,8,6,1,0,27.3,Clear,Field B
2022-08-11,01:00,Cow_380,0,0,0,15,27.3,Clear,Field B
2022-08-11,01:00,Cow_381,11,11,0,0,27.3,Clear,Field A
2022-08-11,01:00,Cow_382,7,3,5,0,27.3,Clear,Field A
2022-08-11,01:00,Cow_383,12,0,7,0,27.3,Clear,Field C
2022-08-11,01:00,Cow_384,14,0,5,0,27.3,Clear,Field C
2022-08-11,01:00,Cow_385,0,9,8,0,27.3,Clear,Field C
2022-08-11,01:00,Cow_386,11,9,0,0,27.3,Clear,Field A
2022-08-11,01:00,Cow_387,12,0,5,0,27.3,Clear,Field C
2022-08-11,01:00,Cow_388,7,3,5,0,27.3,Clear,Field A
2022-08-11,01:00,Cow_389,6,5,4,0,27.3,Clear,Field A
2022-08-11,01:00,Cow_390,3,9,3,0,27.3,Clear,Field C
2022-08-11,01:00,Cow_391,2,4,9,0,27.3,Clear,Field A
2022-08-11,01:00,Cow_392,7,8,0,0,27.3,Clear,Field B
2022-08-11,01:00,Cow_393,12,9,0,0,27.3,Clear,Field C
2022-08-11,01:00,Cow_394,8,10,0,0,27.3,Clear,Field B
2022-08-11,01:00,Cow_395,14,10,0,0,27.3,Clear,Field B
2022-08-11,01:00,Cow_396,0,9,8,0,27.3,Clear,Field A
2022-08-11,01:00,Cow_397,1,6,8,0,27.3,Clear,Field C
2022-08-11,01:00,Cow_398,7,2,6,0,27.3,Clear,Field B
2022-08-11,01:00,Cow_399,4,4,7,0,27.3,Clear,Field C
2022-08-11,01:00,Cow_400,7,5,3,0,27.3,Clear,Field B
2022-08-11,01:00,Cow_401,6,6,3,0,27.3,Clear,Field B
2022-08-11,01:00,Cow_402,12,9,0,0,27.3,Clear,Field A
2022-08-11,01:00,Cow_403,11,10,0,0,27.3,Clear,Field A
2022-08-11,01:00,Cow_404,5,6,4,0,27.3,Clear,Field C
2022-08-11,01:00,Cow_405,6,5,4,0,27.3,Clear,Field B
2022-08-11,01:00,Cow_406,10,3,2,0,27.3,Clear,Field B
2022-08-11,01:00,Cow_407,1,10,4,0,27.3,Clear,Field C
2022-08-11,01:00,Cow_408,14,4,0,0,27.3,Clear,Field C
2022-08-11,01:00,Cow_409,8,10,0,0,27.3,Clear,Field A
2022-08-11,01:00,Cow_410,7,10,0,0,27.3,Clear,Field B
2022-08-11,01:00,Cow_411,7,10,0,0,27.3,Clear,Field A
2022-08-11,01:00,Cow_412,10,11,0,0,27.3,Clear,Field A
2022-08-11,01:00,Cow_413,0,0,0,15,27.3,Clear,Field B
2022-08-11,01:00,Cow_414,9,1,5,0,27.3,Clear,Field A
2022-08-11,01:00,Cow_415,0,8,8,0,27.3,Clear,Field C
2022-08-11,01:00,Cow_416,13,6,0,0,27.3,Clear,Field B
2022-08-11,01:00,Cow_417,12,8,0,0,27.3,Clear,Field C
2022-08-11,01:00,Cow_418,10,9,0,0,27.3,Clear,Field B
2022-08-11,01:00,Cow_419,6,6,3,0,27.3,Clear,Field A
2022-08-11,01:00,Cow_420,5,10,0,0,27.3,Clear,Field A
2022-08-11,01:00,Cow_421,8,2,5,0,27.3,Clear,Field C
2022-08-11,01:00,Cow_422,2,10,3,0,27.3,Clear,Field A
2022-08-11,01:00,Cow_423,6,5,4,0,27.3,Clear,Field C
2022-08-11,01:00,Cow_424,3,8,4,0,27.3,Clear,Field A
2022-08-11,01:00,Cow_425,0,10,5,0,27.3,Clear,Field B
2022-08-11,01:00,Cow_426,5,4,6,0,27.3,Clear,Field B
2022-08-11,01:00,Cow_427,11,8,0,0,27.3,Clear,Field A
2022-08-11,01:00,Cow_428,0,8,8,0,27.3,Clear,Field B
2022-08-11,01:00,Cow_429,7,3,5,0,27.3,Clear,Field C
2022-08-11,01:00,Cow_430,14,0,4,0,27.3,Clear,Field C
2022-08-11,01:00,Cow_431,8,10,0,0,27.3,Clear,Field B
2022-08-11,01:00,Cow_432,7,4,4,0,27.3,Clear,Field A
2022-08-11,01:00,Cow_433,0,8,7,0,27.3,Clear,Field C
2022-08-11,01:00,Cow_434,8,4,3,0,27.3,Clear,Field B
2022-08-11,01:00,Cow_435,10,0,7,0,27.3,Clear,Field B
2022-08-11,01:00,Cow_436,13,3,0,0,27.3,Clear,Field A
2022-08-11,01:00,Cow_437,8,0,8,0,27.3,Clear,Field A
2022-08-11,01:00,Cow_438,4,4,7,0,27.3,Clear,Field B
2022-08-11,01:00,Cow_439,8,0,8,0,27.3,Clear,Field B
2022-08-11,01:00,Cow_440,1,10,4,0,27.3,Clear,Field A
2022-08-11,01:00,Cow_441,2,10,3,0,27.3,Clear,Field B
2022-08-11,01:00,Cow_442,4,3,8,0,27.3,Clear,Field A
2022-08-11,01:00,Cow_443,10,10,0,0,27.3,Clear,Field B
2022-08-11,01:00,Cow_444,8,0,8,0,27.3,Clear,Field C
2022-08-11,01:00,Cow_445,8,1,6,0,27.3,Clear,Field A
2022-08-11,01:00,Cow_446,7,5,3,0,27.3,Clear,Field B
2022-08-11,01:00,Cow_447,4,6,5,0,27.3,Clear,Field C
2022-08-11,01:00,Cow_448,6,4,5,0,27.3,Clear,Field A
2022-08-11,01:00,Cow_449,14,0,7,0,27.3,Clear,Field B
2022-08-11,01:00,Cow_450,0,0,0,15,27.3,Clear,Field B
2022-08-11,01:00,Cow_451,8,4,3,0,27.3,Clear,Field C
2022-08-11,01:00,Cow_452,11,0,7,0,27.3,Clear,Field A
2022-08-11,01:00,Cow_453,9,10,0,0,27.3,Clear,Field A
2022-08-11,01:00,Cow_454,13,10,0,0,27.3,Clear,Field A
2022-08-11,01:00,Cow_455,6,2,7,0,27.3,Clear,Field A
2022-08-11,01:00,Cow_456,6,3,6,0,27.3,Clear,Field B
2022-08-11,01:00,Cow_457,10,1,4,0,27.3,Clear,Field B
2022-08-11,01:00,Cow_458,5,4,6,0,27.3,Clear,Field A
2022-08-11,01:00,Cow_459,5,3,7,0,27.3,Clear,Field C
2022-08-11,01:00,Cow_460,7,5,3,0,27.3,Clear,Field B
2022-08-11,01:00,Cow_461,14,0,3,0,27.3,Clear,Field B
2022-08-11,01:00,Cow_462,5,3,7,0,27.3,Clear,Field A
2022-08-11,01:00,Cow_463,11,5,0,0,27.3,Clear,Field A
2022-08-11,01:00,Cow_464,14,10,0,0,27.3,Clear,Field B
2022-08-11,01:00,Cow_465,8,4,3,0,27.3,Clear,Field C
2022-08-11,01:00,Cow_466,11,8,0,0,27.3,Clear,Field A
2022-08-11,01:00,Cow_467,5,4,6,0,27.3,Clear,Field C
2022-08-11,01:00,Cow_468,5,8,2,0,27.3,Clear,Field B
2022-08-11,01:00,Cow_469,12,8,0,0,27.3,Clear,Field A
2022-08-11,01:00,Cow_470,3,5,7,0,27.3,Clear,Field B
2022-08-11,01:00,Cow_471,4,6,5,0,27.3,Clear,Field C
2022-08-11,01:00,Cow_472,3,8,4,0,27.3,Clear,Field B
2022-08-11,01:00,Cow_473,12,5,0,0,27.3,Clear,Field A
2022-08-11,01:00,Cow_474,0,9,6,0,27.3,Clear,Field B
2022-08-11,01:00,Cow_475,6,4,5,0,27.3,Clear,Field B
2022-08-11,01:00,Cow_476,13,0,8,0,27.3,Clear,Field C
2022-08-11,01:00,Cow_477,6,4,5,0,27.3,Clear,Field C
2022-08-11,01:00,Cow_478,3,8,4,0,27.3,Clear,Field C
2022-08-11,01:00,Cow_479,15,0,2,0,27.3,Clear,Field C
2022-08-11,01:00,Cow_480,0,0,0,15,27.3,Clear,Field B
2022-08-11,01:00,Cow_481,5,4,6,0,27.3,Clear,Field C
2022-08-11,01:00,Cow_482,0,0,0,15,27.3,Clear,Field B
2022-08-11,01:00,Cow_483,2,9,4,0,27.3,Clear,Field B
2022-08-11,01:00,Cow_484,0,0,0,15,27.3,Clear,Field B
2022-08-11,01:00,Cow_485,3,9,3,0,27.3,Clear,Field B
2022-08-11,01:00,Cow_486,7,5,3,0,27.3,Clear,Field A
2022-08-11,01:00,Cow_487,4,3,8,0,27.3,Clear,Field A
2022-08-11,01:00,Cow_488,7,3,5,0,27.3,Clear,Field B
2022-08-11,01:00,Cow_489,14,8,0,0,27.3,Clear,Field B
2022-08-11,01:00,Cow_490,0,7,8,0,27.3,Clear,Field B
2022-08-11,01:00,Cow_491,5,9,1,0,27.3,Clear,Field A
2022-08-11,01:00,Cow_492,9,1,5,0,27.3,Clear,Field A
2022-08-11,01:00,Cow_493,8,7,0,0,27.3,Clear,Field C
2022-08-11,01:00,Cow_494,11,7,0,0,27.3,Clear,Field A
2022-08-11,01:00,Cow_495,10,0,5,0,27.3,Clear,Field C
2022-08-11,01:00,Cow_496,0,0,0,15,27.3,Clear,Field C
2022-08-11,01:00,Cow_497,5,7,3,0,27.3,Clear,Field B
2022-08-11,01:00,Cow_498,9,9,0,0,27.3,Clear,Field A
2022-08-11,01:00,Cow_499,8,9,0,0,27.3,Clear,Field B
2022-08-11,01:00,Cow_500,2,10,3,0,27.3,Clear,Field A
2022-08-11,01:15,Cow_1,12,0,4,0,32.3,Clear,Field C
2022-08-11,01:15,Cow_2,9,2,4,0,32.3,Clear,Field A
2022-08-11,01:15,Cow_3,10,4,1,0,32.3,Clear,Field B
2022-08-11,01:15,Cow_4,0,10,8,0,32.3,Clear,Field A
2022-08-11,01:15,Cow_5,7,5,3,0,32.3,Clear,Field A
2022-08-11,01:15,Cow_6,9,9,0,0,32.3,Clear,Field C
2022-08-11,01:15,Cow_7,8,3,4,0,32.3,Clear,Field C
2022-08-11,01:15,Cow_8,5,6,4,0,32.3,Clear,Field C
2022-08-11,01:15,Cow_9,13,4,0,0,32.3,Clear,Field C
2022-08-11,01:15,Cow_10,10,9,0,0,32.3,Clear,Field C
2022-08-11,01:15,Cow_11,11,0,7,0,32.3,Clear,Field B
2022-08-11,01:15,Cow_12,7,6,2,0,32.3,Clear,Field A
2022-08-11,01:15,Cow_13,0,10,8,0,32.3,Clear,Field A
2022-08-11,01:15,Cow_14,10,4,1,0,32.3,Clear,Field B
2022-08-11,01:15,Cow_15,7,5,3,0,32.3,Clear,Field C
2022-08-11,01:15,Cow_16,3,4,8,0,32.3,Clear,Field C
2022-08-11,01:15,Cow_17,4,4,7,0,32.3,Clear,Field B
2022-08-11,01:15,Cow_18,5,8,2,0,32.3,Clear,Field C
2022-08-11,01:15,Cow_19,0,9,7,0,32.3,Clear,Field A
2022-08-11,01:15,Cow_20,7,3,5,0,32.3,Clear,Field B
2022-08-11,01:15,Cow_21,3,5,7,0,32.3,Clear,Field C
2022-08-11,01:15,Cow_22,11,6,0,0,32.3,Clear,Field B
2022-08-11,01:15,Cow_23,11,7,0,0,32.3,Clear,Field C
2022-08-11,01:15,Cow_24,8,4,3,0,32.3,Clear,Field B
2022-08-11,01:15,Cow_25,9,3,3,0,32.3,Clear,Field A
2022-08-11,01:15,Cow_26,6,9,0,0,32.3,Clear,Field B
2022-08-11,01:15,Cow_27,2,5,8,0,32.3,Clear,Field B
2022-08-11,01:15,Cow_28,2,10,3,0,32.3,Clear,Field B
2022-08-11,01:15,Cow_29,6,4,5,0,32.3,Clear,Field C
2022-08-11,01:15,Cow_30,6,10,0,0,32.3,Clear,Field C
2022-08-11,01:15,Cow_31,10,4,1,0,32.3,Clear,Field B
2022-08-11,01:15,Cow_32,14,3,0,0,32.3,Clear,Field B
2022-08-11,01:15,Cow_33,12,8,0,0,32.3,Clear,Field B
2022-08-11,01:15,Cow_34,13,0,7,0,32.3,Clear,Field C
2022-08-11,01:15,Cow_35,0,0,0,15,32.3,Clear,Field A
2022-08-11,01:15,Cow_36,5,4,6,0,32.3,Clear,Field B
2022-08-11,01:15,Cow_37,8,2,5,0,32.3,Clear,Field B
2022-08-11,01:15,Cow_38,0,10,7,0,32.3,Clear,Field B
2022-08-11,01:15,Cow_39,0,0,0,15,32.3,Clear,Field A
2022-08-11,01:15,Cow_40,0,0,0,15,32.3,Clear,Field A
2022-08-11,01:15,Cow_41,7,9,0,0,32.3,Clear,Field A
2022-08-11,01:15,Cow_42,7,1,7,0,32.3,Clear,Field C
2022-08-11,01:15,Cow_43,5,7,3,0,32.3,Clear,Field B
2022-08-11,01:15,Cow_44,0,0,0,15,32.3,Clear,Field A
2022-08-11,01:15,Cow_45,1,10,4,0,32.3,Clear,Field C
2022-08-11,01:15,Cow_46,5,7,3,0,32.3,Clear,Field B
2022-08-11,01:15,Cow_47,12,3,0,0,32.3,Clear,Field B
2022-08-11,01:15,Cow_48,6,9,0,0,32.3,Clear,Field A
2022-08-11,01:15,Cow_49,1,8,6,0,32.3,Clear,Field A
2022-08-11,01:15,Cow_50,6,3,6,0,32.3,Clear,Field A
2022-08-11,01:15,Cow_51,12,0,7,0,32.3,Clear,Field C
2022-08-11,01:15,Cow_52,7,2,6,0,32.3,Clear,Field A
2022-08-11,01:15,Cow_53,0,10,7,0,32.3,Clear,Field A
2022-08-11,01:15,Cow_54,0,0,0,15,32.3,Clear,Field A
2022-08-11,01:15,Cow_55,13,6,0,0,32.3,Clear,Field C
2022-08-11,01:15,Cow_56,14,0,3,0,32.3,Clear,Field B
2022-08-11,01:15,Cow_57,7,4,4,0,32.3,Clear,Field B
2022-08-11,01:15,Cow_58,11,3,1,0,32.3,Clear,Field B
2022-08-11,01:15,Cow_59,3,9,3,0,32.3,Clear,Field A
2022-08-11,01:15,Cow_60,1,10,4,0,32.3,Clear,Field C
2022-08-11,01:15,Cow_61,12,0,4,0,32.3,Clear,Field B
2022-08-11,01:15,Cow_62,0,0,0,15,32.3,Clear,Field B
2022-08-11,01:15,Cow_63,8,7,0,0,32.3,Clear,Field A
2022-08-11,01:15,Cow_64,12,0,6,0,32.3,Clear,Field B
2022-08-11,01:15,Cow_65,1,10,4,0,32.3,Clear,Field A
2022-08-11,01:15,Cow_66,11,10,0,0,32.3,Clear,Field A
2022-08-11,01:15,Cow_67,1,7,7,0,32.3,Clear,Field C
2022-08-11,01:15,Cow_68,2,6,7,0,32.3,Clear,Field B
2022-08-11,01:15,Cow_69,4,4,7,0,32.3,Clear,Field C
2022-08-11,01:15,Cow_70,12,8,0,0,32.3,Clear,Field C
2022-08-11,01:15,Cow_71,12,0,7,0,32.3,Clear,Field C
2022-08-11,01:15,Cow_72,8,4,3,0,32.3,Clear,Field B
2022-08-11,01:15,Cow_73,9,3,3,0,32.3,Clear,Field C
2022-08-11,01:15,Cow_74,0,0,0,15,32.3,Clear,Field C
2022-08-11,01:15,Cow_75,10,0,8,0,32.3,Clear,Field B
2022-08-11,01:15,Cow_76,7,3,5,0,32.3,Clear,Field B
2022-08-11,01:15,Cow_77,13,3,0,0,32.3,Clear,Field C
2022-08-11,01:15,Cow_78,8,3,4,0,32.3,Clear,Field C
2022-08-11,01:15,Cow_79,7,0,8,0,32.3,Clear,Field B
2022-08-11,01:15,Cow_80,6,5,4,0,32.3,Clear,Field A
2022-08-11,01:15,Cow_81,6,5,4,0,32.3,Clear,Field A
2022-08-11,01:15,Cow_82,1,9,5,0,32.3,Clear,Field C
2022-08-11,01:15,Cow_83,13,10,0,0,32.3,Clear,Field A
2022-08-11,01:15,Cow_84,7,4,4,0,32.3,Clear,Field C
2022-08-11,01:15,Cow_85,0,0,0,15,32.3,Clear,Field A
2022-08-11,01:15,Cow_86,10,4,1,0,32.3,Clear,Field C
2022-08-11,01:15,Cow_87,13,0,6,0,32.3,Clear,Field B
2022-08-11,01:15,Cow_88,5,3,7,0,32.3,Clear,Field A
2022-08-11,01:15,Cow_89,12,0,3,0,32.3,Clear,Field C
2022-08-11,01:15,Cow_90,0,0,0,15,32.3,Clear,Field A
2022-08-11,01:15,Cow_91,7,5,3,0,32.3,Clear,Field A
2022-08-11,01:15,Cow_92,9,7,0,0,32.3,Clear,Field B
2022-08-11,01:15,Cow_93,2,5,8,0,32.3,Clear,Field C
2022-08-11,01:15,Cow_94,13,4,0,0,32.3,Clear,Field B
2022-08-11,01:15,Cow_95,0,0,0,15,32.3,Clear,Field C
2022-08-11,01:15,Cow_96,11,0,5,0,32.3,Clear,Field C
2022-08-11,01:15,Cow_97,6,5,4,0,32.3,Clear,Field A
2022-08-11,01:15,Cow_98,0,9,7,0,32.3,Clear,Field C
2022-08-11,01:15,Cow_99,6,9,0,0,32.3,Clear,Field B
2022-08-11,01:15,Cow_100,7,5,3,0,32.3,Clear,Field A
2022-08-11,01:15,Cow_101,10,6,0,0,32.3,Clear,Field B
2022-08-11,01:15,Cow_102,6,6,3,0,32.3,Clear,Field C
2022-08-11,01:15,Cow_103,6,9,0,0,32.3,Clear,Field C
2022-08-11,01:15,Cow_104,9,0,8,0,32.3,Clear,Field C
2022-08-11,01:15,Cow_105,0,0,0,15,32.3,Clear,Field C
2022-08-11,01:15,Cow_106,5,7,3,0,32.3,Clear,Field C
2022-08-11,01:15,Cow_107,9,2,4,0,32.3,Clear,Field A
2022-08-11,01:15,Cow_108,8,4,3,0,32.3,Clear,Field C
2022-08-11,01:15,Cow_109,14,8,0,0,32.3,Clear,Field B
2022-08-11,01:15,Cow_110,5,4,6,0,32.3,Clear,Field A
2022-08-11,01:15,Cow_111,10,2,3,0,32.3,Clear,Field C
2022-08-11,01:15,Cow_112,14,0,7,0,32.3,Clear,Field A
2022-08-11,01:15,Cow_113,0,0,0,15,32.3,Clear,Field C
2022-08-11,01:15,Cow_114,0,10,5,0,32.3,Clear,Field A
2022-08-11,01:15,Cow_115,6,9,0,0,32.3,Clear,Field C
2022-08-11,01:15,Cow_116,1,10,4,0,32.3,Clear,Field C
2022-08-11,01:15,Cow_117,7,3,5,0,32.3,Clear,Field C
2022-08-11,01:15,Cow_118,4,6,5,0,32.3,Clear,Field B
2022-08-11,01:15,Cow_119,11,0,4,0,32.3,Clear,Field A
2022-08-11,01:15,Cow_120,6,9,0,0,32.3,Clear,Field A
2022-08-11,01:15,Cow_121,0,0,0,15,32.3,Clear,Field B
2022-08-11,01:15,Cow_122,5,4,6,0,32.3,Clear,Field A
2022-08-11,01:15,Cow_123,9,0,8,0,32.3,Clear,Field B
2022-08-11,01:15,Cow_124,11,0,5,0,32.3,Clear,Field A
2022-08-11,01:15,Cow_125,5,3,7,0,32.3,Clear,Field A
2022-08-11,01:15,Cow_126,6,5,4,0,32.3,Clear,Field A
2022-08-11,01:15,Cow_127,6,4,5,0,32.3,Clear,Field C
2022-08-11,01:15,Cow_128,10,0,6,0,32.3,Clear,Field C
2022-08-11,01:15,Cow_129,10,0,6,0,32.3,Clear,Field B
2022-08-11,01:15,Cow_130,3,6,6,0,32.3,Clear,Field B
2022-08-11,01:15,Cow_131,11,0,4,0,32.3,Clear,Field A
2022-08-11,01:15,Cow_132,0,8,7,0,32.3,Clear,Field C
2022-08-11,01:15,Cow_133,5,5,5,0,32.3,Clear,Field A
2022-08-11,01:15,Cow_134,0,0,0,15,32.3,Clear,Field A
2022-08-11,01:15,Cow_135,10,0,5,0,32.3,Clear,Field B
2022-08-11,01:15,Cow_136,0,10,8,0,32.3,Clear,Field A
2022-08-11,01:15,Cow_137,0,9,6,0,32.3,Clear,Field C
2022-08-11,01:15,Cow_138,5,4,6,0,32.3,Clear,Field B
2022-08-11,01:15,Cow_139,6,5,4,0,32.3,Clear,Field B
2022-08-11,01:15,Cow_140,8,1,6,0,32.3,Clear,Field B
2022-08-11,01:15,Cow_141,6,2,7,0,32.3,Clear,Field B
2022-08-11,01:15,Cow_142,0,9,7,0,32.3,Clear,Field A
2022-08-11,01:15,Cow_143,11,10,0,0,32.3,Clear,Field C
2022-08-11,01:15,Cow_144,5,7,3,0,32.3,Clear,Field B
2022-08-11,01:15,Cow_145,6,7,2,0,32.3,Clear,Field C
2022-08-11,01:15,Cow_146,6,5,4,0,32.3,Clear,Field A
2022-08-11,01:15,Cow_147,0,8,8,0,32.3,Clear,Field C
2022-08-11,01:15,Cow_148,4,6,5,0,32.3,Clear,Field C
2022-08-11,01:15,Cow_149,2,9,4,0,32.3,Clear,Field C
2022-08-11,01:15,Cow_150,11,0,8,0,32.3,Clear,Field C
2022-08-11,01:15,Cow_151,1,8,6,0,32.3,Clear,Field A
2022-08-11,01:15,Cow_152,3,8,4,0,32.3,Clear,Field B
2022-08-11,01:15,Cow_153,5,7,3,0,32.3,Clear,Field B
2022-08-11,01:15,Cow_154,14,0,3,0,32.3,Clear,Field B
2022-08-11,01:15,Cow_155,5,4,6,0,32.3,Clear,Field C
2022-08-11,01:15,Cow_156,1,9,5,0,32.3,Clear,Field A
2022-08-11,01:15,Cow_157,7,9,0,0,32.3,Clear,Field C
2022-08-11,01:15,Cow_158,14,0,8,0,32.3,Clear,Field B
2022-08-11,01:15,Cow_159,5,7,3,0,32.3,Clear,Field B
2022-08-11,01:15,Cow_160,2,5,8,0,32.3,Clear,Field C
2022-08-11,01:15,Cow_161,4,5,6,0,32.3,Clear,Field C
2022-08-11,01:15,Cow_162,13,5,0,0,32.3,Clear,Field B
2022-08-11,01:15,Cow_163,0,0,0,15,32.3,Clear,Field A
2022-08-11,01:15,Cow_164,9,2,4,0,32.3,Clear,Field C
2022-08-11,01:15,Cow_165,0,0,0,15,32.3,Clear,Field A
2022-08-11,01:15,Cow_166,7,5,3,0,32.3,Clear,Field A
2022-08-11,01:15,Cow_167,6,4,5,0,32.3,Clear,Field C
2022-08-11,01:15,Cow_168,5,6,4,0,32.3,Clear,Field B
2022-08-11,01:15,Cow_169,14,0,6,0,32.3,Clear,Field A
2022-08-11,01:15,Cow_170,0,0,0,15,32.3,Clear,Field C
2022-08-11,01:15,Cow_171,8,4,3,0,32.3,Clear,Field B
2022-08-11,01:15,Cow_172,6,5,4,0,32.3,Clear,Field A
2022-08-11,01:15,Cow_173,8,6,1,0,32.3,Clear,Field C
2022-08-11,01:15,Cow_174,11,11,0,0,32.3,Clear,Field B
2022-08-11,01:15,Cow_175,5,4,6,0,32.3,Clear,Field B
2022-08-11,01:15,Cow_176,7,5,3,0,32.3,Clear,Field A
2022-08-11,01:15,Cow_177,6,5,4,0,32.3,Clear,Field B
2022-08-11,01:15,Cow_178,3,4,8,0,32.3,Clear,Field A
2022-08-11,01:15,Cow_179,0,8,7,0,32.3,Clear,Field C
2022-08-11,01:15,Cow_180,1,10,4,0,32.3,Clear,Field B
2022-08-11,01:15,Cow_181,4,4,7,0,32.3,Clear,Field B
2022-08-11,01:15,Cow_182,13,10,0,0,32.3,Clear,Field C
2022-08-11,01:15,Cow_183,5,5,5,0,32.3,Clear,Field A
2022-08-11,01:15,Cow_184,5,6,4,0,32.3,Clear,Field C
2022-08-11,01:15,Cow_185,4,6,5,0,32.3,Clear,Field B
2022-08-11,01:15,Cow_186,12,0,8,0,32.3,Clear,Field B
2022-08-11,01:15,Cow_187,14,5,0,0,32.3,Clear,Field B
2022-08-11,01:15,Cow_188,9,3,3,0,32.3,Clear,Field A
2022-08-11,01:15,Cow_189,9,1,5,0,32.3,Clear,Field C
2022-08-11,01:15,Cow_190,6,6,3,0,32.3,Clear,Field C
2022-08-11,01:15,Cow_191,12,0,3,0,32.3,Clear,Field B
2022-08-11,01:15,Cow_192,8,6,1,0,32.3,Clear,Field A
2022-08-11,01:15,Cow_193,0,0,0,15,32.3,Clear,Field A
2022-08-11,01:15,Cow_194,7,4,4,0,32.3,Clear,Field C
2022-08-11,01:15,Cow_195,3,8,4,0,32.3,Clear,Field C
2022-08-11,01:15,Cow_196,4,5,6,0,32.3,Clear,Field B
2022-08-11,01:15,Cow_197,5,2,8,0,32.3,Clear,Field A
2022-08-11,01:15,Cow_198,12,10,0,0,32.3,Clear,Field B
2022-08-11,01:15,Cow_199,5,8,2,0,32.3,Clear,Field A
2022-08-11,01:15,Cow_200,14,0,4,0,32.3,Clear,Field B
2022-08-11,01:15,Cow_201,6,3,6,0,32.3,Clear,Field A
2022-08-11,01:15,Cow_202,0,10,6,0,32.3,Clear,Field B
2022-08-11,01:15,Cow_203,0,9,7,0,32.3,Clear,Field B
2022-08-11,01:15,Cow_204,5,5,5,0,32.3,Clear,Field C
2022-08-11,01:15,Cow_205,10,7,0,0,32.3,Clear,Field C
2022-08-11,01:15,Cow_206,7,1,7,0,32.3,Clear,Field C
2022-08-11,01:15,Cow_207,11,10,0,0,32.3,Clear,Field B
2022-08-11,01:15,Cow_208,1,7,7,0,32.3,Clear,Field A
2022-08-11,01:15,Cow_209,14,0,7,0,32.3,Clear,Field A
2022-08-11,01:15,Cow_210,11,4,0,0,32.3,Clear,Field C
2022-08-11,01:15,Cow_211,9,0,7,0,32.3,Clear,Field C
2022-08-11,01:15,Cow_212,13,6,0,0,32.3,Clear,Field A
2022-08-11,01:15,Cow_213,1,10,4,0,32.3,Clear,Field A
2022-08-11,01:15,Cow_214,3,6,6,0,32.3,Clear,Field A
2022-08-11,01:15,Cow_215,7,5,3,0,32.3,Clear,Field A
2022-08-11,01:15,Cow_216,7,0,8,0,32.3,Clear,Field A
2022-08-11,01:15,Cow_217,7,10,0,0,32.3,Clear,Field A
2022-08-11,01:15,Cow_218,0,10,7,0,32.3,Clear,Field C
2022-08-11,01:15,Cow_219,7,4,4,0,32.3,Clear,Field C
2022-08-11,01:15,Cow_220,9,0,8,0,32.3,Clear,Field C
2022-08-11,01:15,Cow_221,3,4,8,0,32.3,Clear,Field A
2022-08-11,01:15,Cow_222,4,4,7,0,32.3,Clear,Field C
2022-08-11,01:15,Cow_223,12,0,7,0,32.3,Clear,Field C
2022-08-11,01:15,Cow_224,1,8,6,0,32.3,Clear,Field C
2022-08-11,01:15,Cow_225,9,10,0,0,32.3,Clear,Field C
2022-08-11,01:15,Cow_226,8,1,6,0,32.3,Clear,Field B
2022-08-11,01:15,Cow_227,2,6,7,0,32.3,Clear,Field B
2022-08-11,01:15,Cow_228,5,7,3,0,32.3,Clear,Field A
2022-08-11,01:15,Cow_229,5,3,7,0,32.3,Clear,Field A
2022-08-11,01:15,Cow_230,0,0,0,15,32.3,Clear,Field B
2022-08-11,01:15,Cow_231,14,4,0,0,32.3,Clear,Field A
2022-08-11,01:15,Cow_232,2,9,4,0,32.3,Clear,Field C
2022-08-11,01:15,Cow_233,7,1,7,0,32.3,Clear,Field B
2022-08-11,01:15,Cow_234,7,5,3,0,32.3,Clear,Field B
2022-08-11,01:15,Cow_235,5,5,5,0,32.3,Clear,Field C
2022-08-11,01:15,Cow_236,7,4,4,0,32.3,Clear,Field C
2022-08-11,01:15,Cow_237,2,5,8,0,32.3,Clear,Field C
2022-08-11,01:15,Cow_238,7,3,5,0,32.3,Clear,Field A
2022-08-11,01:15,Cow_239,11,1,3,0,32.3,Clear,Field A
2022-08-11,01:15,Cow_240,0,8,7,0,32.3,Clear,Field B
2022-08-11,01:15,Cow_241,8,6,1,0,32.3,Clear,Field A
2022-08-11,01:15,Cow_242,11,4,0,0,32.3,Clear,Field A
2022-08-11,01:15,Cow_243,8,9,0,0,32.3,Clear,Field C
2022-08-11,01:15,Cow_244,2,7,6,0,32.3,Clear,Field C
2022-08-11,01:15,Cow_245,11,0,6,0,32.3,Clear,Field C
2022-08-11,01:15,Cow_246,6,8,1,0,32.3,Clear,Field A
2022-08-11,01:15,Cow_247,2,10,3,0,32.3,Clear,Field A
2022-08-11,01:15,Cow_248,0,0,0,15,32.3,Clear,Field B
2022-08-11,01:15,Cow_249,6,7,2,0,32.3,Clear,Field A
2022-08-11,01:15,Cow_250,12,0,8,0,32.3,Clear,Field B
2022-08-11,01:15,Cow_251,6,5,4,0,32.3,Clear,Field B
2022-08-11,01:15,Cow_252,1,7,7,0,32.3,Clear,Field C
2022-08-11,01:15,Cow_253,6,2,7,0,32.3,Clear,Field A
2022-08-11,01:15,Cow_254,2,6,7,0,32.3,Clear,Field B
2022-08-11,01:15,Cow_255,3,9,3,0,32.3,Clear,Field C
2022-08-11,01:15,Cow_256,7,7,1,0,32.3,Clear,Field A
2022-08-11,01:15,Cow_257,12,3,0,0,32.3,Clear,Field A
2022-08-11,01:15,Cow_258,10,9,0,0,32.3,Clear,Field C
2022-08-11,01:15,Cow_259,14,0,8,0,32.3,Clear,Field B
2022-08-11,01:15,Cow_260,5,7,3,0,32.3,Clear,Field C
2022-08-11,01:15,Cow_261,14,0,5,0,32.3,Clear,Field A
2022-08-11,01:15,Cow_262,10,5,0,0,32.3,Clear,Field B
2022-08-11,01:15,Cow_263,0,0,0,15,32.3,Clear,Field C
2022-08-11,01:15,Cow_264,9,3,3,0,32.3,Clear,Field B
2022-08-11,01:15,Cow_265,5,3,7,0,32.3,Clear,Field C
2022-08-11,01:15,Cow_266,0,9,7,0,32.3,Clear,Field B
2022-08-11,01:15,Cow_267,5,7,3,0,32.3,Clear,Field B
2022-08-11,01:15,Cow_268,10,0,7,0,32.3,Clear,Field B
2022-08-11,01:15,Cow_269,3,8,4,0,32.3,Clear,Field A
2022-08-11,01:15,Cow_270,8,1,6,0,32.3,Clear,Field A
2022-08-11,01:15,Cow_271,12,5,0,0,32.3,Clear,Field C
2022-08-11,01:15,Cow_272,10,8,0,0,32.3,Clear,Field C
2022-08-11,01:15,Cow_273,5,7,3,0,32.3,Clear,Field B
2022-08-11,01:15,Cow_274,7,0,8,0,32.3,Clear,Field C
2022-08-11,01:15,Cow_275,0,0,0,15,32.3,Clear,Field B
2022-08-11,01:15,Cow_276,11,9,0,0,32.3,Clear,Field B
2022-08-11,01:15,Cow_277,0,0,0,15,32.3,Clear,Field A
2022-08-11,01:15,Cow_278,4,3,8,0,32.3,Clear,Field C
2022-08-11,01:15,Cow_279,12,0,5,0,32.3,Clear,Field C
2022-08-11,01:15,Cow_280,6,5,4,0,32.3,Clear,Field A
2022-08-11,01:15,Cow_281,6,3,6,0,32.3,Clear,Field C
2022-08-11,01:15,Cow_282,0,0,0,15,32.3,Clear,Field B
2022-08-11,01:15,Cow_283,4,3,8,0,32.3,Clear,Field C
2022-08-11,01:15,Cow_284,9,10,0,0,32.3,Clear,Field B
2022-08-11,01:15,Cow_285,6,4,5,0,32.3,Clear,Field C
2022-08-11,01:15,Cow_286,11,3,1,0,32.3,Clear,Field A
2022-08-11,01:15,Cow_287,0,10,6,0,32.3,Clear,Field A
2022-08-11,01:15,Cow_288,6,7,2,0,32.3,Clear,Field C
2022-08-11,01:15,Cow_289,5,6,4,0,32.3,Clear,Field B
2022-08-11,01:15,Cow_290,11,0,8,0,32.3,Clear,Field B
2022-08-11,01:15,Cow_291,1,6,8,0,32.3,Clear,Field B
2022-08-11,01:15,Cow_292,0,0,0,15,32.3,Clear,Field B
2022-08-11,01:15,Cow_293,11,3,1,0,32.3,Clear,Field B
2022-08-11,01:15,Cow_294,7,0,8,0,32.3,Clear,Field C
2022-08-11,01:15,Cow_295,11,0,4,0,32.3,Clear,Field B
2022-08-11,01:15,Cow_296,4,7,4,0,32.3,Clear,Field B
2022-08-11,01:15,Cow_297,0,0,0,15,32.3,Clear,Field C
2022-08-11,01:15,Cow_298,9,0,7,0,32.3,Clear,Field C
2022-08-11,01:15,Cow_299,0,8,10,0,32.3,Clear,Field B
2022-08-11,01:15,Cow_300,13,3,0,0,32.3,Clear,Field B
2022-08-11,01:15,Cow_301,5,7,3,0,32.3,Clear,Field A
2022-08-11,01:15,Cow_302,13,6,0,0,32.3,Clear,Field B
2022-08-11,01:15,Cow_303,11,10,0,0,32.3,Clear,Field C
2022-08-11,01:15,Cow_304,14,0,5,0,32.3,Clear,Field C
2022-08-11,01:15,Cow_305,10,0,7,0,32.3,Clear,Field C
2022-08-11,01:15,Cow_306,11,8,0,0,32.3,Clear,Field B
2022-08-11,01:15,Cow_307,5,5,5,0,32.3,Clear,Field C
2022-08-11,01:15,Cow_308,4,8,3,0,32.3,Clear,Field C
2022-08-11,01:15,Cow_309,7,9,0,0,32.3,Clear,Field A
2022-08-11,01:15,Cow_310,4,5,6,0,32.3,Clear,Field C
2022-08-11,01:15,Cow_311,0,8,8,0,32.3,Clear,Field B
2022-08-11,01:15,Cow_312,0,8,8,0,32.3,Clear,Field C
2022-08-11,01:15,Cow_313,6,4,5,0,32.3,Clear,Field B
2022-08-11,01:15,Cow_314,12,10,0,0,32.3,Clear,Field A
2022-08-11,01:15,Cow_315,13,10,0,0,32.3,Clear,Field C
2022-08-11,01:15,Cow_316,2,6,7,0,32.3,Clear,Field C
2022-08-11,01:15,Cow_317,7,2,6,0,32.3,Clear,Field B
2022-08-11,01:15,Cow_318,8,0,7,0,32.3,Clear,Field A
2022-08-11,01:15,Cow_319,12,3,0,0,32.3,Clear,Field C
2022-08-11,01:15,Cow_320,6,8,1,0,32.3,Clear,Field B
2022-08-11,01:15,Cow_321,13,0,3,0,32.3,Clear,Field B
2022-08-11,01:15,Cow_322,5,7,3,0,32.3,Clear,Field A
2022-08-11,01:15,Cow_323,7,1,7,0,32.3,Clear,Field C
2022-08-11,01:15,Cow_324,0,10,8,0,32.3,Clear,Field C
2022-08-11,01:15,Cow_325,7,5,3,0,32.3,Clear,Field C
2022-08-11,01:15,Cow_326,7,0,8,0,32.3,Clear,Field A
2022-08-11,01:15,Cow_327,6,3,6,0,32.3,Clear,Field C
2022-08-11,01:15,Cow_328,10,0,8,0,32.3,Clear,Field C
2022-08-11,01:15,Cow_329,0,0,0,15,32.3,Clear,Field C
2022-08-11,01:15,Cow_330,2,5,8,0,32.3,Clear,Field B
2022-08-11,01:15,Cow_331,0,9,7,0,32.3,Clear,Field B
2022-08-11,01:15,Cow_332,11,0,8,0,32.3,Clear,Field A
2022-08-11,01:15,Cow_333,6,3,6,0,32.3,Clear,Field B
2022-08-11,01:15,Cow_334,12,3,0,0,32.3,Clear,Field B
2022-08-11,01:15,Cow_335,14,9,0,0,32.3,Clear,Field C
2022-08-11,01:15,Cow_336,5,3,7,0,32.3,Clear,Field C
2022-08-11,01:15,Cow_337,9,5,1,0,32.3,Clear,Field A
2022-08-11,01:15,Cow_338,2,10,3,0,32.3,Clear,Field C
2022-08-11,01:15,Cow_339,8,0,7,0,32.3,Clear,Field B
2022-08-11,01:15,Cow_340,12,0,6,0,32.3,Clear,Field C
2022-08-11,01:15,Cow_341,13,0,6,0,32.3,Clear,Field B
2022-08-11,01:15,Cow_342,7,3,5,0,32.3,Clear,Field C
2022-08-11,01:15,Cow_343,4,3,8,0,32.3,Clear,Field C
2022-08-11,01:15,Cow_344,6,2,7,0,32.3,Clear,Field A
2022-08-11,01:15,Cow_345,13,0,4,0,32.3,Clear,Field B
2022-08-11,01:15,Cow_346,9,0,7,0,32.3,Clear,Field C
2022-08-11,01:15,Cow_347,10,0,7,0,32.3,Clear,Field C
2022-08-11,01:15,Cow_348,11,0,8,0,32.3,Clear,Field B
2022-08-11,01:15,Cow_349,3,5,7,0,32.3,Clear,Field C
2022-08-11,01:15,Cow_350,7,5,3,0,32.3,Clear,Field A
2022-08-11,01:15,Cow_351,1,6,8,0,32.3,Clear,Field B
2022-08-11,01:15,Cow_352,11,3,1,0,32.3,Clear,Field B
2022-08-11,01:15,Cow_353,8,10,0,0,32.3,Clear,Field C
2022-08-11,01:15,Cow_354,9,3,3,0,32.3,Clear,Field A
2022-08-11,01:15,Cow_355,6,2,7,0,32.3,Clear,Field A
2022-08-11,01:15,Cow_356,10,4,1,0,32.3,Clear,Field B
2022-08-11,01:15,Cow_357,7,0,8,0,32.3,Clear,Field B
2022-08-11,01:15,Cow_358,6,9,0,0,32.3,Clear,Field A
2022-08-11,01:15,Cow_359,12,9,0,0,32.3,Clear,Field C
2022-08-11,01:15,Cow_360,5,3,7,0,32.3,Clear,Field C
2022-08-11,01:15,Cow_361,11,5,0,0,32.3,Clear,Field C
2022-08-11,01:15,Cow_362,12,0,3,0,32.3,Clear,Field B
2022-08-11,01:15,Cow_363,0,0,0,15,32.3,Clear,Field A
2022-08-11,01:15,Cow_364,14,0,5,0,32.3,Clear,Field C
2022-08-11,01:15,Cow_365,8,8,0,0,32.3,Clear,Field C
2022-08-11,01:15,Cow_366,13,8,0,0,32.3,Clear,Field A
2022-08-11,01:15,Cow_367,14,10,0,0,32.3,Clear,Field B
2022-08-11,01:15,Cow_368,8,0,8,0,32.3,Clear,Field C
2022-08-11,01:15,Cow_369,4,7,4,0,32.3,Clear,Field B
2022-08-11,01:15,Cow_370,14,7,0,0,32.3,Clear,Field B
2022-08-11,01:15,Cow_371,5,9,1,0,32.3,Clear,Field C
2022-08-11,01:15,Cow_372,2,9,4,0,32.3,Clear,Field C
2022-08-11,01:15,Cow_373,6,5,4,0,32.3,Clear,Field C
2022-08-11,01:15,Cow_374,6,6,3,0,32.3,Clear,Field A
2022-08-11,01:15,Cow_375,4,8,3,0,32.3,Clear,Field C
2022-08-11,01:15,Cow_376,11,7,0,0,32.3,Clear,Field C
2022-08-11,01:15,Cow_377,9,1,5,0,32.3,Clear,Field B
2022-08-11,01:15,Cow_378,9,0,6,0,32.3,Clear,Field A
2022-08-11,01:15,Cow_379,5,7,3,0,32.3,Clear,Field C
2022-08-11,01:15,Cow_380,0,10,8,0,32.3,Clear,Field B
2022-08-11,01:15,Cow_381,2,10,3,0,32.3,Clear,Field C
2022-08-11,01:15,Cow_382,6,5,4,0,32.3,Clear,Field B
2022-08-11,01:15,Cow_383,0,0,0,15,32.3,Clear,Field B
2022-08-11,01:15,Cow_384,13,7,0,0,32.3,Clear,Field B
2022-08-11,01:15,Cow_385,10,3,2,0,32.3,Clear,Field B
2022-08-11,01:15,Cow_386,12,3,0,0,32.3,Clear,Field B
2022-08-11,01:15,Cow_387,11,0,5,0,32.3,Clear,Field B
2022-08-11,01:15,Cow_388,10,0,8,0,32.3,Clear,Field B
2022-08-11,01:15,Cow_389,14,6,0,0,32.3,Clear,Field B
2022-08-11,01:15,Cow_390,9,8,0,0,32.3,Clear,Field A
2022-08-11,01:15,Cow_391,5,7,3,0,32.3,Clear,Field C
2022-08-11,01:15,Cow_392,4,5,6,0,32.3,Clear,Field B
2022-08-11,01:15,Cow_393,13,5,0,0,32.3,Clear,Field C
2022-08-11,01:15,Cow_394,1,6,8,0,32.3,Clear,Field C
2022-08-11,01:15,Cow_395,3,9,3,0,32.3,Clear,Field B
2022-08-11,01:15,Cow_396,3,4,8,0,32.3,Clear,Field A
2022-08-11,01:15,Cow_397,5,6,4,0,32.3,Clear,Field C
2022-08-11,01:15,Cow_398,7,5,3,0,32.3,Clear,Field B
2022-08-11,01:15,Cow_399,12,0,3,0,32.3,Clear,Field A
2022-08-11,01:15,Cow_400,5,3,7,0,32.3,Clear,Field C
2022-08-11,01:15,Cow_401,3,8,4,0,32.3,Clear,Field C
2022-08-11,01:15,Cow_402,6,4,5,0,32.3,Clear,Field B
2022-08-11,01:15,Cow_403,1,6,8,0,32.3,Clear,Field B
2022-08-11,01:15,Cow_404,14,4,0,0,32.3,Clear,Field A
2022-08-11,01:15,Cow_405,13,5,0,0,32.3,Clear,Field B
2022-08-11,01:15,Cow_406,12,0,8,0,32.3,Clear,Field A
2022-08-11,01:15,Cow_407,4,6,5,0,32.3,Clear,Field C
2022-08-11,01:15,Cow_408,5,3,7,0,32.3,Clear,Field B
2022-08-11,01:15,Cow_409,13,5,0,0,32.3,Clear,Field A
2022-08-11,01:15,Cow_410,11,3,1,0,32.3,Clear,Field C
2022-08-11,01:15,Cow_411,12,8,0,0,32.3,Clear,Field B
2022-08-11,01:15,Cow_412,13,3,0,0,32.3,Clear,Field A
2022-08-11,01:15,Cow_413,13,0,3,0,32.3,Clear,Field C
2022-08-11,01:15,Cow_414,11,0,7,0,32.3,Clear,Field B
2022-08-11,01:15,Cow_415,3,4,8,0,32.3,Clear,Field B
2022-08-11,01:15,Cow_416,5,10,0,0,32.3,Clear,Field A
2022-08-11,01:15,Cow_417,1,6,8,0,32.3,Clear,Field B
2022-08-11,01:15,Cow_418,1,9,5,0,32.3,Clear,Field C
2022-08-11,01:15,Cow_419,0,9,6,0,32.3,Clear,Field A
2022-08-11,01:15,Cow_420,5,2,8,0,32.3,Clear,Field A
2022-08-11,01:15,Cow_421,6,5,4,0,32.3,Clear,Field C
2022-08-11,01:15,Cow_422,1,6,8,0,32.3,Clear,Field A
2022-08-11,01:15,Cow_423,14,0,6,0,32.3,Clear,Field A
2022-08-11,01:15,Cow_424,11,1,3,0,32.3,Clear,Field A
2022-08-11,01:15,Cow_425,14,6,0,0,32.3,Clear,Field A
2022-08-11,01:15,Cow_426,10,0,7,0,32.3,Clear,Field C
2022-08-11,01:15,Cow_427,12,0,5,0,32.3,Clear,Field C
2022-08-11,01:15,Cow_428,3,5,7,0,32.3,Clear,Field B
2022-08-11,01:15,Cow_429,8,3,4,0,32.3,Clear,Field B
2022-08-11,01:15,Cow_430,7,4,4,0,32.3,Clear,Field B
2022-08-11,01:15,Cow_431,0,8,8,0,32.3,Clear,Field A
2022-08-11,01:15,Cow_432,7,2,6,0,32.3,Clear,Field B
2022-08-11,01:15,Cow_433,2,10,3,0,32.3,Clear,Field B
2022-08-11,01:15,Cow_434,4,4,7,0,32.3,Clear,Field A
2022-08-11,01:15,Cow_435,10,0,6,0,32.3,Clear,Field C
2022-08-11,01:15,Cow_436,6,3,6,0,32.3,Clear,Field A
2022-08-11,01:15,Cow_437,0,0,0,15,32.3,Clear,Field A
2022-08-11,01:15,Cow_438,5,4,6,0,32.3,Clear,Field A
2022-08-11,01:15,Cow_439,1,10,4,0,32.3,Clear,Field C
2022-08-11,01:15,Cow_440,10,0,8,0,32.3,Clear,Field B
2022-08-11,01:15,Cow_441,8,5,2,0,32.3,Clear,Field C
2022-08-11,01:15,Cow_442,5,5,5,0,32.3,Clear,Field C
2022-08-11,01:15,Cow_443,3,7,5,0,32.3,Clear,Field C
2022-08-11,01:15,Cow_444,5,6,4,0,32.3,Clear,Field A
2022-08-11,01:15,Cow_445,14,0,6,0,32.3,Clear,Field C
2022-08-11,01:15,Cow_446,1,7,7,0,32.3,Clear,Field A
2022-08-11,01:15,Cow_447,7,3,5,0,32.3,Clear,Field C
2022-08-11,01:15,Cow_448,13,3,0,0,32.3,Clear,Field C
2022-08-11,01:15,Cow_449,13,7,0,0,32.3,Clear,Field B
2022-08-11,01:15,Cow_450,5,5,5,0,32.3,Clear,Field A
2022-08-11,01:15,Cow_451,0,7,8,0,32.3,Clear,Field C
2022-08-11,01:15,Cow_452,11,3,1,0,32.3,Clear,Field A
2022-08-11,01:15,Cow_453,0,0,0,15,32.3,Clear,Field C
2022-08-11,01:15,Cow_454,12,0,4,0,32.3,Clear,Field B
2022-08-11,01:15,Cow_455,5,6,4,0,32.3,Clear,Field A
2022-08-11,01:15,Cow_456,0,0,0,15,32.3,Clear,Field C
2022-08-11,01:15,Cow_457,0,8,8,0,32.3,Clear,Field B
2022-08-11,01:15,Cow_458,10,0,7,0,32.3,Clear,Field B
2022-08-11,01:15,Cow_459,3,8,4,0,32.3,Clear,Field B
2022-08-11,01:15,Cow_460,3,7,5,0,32.3,Clear,Field B
2022-08-11,01:15,Cow_461,10,4,1,0,32.3,Clear,Field B
2022-08-11,01:15,Cow_462,14,0,8,0,32.3,Clear,Field A
2022-08-11,01:15,Cow_463,4,5,6,0,32.3,Clear,Field B
2022-08-11,01:15,Cow_464,9,9,0,0,32.3,Clear,Field A
2022-08-11,01:15,Cow_465,13,8,0,0,32.3,Clear,Field A
2022-08-11,01:15,Cow_466,12,0,8,0,32.3,Clear,Field A
2022-08-11,01:15,Cow_467,6,6,3,0,32.3,Clear,Field B
2022-08-11,01:15,Cow_468,5,5,5,0,32.3,Clear,Field A
2022-08-11,01:15,Cow_469,0,8,7,0,32.3,Clear,Field C
2022-08-11,01:15,Cow_470,2,5,8,0,32.3,Clear,Field B
2022-08-11,01:15,Cow_471,10,2,3,0,32.3,Clear,Field C
2022-08-11,01:15,Cow_472,6,9,0,0,32.3,Clear,Field A
2022-08-11,01:15,Cow_473,9,0,6,0,32.3,Clear,Field C
2022-08-11,01:15,Cow_474,0,9,8,0,32.3,Clear,Field A
2022-08-11,01:15,Cow_475,10,5,0,0,32.3,Clear,Field B
2022-08-11,01:15,Cow_476,10,2,3,0,32.3,Clear,Field C
2022-08-11,01:15,Cow_477,7,5,3,0,32.3,Clear,Field A
2022-08-11,01:15,Cow_478,4,8,3,0,32.3,Clear,Field C
2022-08-11,01:15,Cow_479,5,4,6,0,32.3,Clear,Field A
2022-08-11,01:15,Cow_480,5,7,3,0,32.3,Clear,Field B
2022-08-11,01:15,Cow_481,0,0,0,15,32.3,Clear,Field B
2022-08-11,01:15,Cow_482,10,5,0,0,32.3,Clear,Field A
2022-08-11,01:15,Cow_483,3,4,8,0,32.3,Clear,Field C
2022-08-11,01:15,Cow_484,7,10,0,0,32.3,Clear,Field A
2022-08-11,01:15,Cow_485,14,8,0,0,32.3,Clear,Field A
2022-08-11,01:15,Cow_486,10,0,5,0,32.3,Clear,Field B
2022-08-11,01:15,Cow_487,14,6,0,0,32.3,Clear,Field A
2022-08-11,01:15,Cow_488,6,5,4,0,32.3,Clear,Field C
2022-08-11,01:15,Cow_489,13,0,8,0,32.3,Clear,Field C
2022-08-11,01:15,Cow_490,2,5,8,0,32.3,Clear,Field A
2022-08-11,01:15,Cow_491,7,5,3,0,32.3,Clear,Field B
2022-08-11,01:15,Cow_492,0,0,0,15,32.3,Clear,Field B
2022-08-11,01:15,Cow_493,11,9,0,0,32.3,Clear,Field A
2022-08-11,01:15,Cow_494,11,5,0,0,32.3,Clear,Field A
2022-08-11,01:15,Cow_495,7,3,5,0,32.3,Clear,Field A
2022-08-11,01:15,Cow_496,14,10,0,0,32.3,Clear,Field A
2022-08-11,01:15,Cow_497,12,0,8,0,32.3,Clear,Field A
2022-08-11,01:15,Cow_498,8,0,7,0,32.3,Clear,Field A
2022-08-11,01:15,Cow_499,11,0,8,0,32.3,Clear,Field A
2022-08-11,01:15,Cow_500,13,7,0,0,32.3,Clear,Field A
2022-08-11,01:30,Cow_1,4,3,8,0,35.0,Clear,Field A
2022-08-11,01:30,Cow_2,9,3,3,0,35.0,Clear,Field A
2022-08-11,01:30,Cow_3,9,0,7,0,35.0,Clear,Field B
2022-08-11,01:30,Cow_4,9,8,0,0,35.0,Clear,Field B
2022-08-11,01:30,Cow_5,9,7,0,0,35.0,Clear,Field B
2022-08-11,01:30,Cow_6,6,2,7,0,35.0,Clear,Field C
2022-08-11,01:30,Cow_7,0,8,8,0,35.0,Clear,Field C
2022-08-11,01:30,Cow_8,8,4,3,0,35.0,Clear,Field C
2022-08-11,01:30,Cow_9,8,4,3,0,35.0,Clear,Field A
2022-08-11,01:30,Cow_10,4,7,4,0,35.0,Clear,Field A
2022-08-11,01:30,Cow_11,6,5,4,0,35.0,Clear,Field A
2022-08-11,01:30,Cow_12,8,3,4,0,35.0,Clear,Field A
2022-08-11,01:30,Cow_13,4,8,3,0,35.0,Clear,Field C
2022-08-11,01:30,Cow_14,6,6,3,0,35.0,Clear,Field A
2022-08-11,01:30,Cow_15,11,0,4,0,35.0,Clear,Field B
2022-08-11,01:30,Cow_16,9,10,0,0,35.0,Clear,Field A
2022-08-11,01:30,Cow_17,0,0,0,15,35.0,Clear,Field A
2022-08-11,01:30,Cow_18,15,0,8,0,35.0,Clear,Field C
2022-08-11,01:30,Cow_19,14,8,0,0,35.0,Clear,Field C
2022-08-11,01:30,Cow_20,14,0,4,0,35.0,Clear,Field A
2022-08-11,01:30,Cow_21,9,0,8,0,35.0,Clear,Field C
2022-08-11,01:30,Cow_22,13,5,0,0,35.0,Clear,Field C
2022-08-11,01:30,Cow_23,11,0,5,0,35.0,Clear,Field B
2022-08-11,01:30,Cow_24,5,6,4,0,35.0,Clear,Field C
2022-08-11,01:30,Cow_25,8,4,3,0,35.0,Clear,Field C
2022-08-11,01:30,Cow_26,12,0,3,0,35.0,Clear,Field C
2022-08-11,01:30,Cow_27,12,4,0,0,35.0,Clear,Field C
2022-08-11,01:30,Cow_28,5,7,3,0,35.0,Clear,Field A
2022-08-11,01:30,Cow_29,8,0,7,0,35.0,Clear,Field A
2022-08-11,01:30,Cow_30,3,4,8,0,35.0,Clear,Field A
2022-08-11,01:30,Cow_31,8,5,2,0,35.0,Clear,Field A
2022-08-11,01:30,Cow_32,11,10,0,0,35.0,Clear,Field C
2022-08-11,01:30,Cow_33,8,3,4,0,35.0,Clear,Field A
2022-08-11,01:30,Cow_34,13,0,8,0,35.0,Clear,Field B
2022-08-11,01:30,Cow_35,6,2,7,0,35.0,Clear,Field A
2022-08-11,01:30,Cow_36,7,3,5,0,35.0,Clear,Field A
2022-08-11,01:30,Cow_37,12,0,8,0,35.0,Clear,Field A
2022-08-11,01:30,Cow_38,9,0,7,0,35.0,Clear,Field B
2022-08-11,01:30,Cow_39,7,4,4,0,35.0,Clear,Field B
2022-08-11,01:30,Cow_40,7,0,8,0,35.0,Clear,Field B
2022-08-11,01:30,Cow_41,2,6,7,0,35.0,Clear,Field A
2022-08-11,01:30,Cow_42,14,0,5,0,35.0,Clear,Field C
2022-08-11,01:30,Cow_43,7,1,7,0,35.0,Clear,Field B
2022-08-11,01:30,Cow_44,14,0,6,0,35.0,Clear,Field C
2022-08-11,01:30,Cow_45,0,0,0,15,35.0,Clear,Field B
2022-08-11,01:30,Cow_46,7,10,0,0,35.0,Clear,Field C
2022-08-11,01:30,Cow_47,13,0,5,0,35.0,Clear,Field C
2022-08-11,01:30,Cow_48,6,2,7,0,35.0,Clear,Field A
2022-08-11,01:30,Cow_49,1,8,6,0,35.0,Clear,Field C
2022-08-11,01:30,Cow_50,14,0,6,0,35.0,Clear,Field A
2022-08-11,01:30,Cow_51,7,5,3,0,35.0,Clear,Field B
2022-08-11,01:30,Cow_52,8,1,6,0,35.0,Clear,Field C
2022-08-11,01:30,Cow_53,5,6,4,0,35.0,Clear,Field A
2022-08-11,01:30,Cow_54,6,10,0,0,35.0,Clear,Field C
2022-08-11,01:30,Cow_55,11,0,7,0,35.0,Clear,Field A
2022-08-11,01:30,Cow_56,2,6,7,0,35.0,Clear,Field C
2022-08-11,01:30,Cow_57,6,4,5,0,35.0,Clear,Field B
2022-08-11,01:30,Cow_58,5,7,3,0,35.0,Clear,Field B
2022-08-11,01:30,Cow_59,0,7,8,0,35.0,Clear,Field A
2022-08-11,01:30,Cow_60,11,0,8,0,35.0,Clear,Field A
2022-08-11,01:30,Cow_61,9,7,0,0,35.0,Clear,Field C
2022-08-11,01:30,Cow_62,4,6,5,0,35.0,Clear,Field B
2022-08-11,01:30,Cow_63,4,5,6,0,35.0,Clear,Field A
2022-08-11,01:30,Cow_64,0,10,8,0,35.0,Clear,Field C
2022-08-11,01:30,Cow_65,8,10,0,0,35.0,Clear,Field B
2022-08-11,01:30,Cow_66,10,0,8,0,35.0,Clear,Field B
2022-08-11,01:30,Cow_67,7,10,0,0,35.0,Clear,Field C
2022-08-11,01:30,Cow_68,6,6,3,0,35.0,Clear,Field B
2022-08-11,01:30,Cow_69,12,7,0,0,35.0,Clear,Field A
2022-08-11,01:30,Cow_70,10,2,3,0,35.0,Clear,Field C
2022-08-11,01:30,Cow_71,14,0,4,0,35.0,Clear,Field B
2022-08-11,01:30,Cow_72,12,8,0,0,35.0,Clear,Field A
2022-08-11,01:30,Cow_73,13,3,0,0,35.0,Clear,Field A
2022-08-11,01:30,Cow_74,13,0,7,0,35.0,Clear,Field A
2022-08-11,01:30,Cow_75,12,3,0,0,35.0,Clear,Field A
2022-08-11,01:30,Cow_76,10,5,0,0,35.0,Clear,Field C
2022-08-11,01:30,Cow_77,8,0,8,0,35.0,Clear,Field A
2022-08-11,01:30,Cow_78,0,8,7,0,35.0,Clear,Field C
2022-08-11,01:30,Cow_79,7,6,2,0,35.0,Clear,Field C
2022-08-11,01:30,Cow_80,7,4,4,0,35.0,Clear,Field C
2022-08-11,01:30,Cow_81,3,4,8,0,35.0,Clear,Field A
2022-08-11,01:30,Cow_82,5,6,4,0,35.0,Clear,Field C
2022-08-11,01:30,Cow_83,12,0,6,0,35.0,Clear,Field C
2022-08-11,01:30,Cow_84,6,10,0,0,35.0,Clear,Field B
2022-08-11,01:30,Cow_85,7,5,3,0,35.0,Clear,Field B
2022-08-11,01:30,Cow_86,5,9,1,0,35.0,Clear,Field A
2022-08-11,01:30,Cow_87,11,0,5,0,35.0,Clear,Field A
2022-08-11,01:30,Cow_88,4,8,3,0,35.0,Clear,Field C
2022-08-11,01:30,Cow_89,7,4,4,0,35.0,Clear,Field B
2022-08-11,01:30,Cow_90,0,10,5,0,35.0,Clear,Field A
2022-08-11,01:30,Cow_91,8,8,0,0,35.0,Clear,Field C
2022-08-11,01:30,Cow_92,0,0,0,15,35.0,Clear,Field A
2022-08-11,01:30,Cow_93,0,0,0,15,35.0,Clear,Field A
2022-08-11,01:30,Cow_94,7,5,3,0,35.0,Clear,Field B
2022-08-11,01:30,Cow_95,8,0,8,0,35.0,Clear,Field A
2022-08-11,01:30,Cow_96,7,2,6,0,35.0,Clear,Field A
2022-08-11,01:30,Cow_97,10,5,0,0,35.0,Clear,Field B
2022-08-11,01:30,Cow_98,7,5,3,0,35.0,Clear,Field B
2022-08-11,01:30,Cow_99,8,4,3,0,35.0,Clear,Field C
2022-08-11,01:30,Cow_100,0,0,0,15,35.0,Clear,Field C
2022-08-11,01:30,Cow_101,7,4,4,0,35.0,Clear,Field A
2022-08-11,01:30,Cow_102,7,3,5,0,35.0,Clear,Field B
2022-08-11,01:30,Cow_103,14,7,0,0,35.0,Clear,Field A
2022-08-11,01:30,Cow_104,7,4,4,0,35.0,Clear,Field C
2022-08-11,01:30,Cow_105,0,0,0,15,35.0,Clear,Field C
2022-08-11,01:30,Cow_106,7,10,0,0,35.0,Clear,Field A
2022-08-11,01:30,Cow_107,4,4,7,0,35.0,Clear,Field B
2022-08-11,01:30,Cow_108,9,0,6,0,35.0,Clear,Field B
2022-08-11,01:30,Cow_109,8,2,5,0,35.0,Clear,Field B
2022-08-11,01:30,Cow_110,6,6,3,0,35.0,Clear,Field C
2022-08-11,01:30,Cow_111,1,9,5,0,35.0,Clear,Field B
2022-08-11,01:30,Cow_112,1,10,4,0,35.0,Clear,Field A
2022-08-11,01:30,Cow_113,7,4,4,0,35.0,Clear,Field B
2022-08-11,01:30,Cow_114,2,9,4,0,35.0,Clear,Field C
2022-08-11,01:30,Cow_115,10,0,8,0,35.0,Clear,Field B
2022-08-11,01:30,Cow_116,5,6,4,0,35.0,Clear,Field C
2022-08-11,01:30,Cow_117,11,9,0,0,35.0,Clear,Field B
2022-08-11,01:30,Cow_118,13,5,0,0,35.0,Clear,Field B
2022-08-11,01:30,Cow_119,10,7,0,0,35.0,Clear,Field A
2022-08-11,01:30,Cow_120,0,0,0,15,35.0,Clear,Field A
2022-08-11,01:30,Cow_121,6,3,6,0,35.0,Clear,Field A
2022-08-11,01:30,Cow_122,7,4,4,0,35.0,Clear,Field A
2022-08-11,01:30,Cow_123,8,2,5,0,35.0,Clear,Field C
2022-08-11,01:30,Cow_124,6,6,3,0,35.0,Clear,Field C
2022-08-11,01:30,Cow_125,6,3,6,0,35.0,Clear,Field A
2022-08-11,01:30,Cow_126,12,0,7,0,35.0,Clear,Field B
2022-08-11,01:30,Cow_127,3,5,7,0,35.0,Clear,Field C
2022-08-11,01:30,Cow_128,8,3,4,0,35.0,Clear,Field A
2022-08-11,01:30,Cow_129,8,3,4,0,35.0,Clear,Field B
2022-08-11,01:30,Cow_130,5,4,6,0,35.0,Clear,Field A
2022-08-11,01:30,Cow_131,0,0,0,15,35.0,Clear,Field C
2022-08-11,01:30,Cow_132,8,10,0,0,35.0,Clear,Field A
2022-08-11,01:30,Cow_133,6,4,5,0,35.0,Clear,Field C
2022-08-11,01:30,Cow_134,0,0,0,15,35.0,Clear,Field C
2022-08-11,01:30,Cow_135,0,8,8,0,35.0,Clear,Field A
2022-08-11,01:30,Cow_136,5,6,4,0,35.0,Clear,Field C
2022-08-11,01:30,Cow_137,12,0,3,0,35.0,Clear,Field A
2022-08-11,01:30,Cow_138,5,4,6,0,35.0,Clear,Field B
2022-08-11,01:30,Cow_139,7,3,5,0,35.0,Clear,Field A
2022-08-11,01:30,Cow_140,4,8,3,0,35.0,Clear,Field A
2022-08-11,01:30,Cow_141,10,3,2,0,35.0,Clear,Field A
2022-08-11,01:30,Cow_142,12,0,6,0,35.0,Clear,Field C
2022-08-11,01:30,Cow_143,14,0,8,0,35.0,Clear,Field B
2022-08-11,01:30,Cow_144,14,10,0,0,35.0,Clear,Field B
2022-08-11,01:30,Cow_145,8,4,3,0,35.0,Clear,Field C
2022-08-11,01:30,Cow_146,8,3,4,0,35.0,Clear,Field B
2022-08-11,01:30,Cow_147,0,0,0,15,35.0,Clear,Field C
2022-08-11,01:30,Cow_148,12,0,8,0,35.0,Clear,Field B
2022-08-11,01:30,Cow_149,14,0,7,0,35.0,Clear,Field B
2022-08-11,01:30,Cow_150,13,8,0,0,35.0,Clear,Field C
2022-08-11,01:30,Cow_151,8,10,0,0,35.0,Clear,Field A
2022-08-11,01:30,Cow_152,10,8,0,0,35.0,Clear,Field C
2022-08-11,01:30,Cow_153,3,4,8,0,35.0,Clear,Field B
2022-08-11,01:30,Cow_154,4,8,3,0,35.0,Clear,Field C
2022-08-11,01:30,Cow_155,7,4,4,0,35.0,Clear,Field C
2022-08-11,01:30,Cow_156,2,8,5,0,35.0,Clear,Field A
2022-08-11,01:30,Cow_157,5,6,4,0,35.0,Clear,Field B
2022-08-11,01:30,Cow_158,0,0,0,15,35.0,Clear,Field C
2022-08-11,01:30,Cow_159,4,5,6,0,35.0,Clear,Field C
2022-08-11,01:30,Cow_160,3,9,3,0,35.0,Clear,Field C
2022-08-11,01:30,Cow_161,12,0,4,0,35.0,Clear,Field B
2022-08-11,01:30,Cow_162,5,10,0,0,35.0,Clear,Field A
2022-08-11,01:30,Cow_163,12,4,0,0,35.0,Clear,Field A
2022-08-11,01:30,Cow_164,10,0,5,0,35.0,Clear,Field A
2022-08-11,01:30,Cow_165,12,8,0,0,35.0,Clear,Field B
2022-08-11,01:30,Cow_166,8,4,3,0,35.0,Clear,Field B
2022-08-11,01:30,Cow_167,10,4,1,0,35.0,Clear,Field A
2022-08-11,01:30,Cow_168,5,6,4,0,35.0,Clear,Field A
2022-08-11,01:30,Cow_169,3,4,8,0,35.0,Clear,Field A
2022-08-11,01:30,Cow_170,10,5,0,0,35.0,Clear,Field A
2022-08-11,01:30,Cow_171,11,1,3,0,35.0,Clear,Field A
2022-08-11,01:30,Cow_172,14,9,0,0,35.0,Clear,Field A
2022-08-11,01:30,Cow_173,8,4,3,0,35.0,Clear,Field B
2022-08-11,01:30,Cow_174,13,0,9,0,35.0,Clear,Field A
2022-08-11,01:30,Cow_175,6,4,5,0,35.0,Clear,Field A
2022-08-11,01:30,Cow_176,13,0,7,0,35.0,Clear,Field C
2022-08-11,01:30,Cow_177,10,1,4,0,35.0,Clear,Field C
2022-08-11,01:30,Cow_178,0,0,0,15,35.0,Clear,Field C
2022-08-11,01:30,Cow_179,6,4,5,0,35.0,Clear,Field B
2022-08-11,01:30,Cow_180,11,7,0,0,35.0,Clear,Field A
2022-08-11,01:30,Cow_181,8,6,1,0,35.0,Clear,Field B
2022-08-11,01:30,Cow_182,6,6,3,0,35.0,Clear,Field C
2022-08-11,01:30,Cow_183,9,10,0,0,35.0,Clear,Field B
2022-08-11,01:30,Cow_184,14,0,7,0,35.0,Clear,Field C
2022-08-11,01:30,Cow_185,1,6,8,0,35.0,Clear,Field C
2022-08-11,01:30,Cow_186,11,0,6,0,35.0,Clear,Field A
2022-08-11,01:30,Cow_187,10,0,7,0,35.0,Clear,Field A
2022-08-11,01:30,Cow_188,8,6,1,0,35.0,Clear,Field A
2022-08-11,01:30,Cow_189,7,0,8,0,35.0,Clear,Field A
2022-08-11,01:30,Cow_190,0,9,8,0,35.0,Clear,Field C
2022-08-11,01:30,Cow_191,14,0,5,0,35.0,Clear,Field B
2022-08-11,01:30,Cow_192,10,0,7,0,35.0,Clear,Field A
2022-08-11,01:30,Cow_193,5,4,6,0,35.0,Clear,Field B
2022-08-11,01:30,Cow_194,10,3,2,0,35.0,Clear,Field A
2022-08-11,01:30,Cow_195,0,0,0,15,35.0,Clear,Field B
2022-08-11,01:30,Cow_196,1,7,7,0,35.0,Clear,Field A
2022-08-11,01:30,Cow_197,8,3,4,0,35.0,Clear,Field A
2022-08-11,01:30,Cow_198,7,2,6,0,35.0,Clear,Field A
2022-08-11,01:30,Cow_199,1,9,5,0,35.0,Clear,Field B
2022-08-11,01:30,Cow_200,14,0,3,0,35.0,Clear,Field A
2022-08-11,01:30,Cow_201,4,3,8,0,35.0,Clear,Field C
2022-08-11,01:30,Cow_202,7,0,8,0,35.0,Clear,Field A
2022-08-11,01:30,Cow_203,0,0,0,15,35.0,Clear,Field C
2022-08-11,01:30,Cow_204,3,6,6,0,35.0,Clear,Field A
2022-08-11,01:30,Cow_205,10,7,0,0,35.0,Clear,Field A
2022-08-11,01:30,Cow_206,9,5,1,0,35.0,Clear,Field A
2022-08-11,01:30,Cow_207,2,9,4,0,35.0,Clear,Field C
2022-08-11,01:30,Cow_208,14,8,0,0,35.0,Clear,Field B
2022-08-11,01:30,Cow_209,14,0,7,0,35.0,Clear,Field C
2022-08-11,01:30,Cow_210,10,9,0,0,35.0,Clear,Field B
2022-08-11,01:30,Cow_211,1,8,6,0,35.0,Clear,Field A
2022-08-11,01:30,Cow_212,11,0,5,0,35.0,Clear,Field C
2022-08-11,01:30,Cow_213,9,3,3,0,35.0,Clear,Field B
2022-08-11,01:30,Cow_214,1,9,5,0,35.0,Clear,Field B
2022-08-11,01:30,Cow_215,13,0,4,0,35.0,Clear,Field B
2022-08-11,01:30,Cow_216,0,0,0,15,35.0,Clear,Field B
2022-08-11,01:30,Cow_217,11,0,5,0,35.0,Clear,Field A
2022-08-11,01:30,Cow_218,13,0,8,0,35.0,Clear,Field A
2022-08-11,01:30,Cow_219,7,5,3,0,35.0,Clear,Field A
2022-08-11,01:30,Cow_220,14,0,8,0,35.0,Clear,Field C
2022-08-11,01:30,Cow_221,0,0,0,15,35.0,Clear,Field C
2022-08-11,01:30,Cow_222,6,8,1,0,35.0,Clear,Field A
2022-08-11,01:30,Cow_223,5,6,4,0,35.0,Clear,Field A
2022-08-11,01:30,Cow_224,0,7,8,0,35.0,Clear,Field C
2022-08-11,01:30,Cow_225,7,5,3,0,35.0,Clear,Field B
2022-08-11,01:30,Cow_226,2,5,8,0,35.0,Clear,Field B
2022-08-11,01:30,Cow_227,7,5,3,0,35.0,Clear,Field C
2022-08-11,01:30,Cow_228,5,6,4,0,35.0,Clear,Field A
2022-08-11,01:30,Cow_229,9,3,3,0,35.0,Clear,Field C
2022-08-11,01:30,Cow_230,6,6,3,0,35.0,Clear,Field B
2022-08-11,01:30,Cow_231,2,6,7,0,35.0,Clear,Field B
2022-08-11,01:30,Cow_232,9,3,3,0,35.0,Clear,Field C
2022-08-11,01:30,Cow_233,0,10,8,0,35.0,Clear,Field C
2022-08-11,01:30,Cow_234,7,4,4,0,35.0,Clear,Field B
2022-08-11,01:30,Cow_235,5,8,2,0,35.0,Clear,Field A
2022-08-11,01:30,Cow_236,1,7,7,0,35.0,Clear,Field A
2022-08-11,01:30,Cow_237,10,5,0,0,35.0,Clear,Field C
2022-08-11,01:30,Cow_238,14,9,0,0,35.0,Clear,Field C
2022-08-11,01:30,Cow_239,0,10,6,0,35.0,Clear,Field A
2022-08-11,01:30,Cow_240,6,4,5,0,35.0,Clear,Field B
2022-08-11,01:30,Cow_241,6,10,0,0,35.0,Clear,Field B
2022-08-11,01:30,Cow_242,9,5,1,0,35.0,Clear,Field B
2022-08-11,01:30,Cow_243,10,0,7,0,35.0,Clear,Field C
2022-08-11,01:30,Cow_244,5,9,1,0,35.0,Clear,Field A
2022-08-11,01:30,Cow_245,8,0,7,0,35.0,Clear,Field A
2022-08-11,01:30,Cow_246,1,9,5,0,35.0,Clear,Field C
2022-08-11,01:30,Cow_247,4,3,8,0,35.0,Clear,Field C
2022-08-11,01:30,Cow_248,6,4,5,0,35.0,Clear,Field A
2022-08-11,01:30,Cow_249,0,0,0,15,35.0,Clear,Field A
2022-08-11,01:30,Cow_250,0,0,0,15,35.0,Clear,Field A
2022-08-11,01:30,Cow_251,13,10,0,0,35.0,Clear,Field C
2022-08-11,01:30,Cow_252,0,11,7,0,35.0,Clear,Field A
2022-08-11,01:30,Cow_253,12,7,0,0,35.0,Clear,Field A
2022-08-11,01:30,Cow_254,5,7,3,0,35.0,Clear,Field B
2022-08-11,01:30,Cow_255,0,10,7,0,35.0,Clear,Field B
2022-08-11,01:30,Cow_256,5,3,7,0,35.0,Clear,Field A
2022-08-11,01:30,Cow_257,5,10,0,0,35.0,Clear,Field A
2022-08-11,01:30,Cow_258,9,10,0,0,35.0,Clear,Field C
2022-08-11,01:30,Cow_259,6,7,2,0,35.0,Clear,Field C
2022-08-11,01:30,Cow_260,9,8,0,0,35.0,Clear,Field A
2022-08-11,01:30,Cow_261,14,9,0,0,35.0,Clear,Field A
2022-08-11,01:30,Cow_262,14,0,5,0,35.0,Clear,Field C
2022-08-11,01:30,Cow_263,2,8,5,0,35.0,Clear,Field A
2022-08-11,01:30,Cow_264,8,4,3,0,35.0,Clear,Field B
2022-08-11,01:30,Cow_265,9,6,0,0,35.0,Clear,Field A
2022-08-11,01:30,Cow_266,13,0,7,0,35.0,Clear,Field A
2022-08-11,01:30,Cow_267,5,2,8,0,35.0,Clear,Field A
2022-08-11,01:30,Cow_268,5,4,6,0,35.0,Clear,Field C
2022-08-11,01:30,Cow_269,5,6,4,0,35.0,Clear,Field B
2022-08-11,01:30,Cow_270,5,4,6,0,35.0,Clear,Field B
2022-08-11,01:30,Cow_271,5,6,4,0,35.0,Clear,Field A
2022-08-11,01:30,Cow_272,5,3,7,0,35.0,Clear,Field C
2022-08-11,01:30,Cow_273,5,7,3,0,35.0,Clear,Field B
2022-08-11,01:30,Cow_274,11,6,0,0,35.0,Clear,Field B
2022-08-11,01:30,Cow_275,14,4,0,0,35.0,Clear,Field B
2022-08-11,01:30,Cow_276,6,5,4,0,35.0,Clear,Field B
2022-08-11,01:30,Cow_277,6,5,4,0,35.0,Clear,Field B
2022-08-11,01:30,Cow_278,0,10,5,0,35.0,Clear,Field A
2022-08-11,01:30,Cow_279,10,6,0,0,35.0,Clear,Field C
2022-08-11,01:30,Cow_280,8,10,0,0,35.0,Clear,Field B
2022-08-11,01:30,Cow_281,14,0,4,0,35.0,Clear,Field A
2022-08-11,01:30,Cow_282,5,6,4,0,35.0,Clear,Field B
2022-08-11,01:30,Cow_283,2,6,7,0,35.0,Clear,Field C
2022-08-11,01:30,Cow_284,12,0,3,0,35.0,Clear,Field A
2022-08-11,01:30,Cow_285,12,0,8,0,35.0,Clear,Field B
2022-08-11,01:30,Cow_286,9,3,3,0,35.0,Clear,Field B
2022-08-11,01:30,Cow_287,12,0,7,0,35.0,Clear,Field B
2022-08-11,01:30,Cow_288,9,6,0,0,35.0,Clear,Field C
2022-08-11,01:30,Cow_289,6,2,7,0,35.0,Clear,Field B
2022-08-11,01:30,Cow_290,1,6,8,0,35.0,Clear,Field B
2022-08-11,01:30,Cow_291,3,9,3,0,35.0,Clear,Field A
2022-08-11,01:30,Cow_292,8,3,4,0,35.0,Clear,Field A
2022-08-11,01:30,Cow_293,8,3,4,0,35.0,Clear,Field B
2022-08-11,01:30,Cow_294,2,7,6,0,35.0,Clear,Field C
2022-08-11,01:30,Cow_295,13,0,3,0,35.0,Clear,Field C
2022-08-11,01:30,Cow_296,6,6,3,0,35.0,Clear,Field B
2022-08-11,01:30,Cow_297,11,9,0,0,35.0,Clear,Field B
2022-08-11,01:30,Cow_298,5,7,3,0,35.0,Clear,Field A
2022-08-11,01:30,Cow_299,3,5,7,0,35.0,Clear,Field C
2022-08-11,01:30,Cow_300,7,5,3,0,35.0,Clear,Field C
2022-08-11,01:30,Cow_301,12,0,8,0,35.0,Clear,Field B
2022-08-11,01:30,Cow_302,1,9,5,0,35.0,Clear,Field B
2022-08-11,01:30,Cow_303,14,8,0,0,35.0,Clear,Field B
2022-08-11,01:30,Cow_304,10,9,0,0,35.0,Clear,Field C
2022-08-11,01:30,Cow_305,9,8,0,0,35.0,Clear,Field A
2022-08-11,01:30,Cow_306,5,9,1,0,35.0,Clear,Field C
2022-08-11,01:30,Cow_307,10,0,8,0,35.0,Clear,Field C
2022-08-11,01:30,Cow_308,4,6,5,0,35.0,Clear,Field B
2022-08-11,01:30,Cow_309,10,0,6,0,35.0,Clear,Field B
2022-08-11,01:30,Cow_310,6,4,5,0,35.0,Clear,Field A
2022-08-11,01:30,Cow_311,0,7,8,0,35.0,Clear,Field A
2022-08-11,01:30,Cow_312,0,0,0,15,35.0,Clear,Field A
2022-08-11,01:30,Cow_313,14,0,8,0,35.0,Clear,Field B
2022-08-11,01:30,Cow_314,0,10,5,0,35.0,Clear,Field C
2022-08-11,01:30,Cow_315,12,3,0,0,35.0,Clear,Field A
2022-08-11,01:30,Cow_316,12,3,0,0,35.0,Clear,Field B
2022-08-11,01:30,Cow_317,8,8,0,0,35.0,Clear,Field C
2022-08-11,01:30,Cow_318,5,5,5,0,35.0,Clear,Field C
2022-08-11,01:30,Cow_319,10,7,0,0,35.0,Clear,Field B
2022-08-11,01:30,Cow_320,12,0,5,0,35.0,Clear,Field C
2022-08-11,01:30,Cow_321,10,0,7,0,35.0,Clear,Field C
2022-08-11,01:30,Cow_322,5,8,2,0,35.0,Clear,Field B
2022-08-11,01:30,Cow_323,12,10,0,0,35.0,Clear,Field C
2022-08-11,01:30,Cow_324,14,0,3,0,35.0,Clear,Field B
2022-08-11,01:30,Cow_325,14,0,7,0,35.0,Clear,Field A
2022-08-11,01:30,Cow_326,13,0,6,0,35.0,Clear,Field B
2022-08-11,01:30,Cow_327,7,4,4,0,35.0,Clear,Field C
2022-08-11,01:30,Cow_328,0,0,0,15,35.0,Clear,Field C
2022-08-11,01:30,Cow_329,13,6,0,0,35.0,Clear,Field C
2022-08-11,01:30,Cow_330,5,3,7,0,35.0,Clear,Field B
2022-08-11,01:30,Cow_331,8,4,3,0,35.0,Clear,Field A
2022-08-11,01:30,Cow_332,5,3,7,0,35.0,Clear,Field B
2022-08-11,01:30,Cow_333,9,3,3,0,35.0,Clear,Field C
2022-08-11,01:30,Cow_334,12,6,0,0,35.0,Clear,Field A
2022-08-11,01:30,Cow_335,11,0,7,0,35.0,Clear,Field C
2022-08-11,01:30,Cow_336,3,7,5,0,35.0,Clear,Field B
2022-08-11,01:30,Cow_337,0,9,7,0,35.0,Clear,Field C
2022-08-11,01:30,Cow_338,14,0,4,0,35.0,Clear,Field C
2022-08-11,01:30,Cow_339,7,6,2,0,35.0,Clear,Field C
2022-08-11,01:30,Cow_340,7,3,5,0,35.0,Clear,Field C
2022-08-11,01:30,Cow_341,6,3,6,0,35.0,Clear,Field C
2022-08-11,01:30,Cow_342,3,9,3,0,35.0,Clear,Field B
2022-08-11,01:30,Cow_343,9,3,3,0,35.0,Clear,Field A
2022-08-11,01:30,Cow_344,11,5,0,0,35.0,Clear,Field A
2022-08-11,01:30,Cow_345,6,3,6,0,35.0,Clear,Field A
2022-08-11,01:30,Cow_346,13,4,0,0,35.0,Clear,Field C
2022-08-11,01:30,Cow_347,10,4,1,0,35.0,Clear,Field B
2022-08-11,01:30,Cow_348,14,9,0,0,35.0,Clear,Field A
2022-08-11,01:30,Cow_349,12,8,0,0,35.0,Clear,Field B
2022-08-11,01:30,Cow_350,6,3,6,0,35.0,Clear,Field A
2022-08-11,01:30,Cow_351,0,0,0,15,35.0,Clear,Field A
2022-08-11,01:30,Cow_352,10,7,0,0,35.0,Clear,Field C
2022-08-11,01:30,Cow_353,0,0,0,15,35.0,Clear,Field B
2022-08-11,01:30,Cow_354,2,6,7,0,35.0,Clear,Field A
2022-08-11,01:30,Cow_355,6,4,5,0,35.0,Clear,Field A
2022-08-11,01:30,Cow_356,7,4,4,0,35.0,Clear,Field C
2022-08-11,01:30,Cow_357,0,0,0,15,35.0,Clear,Field B
2022-08-11,01:30,Cow_358,5,6,4,0,35.0,Clear,Field C
2022-08-11,01:30,Cow_359,11,11,0,0,35.0,Clear,Field A
2022-08-11,01:30,Cow_360,6,6,3,0,35.0,Clear,Field C
2022-08-11,01:30,Cow_361,0,10,6,0,35.0,Clear,Field C
2022-08-11,01:30,Cow_362,14,8,0,0,35.0,Clear,Field C
2022-08-11,01:30,Cow_363,12,12,0,0,35.0,Clear,Field C
2022-08-11,01:30,Cow_364,14,0,3,0,35.0,Clear,Field C
2022-08-11,01:30,Cow_365,10,0,7,0,35.0,Clear,Field C
2022-08-11,01:30,Cow_366,10,0,7,0,35.0,Clear,Field C
2022-08-11,01:30,Cow_367,5,4,6,0,35.0,Clear,Field C
2022-08-11,01:30,Cow_368,10,0,8,0,35.0,Clear,Field B
2022-08-11,01:30,Cow_369,3,8,4,0,35.0,Clear,Field C
2022-08-11,01:30,Cow_370,6,5,4,0,35.0,Clear,Field C
2022-08-11,01:30,Cow_371,4,4,7,0,35.0,Clear,Field B
2022-08-11,01:30,Cow_372,0,9,6,0,35.0,Clear,Field A
2022-08-11,01:30,Cow_373,8,4,3,0,35.0,Clear,Field A
2022-08-11,01:30,Cow_374,13,4,0,0,35.0,Clear,Field C
2022-08-11,01:30,Cow_375,7,4,4,0,35.0,Clear,Field C
2022-08-11,01:30,Cow_376,9,5,1,0,35.0,Clear,Field A
2022-08-11,01:30,Cow_377,12,7,0,0,35.0,Clear,Field A
2022-08-11,01:30,Cow_378,13,8,0,0,35.0,Clear,Field C
2022-08-11,01:30,Cow_379,2,9,4,0,35.0,Clear,Field B
2022-08-11,01:30,Cow_380,3,6,6,0,35.0,Clear,Field A
2022-08-11,01:30,Cow_381,14,5,0,0,35.0,Clear,Field B
2022-08-11,01:30,Cow_382,1,8,6,0,35.0,Clear,Field B
2022-08-11,01:30,Cow_383,10,5,0,0,35.0,Clear,Field A
2022-08-11,01:30,Cow_384,2,6,7,0,35.0,Clear,Field A
2022-08-11,01:30,Cow_385,14,3,0,0,35.0,Clear,Field A
2022-08-11,01:30,Cow_386,11,0,5,0,35.0,Clear,Field C
2022-08-11,01:30,Cow_387,5,4,6,0,35.0,Clear,Field C
2022-08-11,01:30,Cow_388,14,3,0,0,35.0,Clear,Field A
2022-08-11,01:30,Cow_389,5,10,0,0,35.0,Clear,Field B
2022-08-11,01:30,Cow_390,6,6,3,0,35.0,Clear,Field A
2022-08-11,01:30,Cow_391,6,4,5,0,35.0,Clear,Field B
2022-08-11,01:30,Cow_392,0,9,6,0,35.0,Clear,Field C
2022-08-11,01:30,Cow_393,0,10,8,0,35.0,Clear,Field B
2022-08-11,01:30,Cow_394,5,7,3,0,35.0,Clear,Field A
2022-08-11,01:30,Cow_395,8,9,0,0,35.0,Clear,Field B
2022-08-11,01:30,Cow_396,0,0,0,15,35.0,Clear,Field A
2022-08-11,01:30,Cow_397,11,0,6,0,35.0,Clear,Field C
2022-08-11,01:30,Cow_398,6,3,6,0,35.0,Clear,Field B
2022-08-11,01:30,Cow_399,6,2,7,0,35.0,Clear,Field C
2022-08-11,01:30,Cow_400,0,0,0,15,35.0,Clear,Field A
2022-08-11,01:30,Cow_401,12,0,6,0,35.0,Clear,Field C
2022-08-11,01:30,Cow_402,11,0,6,0,35.0,Clear,Field A
2022-08-11,01:30,Cow_403,1,8,6,0,35.0,Clear,Field C
2022-08-11,01:30,Cow_404,10,3,2,0,35.0,Clear,Field A
2022-08-11,01:30,Cow_405,12,0,8,0,35.0,Clear,Field B
2022-08-11,01:30,Cow_406,12,0,7,0,35.0,Clear,Field A
2022-08-11,01:30,Cow_407,9,0,6,0,35.0,Clear,Field A
2022-08-11,01:30,Cow_408,9,7,0,0,35.0,Clear,Field B
2022-08-11,01:30,Cow_409,1,7,7,0,35.0,Clear,Field B
2022-08-11,01:30,Cow_410,12,9,0,0,35.0,Clear,Field A
2022-08-11,01:30,Cow_411,0,0,0,15,35.0,Clear,Field B
2022-08-11,01:30,Cow_412,5,8,2,0,35.0,Clear,Field A
2022-08-11,01:30,Cow_413,6,7,2,0,35.0,Clear,Field B
2022-08-11,01:30,Cow_414,3,7,5,0,35.0,Clear,Field B
2022-08-11,01:30,Cow_415,1,7,7,0,35.0,Clear,Field C
2022-08-11,01:30,Cow_416,7,3,5,0,35.0,Clear,Field C
2022-08-11,01:30,Cow_417,8,6,1,0,35.0,Clear,Field A
2022-08-11,01:30,Cow_418,11,0,8,0,35.0,Clear,Field A
2022-08-11,01:30,Cow_419,6,2,7,0,35.0,Clear,Field A
2022-08-11,01:30,Cow_420,0,8,7,0,35.0,Clear,Field B
2022-08-11,01:30,Cow_421,10,1,4,0,35.0,Clear,Field B
2022-08-11,01:30,Cow_422,13,0,4,0,35.0,Clear,Field B
2022-08-11,01:30,Cow_423,12,0,6,0,35.0,Clear,Field C
2022-08-11,01:30,Cow_424,2,7,6,0,35.0,Clear,Field C
2022-08-11,01:30,Cow_425,2,10,3,0,35.0,Clear,Field A
2022-08-11,01:30,Cow_426,6,5,4,0,35.0,Clear,Field C
2022-08-11,01:30,Cow_427,13,0,10,0,35.0,Clear,Field B
2022-08-11,01:30,Cow_428,5,10,0,0,35.0,Clear,Field C
2022-08-11,01:30,Cow_429,5,3,7,0,35.0,Clear,Field A
2022-08-11,01:30,Cow_430,6,6,3,0,35.0,Clear,Field B
2022-08-11,01:30,Cow_431,7,7,1,0,35.0,Clear,Field A
2022-08-11,01:30,Cow_432,4,3,8,0,35.0,Clear,Field B
2022-08-11,01:30,Cow_433,0,10,6,0,35.0,Clear,Field A
2022-08-11,01:30,Cow_434,8,4,3,0,35.0,Clear,Field A
2022-08-11,01:30,Cow_435,10,10,0,0,35.0,Clear,Field C
2022-08-11,01:30,Cow_436,10,10,0,0,35.0,Clear,Field C
2022-08-11,01:30,Cow_437,6,10,0,0,35.0,Clear,Field B
2022-08-11,01:30,Cow_438,11,6,0,0,35.0,Clear,Field C
2022-08-11,01:30,Cow_439,12,5,0,0,35.0,Clear,Field B
2022-08-11,01:30,Cow_440,5,5,5,0,35.0,Clear,Field B
2022-08-11,01:30,Cow_441,11,0,4,0,35.0,Clear,Field A
2022-08-11,01:30,Cow_442,7,1,7,0,35.0,Clear,Field A
2022-08-11,01:30,Cow_443,11,1,3,0,35.0,Clear,Field A
2022-08-11,01:30,Cow_444,13,0,8,0,35.0,Clear,Field C
2022-08-11,01:30,Cow_445,4,7,4,0,35.0,Clear,Field B
2022-08-11,01:30,Cow_446,11,6,0,0,35.0,Clear,Field C
2022-08-11,01:30,Cow_447,0,0,0,15,35.0,Clear,Field C
2022-08-11,01:30,Cow_448,8,7,0,0,35.0,Clear,Field A
2022-08-11,01:30,Cow_449,0,10,7,0,35.0,Clear,Field A
2022-08-11,01:30,Cow_450,0,9,6,0,35.0,Clear,Field B
2022-08-11,01:30,Cow_451,13,9,0,0,35.0,Clear,Field A
2022-08-11,01:30,Cow_452,0,0,0,15,35.0,Clear,Field A
2022-08-11,01:30,Cow_453,11,6,0,0,35.0,Clear,Field A
2022-08-11,01:30,Cow_454,5,3,7,0,35.0,Clear,Field B
2022-08-11,01:30,Cow_455,6,4,5,0,35.0,Clear,Field B
2022-08-11,01:30,Cow_456,11,0,6,0,35.0,Clear,Field C
2022-08-11,01:30,Cow_457,8,3,4,0,35.0,Clear,Field B
2022-08-11,01:30,Cow_458,11,3,1,0,35.0,Clear,Field B
2022-08-11,01:30,Cow_459,1,8,6,0,35.0,Clear,Field C
2022-08-11,01:30,Cow_460,11,8,0,0,35.0,Clear,Field A
2022-08-11,01:30,Cow_461,6,1,8,0,35.0,Clear,Field B
2022-08-11,01:30,Cow_462,7,1,7,0,35.0,Clear,Field A
2022-08-11,01:30,Cow_463,6,4,5,0,35.0,Clear,Field C
2022-08-11,01:30,Cow_464,7,6,2,0,35.0,Clear,Field C
2022-08-11,01:30,Cow_465,11,0,8,0,35.0,Clear,Field B
2022-08-11,01:30,Cow_466,8,3,4,0,35.0,Clear,Field C
2022-08-11,01:30,Cow_467,0,0,0,15,35.0,Clear,Field B
2022-08-11,01:30,Cow_468,12,0,4,0,35.0,Clear,Field B
2022-08-11,01:30,Cow_469,0,0,0,15,35.0,Clear,Field A
2022-08-11,01:30,Cow_470,12,0,7,0,35.0,Clear,Field C
2022-08-11,01:30,Cow_471,8,4,3,0,35.0,Clear,Field A
2022-08-11,01:30,Cow_472,6,3,6,0,35.0,Clear,Field B
2022-08-11,01:30,Cow_473,2,5,8,0,35.0,Clear,Field C
2022-08-11,01:30,Cow_474,8,1,6,0,35.0,Clear,Field B
2022-08-11,01:30,Cow_475,7,7,1,0,35.0,Clear,Field A
2022-08-11,01:30,Cow_476,6,5,4,0,35.0,Clear,Field C
2022-08-11,01:30,Cow_477,2,9,4,0,35.0,Clear,Field A
2022-08-11,01:30,Cow_478,6,6,3,0,35.0,Clear,Field B
2022-08-11,01:30,Cow_479,10,0,10,0,35.0,Clear,Field B
2022-08-11,01:30,Cow_480,10,0,7,0,35.0,Clear,Field C
2022-08-11,01:30,Cow_481,6,9,0,0,35.0,Clear,Field B
2022-08-11,01:30,Cow_482,8,2,5,0,35.0,Clear,Field C
2022-08-11,01:30,Cow_483,6,3,6,0,35.0,Clear,Field C
2022-08-11,01:30,Cow_484,9,3,3,0,35.0,Clear,Field A
2022-08-11,01:30,Cow_485,2,8,5,0,35.0,Clear,Field C
2022-08-11,01:30,Cow_486,12,4,0,0,35.0,Clear,Field B
2022-08-11,01:30,Cow_487,13,4,0,0,35.0,Clear,Field A
2022-08-11,01:30,Cow_488,3,9,3,0,35.0,Clear,Field B
2022-08-11,01:30,Cow_489,12,7,0,0,35.0,Clear,Field A
2022-08-11,01:30,Cow_490,0,0,0,15,35.0,Clear,Field A
2022-08-11,01:30,Cow_491,0,0,0,15,35.0,Clear,Field A
2022-08-11,01:30,Cow_492,0,9,7,0,35.0,Clear,Field B
2022-08-11,01:30,Cow_493,4,3,8,0,35.0,Clear,Field C
2022-08-11,01:30,Cow_494,11,0,6,0,35.0,Clear,Field C
2022-08-11,01:30,Cow_495,12,4,0,0,35.0,Clear,Field C
2022-08-11,01:30,Cow_496,5,3,7,0,35.0,Clear,Field B
2022-08-11,01:30,Cow_497,11,0,6,0,35.0,Clear,Field B
2022-08-11,01:30,Cow_498,10,2,3,0,35.0,Clear,Field C
2022-08-11,01:30,Cow_499,7,2,6,0,35.0,Clear,Field B
2022-08-11,01:30,Cow_500,11,1,3,0,35.0,Clear,Field A
2022-08-11,01:45,Cow_1,5,4,6,0,23.2,Cloudy,Field C
2022-08-11,01:45,Cow_2,7,3,5,0,23.2,Cloudy,Field A
2022-08-11,01:45,Cow_3,1,6,8,0,23.2,Cloudy,Field A
2022-08-11,01:45,Cow_4,9,10,0,0,23.2,Cloudy,Field B
2022-08-11,01:45,Cow_5,2,7,6,0,23.2,Cloudy,Field A
2022-08-11,01:45,Cow_6,5,8,2,0,23.2,Cloudy,Field C
2022-08-11,01:45,Cow_7,5,4,6,0,23.2,Cloudy,Field B
2022-08-11,01:45,Cow_8,11,5,0,0,23.2,Cloudy,Field A
2022-08-11,01:45,Cow_9,0,7,8,0,23.2,Cloudy,Field B
2022-08-11,01:45,Cow_10,13,10,0,0,23.2,Cloudy,Field C
2022-08-11,01:45,Cow_11,0,10,6,0,23.2,Cloudy,Field B
2022-08-11,01:45,Cow_12,3,9,3,0,23.2,Cloudy,Field A
2022-08-11,01:45,Cow_13,14,4,0,0,23.2,Cloudy,Field C
2022-08-11,01:45,Cow_14,8,3,4,0,23.2,Cloudy,Field C
2022-08-11,01:45,Cow_15,6,8,1,0,23.2,Cloudy,Field A
2022-08-11,01:45,Cow_16,14,0,4,0,23.2,Cloudy,Field C
2022-08-11,01:45,Cow_17,6,1,8,0,23.2,Cloudy,Field B
2022-08-11,01:45,Cow_18,9,12,0,0,23.2,Cloudy,Field B
2022-08-11,01:45,Cow_19,0,9,8,0,23.2,Cloudy,Field A
2022-08-11,01:45,Cow_20,11,0,4,0,23.2,Cloudy,Field A
2022-08-11,01:45,Cow_21,0,10,7,0,23.2,Cloudy,Field A
2022-08-11,01:45,Cow_22,6,3,6,0,23.2,Cloudy,Field B
2022-08-11,01:45,Cow_23,13,7,0,0,23.2,Cloudy,Field A
2022-08-11,01:45,Cow_24,6,5,4,0,23.2,Cloudy,Field C
2022-08-11,01:45,Cow_25,5,8,2,0,23.2,Cloudy,Field B
2022-08-11,01:45,Cow_26,0,0,0,15,23.2,Cloudy,Field A
2022-08-11,01:45,Cow_27,10,1,4,0,23.2,Cloudy,Field C
2022-08-11,01:45,Cow_28,5,4,6,0,23.2,Cloudy,Field B
2022-08-11,01:45,Cow_29,0,0,0,15,23.2,Cloudy,Field A
2022-08-11,01:45,Cow_30,12,5,0,0,23.2,Cloudy,Field C
2022-08-11,01:45,Cow_31,14,0,10,0,23.2,Cloudy,Field B
2022-08-11,01:45,Cow_32,6,2,7,0,23.2,Cloudy,Field B
2022-08-11,01:45,Cow_33,0,8,8,0,23.2,Cloudy,Field B
2022-08-11,01:45,Cow_34,7,3,5,0,23.2,Cloudy,Field B
2022-08-11,01:45,Cow_35,8,3,4,0,23.2,Cloudy,Field A
2022-08-11,01:45,Cow_36,14,0,5,0,23.2,Cloudy,Field C
2022-08-11,01:45,Cow_37,8,3,4,0,23.2,Cloudy,Field A
2022-08-11,01:45,Cow_38,6,9,0,0,23.2,Cloudy,Field B
2022-08-11,01:45,Cow_39,5,6,4,0,23.2,Cloudy,Field C
2022-08-11,01:45,Cow_40,9,3,3,0,23.2,Cloudy,Field A
2022-08-11,01:45,Cow_41,12,7,0,0,23.2,Cloudy,Field C
2022-08-11,01:45,Cow_42,12,0,3,0,23.2,Cloudy,Field C
2022-08-11,01:45,Cow_43,8,10,0,0,23.2,Cloudy,Field B
2022-08-11,01:45,Cow_44,0,10,8,0,23.2,Cloudy,Field B
2022-08-11,01:45,Cow_45,2,9,4,0,23.2,Cloudy,Field C
2022-08-11,01:45,Cow_46,11,6,0,0,23.2,Cloudy,Field A
2022-08-11,01:45,Cow_47,11,9,0,0,23.2,Cloudy,Field B
2022-08-11,01:45,Cow_48,11,1,3,0,23.2,Cloudy,Field C
2022-08-11,01:45,Cow_49,6,7,2,0,23.2,Cloudy,Field B
2022-08-11,01:45,Cow_50,10,0,8,0,23.2,Cloudy,Field B
2022-08-11,01:45,Cow_51,12,5,0,0,23.2,Cloudy,Field A
2022-08-11,01:45,Cow_52,11,8,0,0,23.2,Cloudy,Field C
2022-08-11,01:45,Cow_53,10,6,0,0,23.2,Cloudy,Field A
2022-08-11,01:45,Cow_54,8,5,2,0,23.2,Cloudy,Field C
2022-08-11,01:45,Cow_55,4,8,3,0,23.2,Cloudy,Field C
2022-08-11,01:45,Cow_56,8,4,3,0,23.2,Cloudy,Field A
2022-08-11,01:45,Cow_57,3,5,7,0,23.2,Cloudy,Field A
2022-08-11,01:45,Cow_58,0,0,0,15,23.2,Cloudy,Field A
2022-08-11,01:45,Cow_59,9,3,3,0,23.2,Cloudy,Field B
2022-08-11,01:45,Cow_60,5,7,3,0,23.2,Cloudy,Field A
2022-08-11,01:45,Cow_61,8,9,0,0,23.2,Cloudy,Field B
2022-08-11,01:45,Cow_62,5,9,1,0,23.2,Cloudy,Field C
2022-08-11,01:45,Cow_63,6,4,5,0,23.2,Cloudy,Field C
2022-08-11,01:45,Cow_64,2,7,6,0,23.2,Cloudy,Field A
2022-08-11,01:45,Cow_65,0,9,8,0,23.2,Cloudy,Field C
2022-08-11,01:45,Cow_66,8,6,1,0,23.2,Cloudy,Field A
2022-08-11,01:45,Cow_67,4,5,6,0,23.2,Cloudy,Field C
2022-08-11,01:45,Cow_68,8,8,0,0,23.2,Cloudy,Field C
2022-08-11,01:45,Cow_69,2,5,8,0,23.2,Cloudy,Field C
2022-08-11,01:45,Cow_70,5,5,5,0,23.2,Cloudy,Field B
2022-08-11,01:45,Cow_71,0,0,0,15,23.2,Cloudy,Field C
2022-08-11,01:45,Cow_72,9,0,7,0,23.2,Cloudy,Field B
2022-08-11,01:45,Cow_73,0,0,0,15,23.2,Cloudy,Field C
2022-08-11,01:45,Cow_74,7,8,0,0,23.2,Cloudy,Field C
2022-08-11,01:45,Cow_75,10,2,3,0,23.2,Cloudy,Field A
2022-08-11,01:45,Cow_76,5,9,1,0,23.2,Cloudy,Field B
2022-08-11,01:45,Cow_77,0,10,5,0,23.2,Cloudy,Field C
2022-08-11,01:45,Cow_78,0,0,0,15,23.2,Cloudy,Field C
2022-08-11,01:45,Cow_79,7,0,8,0,23.2,Cloudy,Field A
2022-08-11,01:45,Cow_80,0,10,5,0,23.2,Cloudy,Field B
2022-08-11,01:45,Cow_81,11,3,1,0,23.2,Cloudy,Field A
2022-08-11,01:45,Cow_82,7,4,4,0,23.2,Cloudy,Field C
2022-08-11,01:45,Cow_83,12,9,0,0,23.2,Cloudy,Field C
2022-08-11,01:45,Cow_84,8,7,0,0,23.2,Cloudy,Field C
2022-08-11,01:45,Cow_85,0,8,7,0,23.2,Cloudy,Field C
2022-08-11,01:45,Cow_86,14,5,0,0,23.2,Cloudy,Field C
2022-08-11,01:45,Cow_87,9,6,0,0,23.2,Cloudy,Field C
2022-08-11,01:45,Cow_88,6,3,6,0,23.2,Cloudy,Field B
2022-08-11,01:45,Cow_89,11,0,6,0,23.2,Cloudy,Field B
2022-08-11,01:45,Cow_90,13,5,0,0,23.2,Cloudy,Field A
2022-08-11,01:45,Cow_91,0,10,8,0,23.2,Cloudy,Field C
2022-08-11,01:45,Cow_92,6,4,5,0,23.2,Cloudy,Field C
2022-08-11,01:45,Cow_93,2,9,4,0,23.2,Cloudy,Field C
2022-08-11,01:45,Cow_94,9,10,0,0,23.2,Cloudy,Field B
2022-08-11,01:45,Cow_95,9,4,2,0,23.2,Cloudy,Field C
2022-08-11,01:45,Cow_96,6,1,8,0,23.2,Cloudy,Field B
2022-08-11,01:45,Cow_97,0,0,0,15,23.2,Cloudy,Field A
2022-08-11,01:45,Cow_98,0,0,0,15,23.2,Cloudy,Field C
2022-08-11,01:45,Cow_99,7,2,6,0,23.2,Cloudy,Field A
2022-08-11,01:45,Cow_100,6,6,3,0,23.2,Cloudy,Field C
2022-08-11,01:45,Cow_101,10,0,7,0,23.2,Cloudy,Field A
2022-08-11,01:45,Cow_102,0,0,0,15,23.2,Cloudy,Field A
2022-08-11,01:45,Cow_103,6,6,3,0,23.2,Cloudy,Field B
2022-08-11,01:45,Cow_104,4,5,6,0,23.2,Cloudy,Field C
2022-08-11,01:45,Cow_105,4,7,4,0,23.2,Cloudy,Field C
2022-08-11,01:45,Cow_106,12,7,0,0,23.2,Cloudy,Field C
2022-08-11,01:45,Cow_107,7,1,7,0,23.2,Cloudy,Field A
2022-08-11,01:45,Cow_108,8,3,4,0,23.2,Cloudy,Field A
2022-08-11,01:45,Cow_109,9,4,2,0,23.2,Cloudy,Field A
2022-08-11,01:45,Cow_110,0,8,7,0,23.2,Cloudy,Field C
2022-08-11,01:45,Cow_111,14,0,4,0,23.2,Cloudy,Field C
2022-08-11,01:45,Cow_112,0,0,0,15,23.2,Cloudy,Field B
2022-08-11,01:45,Cow_113,7,9,0,0,23.2,Cloudy,Field A
2022-08-11,01:45,Cow_114,4,8,3,0,23.2,Cloudy,Field B
2022-08-11,01:45,Cow_115,5,7,3,0,23.2,Cloudy,Field A
2022-08-11,01:45,Cow_116,9,9,0,0,23.2,Cloudy,Field B
2022-08-11,01:45,Cow_117,13,0,5,0,23.2,Cloudy,Field C
2022-08-11,01:45,Cow_118,4,6,5,0,23.2,Cloudy,Field B
2022-08-11,01:45,Cow_119,6,4,5,0,23.2,Cloudy,Field A
2022-08-11,01:45,Cow_120,10,1,4,0,23.2,Cloudy,Field C
2022-08-11,01:45,Cow_121,2,6,7,0,23.2,Cloudy,Field B
2022-08-11,01:45,Cow_122,0,9,8,0,23.2,Cloudy,Field B
2022-08-11,01:45,Cow_123,12,5,0,0,23.2,Cloudy,Field A
2022-08-11,01:45,Cow_124,5,6,4,0,23.2,Cloudy,Field A
2022-08-11,01:45,Cow_125,12,0,3,0,23.2,Cloudy,Field B
2022-08-11,01:45,Cow_126,1,7,7,0,23.2,Cloudy,Field B
2022-08-11,01:45,Cow_127,4,4,7,0,23.2,Cloudy,Field B
2022-08-11,01:45,Cow_128,6,9,0,0,23.2,Cloudy,Field A
2022-08-11,01:45,Cow_129,11,0,7,0,23.2,Cloudy,Field B
2022-08-11,01:45,Cow_130,0,0,0,15,23.2,Cloudy,Field B
2022-08-11,01:45,Cow_131,6,5,4,0,23.2,Cloudy,Field B
2022-08-11,01:45,Cow_132,7,3,5,0,23.2,Cloudy,Field A
2022-08-11,01:45,Cow_133,8,3,4,0,23.2,Cloudy,Field C
2022-08-11,01:45,Cow_134,14,9,0,0,23.2,Cloudy,Field C
2022-08-11,01:45,Cow_135,12,0,7,0,23.2,Cloudy,Field C
2022-08-11,01:45,Cow_136,2,6,7,0,23.2,Cloudy,Field B
2022-08-11,01:45,Cow_137,11,10,0,0,23.2,Cloudy,Field A
2022-08-11,01:45,Cow_138,12,4,0,0,23.2,Cloudy,Field A
2022-08-11,01:45,Cow_139,8,0,8,0,23.2,Cloudy,Field C
2022-08-11,01:45,Cow_140,13,0,6,0,23.2,Cloudy,Field C
2022-08-11,01:45,Cow_141,14,8,0,0,23.2,Cloudy,Field A
2022-08-11,01:45,Cow_142,14,0,7,0,23.2,Cloudy,Field C
2022-08-11,01:45,Cow_143,13,4,0,0,23.2,Cloudy,Field B
2022-08-11,01:45,Cow_144,8,0,8,0,23.2,Cloudy,Field A
2022-08-11,01:45,Cow_145,13,3,0,0,23.2,Cloudy,Field C
2022-08-11,01:45,Cow_146,0,0,0,15,23.2,Cloudy,Field C
2022-08-11,01:45,Cow_147,9,2,4,0,23.2,Cloudy,Field B
2022-08-11,01:45,Cow_148,3,8,4,0,23.2,Cloudy,Field B
2022-08-11,01:45,Cow_149,10,8,0,0,23.2,Cloudy,Field B
2022-08-11,01:45,Cow_150,14,0,6,0,23.2,Cloudy,Field B
2022-08-11,01:45,Cow_151,1,7,7,0,23.2,Cloudy,Field B
2022-08-11,01:45,Cow_152,3,4,8,0,23.2,Cloudy,Field B
2022-08-11,01:45,Cow_153,9,6,0,0,23.2,Cloudy,Field A
2022-08-11,01:45,Cow_154,7,10,0,0,23.2,Cloudy,Field B
2022-08-11,01:45,Cow_155,5,2,8,0,23.2,Cloudy,Field A
2022-08-11,01:45,Cow_156,3,7,5,0,23.2,Cloudy,Field C
2022-08-11,01:45,Cow_157,1,8,6,0,23.2,Cloudy,Field A
2022-08-11,01:45,Cow_158,14,0,7,0,23.2,Cloudy,Field A
2022-08-11,01:45,Cow_159,8,0,8,0,23.2,Cloudy,Field A
2022-08-11,01:45,Cow_160,7,2,6,0,23.2,Cloudy,Field B
2022-08-11,01:45,Cow_161,12,5,0,0,23.2,Cloudy,Field B
2022-08-11,01:45,Cow_162,13,0,5,0,23.2,Cloudy,Field B
2022-08-11,01:45,Cow_163,7,0,8,0,23.2,Cloudy,Field B
2022-08-11,01:45,Cow_164,0,9,8,0,23.2,Cloudy,Field C
2022-08-11,01:45,Cow_165,12,8,0,0,23.2,Cloudy,Field B
2022-08-11,01:45,Cow_166,11,8,0,0,23.2,Cloudy,Field C
2022-08-11,01:45,Cow_167,0,0,0,15,23.2,Cloudy,Field A
2022-08-11,01:45,Cow_168,5,6,4,0,23.2,Cloudy,Field C
2022-08-11,01:45,Cow_169,9,9,0,0,23.2,Cloudy,Field B
2022-08-11,01:45,Cow_170,8,0,7,0,23.2,Cloudy,Field B
2022-08-11,01:45,Cow_171,10,0,7,0,23.2,Cloudy,Field A
2022-08-11,01:45,Cow_172,0,0,0,15,23.2,Cloudy,Field C
2022-08-11,01:45,Cow_173,8,3,4,0,23.2,Cloudy,Field C
2022-08-11,01:45,Cow_174,5,11,0,0,23.2,Cloudy,Field B
2022-08-11,01:45,Cow_175,10,0,5,0,23.2,Cloudy,Field B
2022-08-11,01:45,Cow_176,2,9,4,0,23.2,Cloudy,Field A
2022-08-11,01:45,Cow_177,7,5,3,0,23.2,Cloudy,Field B
2022-08-11,01:45,Cow_178,5,6,4,0,23.2,Cloudy,Field C
2022-08-11,01:45,Cow_179,7,4,4,0,23.2,Cloudy,Field B
2022-08-11,01:45,Cow_180,2,6,7,0,23.2,Cloudy,Field C
2022-08-11,01:45,Cow_181,12,8,0,0,23.2,Cloudy,Field A
2022-08-11,01:45,Cow_182,14,5,0,0,23.2,Cloudy,Field C
2022-08-11,01:45,Cow_183,6,4,5,0,23.2,Cloudy,Field C
2022-08-11,01:45,Cow_184,2,8,5,0,23.2,Cloudy,Field A
2022-08-11,01:45,Cow_185,11,3,1,0,23.2,Cloudy,Field A
2022-08-11,01:45,Cow_186,5,7,3,0,23.2,Cloudy,Field C
2022-08-11,01:45,Cow_187,10,0,5,0,23.2,Cloudy,Field C
2022-08-11,01:45,Cow_188,7,9,0,0,23.2,Cloudy,Field B
2022-08-11,01:45,Cow_189,5,6,4,0,23.2,Cloudy,Field A
2022-08-11,01:45,Cow_190,13,0,8,0,23.2,Cloudy,Field B
2022-08-11,01:45,Cow_191,3,9,3,0,23.2,Cloudy,Field B
2022-08-11,01:45,Cow_192,5,5,5,0,23.2,Cloudy,Field B
2022-08-11,01:45,Cow_193,13,8,0,0,23.2,Cloudy,Field C
2022-08-11,01:45,Cow_194,0,10,6,0,23.2,Cloudy,Field B
2022-08-11,01:45,Cow_195,10,7,0,0,23.2,Cloudy,Field C
2022-08-11,01:45,Cow_196,8,10,0,0,23.2,Cloudy,Field C
2022-08-11,01:45,Cow_197,8,5,2,0,23.2,Cloudy,Field C
2022-08-11,01:45,Cow_198,14,7,0,0,23.2,Cloudy,Field B
2022-08-11,01:45,Cow_199,6,6,3,0,23.2,Cloudy,Field A
2022-08-11,01:45,Cow_200,5,3,7,0,23.2,Cloudy,Field B
2022-08-11,01:45,Cow_201,14,0,3,0,23.2,Cloudy,Field A
2022-08-11,01:45,Cow_202,1,7,7,0,23.2,Cloudy,Field B
2022-08-11,01:45,Cow_203,5,7,3,0,23.2,Cloudy,Field C
2022-08-11,01:45,Cow_204,10,0,8,0,23.2,Cloudy,Field A
2022-08-11,01:45,Cow_205,0,10,7,0,23.2,Cloudy,Field B
2022-08-11,01:45,Cow_206,11,0,4,0,23.2,Cloudy,Field A
2022-08-11,01:45,Cow_207,7,0,8,0,23.2,Cloudy,Field B
2022-08-11,01:45,Cow_208,8,0,8,0,23.2,Cloudy,Field A
2022-08-11,01:45,Cow_209,2,6,7,0,23.2,Cloudy,Field C
2022-08-11,01:45,Cow_210,9,0,7,0,23.2,Cloudy,Field C
2022-08-11,01:45,Cow_211,13,5,0,0,23.2,Cloudy,Field B
2022-08-11,01:45,Cow_212,5,9,1,0,23.2,Cloudy,Field C
2022-08-11,01:45,Cow_213,12,0,3,0,23.2,Cloudy,Field C
2022-08-11,01:45,Cow_214,5,6,4,0,23.2,Cloudy,Field A
2022-08-11,01:45,Cow_215,12,0,6,0,23.2,Cloudy,Field A
2022-08-11,01:45,Cow_216,8,3,4,0,23.2,Cloudy,Field B
2022-08-11,01:45,Cow_217,1,6,8,0,23.2,Cloudy,Field B
2022-08-11,01:45,Cow_218,12,0,7,0,23.2,Cloudy,Field A
2022-08-11,01:45,Cow_219,13,10,0,0,23.2,Cloudy,Field C
2022-08-11,01:45,Cow_220,12,8,0,0,23.2,Cloudy,Field A
2022-08-11,01:45,Cow_221,5,2,8,0,23.2,Cloudy,Field B
2022-08-11,01:45,Cow_222,12,4,0,0,23.2,Cloudy,Field B
2022-08-11,01:45,Cow_223,13,0,7,0,23.2,Cloudy,Field B
2022-08-11,01:45,Cow_224,13,0,5,0,23.2,Cloudy,Field B
2022-08-11,01:45,Cow_225,12,0,3,0,23.2,Cloudy,Field C
2022-08-11,01:45,Cow_226,0,10,7,0,23.2,Cloudy,Field B
2022-08-11,01:45,Cow_227,14,0,4,0,23.2,Cloudy,Field C
2022-08-11,01:45,Cow_228,5,4,6,0,23.2,Cloudy,Field B
2022-08-11,01:45,Cow_229,12,0,7,0,23.2,Cloudy,Field C
2022-08-11,01:45,Cow_230,13,5,0,0,23.2,Cloudy,Field C
2022-08-11,01:45,Cow_231,4,3,8,0,23.2,Cloudy,Field A
2022-08-11,01:45,Cow_232,10,8,0,0,23.2,Cloudy,Field C
2022-08-11,01:45,Cow_233,8,10,0,0,23.2,Cloudy,Field B
2022-08-11,01:45,Cow_234,6,4,5,0,23.2,Cloudy,Field B
2022-08-11,01:45,Cow_235,7,9,0,0,23.2,Cloudy,Field B
2022-08-11,01:45,Cow_236,0,0,0,15,23.2,Cloudy,Field A
2022-08-11,01:45,Cow_237,12,0,8,0,23.2,Cloudy,Field A
2022-08-11,01:45,Cow_238,8,7,0,0,23.2,Cloudy,Field C
2022-08-11,01:45,Cow_239,13,0,5,0,23.2,Cloudy,Field B
2022-08-11,01:45,Cow_240,5,5,5,0,23.2,Cloudy,Field A
2022-08-11,01:45,Cow_241,0,0,0,15,23.2,Cloudy,Field C
2022-08-11,01:45,Cow_242,3,7,5,0,23.2,Cloudy,Field C
2022-08-11,01:45,Cow_243,6,5,4,0,23.2,Cloudy,Field A
2022-08-11,01:45,Cow_244,9,3,3,0,23.2,Cloudy,Field C
2022-08-11,01:45,Cow_245,14,10,0,0,23.2,Cloudy,Field C
2022-08-11,01:45,Cow_246,2,6,7,0,23.2,Cloudy,Field B
2022-08-11,01:45,Cow_247,8,0,10,0,23.2,Cloudy,Field A
2022-08-11,01:45,Cow_248,14,7,0,0,23.2,Cloudy,Field B
2022-08-11,01:45,Cow_249,13,4,0,0,23.2,Cloudy,Field C
2022-08-11,01:45,Cow_250,0,0,0,15,23.2,Cloudy,Field B
2022-08-11,01:45,Cow_251,14,0,5,0,23.2,Cloudy,Field B
2022-08-11,01:45,Cow_252,12,3,0,0,23.2,Cloudy,Field B
2022-08-11,01:45,Cow_253,7,6,2,0,23.2,Cloudy,Field B
2022-08-11,01:45,Cow_254,0,0,0,15,23.2,Cloudy,Field C
2022-08-11,01:45,Cow_255,9,7,0,0,23.2,Cloudy,Field C
2022-08-11,01:45,Cow_256,0,0,0,15,23.2,Cloudy,Field C
2022-08-11,01:45,Cow_257,13,0,8,0,23.2,Cloudy,Field C
2022-08-11,01:45,Cow_258,6,4,5,0,23.2,Cloudy,Field A
2022-08-11,01:45,Cow_259,7,4,4,0,23.2,Cloudy,Field B
2022-08-11,01:45,Cow_260,12,5,0,0,23.2,Cloudy,Field A
2022-08-11,01:45,Cow_261,7,2,6,0,23.2,Cloudy,Field C
2022-08-11,01:45,Cow_262,5,5,5,0,23.2,Cloudy,Field C
2022-08-11,01:45,Cow_263,0,9,7,0,23.2,Cloudy,Field C
2022-08-11,01:45,Cow_264,0,0,0,15,23.2,Cloudy,Field B
2022-08-11,01:45,Cow_265,10,3,2,0,23.2,Cloudy,Field C
2022-08-11,01:45,Cow_266,0,0,0,15,23.2,Cloudy,Field C
2022-08-11,01:45,Cow_267,7,6,2,0,23.2,Cloudy,Field B
2022-08-11,01:45,Cow_268,7,3,5,0,23.2,Cloudy,Field B
2022-08-11,01:45,Cow_269,10,1,4,0,23.2,Cloudy,Field C
2022-08-11,01:45,Cow_270,13,0,3,0,23.2,Cloudy,Field A
2022-08-11,01:45,Cow_271,9,0,8,0,23.2,Cloudy,Field C
2022-08-11,01:45,Cow_272,13,0,3,0,23.2,Cloudy,Field B
2022-08-11,01:45,Cow_273,0,0,0,15,23.2,Cloudy,Field A
2022-08-11,01:45,Cow_274,13,5,0,0,23.2,Cloudy,Field A
2022-08-11,01:45,Cow_275,9,2,4,0,23.2,Cloudy,Field C
2022-08-11,01:45,Cow_276,14,0,4,0,23.2,Cloudy,Field C
2022-08-11,01:45,Cow_277,9,7,0,0,23.2,Cloudy,Field C
2022-08-11,01:45,Cow_278,10,0,6,0,23.2,Cloudy,Field A
2022-08-11,01:45,Cow_279,12,3,0,0,23.2,Cloudy,Field A
2022-08-11,01:45,Cow_280,7,5,3,0,23.2,Cloudy,Field C
2022-08-11,01:45,Cow_281,8,1,6,0,23.2,Cloudy,Field A
2022-08-11,01:45,Cow_282,1,6,8,0,23.2,Cloudy,Field A
2022-08-11,01:45,Cow_283,9,1,5,0,23.2,Cloudy,Field C
2022-08-11,01:45,Cow_284,10,5,0,0,23.2,Cloudy,Field A
2022-08-11,01:45,Cow_285,14,0,4,0,23.2,Cloudy,Field C
2022-08-11,01:45,Cow_286,2,6,7,0,23.2,Cloudy,Field B
2022-08-11,01:45,Cow_287,7,10,0,0,23.2,Cloudy,Field B
2022-08-11,01:45,Cow_288,0,0,0,15,23.2,Cloudy,Field C
2022-08-11,01:45,Cow_289,7,5,3,0,23.2,Cloudy,Field B
2022-08-11,01:45,Cow_290,14,0,4,0,23.2,Cloudy,Field C
2022-08-11,01:45,Cow_291,14,0,6,0,23.2,Cloudy,Field A
2022-08-11,01:45,Cow_292,0,9,6,0,23.2,Cloudy,Field C
2022-08-11,01:45,Cow_293,0,8,7,0,23.2,Cloudy,Field C
2022-08-11,01:45,Cow_294,12,4,0,0,23.2,Cloudy,Field B
2022-08-11,01:45,Cow_295,9,2,4,0,23.2,Cloudy,Field A
2022-08-11,01:45,Cow_296,5,6,4,0,23.2,Cloudy,Field A
2022-08-11,01:45,Cow_297,8,0,8,0,23.2,Cloudy,Field A
2022-08-11,01:45,Cow_298,9,9,0,0,23.2,Cloudy,Field C
2022-08-11,01:45,Cow_299,13,0,4,0,23.2,Cloudy,Field A
2022-08-11,01:45,Cow_300,0,0,0,15,23.2,Cloudy,Field B
2022-08-11,01:45,Cow_301,0,0,0,15,23.2,Cloudy,Field B
2022-08-11,01:45,Cow_302,12,7,0,0,23.2,Cloudy,Field C
2022-08-11,01:45,Cow_303,5,2,8,0,23.2,Cloudy,Field C
2022-08-11,01:45,Cow_304,5,2,8,0,23.2,Cloudy,Field B
2022-08-11,01:45,Cow_305,8,10,0,0,23.2,Cloudy,Field A
2022-08-11,01:45,Cow_306,8,6,1,0,23.2,Cloudy,Field B
2022-08-11,01:45,Cow_307,11,5,0,0,23.2,Cloudy,Field B
2022-08-11,01:45,Cow_308,3,9,3,0,23.2,Cloudy,Field B
2022-08-11,01:45,Cow_309,12,9,0,0,23.2,Cloudy,Field C
2022-08-11,01:45,Cow_310,8,2,5,0,23.2,Cloudy,Field B
2022-08-11,01:45,Cow_311,7,3,5,0,23.2,Cloudy,Field C
2022-08-11,01:45,Cow_312,2,8,5,0,23.2,Cloudy,Field C
2022-08-11,01:45,Cow_313,14,0,6,0,23.2,Cloudy,Field A
2022-08-11,01:45,Cow_314,5,7,3,0,23.2,Cloudy,Field C
2022-08-11,01:45,Cow_315,12,0,5,0,23.2,Cloudy,Field B
2022-08-11,01:45,Cow_316,6,3,6,0,23.2,Cloudy,Field B
2022-08-11,01:45,Cow_317,5,7,3,0,23.2,Cloudy,Field B
2022-08-11,01:45,Cow_318,5,2,8,0,23.2,Cloudy,Field B
2022-08-11,01:45,Cow_319,10,4,1,0,23.2,Cloudy,Field A
2022-08-11,01:45,Cow_320,2,9,4,0,23.2,Cloudy,Field A
2022-08-11,01:45,Cow_321,6,9,0,0,23.2,Cloudy,Field C
2022-08-11,01:45,Cow_322,0,0,0,15,23.2,Cloudy,Field A
2022-08-11,01:45,Cow_323,11,3,1,0,23.2,Cloudy,Field B
2022-08-11,01:45,Cow_324,0,0,0,15,23.2,Cloudy,Field A
2022-08-11,01:45,Cow_325,2,8,5,0,23.2,Cloudy,Field C
2022-08-11,01:45,Cow_326,1,7,7,0,23.2,Cloudy,Field A
2022-08-11,01:45,Cow_327,5,5,5,0,23.2,Cloudy,Field B
2022-08-11,01:45,Cow_328,11,0,6,0,23.2,Cloudy,Field A
2022-08-11,01:45,Cow_329,4,7,4,0,23.2,Cloudy,Field B
2022-08-11,01:45,Cow_330,11,3,1,0,23.2,Cloudy,Field B
2022-08-11,01:45,Cow_331,6,7,2,0,23.2,Cloudy,Field B
2022-08-11,01:45,Cow_332,0,0,0,15,23.2,Cloudy,Field A
2022-08-11,01:45,Cow_333,12,4,0,0,23.2,Cloudy,Field B
2022-08-11,01:45,Cow_334,2,6,7,0,23.2,Cloudy,Field B
2022-08-11,01:45,Cow_335,0,0,0,15,23.2,Cloudy,Field A
2022-08-11,01:45,Cow_336,8,0,7,0,23.2,Cloudy,Field C
2022-08-11,01:45,Cow_337,0,9,6,0,23.2,Cloudy,Field C
2022-08-11,01:45,Cow_338,0,0,0,15,23.2,Cloudy,Field A
2022-08-11,01:45,Cow_339,5,4,6,0,23.2,Cloudy,Field B
2022-08-11,01:45,Cow_340,8,3,4,0,23.2,Cloudy,Field B
2022-08-11,01:45,Cow_341,10,0,5,0,23.2,Cloudy,Field B
2022-08-11,01:45,Cow_342,12,0,8,0,23.2,Cloudy,Field B
2022-08-11,01:45,Cow_343,11,4,0,0,23.2,Cloudy,Field B
2022-08-11,01:45,Cow_344,6,8,1,0,23.2,Cloudy,Field C
2022-08-11,01:45,Cow_345,2,9,4,0,23.2,Cloudy,Field B
2022-08-11,01:45,Cow_346,9,1,5,0,23.2,Cloudy,Field C
2022-08-11,01:45,Cow_347,5,9,1,0,23.2,Cloudy,Field B
2022-08-11,01:45,Cow_348,2,6,7,0,23.2,Cloudy,Field B
2022-08-11,01:45,Cow_349,3,6,6,0,23.2,Cloudy,Field C
2022-08-11,01:45,Cow_350,6,2,7,0,23.2,Cloudy,Field C
2022-08-11,01:45,Cow_351,9,2,4,0,23.2,Cloudy,Field C
2022-08-11,01:45,Cow_352,3,5,7,0,23.2,Cloudy,Field C
2022-08-11,01:45,Cow_353,4,7,4,0,23.2,Cloudy,Field A
2022-08-11,01:45,Cow_354,0,0,0,15,23.2,Cloudy,Field B
2022-08-11,01:45,Cow_355,14,0,8,0,23.2,Cloudy,Field A
2022-08-11,01:45,Cow_356,10,8,0,0,23.2,Cloudy,Field C
2022-08-11,01:45,Cow_357,6,3,6,0,23.2,Cloudy,Field B
2022-08-11,01:45,Cow_358,8,6,1,0,23.2,Cloudy,Field A
2022-08-11,01:45,Cow_359,7,4,4,0,23.2,Cloudy,Field B
2022-08-11,01:45,Cow_360,7,3,5,0,23.2,Cloudy,Field A
2022-08-11,01:45,Cow_361,1,6,8,0,23.2,Cloudy,Field A
2022-08-11,01:45,Cow_362,7,8,0,0,23.2,Cloudy,Field B
2022-08-11,01:45,Cow_363,2,9,4,0,23.2,Cloudy,Field B
2022-08-11,01:45,Cow_364,7,0,8,0,23.2,Cloudy,Field A
2022-08-11,01:45,Cow_365,12,8,0,0,23.2,Cloudy,Field A
2022-08-11,01:45,Cow_366,0,0,0,15,23.2,Cloudy,Field B
2022-08-11,01:45,Cow_367,0,10,6,0,23.2,Cloudy,Field A
2022-08-11,01:45,Cow_368,4,4,7,0,23.2,Cloudy,Field B
2022-08-11,01:45,Cow_369,9,0,8,0,23.2,Cloudy,Field C
2022-08-11,01:45,Cow_370,4,4,7,0,23.2,Cloudy,Field A
2022-08-11,01:45,Cow_371,0,0,0,15,23.2,Cloudy,Field A
2022-08-11,01:45,Cow_372,7,3,5,0,23.2,Cloudy,Field B
2022-08-11,01:45,Cow_373,14,0,4,0,23.2,Cloudy,Field B
2022-08-11,01:45,Cow_374,10,2,3,0,23.2,Cloudy,Field B
2022-08-11,01:45,Cow_375,12,3,0,0,23.2,Cloudy,Field C
2022-08-11,01:45,Cow_376,9,0,7,0,23.2,Cloudy,Field C
2022-08-11,01:45,Cow_377,0,0,0,15,23.2,Cloudy,Field B
2022-08-11,01:45,Cow_378,12,0,8,0,23.2,Cloudy,Field B
2022-08-11,01:45,Cow_379,9,5,1,0,23.2,Cloudy,Field B
2022-08-11,01:45,Cow_380,0,0,0,15,23.2,Cloudy,Field A
2022-08-11,01:45,Cow_381,14,0,8,0,23.2,Cloudy,Field A
2022-08-11,01:45,Cow_382,12,0,5,0,23.2,Cloudy,Field B
2022-08-11,01:45,Cow_383,1,6,8,0,23.2,Cloudy,Field B
2022-08-11,01:45,Cow_384,2,5,8,0,23.2,Cloudy,Field B
2022-08-11,01:45,Cow_385,1,8,6,0,23.2,Cloudy,Field A
2022-08-11,01:45,Cow_386,5,6,4,0,23.2,Cloudy,Field C
2022-08-11,01:45,Cow_387,13,6,0,0,23.2,Cloudy,Field A
2022-08-11,01:45,Cow_388,4,7,4,0,23.2,Cloudy,Field A
2022-08-11,01:45,Cow_389,5,4,6,0,23.2,Cloudy,Field A
2022-08-11,01:45,Cow_390,7,0,8,0,23.2,Cloudy,Field B
2022-08-11,01:45,Cow_391,8,4,3,0,23.2,Cloudy,Field B
2022-08-11,01:45,Cow_392,9,0,6,0,23.2,Cloudy,Field B
2022-08-11,01:45,Cow_393,13,0,4,0,23.2,Cloudy,Field B
2022-08-11,01:45,Cow_394,9,3,3,0,23.2,Cloudy,Field C
2022-08-11,01:45,Cow_395,12,0,6,0,23.2,Cloudy,Field C
2022-08-11,01:45,Cow_396,13,0,7,0,23.2,Cloudy,Field B
2022-08-11,01:45,Cow_397,4,5,6,0,23.2,Cloudy,Field B
2022-08-11,01:45,Cow_398,6,6,3,0,23.2,Cloudy,Field B
2022-08-11,01:45,Cow_399,7,4,4,0,23.2,Cloudy,Field B
2022-08-11,01:45,Cow_400,0,0,0,15,23.2,Cloudy,Field B
2022-08-11,01:45,Cow_401,12,0,3,0,23.2,Cloudy,Field A
2022-08-11,01:45,Cow_402,5,3,7,0,23.2,Cloudy,Field B
2022-08-11,01:45,Cow_403,4,4,7,0,23.2,Cloudy,Field B
2022-08-11,01:45,Cow_404,5,5,5,0,23.2,Cloudy,Field B
2022-08-11,01:45,Cow_405,1,7,7,0,23.2,Cloudy,Field B
2022-08-11,01:45,Cow_406,1,7,7,0,23.2,Cloudy,Field B
2022-08-11,01:45,Cow_407,0,8,7,0,23.2,Cloudy,Field B
2022-08-11,01:45,Cow_408,2,8,5,0,23.2,Cloudy,Field A
2022-08-11,01:45,Cow_409,2,7,6,0,23.2,Cloudy,Field A
2022-08-11,01:45,Cow_410,1,8,6,0,23.2,Cloudy,Field C
2022-08-11,01:45,Cow_411,5,3,7,0,23.2,Cloudy,Field B
2022-08-11,01:45,Cow_412,8,4,3,0,23.2,Cloudy,Field B
2022-08-11,01:45,Cow_413,0,7,8,0,23.2,Cloudy,Field B
2022-08-11,01:45,Cow_414,11,4,0,0,23.2,Cloudy,Field A
2022-08-11,01:45,Cow_415,5,7,3,0,23.2,Cloudy,Field A
2022-08-11,01:45,Cow_416,11,6,0,0,23.2,Cloudy,Field A
2022-08-11,01:45,Cow_417,2,7,6,0,23.2,Cloudy,Field C
2022-08-11,01:45,Cow_418,0,8,8,0,23.2,Cloudy,Field A
2022-08-11,01:45,Cow_419,11,0,6,0,23.2,Cloudy,Field C
2022-08-11,01:45,Cow_420,3,4,8,0,23.2,Cloudy,Field B
2022-08-11,01:45,Cow_421,1,7,7,0,23.2,Cloudy,Field B
2022-08-11,01:45,Cow_422,13,0,5,0,23.2,Cloudy,Field A
2022-08-11,01:45,Cow_423,12,6,0,0,23.2,Cloudy,Field B
2022-08-11,01:45,Cow_424,14,6,0,0,23.2,Cloudy,Field A
2022-08-11,01:45,Cow_425,5,10,0,0,23.2,Cloudy,Field A
2022-08-11,01:45,Cow_426,12,0,5,0,23.2,Cloudy,Field B
2022-08-11,01:45,Cow_427,6,2,7,0,23.2,Cloudy,Field B
2022-08-11,01:45,Cow_428,0,8,7,0,23.2,Cloudy,Field C
2022-08-11,01:45,Cow_429,8,3,4,0,23.2,Cloudy,Field B
2022-08-11,01:45,Cow_430,1,6,8,0,23.2,Cloudy,Field C
2022-08-11,01:45,Cow_431,7,3,5,0,23.2,Cloudy,Field C
2022-08-11,01:45,Cow_432,12,0,3,0,23.2,Cloudy,Field A
2022-08-11,01:45,Cow_433,6,3,6,0,23.2,Cloudy,Field A
2022-08-11,01:45,Cow_434,9,0,8,0,23.2,Cloudy,Field A
2022-08-11,01:45,Cow_435,12,7,0,0,23.2,Cloudy,Field B
2022-08-11,01:45,Cow_436,14,0,4,0,23.2,Cloudy,Field A
2022-08-11,01:45,Cow_437,0,9,7,0,23.2,Cloudy,Field C
2022-08-11,01:45,Cow_438,6,7,2,0,23.2,Cloudy,Field C
2022-08-11,01:45,Cow_439,0,0,0,15,23.2,Cloudy,Field A
2022-08-11,01:45,Cow_440,5,5,5,0,23.2,Cloudy,Field C
2022-08-11,01:45,Cow_441,12,6,0,0,23.2,Cloudy,Field A
2022-08-11,01:45,Cow_442,11,8,0,0,23.2,Cloudy,Field C
2022-08-11,01:45,Cow_443,13,0,7,0,23.2,Cloudy,Field B
2022-08-11,01:45,Cow_444,8,5,2,0,23.2,Cloudy,Field C
2022-08-11,01:45,Cow_445,1,10,4,0,23.2,Cloudy,Field B
2022-08-11,01:45,Cow_446,14,0,6,0,23.2,Cloudy,Field C
2022-08-11,01:45,Cow_447,6,3,6,0,23.2,Cloudy,Field A
2022-08-11,01:45,Cow_448,2,6,7,0,23.2,Cloudy,Field B
2022-08-11,01:45,Cow_449,9,5,1,0,23.2,Cloudy,Field A
2022-08-11,01:45,Cow_450,5,7,3,0,23.2,Cloudy,Field C
2022-08-11,01:45,Cow_451,1,6,8,0,23.2,Cloudy,Field B
2022-08-11,01:45,Cow_452,12,0,8,0,23.2,Cloudy,Field A
2022-08-11,01:45,Cow_453,12,8,0,0,23.2,Cloudy,Field B
2022-08-11,01:45,Cow_454,14,7,0,0,23.2,Cloudy,Field C
2022-08-11,01:45,Cow_455,9,3,3,0,23.2,Cloudy,Field A
2022-08-11,01:45,Cow_456,3,8,4,0,23.2,Cloudy,Field A
2022-08-11,01:45,Cow_457,0,8,7,0,23.2,Cloudy,Field B
2022-08-11,01:45,Cow_458,14,0,4,0,23.2,Cloudy,Field B
2022-08-11,01:45,Cow_459,6,1,8,0,23.2,Cloudy,Field B
2022-08-11,01:45,Cow_460,5,7,3,0,23.2,Cloudy,Field C
2022-08-11,01:45,Cow_461,7,3,5,0,23.2,Cloudy,Field A
2022-08-11,01:45,Cow_462,11,0,6,0,23.2,Cloudy,Field A
2022-08-11,01:45,Cow_463,6,5,4,0,23.2,Cloudy,Field A
2022-08-11,01:45,Cow_464,4,4,7,0,23.2,Cloudy,Field C
2022-08-11,01:45,Cow_465,9,8,0,0,23.2,Cloudy,Field B
2022-08-11,01:45,Cow_466,2,5,8,0,23.2,Cloudy,Field C
2022-08-11,01:45,Cow_467,7,8,0,0,23.2,Cloudy,Field B
2022-08-11,01:45,Cow_468,8,4,3,0,23.2,Cloudy,Field B
2022-08-11,01:45,Cow_469,7,6,2,0,23.2,Cloudy,Field C
2022-08-11,01:45,Cow_470,3,6,6,0,23.2,Cloudy,Field A
2022-08-11,01:45,Cow_471,5,7,3,0,23.2,Cloudy,Field C
2022-08-11,01:45,Cow_472,9,6,0,0,23.2,Cloudy,Field C
2022-08-11,01:45,Cow_473,0,0,0,15,23.2,Cloudy,Field C
2022-08-11,01:45,Cow_474,8,5,2,0,23.2,Cloudy,Field A
2022-08-11,01:45,Cow_475,0,8,7,0,23.2,Cloudy,Field C
2022-08-11,01:45,Cow_476,8,4,3,0,23.2,Cloudy,Field C
2022-08-11,01:45,Cow_477,0,0,0,15,23.2,Cloudy,Field B
2022-08-11,01:45,Cow_478,7,3,5,0,23.2,Cloudy,Field A
2022-08-11,01:45,Cow_479,5,5,5,0,23.2,Cloudy,Field C
2022-08-11,01:45,Cow_480,7,0,8,0,23.2,Cloudy,Field B
2022-08-11,01:45,Cow_481,7,4,4,0,23.2,Cloudy,Field B
2022-08-11,01:45,Cow_482,0,8,8,0,23.2,Cloudy,Field B
2022-08-11,01:45,Cow_483,12,0,6,0,23.2,Cloudy,Field B
2022-08-11,01:45,Cow_484,6,2,7,0,23.2,Cloudy,Field A
2022-08-11,01:45,Cow_485,5,5,5,0,23.2,Cloudy,Field C
2022-08-11,01:45,Cow_486,5,4,6,0,23.2,Cloudy,Field B
2022-08-11,01:45,Cow_487,9,3,3,0,23.2,Cloudy,Field A
2022-08-11,01:45,Cow_488,8,3,4,0,23.2,Cloudy,Field A
2022-08-11,01:45,Cow_489,10,6,0,0,23.2,Cloudy,Field B
2022-08-11,01:45,Cow_490,14,6,0,0,23.2,Cloudy,Field A
2022-08-11,01:45,Cow_491,9,9,0,0,23.2,Cloudy,Field C
2022-08-11,01:45,Cow_492,12,7,0,0,23.2,Cloudy,Field A
2022-08-11,01:45,Cow_493,5,5,5,0,23.2,Cloudy,Field C
2022-08-11,01:45,Cow_494,7,0,8,0,23.2,Cloudy,Field A
2022-08-11,01:45,Cow_495,10,2,3,0,23.2,Cloudy,Field B
2022-08-11,01:45,Cow_496,13,0,5,0,23.2,Cloudy,Field B
2022-08-11,01:45,Cow_497,6,4,5,0,23.2,Cloudy,Field C
2022-08-11,01:45,Cow_498,3,9,3,0,23.2,Cloudy,Field C
2022-08-11,01:45,Cow_499,2,9,4,0,23.2,Cloudy,Field C
2022-08-11,01:45,Cow_500,2,6,7,0,23.2,Cloudy,Field B
2022-08-11,02:00,Cow_1,14,0,5,0,30.5,Clear,Field A
2022-08-11,02:00,Cow_2,4,4,7,0,30.5,Clear,Field B
2022-08-11,02:00,Cow_3,6,5,4,0,30.5,Clear,Field C
2022-08-11,02:00,Cow_4,3,6,6,0,30.5,Clear,Field B
2022-08-11,02:00,Cow_5,0,9,6,0,30.5,Clear,Field A
2022-08-11,02:00,Cow_6,7,6,2,0,30.5,Clear,Field B
2022-08-11,02:00,Cow_7,12,0,7,0,30.5,Clear,Field C
2022-08-11,02:00,Cow_8,9,1,5,0,30.5,Clear,Field A
2022-08-11,02:00,Cow_9,11,10,0,0,30.5,Clear,Field B
2022-08-11,02:00,Cow_10,5,7,3,0,30.5,Clear,Field B
2022-08-11,02:00,Cow_11,9,4,2,0,30.5,Clear,Field A
2022-08-11,02:00,Cow_12,9,4,2,0,30.5,Clear,Field A
2022-08-11,02:00,Cow_13,0,0,0,15,30.5,Clear,Field A
2022-08-11,02:00,Cow_14,5,8,2,0,30.5,Clear,Field C
2022-08-11,02:00,Cow_15,6,6,3,0,30.5,Clear,Field B
2022-08-11,02:00,Cow_16,7,5,3,0,30.5,Clear,Field A
2022-08-11,02:00,Cow_17,8,6,1,0,30.5,Clear,Field C
2022-08-11,02:00,Cow_18,12,1,2,0,30.5,Clear,Field B
2022-08-11,02:00,Cow_19,12,0,4,0,30.5,Clear,Field A
2022-08-11,02:00,Cow_20,11,3,1,0,30.5,Clear,Field A
2022-08-11,02:00,Cow_21,8,0,7,0,30.5,Clear,Field C
2022-08-11,02:00,Cow_22,0,0,0,15,30.5,Clear,Field B
2022-08-11,02:00,Cow_23,0,8,7,0,30.5,Clear,Field A
2022-08-11,02:00,Cow_24,6,6,3,0,30.5,Clear,Field B
2022-08-11,02:00,Cow_25,5,3,7,0,30.5,Clear,Field B
2022-08-11,02:00,Cow_26,4,4,7,0,30.5,Clear,Field A
2022-08-11,02:00,Cow_27,10,0,5,0,30.5,Clear,Field C
2022-08-11,02:00,Cow_28,1,8,6,0,30.5,Clear,Field C
2022-08-11,02:00,Cow_29,11,8,0,0,30.5,Clear,Field A
2022-08-11,02:00,Cow_30,0,0,0,15,30.5,Clear,Field C
2022-08-11,02:00,Cow_31,0,0,0,15,30.5,Clear,Field C
2022-08-11,02:00,Cow_32,0,10,8,0,30.5,Clear,Field A
2022-08-11,02:00,Cow_33,2,5,8,0,30.5,Clear,Field C
2022-08-11,02:00,Cow_34,12,10,0,0,30.5,Clear,Field A
2022-08-11,02:00,Cow_35,14,0,7,0,30.5,Clear,Field C
2022-08-11,02:00,Cow_36,12,0,4,0,30.5,Clear,Field B
2022-08-11,02:00,Cow_37,13,0,3,0,30.5,Clear,Field A
2022-08-11,02:00,Cow_38,5,5,5,0,30.5,Clear,Field C
2022-08-11,02:00,Cow_39,9,9,0,0,30.5,Clear,Field C
2022-08-11,02:00,Cow_40,8,5,2,0,30.5,Clear,Field B
2022-08-11,02:00,Cow_41,2,5,8,0,30.5,Clear,Field C
2022-08-11,02:00,Cow_42,7,4,4,0,30.5,Clear,Field C
2022-08-11,02:00,Cow_43,7,1,7,0,30.5,Clear,Field A
2022-08-11,02:00,Cow_44,0,0,0,15,30.5,Clear,Field C
2022-08-11,02:00,Cow_45,0,10,5,0,30.5,Clear,Field B
2022-08-11,02:00,Cow_46,6,10,0,0,30.5,Clear,Field A
2022-08-11,02:00,Cow_47,0,0,0,15,30.5,Clear,Field A
2022-08-11,02:00,Cow_48,9,2,4,0,30.5,Clear,Field B
2022-08-11,02:00,Cow_49,14,4,0,0,30.5,Clear,Field B
2022-08-11,02:00,Cow_50,14,0,3,0,30.5,Clear,Field C
2022-08-11,02:00,Cow_51,13,8,0,0,30.5,Clear,Field A
2022-08-11,02:00,Cow_52,14,4,0,0,30.5,Clear,Field C
2022-08-11,02:00,Cow_53,13,8,0,0,30.5,Clear,Field B
2022-08-11,02:00,Cow_54,7,7,1,0,30.5,Clear,Field B
2022-08-11,02:00,Cow_55,10,0,7,0,30.5,Clear,Field C
2022-08-11,02:00,Cow_56,8,3,4,0,30.5,Clear,Field C
2022-08-11,02:00,Cow_57,10,10,0,0,30.5,Clear,Field A
2022-08-11,02:00,Cow_58,12,0,3,0,30.5,Clear,Field A
2022-08-11,02:00,Cow_59,1,8,6,0,30.5,Clear,Field C
2022-08-11,02:00,Cow_60,0,0,0,15,30.5,Clear,Field B
2022-08-11,02:00,Cow_61,6,9,0,0,30.5,Clear,Field A
2022-08-11,02:00,Cow_62,3,4,8,0,30.5,Clear,Field B
2022-08-11,02:00,Cow_63,6,3,6,0,30.5,Clear,Field B
2022-08-11,02:00,Cow_64,0,9,7,0,30.5,Clear,Field C
2022-08-11,02:00,Cow_65,13,0,4,0,30.5,Clear,Field A
2022-08-11,02:00,Cow_66,3,5,7,0,30.5,Clear,Field A
2022-08-11,02:00,Cow_67,0,7,8,0,30.5,Clear,Field B
2022-08-11,02:00,Cow_68,14,7,0,0,30.5,Clear,Field C
2022-08-11,02:00,Cow_69,10,0,5,0,30.5,Clear,Field A
2022-08-11,02:00,Cow_70,13,6,0,0,30.5,Clear,Field A
2022-08-11,02:00,Cow_71,6,4,5,0,30.5,Clear,Field B
2022-08-11,02:00,Cow_72,11,1,3,0,30.5,Clear,Field A
2022-08-11,02:00,Cow_73,8,3,4,0,30.5,Clear,Field C
2022-08-11,02:00,Cow_74,0,8,7,0,30.5,Clear,Field A
2022-08-11,02:00,Cow_75,12,12,0,0,30.5,Clear,Field C
2022-08-11,02:00,Cow_76,5,4,6,0,30.5,Clear,Field A
2022-08-11,02:00,Cow_77,0,10,8,0,30.5,Clear,Field C
2022-08-11,02:00,Cow_78,13,9,0,0,30.5,Clear,Field B
2022-08-11,02:00,Cow_79,0,10,6,0,30.5,Clear,Field A
2022-08-11,02:00,Cow_80,10,9,0,0,30.5,Clear,Field C
2022-08-11,02:00,Cow_81,4,4,7,0,30.5,Clear,Field B
2022-08-11,02:00,Cow_82,13,0,5,0,30.5,Clear,Field C
2022-08-11,02:00,Cow_83,7,3,5,0,30.5,Clear,Field A
2022-08-11,02:00,Cow_84,8,3,4,0,30.5,Clear,Field C
2022-08-11,02:00,Cow_85,14,0,7,0,30.5,Clear,Field A
2022-08-11,02:00,Cow_86,2,5,8,0,30.5,Clear,Field B
2022-08-11,02:00,Cow_87,10,0,8,0,30.5,Clear,Field C
2022-08-11,02:00,Cow_88,6,3,6,0,30.5,Clear,Field B
2022-08-11,02:00,Cow_89,2,6,7,0,30.5,Clear,Field A
2022-08-11,02:00,Cow_90,1,6,8,0,30.5,Clear,Field A
2022-08-11,02:00,Cow_91,11,3,1,0,30.5,Clear,Field B
2022-08-11,02:00,Cow_92,8,6,1,0,30.5,Clear,Field A
2022-08-11,02:00,Cow_93,10,5,0,0,30.5,Clear,Field B
2022-08-11,02:00,Cow_94,0,10,5,0,30.5,Clear,Field B
2022-08-11,02:00,Cow_95,9,10,0,0,30.5,Clear,Field A
2022-08-11,02:00,Cow_96,8,0,7,0,30.5,Clear,Field B
2022-08-11,02:00,Cow_97,4,3,8,0,30.5,Clear,Field C
2022-08-11,02:00,Cow_98,15,3,0,0,30.5,Clear,Field B
2022-08-11,02:00,Cow_99,9,0,6,0,30.5,Clear,Field B
2022-08-11,02:00,Cow_100,13,0,7,0,30.5,Clear,Field A
2022-08-11,02:00,Cow_101,0,9,8,0,30.5,Clear,Field B
2022-08-11,02:00,Cow_102,11,10,0,0,30.5,Clear,Field B
2022-08-11,02:00,Cow_103,1,7,7,0,30.5,Clear,Field C
2022-08-11,02:00,Cow_104,0,0,0,15,30.5,Clear,Field B
2022-08-11,02:00,Cow_105,7,5,3,0,30.5,Clear,Field C
2022-08-11,02:00,Cow_106,13,0,8,0,30.5,Clear,Field C
2022-08-11,02:00,Cow_107,13,6,0,0,30.5,Clear,Field B
2022-08-11,02:00,Cow_108,4,4,7,0,30.5,Clear,Field A
2022-08-11,02:00,Cow_109,6,3,6,0,30.5,Clear,Field B
2022-08-11,02:00,Cow_110,1,6,8,0,30.5,Clear,Field B
2022-08-11,02:00,Cow_111,8,1,6,0,30.5,Clear,Field C
2022-08-11,02:00,Cow_112,6,2,7,0,30.5,Clear,Field B
2022-08-11,02:00,Cow_113,14,0,3,0,30.5,Clear,Field A
2022-08-11,02:00,Cow_114,8,3,4,0,30.5,Clear,Field C
2022-08-11,02:00,Cow_115,7,5,3,0,30.5,Clear,Field A
2022-08-11,02:00,Cow_116,2,6,7,0,30.5,Clear,Field B
2022-08-11,02:00,Cow_117,8,4,3,0,30.5,Clear,Field B
2022-08-11,02:00,Cow_118,10,7,0,0,30.5,Clear,Field C
2022-08-11,02:00,Cow_119,5,5,5,0,30.5,Clear,Field B
2022-08-11,02:00,Cow_120,10,7,0,0,30.5,Clear,Field B
2022-08-11,02:00,Cow_121,1,10,4,0,30.5,Clear,Field A
2022-08-11,02:00,Cow_122,4,5,6,0,30.5,Clear,Field A
2022-08-11,02:00,Cow_123,12,0,3,0,30.5,Clear,Field B
2022-08-11,02:00,Cow_124,11,0,6,0,30.5,Clear,Field B
2022-08-11,02:00,Cow_125,1,7,7,0,30.5,Clear,Field C
2022-08-11,02:00,Cow_126,2,6,7,0,30.5,Clear,Field A
2022-08-11,02:00,Cow_127,4,8,3,0,30.5,Clear,Field B
2022-08-11,02:00,Cow_128,0,10,7,0,30.5,Clear,Field A
2022-08-11,02:00,Cow_129,0,0,0,15,30.5,Clear,Field A
2022-08-11,02:00,Cow_130,4,3,8,0,30.5,Clear,Field C
2022-08-11,02:00,Cow_131,7,5,3,0,30.5,Clear,Field C
2022-08-11,02:00,Cow_132,6,4,5,0,30.5,Clear,Field A
2022-08-11,02:00,Cow_133,9,0,7,0,30.5,Clear,Field A
2022-08-11,02:00,Cow_134,6,5,4,0,30.5,Clear,Field A
2022-08-11,02:00,Cow_135,5,2,8,0,30.5,Clear,Field A
2022-08-11,02:00,Cow_136,8,7,0,0,30.5,Clear,Field A
2022-08-11,02:00,Cow_137,6,4,5,0,30.5,Clear,Field C
2022-08-11,02:00,Cow_138,7,5,3,0,30.5,Clear,Field A
2022-08-11,02:00,Cow_139,4,7,4,0,30.5,Clear,Field B
2022-08-11,02:00,Cow_140,9,6,0,0,30.5,Clear,Field B
2022-08-11,02:00,Cow_141,13,0,3,0,30.5,Clear,Field B
2022-08-11,02:00,Cow_142,1,8,6,0,30.5,Clear,Field A
2022-08-11,02:00,Cow_143,3,9,3,0,30.5,Clear,Field C
2022-08-11,02:00,Cow_144,5,2,8,0,30.5,Clear,Field C
2022-08-11,02:00,Cow_145,14,3,0,0,30.5,Clear,Field A
2022-08-11,02:00,Cow_146,5,6,4,0,30.5,Clear,Field B
2022-08-11,02:00,Cow_147,0,9,7,0,30.5,Clear,Field B
2022-08-11,02:00,Cow_148,5,7,3,0,30.5,Clear,Field C
2022-08-11,02:00,Cow_149,10,0,6,0,30.5,Clear,Field A
2022-08-11,02:00,Cow_150,6,5,4,0,30.5,Clear,Field A
2022-08-11,02:00,Cow_151,11,6,0,0,30.5,Clear,Field B
2022-08-11,02:00,Cow_152,0,7,8,0,30.5,Clear,Field B
2022-08-11,02:00,Cow_153,9,0,8,0,30.5,Clear,Field B
2022-08-11,02:00,Cow_154,8,0,8,0,30.5,Clear,Field B
2022-08-11,02:00,Cow_155,14,10,0,0,30.5,Clear,Field C
2022-08-11,02:00,Cow_156,14,0,8,0,30.5,Clear,Field A
2022-08-11,02:00,Cow_157,6,3,6,0,30.5,Clear,Field A
2022-08-11,02:00,Cow_158,7,5,3,0,30.5,Clear,Field C
2022-08-11,02:00,Cow_159,0,0,0,15,30.5,Clear,Field A
2022-08-11,02:00,Cow_160,0,0,0,15,30.5,Clear,Field B
2022-08-11,02:00,Cow_161,6,5,4,0,30.5,Clear,Field A
2022-08-11,02:00,Cow_162,6,2,7,0,30.5,Clear,Field C
2022-08-11,02:00,Cow_163,6,5,4,0,30.5,Clear,Field C
2022-08-11,02:00,Cow_164,13,10,0,0,30.5,Clear,Field C
2022-08-11,02:00,Cow_165,12,0,7,0,30.5,Clear,Field A
2022-08-11,02:00,Cow_166,11,7,0,0,30.5,Clear,Field C
2022-08-11,02:00,Cow_167,6,6,3,0,30.5,Clear,Field B
2022-08-11,02:00,Cow_168,0,0,0,15,30.5,Clear,Field A
2022-08-11,02:00,Cow_169,14,10,0,0,30.5,Clear,Field C
2022-08-11,02:00,Cow_170,14,0,8,0,30.5,Clear,Field A
2022-08-11,02:00,Cow_171,5,5,5,0,30.5,Clear,Field A
2022-08-11,02:00,Cow_172,5,9,1,0,30.5,Clear,Field C
2022-08-11,02:00,Cow_173,6,5,4,0,30.5,Clear,Field A
2022-08-11,02:00,Cow_174,0,12,5,0,30.5,Clear,Field C
2022-08-11,02:00,Cow_175,6,4,5,0,30.5,Clear,Field C
2022-08-11,02:00,Cow_176,0,0,0,15,30.5,Clear,Field C
2022-08-11,02:00,Cow_177,5,4,6,0,30.5,Clear,Field B
2022-08-11,02:00,Cow_178,7,3,5,0,30.5,Clear,Field B
2022-08-11,02:00,Cow_179,5,5,5,0,30.5,Clear,Field B
2022-08-11,02:00,Cow_180,14,7,0,0,30.5,Clear,Field A
2022-08-11,02:00,Cow_181,5,6,4,0,30.5,Clear,Field A
2022-08-11,02:00,Cow_182,11,0,7,0,30.5,Clear,Field C
2022-08-11,02:00,Cow_183,5,6,4,0,30.5,Clear,Field A
2022-08-11,02:00,Cow_184,14,0,6,0,30.5,Clear,Field B
2022-08-11,02:00,Cow_185,1,7,7,0,30.5,Clear,Field B
2022-08-11,02:00,Cow_186,11,6,0,0,30.5,Clear,Field C
2022-08-11,02:00,Cow_187,12,4,0,0,30.5,Clear,Field C
2022-08-11,02:00,Cow_188,11,0,4,0,30.5,Clear,Field B
2022-08-11,02:00,Cow_189,7,1,7,0,30.5,Clear,Field C
2022-08-11,02:00,Cow_190,13,0,7,0,30.5,Clear,Field C
2022-08-11,02:00,Cow_191,8,4,3,0,30.5,Clear,Field B
2022-08-11,02:00,Cow_192,5,3,7,0,30.5,Clear,Field B
2022-08-11,02:00,Cow_193,11,1,3,0,30.5,Clear,Field A
2022-08-11,02:00,Cow_194,3,8,4,0,30.5,Clear,Field C
2022-08-11,02:00,Cow_195,1,8,6,0,30.5,Clear,Field B
2022-08-11,02:00,Cow_196,3,8,4,0,30.5,Clear,Field A
2022-08-11,02:00,Cow_197,14,0,6,0,30.5,Clear,Field B
2022-08-11,02:00,Cow_198,8,3,4,0,30.5,Clear,Field C
2022-08-11,02:00,Cow_199,14,3,0,0,30.5,Clear,Field A
2022-08-11,02:00,Cow_200,13,0,8,0,30.5,Clear,Field C
2022-08-11,02:00,Cow_201,10,0,8,0,30.5,Clear,Field C
2022-08-11,02:00,Cow_202,13,0,4,0,30.5,Clear,Field B
2022-08-11,02:00,Cow_203,5,8,2,0,30.5,Clear,Field B
2022-08-11,02:00,Cow_204,12,3,0,0,30.5,Clear,Field C
2022-08-11,02:00,Cow_205,0,0,0,15,30.5,Clear,Field C
2022-08-11,02:00,Cow_206,12,0,5,0,30.5,Clear,Field C
2022-08-11,02:00,Cow_207,14,10,0,0,30.5,Clear,Field A
2022-08-11,02:00,Cow_208,6,4,5,0,30.5,Clear,Field A
2022-08-11,02:00,Cow_209,14,8,0,0,30.5,Clear,Field C
2022-08-11,02:00,Cow_210,11,0,6,0,30.5,Clear,Field B
2022-08-11,02:00,Cow_211,7,7,1,0,30.5,Clear,Field A
2022-08-11,02:00,Cow_212,9,6,0,0,30.5,Clear,Field C
2022-08-11,02:00,Cow_213,0,10,8,0,30.5,Clear,Field A
2022-08-11,02:00,Cow_214,7,5,3,0,30.5,Clear,Field B
2022-08-11,02:00,Cow_215,10,9,0,0,30.5,Clear,Field C
2022-08-11,02:00,Cow_216,14,0,7,0,30.5,Clear,Field A
2022-08-11,02:00,Cow_217,0,0,0,15,30.5,Clear,Field A
2022-08-11,02:00,Cow_218,4,7,4,0,30.5,Clear,Field A
2022-08-11,02:00,Cow_219,5,7,3,0,30.5,Clear,Field C
2022-08-11,02:00,Cow_220,0,0,0,15,30.5,Clear,Field C
2022-08-11,02:00,Cow_221,4,3,8,0,30.5,Clear,Field B
2022-08-11,02:00,Cow_222,1,10,4,0,30.5,Clear,Field B
2022-08-11,02:00,Cow_223,10,4,1,0,30.5,Clear,Field A
2022-08-11,02:00,Cow_224,0,9,8,0,30.5,Clear,Field A
2022-08-11,02:00,Cow_225,2,8,5,0,30.5,Clear,Field C
2022-08-11,02:00,Cow_226,5,9,1,0,30.5,Clear,Field A
2022-08-11,02:00,Cow_227,7,5,3,0,30.5,Clear,Field A
2022-08-11,02:00,Cow_228,6,2,7,0,30.5,Clear,Field C
2022-08-11,02:00,Cow_229,14,9,0,0,30.5,Clear,Field A
2022-08-11,02:00,Cow_230,5,3,7,0,30.5,Clear,Field C
2022-08-11,02:00,Cow_231,1,8,6,0,30.5,Clear,Field B
2022-08-11,02:00,Cow_232,14,3,0,0,30.5,Clear,Field C
2022-08-11,02:00,Cow_233,0,0,0,15,30.5,Clear,Field A
2022-08-11,02:00,Cow_234,5,7,3,0,30.5,Clear,Field C
2022-08-11,02:00,Cow_235,9,7,0,0,30.5,Clear,Field C
2022-08-11,02:00,Cow_236,13,0,8,0,30.5,Clear,Field C
2022-08-11,02:00,Cow_237,5,7,3,0,30.5,Clear,Field B
2022-08-11,02:00,Cow_238,6,5,4,0,30.5,Clear,Field C
2022-08-11,02:00,Cow_239,7,5,3,0,30.5,Clear,Field C
2022-08-11,02:00,Cow_240,14,9,0,0,30.5,Clear,Field C
2022-08-11,02:00,Cow_241,4,7,4,0,30.5,Clear,Field B
2022-08-11,02:00,Cow_242,7,1,7,0,30.5,Clear,Field B
2022-08-11,02:00,Cow_243,5,5,5,0,30.5,Clear,Field C
2022-08-11,02:00,Cow_244,7,5,3,0,30.5,Clear,Field A
2022-08-11,02:00,Cow_245,12,4,0,0,30.5,Clear,Field C
2022-08-11,02:00,Cow_246,2,6,7,0,30.5,Clear,Field C
2022-08-11,02:00,Cow_247,9,4,2,0,30.5,Clear,Field C
2022-08-11,02:00,Cow_248,6,6,3,0,30.5,Clear,Field B
2022-08-11,02:00,Cow_249,8,0,8,0,30.5,Clear,Field A
2022-08-11,02:00,Cow_250,8,0,7,0,30.5,Clear,Field B
2022-08-11,02:00,Cow_251,1,10,4,0,30.5,Clear,Field A
2022-08-11,02:00,Cow_252,15,0,10,0,30.5,Clear,Field A
2022-08-11,02:00,Cow_253,4,8,3,0,30.5,Clear,Field A
2022-08-11,02:00,Cow_254,10,8,0,0,30.5,Clear,Field A
2022-08-11,02:00,Cow_255,8,8,0,0,30.5,Clear,Field A
2022-08-11,02:00,Cow_256,8,3,4,0,30.5,Clear,Field C
2022-08-11,02:00,Cow_257,4,7,4,0,30.5,Clear,Field C
2022-08-11,02:00,Cow_258,8,3,4,0,30.5,Clear,Field B
2022-08-11,02:00,Cow_259,0,9,6,0,30.5,Clear,Field B
2022-08-11,02:00,Cow_260,13,0,8,0,30.5,Clear,Field C
2022-08-11,02:00,Cow_261,7,6,2,0,30.5,Clear,Field C
2022-08-11,02:00,Cow_262,13,0,3,0,30.5,Clear,Field A
2022-08-11,02:00,Cow_263,4,3,8,0,30.5,Clear,Field B
2022-08-11,02:00,Cow_264,11,0,4,0,30.5,Clear,Field B
2022-08-11,02:00,Cow_265,8,1,6,0,30.5,Clear,Field C
2022-08-11,02:00,Cow_266,6,2,7,0,30.5,Clear,Field A
2022-08-11,02:00,Cow_267,10,0,7,0,30.5,Clear,Field A
2022-08-11,02:00,Cow_268,4,7,4,0,30.5,Clear,Field B
2022-08-11,02:00,Cow_269,11,1,3,0,30.5,Clear,Field B
2022-08-11,02:00,Cow_270,7,5,3,0,30.5,Clear,Field A
2022-08-11,02:00,Cow_271,6,4,5,0,30.5,Clear,Field A
2022-08-11,02:00,Cow_272,14,0,3,0,30.5,Clear,Field B
2022-08-11,02:00,Cow_273,6,5,4,0,30.5,Clear,Field C
2022-08-11,02:00,Cow_274,4,8,3,0,30.5,Clear,Field C
2022-08-11,02:00,Cow_275,7,3,5,0,30.5,Clear,Field B
2022-08-11,02:00,Cow_276,11,9,0,0,30.5,Clear,Field C
2022-08-11,02:00,Cow_277,0,0,0,15,30.5,Clear,Field A
2022-08-11,02:00,Cow_278,5,7,3,0,30.5,Clear,Field A
2022-08-11,02:00,Cow_279,14,0,5,0,30.5,Clear,Field C
2022-08-11,02:00,Cow_280,11,0,5,0,30.5,Clear,Field B
2022-08-11,02:00,Cow_281,7,1,7,0,30.5,Clear,Field C
2022-08-11,02:00,Cow_282,8,8,0,0,30.5,Clear,Field A
2022-08-11,02:00,Cow_283,0,9,6,0,30.5,Clear,Field A
2022-08-11,02:00,Cow_284,1,8,6,0,30.5,Clear,Field A
2022-08-11,02:00,Cow_285,12,0,3,0,30.5,Clear,Field C
2022-08-11,02:00,Cow_286,0,7,8,0,30.5,Clear,Field C
2022-08-11,02:00,Cow_287,3,9,3,0,30.5,Clear,Field B
2022-08-11,02:00,Cow_288,11,5,0,0,30.5,Clear,Field C
2022-08-11,02:00,Cow_289,5,7,3,0,30.5,Clear,Field C
2022-08-11,02:00,Cow_290,13,0,3,0,30.5,Clear,Field C
2022-08-11,02:00,Cow_291,1,6,8,0,30.5,Clear,Field C
2022-08-11,02:00,Cow_292,7,4,4,0,30.5,Clear,Field A
2022-08-11,02:00,Cow_293,4,5,6,0,30.5,Clear,Field A
2022-08-11,02:00,Cow_294,7,5,3,0,30.5,Clear,Field B
2022-08-11,02:00,Cow_295,0,0,0,15,30.5,Clear,Field C
2022-08-11,02:00,Cow_296,0,9,8,0,30.5,Clear,Field A
2022-08-11,02:00,Cow_297,9,8,0,0,30.5,Clear,Field C
2022-08-11,02:00,Cow_298,0,8,7,0,30.5,Clear,Field B
2022-08-11,02:00,Cow_299,11,6,0,0,30.5,Clear,Field C
2022-08-11,02:00,Cow_300,9,0,6,0,30.5,Clear,Field C
2022-08-11,02:00,Cow_301,2,5,8,0,30.5,Clear,Field A
2022-08-11,02:00,Cow_302,7,10,0,0,30.5,Clear,Field B
2022-08-11,02:00,Cow_303,8,5,2,0,30.5,Clear,Field A
2022-08-11,02:00,Cow_304,6,6,3,0,30.5,Clear,Field A
2022-08-11,02:00,Cow_305,4,8,3,0,30.5,Clear,Field C
2022-08-11,02:00,Cow_306,7,3,5,0,30.5,Clear,Field A
2022-08-11,02:00,Cow_307,11,5,0,0,30.5,Clear,Field C
2022-08-11,02:00,Cow_308,10,7,0,0,30.5,Clear,Field C
2022-08-11,02:00,Cow_309,10,0,8,0,30.5,Clear,Field B
2022-08-11,02:00,Cow_310,2,5,8,0,30.5,Clear,Field C
2022-08-11,02:00,Cow_311,8,6,1,0,30.5,Clear,Field C
2022-08-11,02:00,Cow_312,13,0,6,0,30.5,Clear,Field A
2022-08-11,02:00,Cow_313,0,0,0,15,30.5,Clear,Field A
2022-08-11,02:00,Cow_314,7,5,3,0,30.5,Clear,Field C
2022-08-11,02:00,Cow_315,10,10,0,0,30.5,Clear,Field B
2022-08-11,02:00,Cow_316,5,5,5,0,30.5,Clear,Field C
2022-08-11,02:00,Cow_317,4,4,7,0,30.5,Clear,Field B
2022-08-11,02:00,Cow_318,14,0,7,0,30.5,Clear,Field B
2022-08-11,02:00,Cow_319,6,1,8,0,30.5,Clear,Field A
2022-08-11,02:00,Cow_320,10,0,8,0,30.5,Clear,Field A
2022-08-11,02:00,Cow_321,3,8,4,0,30.5,Clear,Field A
2022-08-11,02:00,Cow_322,0,9,8,0,30.5,Clear,Field A
2022-08-11,02:00,Cow_323,4,3,8,0,30.5,Clear,Field C
2022-08-11,02:00,Cow_324,7,4,4,0,30.5,Clear,Field C
2022-08-11,02:00,Cow_325,5,3,7,0,30.5,Clear,Field B
2022-08-11,02:00,Cow_326,5,9,1,0,30.5,Clear,Field A
2022-08-11,02:00,Cow_327,7,2,6,0,30.5,Clear,Field A
2022-08-11,02:00,Cow_328,0,0,0,15,30.5,Clear,Field B
2022-08-11,02:00,Cow_329,3,4,8,0,30.5,Clear,Field C
2022-08-11,02:00,Cow_330,8,8,0,0,30.5,Clear,Field A
2022-08-11,02:00,Cow_331,1,10,4,0,30.5,Clear,Field A
2022-08-11,02:00,Cow_332,3,7,5,0,30.5,Clear,Field B
2022-08-11,02:00,Cow_333,6,1,8,0,30.5,Clear,Field A
2022-08-11,02:00,Cow_334,5,4,6,0,30.5,Clear,Field B
2022-08-11,02:00,Cow_335,11,4,0,0,30.5,Clear,Field A
2022-08-11,02:00,Cow_336,8,2,5,0,30.5,Clear,Field A
2022-08-11,02:00,Cow_337,2,8,5,0,30.5,Clear,Field A
2022-08-11,02:00,Cow_338,4,8,3,0,30.5,Clear,Field A
2022-08-11,02:00,Cow_339,11,0,5,0,30.5,Clear,Field A
2022-08-11,02:00,Cow_340,7,3,5,0,30.5,Clear,Field C
2022-08-11,02:00,Cow_341,2,8,5,0,30.5,Clear,Field B
2022-08-11,02:00,Cow_342,11,1,3,0,30.5,Clear,Field A
2022-08-11,02:00,Cow_343,10,3,2,0,30.5,Clear,Field C
2022-08-11,02:00,Cow_344,6,6,3,0,30.5,Clear,Field B
2022-08-11,02:00,Cow_345,14,4,0,0,30.5,Clear,Field A
2022-08-11,02:00,Cow_346,7,5,3,0,30.5,Clear,Field B
2022-08-11,02:00,Cow_347,8,7,0,0,30.5,Clear,Field A
2022-08-11,02:00,Cow_348,10,0,8,0,30.5,Clear,Field C
2022-08-11,02:00,Cow_349,10,0,6,0,30.5,Clear,Field A
2022-08-11,02:00,Cow_350,12,10,0,0,30.5,Clear,Field A
2022-08-11,02:00,Cow_351,8,3,4,0,30.5,Clear,Field B
2022-08-11,02:00,Cow_352,11,0,5,0,30.5,Clear,Field A
2022-08-11,02:00,Cow_353,6,3,6,0,30.5,Clear,Field B
2022-08-11,02:00,Cow_354,8,10,0,0,30.5,Clear,Field A
2022-08-11,02:00,Cow_355,10,8,0,0,30.5,Clear,Field C
2022-08-11,02:00,Cow_356,10,0,6,0,30.5,Clear,Field A
2022-08-11,02:00,Cow_357,9,4,2,0,30.5,Clear,Field B
2022-08-11,02:00,Cow_358,13,9,0,0,30.5,Clear,Field B
2022-08-11,02:00,Cow_359,14,11,0,0,30.5,Clear,Field A
2022-08-11,02:00,Cow_360,4,6,5,0,30.5,Clear,Field A
2022-08-11,02:00,Cow_361,10,2,3,0,30.5,Clear,Field B
2022-08-11,02:00,Cow_362,6,2,7,0,30.5,Clear,Field A
2022-08-11,02:00,Cow_363,7,3,5,0,30.5,Clear,Field C
2022-08-11,02:00,Cow_364,0,0,0,15,30.5,Clear,Field C
2022-08-11,02:00,Cow_365,13,0,7,0,30.5,Clear,Field C
2022-08-11,02:00,Cow_366,10,4,1,0,30.5,Clear,Field C
2022-08-11,02:00,Cow_367,7,3,5,0,30.5,Clear,Field C
2022-08-11,02:00,Cow_368,6,7,2,0,30.5,Clear,Field B
2022-08-11,02:00,Cow_369,1,6,8,0,30.5,Clear,Field C
2022-08-11,02:00,Cow_370,8,9,0,0,30.5,Clear,Field B
2022-08-11,02:00,Cow_371,4,4,7,0,30.5,Clear,Field B
2022-08-11,02:00,Cow_372,2,9,4,0,30.5,Clear,Field A
2022-08-11,02:00,Cow_373,14,0,5,0,30.5,Clear,Field B
2022-08-11,02:00,Cow_374,8,0,8,0,30.5,Clear,Field A
2022-08-11,02:00,Cow_375,7,9,0,0,30.5,Clear,Field B
2022-08-11,02:00,Cow_376,5,4,6,0,30.5,Clear,Field B
2022-08-11,02:00,Cow_377,8,6,1,0,30.5,Clear,Field A
2022-08-11,02:00,Cow_378,13,8,0,0,30.5,Clear,Field C
2022-08-11,02:00,Cow_379,4,3,8,0,30.5,Clear,Field A
2022-08-11,02:00,Cow_380,10,6,0,0,30.5,Clear,Field A
2022-08-11,02:00,Cow_381,14,0,5,0,30.5,Clear,Field B
2022-08-11,02:00,Cow_382,10,8,0,0,30.5,Clear,Field A
2022-08-11,02:00,Cow_383,10,8,0,0,30.5,Clear,Field C
2022-08-11,02:00,Cow_384,9,0,6,0,30.5,Clear,Field A
2022-08-11,02:00,Cow_385,7,7,1,0,30.5,Clear,Field B
2022-08-11,02:00,Cow_386,12,3,0,0,30.5,Clear,Field C
2022-08-11,02:00,Cow_387,9,6,0,0,30.5,Clear,Field B
2022-08-11,02:00,Cow_388,6,1,8,0,30.5,Clear,Field B
2022-08-11,02:00,Cow_389,2,8,5,0,30.5,Clear,Field B
2022-08-11,02:00,Cow_390,10,8,0,0,30.5,Clear,Field B
2022-08-11,02:00,Cow_391,0,10,10,0,30.5,Clear,Field C
2022-08-11,02:00,Cow_392,6,2,7,0,30.5,Clear,Field A
2022-08-11,02:00,Cow_393,4,7,4,0,30.5,Clear,Field A
2022-08-11,02:00,Cow_394,9,1,5,0,30.5,Clear,Field C
2022-08-11,02:00,Cow_395,9,8,0,0,30.5,Clear,Field C
2022-08-11,02:00,Cow_396,14,0,3,0,30.5,Clear,Field A
2022-08-11,02:00,Cow_397,0,10,5,0,30.5,Clear,Field A
2022-08-11,02:00,Cow_398,8,6,1,0,30.5,Clear,Field C
2022-08-11,02:00,Cow_399,6,4,5,0,30.5,Clear,Field A
2022-08-11,02:00,Cow_400,3,8,4,0,30.5,Clear,Field C
2022-08-11,02:00,Cow_401,12,0,4,0,30.5,Clear,Field B
2022-08-11,02:00,Cow_402,12,0,8,0,30.5,Clear,Field B
2022-08-11,02:00,Cow_403,9,1,5,0,30.5,Clear,Field A
2022-08-11,02:00,Cow_404,0,0,0,15,30.5,Clear,Field B
2022-08-11,02:00,Cow_405,3,6,6,0,30.5,Clear,Field B
2022-08-11,02:00,Cow_406,7,5,3,0,30.5,Clear,Field B
2022-08-11,02:00,Cow_407,0,9,6,0,30.5,Clear,Field B
2022-08-11,02:00,Cow_408,6,6,3,0,30.5,Clear,Field B
2022-08-11,02:00,Cow_409,9,8,0,0,30.5,Clear,Field A
2022-08-11,02:00,Cow_410,7,5,3,0,30.5,Clear,Field C
2022-08-11,02:00,Cow_411,10,0,7,0,30.5,Clear,Field A
2022-08-11,02:00,Cow_412,15,9,0,0,30.5,Clear,Field A
2022-08-11,02:00,Cow_413,9,3,3,0,30.5,Clear,Field C
2022-08-11,02:00,Cow_414,13,0,5,0,30.5,Clear,Field C
2022-08-11,02:00,Cow_415,0,0,0,15,30.5,Clear,Field A
2022-08-11,02:00,Cow_416,6,4,5,0,30.5,Clear,Field C
2022-08-11,02:00,Cow_417,3,5,7,0,30.5,Clear,Field C
2022-08-11,02:00,Cow_418,0,10,6,0,30.5,Clear,Field C
2022-08-11,02:00,Cow_419,3,9,3,0,30.5,Clear,Field A
2022-08-11,02:00,Cow_420,5,6,4,0,30.5,Clear,Field A
2022-08-11,02:00,Cow_421,3,9,3,0,30.5,Clear,Field C
2022-08-11,02:00,Cow_422,6,6,3,0,30.5,Clear,Field A
2022-08-11,02:00,Cow_423,1,9,5,0,30.5,Clear,Field A
2022-08-11,02:00,Cow_424,6,5,4,0,30.5,Clear,Field B
2022-08-11,02:00,Cow_425,10,3,2,0,30.5,Clear,Field B
2022-08-11,02:00,Cow_426,11,7,0,0,30.5,Clear,Field C
2022-08-11,02:00,Cow_427,15,0,5,0,30.5,Clear,Field B
2022-08-11,02:00,Cow_428,11,0,8,0,30.5,Clear,Field B
2022-08-11,02:00,Cow_429,6,2,7,0,30.5,Clear,Field B
2022-08-11,02:00,Cow_430,8,1,6,0,30.5,Clear,Field A
2022-08-11,02:00,Cow_431,5,10,0,0,30.5,Clear,Field B
2022-08-11,02:00,Cow_432,0,9,7,0,30.5,Clear,Field A
2022-08-11,02:00,Cow_433,10,7,0,0,30.5,Clear,Field A
2022-08-11,02:00,Cow_434,5,3,7,0,30.5,Clear,Field B
2022-08-11,02:00,Cow_435,6,7,2,0,30.5,Clear,Field B
2022-08-11,02:00,Cow_436,6,7,2,0,30.5,Clear,Field B
2022-08-11,02:00,Cow_437,10,4,1,0,30.5,Clear,Field C
2022-08-11,02:00,Cow_438,9,9,0,0,30.5,Clear,Field B
2022-08-11,02:00,Cow_439,5,4,6,0,30.5,Clear,Field C
2022-08-11,02:00,Cow_440,5,4,6,0,30.5,Clear,Field B
2022-08-11,02:00,Cow_441,2,5,8,0,30.5,Clear,Field B
2022-08-11,02:00,Cow_442,15,0,8,0,30.5,Clear,Field C
2022-08-11,02:00,Cow_443,9,0,6,0,30.5,Clear,Field A
2022-08-11,02:00,Cow_444,4,6,5,0,30.5,Clear,Field C
2022-08-11,02:00,Cow_445,5,5,5,0,30.5,Clear,Field A
2022-08-11,02:00,Cow_446,12,0,8,0,30.5,Clear,Field A
2022-08-11,02:00,Cow_447,14,7,0,0,30.5,Clear,Field B
2022-08-11,02:00,Cow_448,12,6,0,0,30.5,Clear,Field B
2022-08-11,02:00,Cow_449,4,4,7,0,30.5,Clear,Field B
2022-08-11,02:00,Cow_450,12,4,0,0,30.5,Clear,Field B
2022-08-11,02:00,Cow_451,0,8,8,0,30.5,Clear,Field C
2022-08-11,02:00,Cow_452,13,0,3,0,30.5,Clear,Field C
2022-08-11,02:00,Cow_453,10,8,0,0,30.5,Clear,Field B
2022-08-11,02:00,Cow_454,7,4,4,0,30.5,Clear,Field B
2022-08-11,02:00,Cow_455,6,3,6,0,30.5,Clear,Field B
2022-08-11,02:00,Cow_456,0,0,0,15,30.5,Clear,Field A
2022-08-11,02:00,Cow_457,0,0,0,15,30.5,Clear,Field C
2022-08-11,02:00,Cow_458,5,5,5,0,30.5,Clear,Field A
2022-08-11,02:00,Cow_459,2,9,4,0,30.5,Clear,Field B
2022-08-11,02:00,Cow_460,0,0,0,15,30.5,Clear,Field A
2022-08-11,02:00,Cow_461,8,0,7,0,30.5,Clear,Field C
2022-08-11,02:00,Cow_462,10,0,7,0,30.5,Clear,Field B
2022-08-11,02:00,Cow_463,12,0,6,0,30.5,Clear,Field A
2022-08-11,02:00,Cow_464,6,3,6,0,30.5,Clear,Field B
2022-08-11,02:00,Cow_465,8,7,0,0,30.5,Clear,Field A
2022-08-11,02:00,Cow_466,8,4,3,0,30.5,Clear,Field A
2022-08-11,02:00,Cow_467,7,3,5,0,30.5,Clear,Field A
2022-08-11,02:00,Cow_468,12,8,0,0,30.5,Clear,Field C
2022-08-11,02:00,Cow_469,10,8,0,0,30.5,Clear,Field A
2022-08-11,02:00,Cow_470,3,7,5,0,30.5,Clear,Field C
2022-08-11,02:00,Cow_471,11,3,1,0,30.5,Clear,Field C
2022-08-11,02:00,Cow_472,5,4,6,0,30.5,Clear,Field B
2022-08-11,02:00,Cow_473,0,0,0,15,30.5,Clear,Field B
2022-08-11,02:00,Cow_474,8,2,5,0,30.5,Clear,Field C
2022-08-11,02:00,Cow_475,0,9,6,0,30.5,Clear,Field A
2022-08-11,02:00,Cow_476,0,0,0,15,30.5,Clear,Field C
2022-08-11,02:00,Cow_477,14,7,0,0,30.5,Clear,Field C
2022-08-11,02:00,Cow_478,8,0,7,0,30.5,Clear,Field C
2022-08-11,02:00,Cow_479,0,12,10,0,30.5,Clear,Field C
2022-08-11,02:00,Cow_480,8,1,6,0,30.5,Clear,Field C
2022-08-11,02:00,Cow_481,9,3,3,0,30.5,Clear,Field B
2022-08-11,02:00,Cow_482,13,0,3,0,30.5,Clear,Field A
2022-08-11,02:00,Cow_483,3,6,6,0,30.5,Clear,Field A
2022-08-11,02:00,Cow_484,6,3,6,0,30.5,Clear,Field C
2022-08-11,02:00,Cow_485,10,0,5,0,30.5,Clear,Field C
2022-08-11,02:00,Cow_486,14,4,0,0,30.5,Clear,Field A
2022-08-11,02:00,Cow_487,11,0,8,0,30.5,Clear,Field C
2022-08-11,02:00,Cow_488,5,7,3,0,30.5,Clear,Field C
2022-08-11,02:00,Cow_489,4,5,6,0,30.5,Clear,Field B
2022-08-11,02:00,Cow_490,10,0,8,0,30.5,Clear,Field A
2022-08-11,02:00,Cow_491,6,9,0,0,30.5,Clear,Field B
2022-08-11,02:00,Cow_492,9,3,3,0,30.5,Clear,Field B
2022-08-11,02:00,Cow_493,7,6,2,0,30.5,Clear,Field B
2022-08-11,02:00,Cow_494,14,0,3,0,30.5,Clear,Field A
2022-08-11,02:00,Cow_495,8,1,6,0,30.5,Clear,Field C
2022-08-11,02:00,Cow_496,10,0,8,0,30.5,Clear,Field B
2022-08-11,02:00,Cow_497,8,2,5,0,30.5,Clear,Field A
2022-08-11,02:00,Cow_498,0,0,0,15,30.5,Clear,Field C
2022-08-11,02:00,Cow_499,4,3,8,0,30.5,Clear,Field C
2022-08-11,02:00,Cow_500,10,4,1,0,30.5,Clear,Field A
2022-08-11,02:15,Cow_1,11,0,6,0,24.9,Cloudy,Field C
2022-08-11,02:15,Cow_2,11,0,5,0,24.9,Cloudy,Field C
2022-08-11,02:15,Cow_3,9,0,6,0,24.9,Cloudy,Field A
2022-08-11,02:15,Cow_4,0,7,8,0,24.9,Cloudy,Field A
2022-08-11,02:15,Cow_5,4,4,7,0,24.9,Cloudy,Field B
2022-08-11,02:15,Cow_6,4,5,6,0,24.9,Cloudy,Field B
2022-08-11,02:15,Cow_7,12,0,6,0,24.9,Cloudy,Field B
2022-08-11,02:15,Cow_8,6,3,6,0,24.9,Cloudy,Field C
2022-08-11,02:15,Cow_9,10,4,1,0,24.9,Cloudy,Field C
2022-08-11,02:15,Cow_10,0,8,8,0,24.9,Cloudy,Field A
2022-08-11,02:15,Cow_11,11,0,6,0,24.9,Cloudy,Field B
2022-08-11,02:15,Cow_12,14,0,4,0,24.9,Cloudy,Field A
2022-08-11,02:15,Cow_13,10,1,4,0,24.9,Cloudy,Field C
2022-08-11,02:15,Cow_14,14,9,0,0,24.9,Cloudy,Field A
2022-08-11,02:15,Cow_15,4,4,7,0,24.9,Cloudy,Field B
2022-08-11,02:15,Cow_16,11,5,0,0,24.9,Cloudy,Field B
2022-08-11,02:15,Cow_17,2,5,8,0,24.9,Cloudy,Field C
2022-08-11,02:15,Cow_18,1,4,10,0,24.9,Cloudy,Field A
2022-08-11,02:15,Cow_19,6,5,4,0,24.9,Cloudy,Field B
2022-08-11,02:15,Cow_20,3,8,4,0,24.9,Cloudy,Field B
2022-08-11,02:15,Cow_21,11,2,2,0,24.9,Cloudy,Field B
2022-08-11,02:15,Cow_22,8,7,0,0,24.9,Cloudy,Field B
2022-08-11,02:15,Cow_23,2,5,8,0,24.9,Cloudy,Field A
2022-08-11,02:15,Cow_24,5,8,2,0,24.9,Cloudy,Field B
2022-08-11,02:15,Cow_25,12,0,7,0,24.9,Cloudy,Field B
2022-08-11,02:15,Cow_26,0,0,0,15,24.9,Cloudy,Field A
2022-08-11,02:15,Cow_27,9,2,4,0,24.9,Cloudy,Field B
2022-08-11,02:15,Cow_28,9,5,1,0,24.9,Cloudy,Field B
2022-08-11,02:15,Cow_29,13,0,8,0,24.9,Cloudy,Field A
2022-08-11,02:15,Cow_30,2,8,5,0,24.9,Cloudy,Field A
2022-08-11,02:15,Cow_31,3,8,4,0,24.9,Cloudy,Field C
2022-08-11,02:15,Cow_32,12,0,5,0,24.9,Cloudy,Field C
2022-08-11,02:15,Cow_33,5,3,7,0,24.9,Cloudy,Field C
2022-08-11,02:15,Cow_34,10,10,0,0,24.9,Cloudy,Field B
2022-08-11,02:15,Cow_35,0,0,0,15,24.9,Cloudy,Field A
2022-08-11,02:15,Cow_36,8,4,3,0,24.9,Cloudy,Field A
2022-08-11,02:15,Cow_37,12,5,0,0,24.9,Cloudy,Field A
2022-08-11,02:15,Cow_38,0,9,6,0,24.9,Cloudy,Field C
2022-08-11,02:15,Cow_39,1,7,7,0,24.9,Cloudy,Field A
2022-08-11,02:15,Cow_40,7,3,5,0,24.9,Cloudy,Field B
2022-08-11,02:15,Cow_41,7,8,0,0,24.9,Cloudy,Field C
2022-08-11,02:15,Cow_42,3,9,3,0,24.9,Cloudy,Field A
2022-08-11,02:15,Cow_43,13,5,0,0,24.9,Cloudy,Field A
2022-08-11,02:15,Cow_44,5,6,4,0,24.9,Cloudy,Field B
2022-08-11,02:15,Cow_45,12,10,0,0,24.9,Cloudy,Field B
2022-08-11,02:15,Cow_46,11,0,5,0,24.9,Cloudy,Field B
2022-08-11,02:15,Cow_47,10,10,0,0,24.9,Cloudy,Field C
2022-08-11,02:15,Cow_48,3,9,3,0,24.9,Cloudy,Field B
2022-08-11,02:15,Cow_49,7,6,2,0,24.9,Cloudy,Field B
2022-08-11,02:15,Cow_50,6,3,6,0,24.9,Cloudy,Field B
2022-08-11,02:15,Cow_51,8,3,4,0,24.9,Cloudy,Field C
2022-08-11,02:15,Cow_52,5,3,7,0,24.9,Cloudy,Field B
2022-08-11,02:15,Cow_53,5,3,7,0,24.9,Cloudy,Field B
2022-08-11,02:15,Cow_54,4,8,3,0,24.9,Cloudy,Field B
2022-08-11,02:15,Cow_55,11,7,0,0,24.9,Cloudy,Field B
2022-08-11,02:15,Cow_56,7,8,0,0,24.9,Cloudy,Field C
2022-08-11,02:15,Cow_57,11,7,0,0,24.9,Cloudy,Field C
2022-08-11,02:15,Cow_58,6,6,3,0,24.9,Cloudy,Field B
2022-08-11,02:15,Cow_59,6,7,2,0,24.9,Cloudy,Field A
2022-08-11,02:15,Cow_60,10,9,0,0,24.9,Cloudy,Field A
2022-08-11,02:15,Cow_61,7,1,7,0,24.9,Cloudy,Field B
2022-08-11,02:15,Cow_62,5,7,3,0,24.9,Cloudy,Field B
2022-08-11,02:15,Cow_63,8,10,0,0,24.9,Cloudy,Field A
2022-08-11,02:15,Cow_64,8,2,5,0,24.9,Cloudy,Field C
2022-08-11,02:15,Cow_65,11,8,0,0,24.9,Cloudy,Field A
2022-08-11,02:15,Cow_66,0,0,0,15,24.9,Cloudy,Field C
2022-08-11,02:15,Cow_67,7,2,6,0,24.9,Cloudy,Field C
2022-08-11,02:15,Cow_68,14,10,0,0,24.9,Cloudy,Field B
2022-08-11,02:15,Cow_69,0,10,5,0,24.9,Cloudy,Field B
2022-08-11,02:15,Cow_70,2,5,8,0,24.9,Cloudy,Field A
2022-08-11,02:15,Cow_71,8,0,8,0,24.9,Cloudy,Field B
2022-08-11,02:15,Cow_72,13,8,0,0,24.9,Cloudy,Field A
2022-08-11,02:15,Cow_73,8,7,0,0,24.9,Cloudy,Field B
2022-08-11,02:15,Cow_74,7,5,3,0,24.9,Cloudy,Field C
2022-08-11,02:15,Cow_75,9,9,0,0,24.9,Cloudy,Field C
2022-08-11,02:15,Cow_76,2,10,3,0,24.9,Cloudy,Field B
2022-08-11,02:15,Cow_77,5,7,3,0,24.9,Cloudy,Field B
2022-08-11,02:15,Cow_78,13,5,0,0,24.9,Cloudy,Field B
2022-08-11,02:15,Cow_79,10,7,0,0,24.9,Cloudy,Field B
2022-08-11,02:15,Cow_80,2,10,3,0,24.9,Cloudy,Field A
2022-08-11,02:15,Cow_81,5,9,1,0,24.9,Cloudy,Field B
2022-08-11,02:15,Cow_82,0,7,8,0,24.9,Cloudy,Field B
2022-08-11,02:15,Cow_83,0,10,6,0,24.9,Cloudy,Field C
2022-08-11,02:15,Cow_84,0,0,0,15,24.9,Cloudy,Field B
2022-08-11,02:15,Cow_85,0,0,0,15,24.9,Cloudy,Field A
2022-08-11,02:15,Cow_86,8,4,3,0,24.9,Cloudy,Field B
2022-08-11,02:15,Cow_87,6,4,5,0,24.9,Cloudy,Field C
2022-08-11,02:15,Cow_88,0,0,0,15,24.9,Cloudy,Field A
2022-08-11,02:15,Cow_89,12,0,5,0,24.9,Cloudy,Field A
2022-08-11,02:15,Cow_90,4,6,5,0,24.9,Cloudy,Field A
2022-08-11,02:15,Cow_91,9,3,3,0,24.9,Cloudy,Field B
2022-08-11,02:15,Cow_92,14,4,0,0,24.9,Cloudy,Field C
2022-08-11,02:15,Cow_93,9,3,3,0,24.9,Cloudy,Field A
2022-08-11,02:15,Cow_94,14,9,0,0,24.9,Cloudy,Field B
2022-08-11,02:15,Cow_95,14,4,0,0,24.9,Cloudy,Field C
2022-08-11,02:15,Cow_96,11,0,4,0,24.9,Cloudy,Field A
2022-08-11,02:15,Cow_97,5,4,6,0,24.9,Cloudy,Field C
2022-08-11,02:15,Cow_98,13,12,0,0,24.9,Cloudy,Field B
2022-08-11,02:15,Cow_99,11,6,0,0,24.9,Cloudy,Field A
2022-08-11,02:15,Cow_100,0,0,0,15,24.9,Cloudy,Field C
2022-08-11,02:15,Cow_101,6,5,4,0,24.9,Cloudy,Field A
2022-08-11,02:15,Cow_102,0,9,6,0,24.9,Cloudy,Field C
2022-08-11,02:15,Cow_103,14,0,8,0,24.9,Cloudy,Field A
2022-08-11,02:15,Cow_104,13,5,0,0,24.9,Cloudy,Field B
2022-08-11,02:15,Cow_105,5,3,7,0,24.9,Cloudy,Field B
2022-08-11,02:15,Cow_106,8,3,4,0,24.9,Cloudy,Field C
2022-08-11,02:15,Cow_107,14,8,0,0,24.9,Cloudy,Field B
2022-08-11,02:15,Cow_108,13,0,7,0,24.9,Cloudy,Field A
2022-08-11,02:15,Cow_109,10,0,5,0,24.9,Cloudy,Field A
2022-08-11,02:15,Cow_110,14,0,8,0,24.9,Cloudy,Field B
2022-08-11,02:15,Cow_111,5,6,4,0,24.9,Cloudy,Field C
2022-08-11,02:15,Cow_112,10,8,0,0,24.9,Cloudy,Field A
2022-08-11,02:15,Cow_113,3,4,8,0,24.9,Cloudy,Field B
2022-08-11,02:15,Cow_114,10,9,0,0,24.9,Cloudy,Field A
2022-08-11,02:15,Cow_115,14,0,7,0,24.9,Cloudy,Field A
2022-08-11,02:15,Cow_116,6,6,3,0,24.9,Cloudy,Field A
2022-08-11,02:15,Cow_117,11,6,0,0,24.9,Cloudy,Field C
2022-08-11,02:15,Cow_118,9,7,0,0,24.9,Cloudy,Field A
2022-08-11,02:15,Cow_119,1,7,7,0,24.9,Cloudy,Field B
2022-08-11,02:15,Cow_120,9,0,8,0,24.9,Cloudy,Field B
2022-08-11,02:15,Cow_121,13,4,0,0,24.9,Cloudy,Field A
2022-08-11,02:15,Cow_122,6,4,5,0,24.9,Cloudy,Field B
2022-08-11,02:15,Cow_123,9,3,3,0,24.9,Cloudy,Field C
2022-08-11,02:15,Cow_124,2,10,3,0,24.9,Cloudy,Field C
2022-08-11,02:15,Cow_125,5,5,5,0,24.9,Cloudy,Field B
2022-08-11,02:15,Cow_126,8,10,0,0,24.9,Cloudy,Field C
2022-08-11,02:15,Cow_127,0,0,0,15,24.9,Cloudy,Field C
2022-08-11,02:15,Cow_128,3,5,7,0,24.9,Cloudy,Field B
2022-08-11,02:15,Cow_129,7,0,8,0,24.9,Cloudy,Field A
2022-08-11,02:15,Cow_130,7,5,3,0,24.9,Cloudy,Field C
2022-08-11,02:15,Cow_131,8,5,2,0,24.9,Cloudy,Field B
2022-08-11,02:15,Cow_132,14,0,7,0,24.9,Cloudy,Field C
2022-08-11,02:15,Cow_133,13,6,0,0,24.9,Cloudy,Field B
2022-08-11,02:15,Cow_134,6,7,2,0,24.9,Cloudy,Field A
2022-08-11,02:15,Cow_135,14,5,0,0,24.9,Cloudy,Field B
2022-08-11,02:15,Cow_136,4,7,4,0,24.9,Cloudy,Field C
2022-08-11,02:15,Cow_137,10,7,0,0,24.9,Cloudy,Field C
2022-08-11,02:15,Cow_138,6,3,6,0,24.9,Cloudy,Field C
2022-08-11,02:15,Cow_139,13,5,0,0,24.9,Cloudy,Field C
2022-08-11,02:15,Cow_140,9,10,0,0,24.9,Cloudy,Field C
2022-08-11,02:15,Cow_141,7,5,3,0,24.9,Cloudy,Field C
2022-08-11,02:15,Cow_142,2,6,7,0,24.9,Cloudy,Field C
2022-08-11,02:15,Cow_143,10,0,6,0,24.9,Cloudy,Field C
2022-08-11,02:15,Cow_144,0,0,0,15,24.9,Cloudy,Field B
2022-08-11,02:15,Cow_145,0,9,8,0,24.9,Cloudy,Field B
2022-08-11,02:15,Cow_146,4,3,8,0,24.9,Cloudy,Field A
2022-08-11,02:15,Cow_147,1,8,6,0,24.9,Cloudy,Field B
2022-08-11,02:15,Cow_148,6,8,1,0,24.9,Cloudy,Field B
2022-08-11,02:15,Cow_149,5,5,5,0,24.9,Cloudy,Field C
2022-08-11,02:15,Cow_150,6,3,6,0,24.9,Cloudy,Field B
2022-08-11,02:15,Cow_151,5,5,5,0,24.9,Cloudy,Field C
2022-08-11,02:15,Cow_152,0,10,7,0,24.9,Cloudy,Field B
2022-08-11,02:15,Cow_153,3,8,4,0,24.9,Cloudy,Field B
2022-08-11,02:15,Cow_154,6,10,0,0,24.9,Cloudy,Field A
2022-08-11,02:15,Cow_155,14,0,6,0,24.9,Cloudy,Field B
2022-08-11,02:15,Cow_156,3,9,3,0,24.9,Cloudy,Field B
2022-08-11,02:15,Cow_157,9,0,6,0,24.9,Cloudy,Field A
2022-08-11,02:15,Cow_158,12,0,8,0,24.9,Cloudy,Field B
2022-08-11,02:15,Cow_159,5,8,2,0,24.9,Cloudy,Field C
2022-08-11,02:15,Cow_160,14,9,0,0,24.9,Cloudy,Field B
2022-08-11,02:15,Cow_161,9,3,3,0,24.9,Cloudy,Field A
2022-08-11,02:15,Cow_162,0,0,0,15,24.9,Cloudy,Field A
2022-08-11,02:15,Cow_163,5,9,1,0,24.9,Cloudy,Field B
2022-08-11,02:15,Cow_164,6,2,7,0,24.9,Cloudy,Field C
2022-08-11,02:15,Cow_165,12,6,0,0,24.9,Cloudy,Field B
2022-08-11,02:15,Cow_166,14,5,0,0,24.9,Cloudy,Field C
2022-08-11,02:15,Cow_167,10,1,4,0,24.9,Cloudy,Field B
2022-08-11,02:15,Cow_168,0,10,5,0,24.9,Cloudy,Field A
2022-08-11,02:15,Cow_169,11,10,0,0,24.9,Cloudy,Field C
2022-08-11,02:15,Cow_170,13,0,8,0,24.9,Cloudy,Field C
2022-08-11,02:15,Cow_171,10,3,2,0,24.9,Cloudy,Field C
2022-08-11,02:15,Cow_172,5,4,6,0,24.9,Cloudy,Field C
2022-08-11,02:15,Cow_173,12,5,0,0,24.9,Cloudy,Field C
2022-08-11,02:15,Cow_174,2,5,8,0,24.9,Cloudy,Field B
2022-08-11,02:15,Cow_175,11,0,5,0,24.9,Cloudy,Field B
2022-08-11,02:15,Cow_176,11,1,3,0,24.9,Cloudy,Field B
2022-08-11,02:15,Cow_177,6,5,4,0,24.9,Cloudy,Field B
2022-08-11,02:15,Cow_178,0,0,0,15,24.9,Cloudy,Field C
2022-08-11,02:15,Cow_179,14,7,0,0,24.9,Cloudy,Field A
2022-08-11,02:15,Cow_180,2,5,8,0,24.9,Cloudy,Field A
2022-08-11,02:15,Cow_181,5,7,3,0,24.9,Cloudy,Field B
2022-08-11,02:15,Cow_182,4,5,6,0,24.9,Cloudy,Field B
2022-08-11,02:15,Cow_183,0,9,6,0,24.9,Cloudy,Field A
2022-08-11,02:15,Cow_184,12,8,0,0,24.9,Cloudy,Field B
2022-08-11,02:15,Cow_185,12,7,0,0,24.9,Cloudy,Field B
2022-08-11,02:15,Cow_186,8,0,8,0,24.9,Cloudy,Field A
2022-08-11,02:15,Cow_187,2,8,5,0,24.9,Cloudy,Field A
2022-08-11,02:15,Cow_188,5,3,7,0,24.9,Cloudy,Field B
2022-08-11,02:15,Cow_189,13,9,0,0,24.9,Cloudy,Field A
2022-08-11,02:15,Cow_190,14,0,3,0,24.9,Cloudy,Field C
2022-08-11,02:15,Cow_191,11,6,0,0,24.9,Cloudy,Field C
2022-08-11,02:15,Cow_192,12,5,0,0,24.9,Cloudy,Field C
2022-08-11,02:15,Cow_193,2,9,4,0,24.9,Cloudy,Field B
2022-08-11,02:15,Cow_194,12,8,0,0,24.9,Cloudy,Field B
2022-08-11,02:15,Cow_195,5,7,3,0,24.9,Cloudy,Field A
2022-08-11,02:15,Cow_196,10,6,0,0,24.9,Cloudy,Field A
2022-08-11,02:15,Cow_197,10,9,0,0,24.9,Cloudy,Field C
2022-08-11,02:15,Cow_198,7,4,4,0,24.9,Cloudy,Field B
2022-08-11,02:15,Cow_199,10,2,3,0,24.9,Cloudy,Field A
2022-08-11,02:15,Cow_200,7,3,5,0,24.9,Cloudy,Field A
2022-08-11,02:15,Cow_201,5,3,7,0,24.9,Cloudy,Field B
2022-08-11,02:15,Cow_202,4,3,8,0,24.9,Cloudy,Field B
2022-08-11,02:15,Cow_203,8,3,4,0,24.9,Cloudy,Field C
2022-08-11,02:15,Cow_204,14,7,0,0,24.9,Cloudy,Field C
2022-08-11,02:15,Cow_205,12,0,5,0,24.9,Cloudy,Field C
2022-08-11,02:15,Cow_206,8,6,1,0,24.9,Cloudy,Field C
2022-08-11,02:15,Cow_207,5,2,8,0,24.9,Cloudy,Field B
2022-08-11,02:15,Cow_208,4,5,6,0,24.9,Cloudy,Field B
2022-08-11,02:15,Cow_209,0,0,0,15,24.9,Cloudy,Field C
2022-08-11,02:15,Cow_210,11,0,8,0,24.9,Cloudy,Field C
2022-08-11,02:15,Cow_211,5,8,2,0,24.9,Cloudy,Field C
2022-08-11,02:15,Cow_212,6,3,6,0,24.9,Cloudy,Field C
2022-08-11,02:15,Cow_213,8,8,0,0,24.9,Cloudy,Field C
2022-08-11,02:15,Cow_214,4,4,7,0,24.9,Cloudy,Field A
2022-08-11,02:15,Cow_215,12,0,3,0,24.9,Cloudy,Field B
2022-08-11,02:15,Cow_216,7,5,3,0,24.9,Cloudy,Field A
2022-08-11,02:15,Cow_217,9,9,0,0,24.9,Cloudy,Field A
2022-08-11,02:15,Cow_218,5,3,7,0,24.9,Cloudy,Field A
2022-08-11,02:15,Cow_219,11,5,0,0,24.9,Cloudy,Field C
2022-08-11,02:15,Cow_220,7,2,6,0,24.9,Cloudy,Field B
2022-08-11,02:15,Cow_221,12,0,5,0,24.9,Cloudy,Field A
2022-08-11,02:15,Cow_222,0,10,5,0,24.9,Cloudy,Field C
2022-08-11,02:15,Cow_223,10,10,0,0,24.9,Cloudy,Field C
2022-08-11,02:15,Cow_224,5,8,2,0,24.9,Cloudy,Field A
2022-08-11,02:15,Cow_225,14,0,4,0,24.9,Cloudy,Field B
2022-08-11,02:15,Cow_226,0,0,0,15,24.9,Cloudy,Field C
2022-08-11,02:15,Cow_227,4,3,8,0,24.9,Cloudy,Field B
2022-08-11,02:15,Cow_228,0,10,8,0,24.9,Cloudy,Field A
2022-08-11,02:15,Cow_229,0,8,8,0,24.9,Cloudy,Field A
2022-08-11,02:15,Cow_230,9,0,8,0,24.9,Cloudy,Field C
2022-08-11,02:15,Cow_231,2,5,8,0,24.9,Cloudy,Field C
2022-08-11,02:15,Cow_232,2,8,5,0,24.9,Cloudy,Field B
2022-08-11,02:15,Cow_233,0,10,6,0,24.9,Cloudy,Field C
2022-08-11,02:15,Cow_234,8,6,1,0,24.9,Cloudy,Field B
2022-08-11,02:15,Cow_235,12,0,6,0,24.9,Cloudy,Field A
2022-08-11,02:15,Cow_236,5,3,7,0,24.9,Cloudy,Field A
2022-08-11,02:15,Cow_237,5,5,5,0,24.9,Cloudy,Field B
2022-08-11,02:15,Cow_238,5,7,3,0,24.9,Cloudy,Field C
2022-08-11,02:15,Cow_239,7,10,0,0,24.9,Cloudy,Field C
2022-08-11,02:15,Cow_240,3,5,7,0,24.9,Cloudy,Field B
2022-08-11,02:15,Cow_241,8,10,0,0,24.9,Cloudy,Field A
2022-08-11,02:15,Cow_242,6,3,6,0,24.9,Cloudy,Field A
2022-08-11,02:15,Cow_243,6,7,2,0,24.9,Cloudy,Field A
2022-08-11,02:15,Cow_244,6,6,3,0,24.9,Cloudy,Field A
2022-08-11,02:15,Cow_245,0,0,0,15,24.9,Cloudy,Field A
2022-08-11,02:15,Cow_246,9,0,8,0,24.9,Cloudy,Field A
2022-08-11,02:15,Cow_247,4,8,3,0,24.9,Cloudy,Field C
2022-08-11,02:15,Cow_248,5,6,4,0,24.9,Cloudy,Field C
2022-08-11,02:15,Cow_249,2,10,3,0,24.9,Cloudy,Field C
2022-08-11,02:15,Cow_250,0,7,8,0,24.9,Cloudy,Field C
2022-08-11,02:15,Cow_251,7,1,7,0,24.9,Cloudy,Field B
2022-08-11,02:15,Cow_252,5,9,1,0,24.9,Cloudy,Field B
2022-08-11,02:15,Cow_253,3,6,6,0,24.9,Cloudy,Field A
2022-08-11,02:15,Cow_254,1,9,5,0,24.9,Cloudy,Field B
2022-08-11,02:15,Cow_255,10,0,6,0,24.9,Cloudy,Field B
2022-08-11,02:15,Cow_256,11,0,8,0,24.9,Cloudy,Field A
2022-08-11,02:15,Cow_257,13,9,0,0,24.9,Cloudy,Field A
2022-08-11,02:15,Cow_258,4,6,5,0,24.9,Cloudy,Field A
2022-08-11,02:15,Cow_259,8,6,1,0,24.9,Cloudy,Field A
2022-08-11,02:15,Cow_260,14,6,0,0,24.9,Cloudy,Field C
2022-08-11,02:15,Cow_261,10,4,1,0,24.9,Cloudy,Field C
2022-08-11,02:15,Cow_262,5,2,8,0,24.9,Cloudy,Field C
2022-08-11,02:15,Cow_263,6,6,3,0,24.9,Cloudy,Field A
2022-08-11,02:15,Cow_264,11,1,3,0,24.9,Cloudy,Field B
2022-08-11,02:15,Cow_265,5,2,8,0,24.9,Cloudy,Field A
2022-08-11,02:15,Cow_266,0,0,0,15,24.9,Cloudy,Field B
2022-08-11,02:15,Cow_267,2,7,6,0,24.9,Cloudy,Field C
2022-08-11,02:15,Cow_268,7,4,4,0,24.9,Cloudy,Field B
2022-08-11,02:15,Cow_269,10,2,3,0,24.9,Cloudy,Field A
2022-08-11,02:15,Cow_270,2,10,3,0,24.9,Cloudy,Field C
2022-08-11,02:15,Cow_271,0,0,0,15,24.9,Cloudy,Field C
2022-08-11,02:15,Cow_272,8,10,0,0,24.9,Cloudy,Field A
2022-08-11,02:15,Cow_273,1,9,5,0,24.9,Cloudy,Field A
2022-08-11,02:15,Cow_274,12,0,4,0,24.9,Cloudy,Field C
2022-08-11,02:15,Cow_275,12,3,0,0,24.9,Cloudy,Field A
2022-08-11,02:15,Cow_276,9,3,3,0,24.9,Cloudy,Field C
2022-08-11,02:15,Cow_277,4,4,7,0,24.9,Cloudy,Field C
2022-08-11,02:15,Cow_278,4,3,8,0,24.9,Cloudy,Field C
2022-08-11,02:15,Cow_279,6,4,5,0,24.9,Cloudy,Field B
2022-08-11,02:15,Cow_280,13,6,0,0,24.9,Cloudy,Field B
2022-08-11,02:15,Cow_281,11,8,0,0,24.9,Cloudy,Field A
2022-08-11,02:15,Cow_282,0,10,7,0,24.9,Cloudy,Field B
2022-08-11,02:15,Cow_283,5,7,3,0,24.9,Cloudy,Field A
2022-08-11,02:15,Cow_284,5,4,6,0,24.9,Cloudy,Field A
2022-08-11,02:15,Cow_285,7,8,0,0,24.9,Cloudy,Field A
2022-08-11,02:15,Cow_286,4,3,8,0,24.9,Cloudy,Field B
2022-08-11,02:15,Cow_287,10,0,6,0,24.9,Cloudy,Field B
2022-08-11,02:15,Cow_288,0,9,7,0,24.9,Cloudy,Field C
2022-08-11,02:15,Cow_289,12,9,0,0,24.9,Cloudy,Field A
2022-08-11,02:15,Cow_290,13,0,5,0,24.9,Cloudy,Field B
2022-08-11,02:15,Cow_291,6,3,6,0,24.9,Cloudy,Field B
2022-08-11,02:15,Cow_292,12,4,0,0,24.9,Cloudy,Field B
2022-08-11,02:15,Cow_293,11,3,1,0,24.9,Cloudy,Field A
2022-08-11,02:15,Cow_294,7,3,5,0,24.9,Cloudy,Field B
2022-08-11,02:15,Cow_295,7,4,4,0,24.9,Cloudy,Field C
2022-08-11,02:15,Cow_296,1,6,8,0,24.9,Cloudy,Field C
2022-08-11,02:15,Cow_297,14,0,7,0,24.9,Cloudy,Field C
2022-08-11,02:15,Cow_298,4,3,8,0,24.9,Cloudy,Field B
2022-08-11,02:15,Cow_299,8,0,8,0,24.9,Cloudy,Field C
2022-08-11,02:15,Cow_300,6,6,3,0,24.9,Cloudy,Field C
2022-08-11,02:15,Cow_301,3,8,4,0,24.9,Cloudy,Field C
2022-08-11,02:15,Cow_302,0,8,8,0,24.9,Cloudy,Field A
2022-08-11,02:15,Cow_303,11,0,5,0,24.9,Cloudy,Field C
2022-08-11,02:15,Cow_304,3,8,4,0,24.9,Cloudy,Field B
2022-08-11,02:15,Cow_305,7,1,7,0,24.9,Cloudy,Field B
2022-08-11,02:15,Cow_306,8,7,0,0,24.9,Cloudy,Field B
2022-08-11,02:15,Cow_307,12,0,7,0,24.9,Cloudy,Field A
2022-08-11,02:15,Cow_308,14,0,6,0,24.9,Cloudy,Field A
2022-08-11,02:15,Cow_309,10,1,4,0,24.9,Cloudy,Field A
2022-08-11,02:15,Cow_310,11,7,0,0,24.9,Cloudy,Field C
2022-08-11,02:15,Cow_311,0,0,0,15,24.9,Cloudy,Field B
2022-08-11,02:15,Cow_312,11,9,0,0,24.9,Cloudy,Field B
2022-08-11,02:15,Cow_313,5,6,4,0,24.9,Cloudy,Field A
2022-08-11,02:15,Cow_314,11,1,3,0,24.9,Cloudy,Field B
2022-08-11,02:15,Cow_315,0,0,0,15,24.9,Cloudy,Field C
2022-08-11,02:15,Cow_316,14,0,6,0,24.9,Cloudy,Field B
2022-08-11,02:15,Cow_317,0,0,0,15,24.9,Cloudy,Field B
2022-08-11,02:15,Cow_318,14,4,0,0,24.9,Cloudy,Field A
2022-08-11,02:15,Cow_319,9,3,3,0,24.9,Cloudy,Field A
2022-08-11,02:15,Cow_320,5,6,4,0,24.9,Cloudy,Field A
2022-08-11,02:15,Cow_321,7,4,4,0,24.9,Cloudy,Field B
2022-08-11,02:15,Cow_322,0,9,8,0,24.9,Cloudy,Field A
2022-08-11,02:15,Cow_323,7,5,3,0,24.9,Cloudy,Field C
2022-08-11,02:15,Cow_324,1,9,5,0,24.9,Cloudy,Field B
2022-08-11,02:15,Cow_325,1,7,7,0,24.9,Cloudy,Field A
2022-08-11,02:15,Cow_326,0,0,0,15,24.9,Cloudy,Field B
2022-08-11,02:15,Cow_327,0,9,7,0,24.9,Cloudy,Field B
2022-08-11,02:15,Cow_328,12,0,6,0,24.9,Cloudy,Field B
2022-08-11,02:15,Cow_329,0,10,6,0,24.9,Cloudy,Field B
2022-08-11,02:15,Cow_330,14,0,3,0,24.9,Cloudy,Field A
2022-08-11,02:15,Cow_331,7,3,5,0,24.9,Cloudy,Field B
2022-08-11,02:15,Cow_332,11,6,0,0,24.9,Cloudy,Field C
2022-08-11,02:15,Cow_333,12,0,6,0,24.9,Cloudy,Field A
2022-08-11,02:15,Cow_334,7,5,3,0,24.9,Cloudy,Field C
2022-08-11,02:15,Cow_335,0,0,0,15,24.9,Cloudy,Field A
2022-08-11,02:15,Cow_336,0,10,5,0,24.9,Cloudy,Field A
2022-08-11,02:15,Cow_337,10,3,2,0,24.9,Cloudy,Field C
2022-08-11,02:15,Cow_338,6,3,6,0,24.9,Cloudy,Field A
2022-08-11,02:15,Cow_339,8,3,4,0,24.9,Cloudy,Field A
2022-08-11,02:15,Cow_340,0,9,7,0,24.9,Cloudy,Field A
2022-08-11,02:15,Cow_341,0,0,0,15,24.9,Cloudy,Field A
2022-08-11,02:15,Cow_342,9,4,2,0,24.9,Cloudy,Field C
2022-08-11,02:15,Cow_343,1,9,5,0,24.9,Cloudy,Field B
2022-08-11,02:15,Cow_344,9,3,3,0,24.9,Cloudy,Field C
2022-08-11,02:15,Cow_345,6,5,4,0,24.9,Cloudy,Field A
2022-08-11,02:15,Cow_346,10,2,3,0,24.9,Cloudy,Field B
2022-08-11,02:15,Cow_347,7,4,4,0,24.9,Cloudy,Field C
2022-08-11,02:15,Cow_348,0,11,8,0,24.9,Cloudy,Field B
2022-08-11,02:15,Cow_349,6,5,4,0,24.9,Cloudy,Field C
2022-08-11,02:15,Cow_350,7,1,7,0,24.9,Cloudy,Field C
2022-08-11,02:15,Cow_351,12,0,7,0,24.9,Cloudy,Field C
2022-08-11,02:15,Cow_352,3,5,7,0,24.9,Cloudy,Field B
2022-08-11,02:15,Cow_353,14,0,8,0,24.9,Cloudy,Field A
2022-08-11,02:15,Cow_354,0,0,0,15,24.9,Cloudy,Field C
2022-08-11,02:15,Cow_355,12,0,8,0,24.9,Cloudy,Field C
2022-08-11,02:15,Cow_356,5,7,3,0,24.9,Cloudy,Field A
2022-08-11,02:15,Cow_357,0,10,6,0,24.9,Cloudy,Field C
2022-08-11,02:15,Cow_358,10,4,1,0,24.9,Cloudy,Field C
2022-08-11,02:15,Cow_359,0,0,0,15,24.9,Cloudy,Field C
2022-08-11,02:15,Cow_360,0,0,0,15,24.9,Cloudy,Field C
2022-08-11,02:15,Cow_361,7,7,1,0,24.9,Cloudy,Field A
2022-08-11,02:15,Cow_362,2,5,8,0,24.9,Cloudy,Field B
2022-08-11,02:15,Cow_363,0,0,0,15,24.9,Cloudy,Field C
2022-08-11,02:15,Cow_364,0,0,0,15,24.9,Cloudy,Field C
2022-08-11,02:15,Cow_365,14,0,8,0,24.9,Cloudy,Field B
2022-08-11,02:15,Cow_366,5,11,0,0,24.9,Cloudy,Field B
2022-08-11,02:15,Cow_367,6,3,6,0,24.9,Cloudy,Field A
2022-08-11,02:15,Cow_368,5,6,4,0,24.9,Cloudy,Field C
2022-08-11,02:15,Cow_369,1,8,6,0,24.9,Cloudy,Field A
2022-08-11,02:15,Cow_370,8,7,0,0,24.9,Cloudy,Field A
2022-08-11,02:15,Cow_371,0,0,0,15,24.9,Cloudy,Field A
2022-08-11,02:15,Cow_372,7,3,5,0,24.9,Cloudy,Field A
2022-08-11,02:15,Cow_373,0,0,0,15,24.9,Cloudy,Field A
2022-08-11,02:15,Cow_374,5,5,5,0,24.9,Cloudy,Field A
2022-08-11,02:15,Cow_375,4,4,7,0,24.9,Cloudy,Field C
2022-08-11,02:15,Cow_376,0,10,6,0,24.9,Cloudy,Field B
2022-08-11,02:15,Cow_377,8,4,3,0,24.9,Cloudy,Field A
2022-08-11,02:15,Cow_378,5,3,7,0,24.9,Cloudy,Field C
2022-08-11,02:15,Cow_379,6,3,6,0,24.9,Cloudy,Field B
2022-08-11,02:15,Cow_380,5,4,6,0,24.9,Cloudy,Field A
2022-08-11,02:15,Cow_381,15,0,7,0,24.9,Cloudy,Field A
2022-08-11,02:15,Cow_382,11,9,0,0,24.9,Cloudy,Field B
2022-08-11,02:15,Cow_383,6,4,5,0,24.9,Cloudy,Field C
2022-08-11,02:15,Cow_384,0,10,5,0,24.9,Cloudy,Field B
2022-08-11,02:15,Cow_385,8,4,3,0,24.9,Cloudy,Field A
2022-08-11,02:15,Cow_386,2,9,4,0,24.9,Cloudy,Field B
2022-08-11,02:15,Cow_387,10,1,4,0,24.9,Cloudy,Field B
2022-08-11,02:15,Cow_388,9,3,3,0,24.9,Cloudy,Field A
2022-08-11,02:15,Cow_389,9,8,0,0,24.9,Cloudy,Field C
2022-08-11,02:15,Cow_390,7,9,0,0,24.9,Cloudy,Field A
2022-08-11,02:15,Cow_391,5,0,10,0,24.9,Cloudy,Field A
2022-08-11,02:15,Cow_392,9,9,0,0,24.9,Cloudy,Field B
2022-08-11,02:15,Cow_393,0,0,0,15,24.9,Cloudy,Field A
2022-08-11,02:15,Cow_394,13,0,4,0,24.9,Cloudy,Field C
2022-08-11,02:15,Cow_395,7,3,5,0,24.9,Cloudy,Field C
2022-08-11,02:15,Cow_396,5,5,5,0,24.9,Cloudy,Field A
2022-08-11,02:15,Cow_397,0,0,0,15,24.9,Cloudy,Field C
2022-08-11,02:15,Cow_398,2,5,8,0,24.9,Cloudy,Field B
2022-08-11,02:15,Cow_399,4,5,6,0,24.9,Cloudy,Field C
2022-08-11,02:15,Cow_400,1,9,5,0,24.9,Cloudy,Field C
2022-08-11,02:15,Cow_401,10,9,0,0,24.9,Cloudy,Field C
2022-08-11,02:15,Cow_402,4,4,7,0,24.9,Cloudy,Field A
2022-08-11,02:15,Cow_403,8,0,7,0,24.9,Cloudy,Field B
2022-08-11,02:15,Cow_404,7,1,7,0,24.9,Cloudy,Field A
2022-08-11,02:15,Cow_405,0,8,7,0,24.9,Cloudy,Field B
2022-08-11,02:15,Cow_406,4,4,7,0,24.9,Cloudy,Field B
2022-08-11,02:15,Cow_407,10,0,7,0,24.9,Cloudy,Field A
2022-08-11,02:15,Cow_408,13,0,8,0,24.9,Cloudy,Field C
2022-08-11,02:15,Cow_409,12,8,0,0,24.9,Cloudy,Field A
2022-08-11,02:15,Cow_410,6,3,6,0,24.9,Cloudy,Field C
2022-08-11,02:15,Cow_411,5,9,1,0,24.9,Cloudy,Field C
2022-08-11,02:15,Cow_412,8,0,9,0,24.9,Cloudy,Field B
2022-08-11,02:15,Cow_413,8,3,4,0,24.9,Cloudy,Field C
2022-08-11,02:15,Cow_414,7,7,1,0,24.9,Cloudy,Field A
2022-08-11,02:15,Cow_415,11,1,3,0,24.9,Cloudy,Field B
2022-08-11,02:15,Cow_416,11,10,0,0,24.9,Cloudy,Field C
2022-08-11,02:15,Cow_417,13,0,7,0,24.9,Cloudy,Field C
2022-08-11,02:15,Cow_418,3,8,4,0,24.9,Cloudy,Field C
2022-08-11,02:15,Cow_419,4,6,5,0,24.9,Cloudy,Field A
2022-08-11,02:15,Cow_420,5,3,7,0,24.9,Cloudy,Field C
2022-08-11,02:15,Cow_421,0,10,8,0,24.9,Cloudy,Field C
2022-08-11,02:15,Cow_422,11,3,1,0,24.9,Cloudy,Field C
2022-08-11,02:15,Cow_423,13,0,5,0,24.9,Cloudy,Field C
2022-08-11,02:15,Cow_424,0,0,0,15,24.9,Cloudy,Field B
2022-08-11,02:15,Cow_425,0,0,0,15,24.9,Cloudy,Field A
2022-08-11,02:15,Cow_426,6,3,6,0,24.9,Cloudy,Field A
2022-08-11,02:15,Cow_427,7,1,7,0,24.9,Cloudy,Field C
2022-08-11,02:15,Cow_428,2,9,4,0,24.9,Cloudy,Field B
2022-08-11,02:15,Cow_429,3,6,6,0,24.9,Cloudy,Field C
2022-08-11,02:15,Cow_430,8,4,3,0,24.9,Cloudy,Field C
2022-08-11,02:15,Cow_431,1,7,7,0,24.9,Cloudy,Field B
2022-08-11,02:15,Cow_432,0,8,7,0,24.9,Cloudy,Field A
2022-08-11,02:15,Cow_433,0,7,8,0,24.9,Cloudy,Field A
2022-08-11,02:15,Cow_434,2,10,3,0,24.9,Cloudy,Field C
2022-08-11,02:15,Cow_435,9,3,3,0,24.9,Cloudy,Field C
2022-08-11,02:15,Cow_436,1,6,8,0,24.9,Cloudy,Field A
2022-08-11,02:15,Cow_437,14,0,7,0,24.9,Cloudy,Field A
2022-08-11,02:15,Cow_438,5,8,2,0,24.9,Cloudy,Field B
2022-08-11,02:15,Cow_439,0,9,7,0,24.9,Cloudy,Field A
2022-08-11,02:15,Cow_440,7,7,1,0,24.9,Cloudy,Field C
2022-08-11,02:15,Cow_441,5,4,6,0,24.9,Cloudy,Field A
2022-08-11,02:15,Cow_442,1,11,3,0,24.9,Cloudy,Field B
2022-08-11,02:15,Cow_443,5,7,3,0,24.9,Cloudy,Field C
2022-08-11,02:15,Cow_444,8,3,4,0,24.9,Cloudy,Field B
2022-08-11,02:15,Cow_445,9,6,0,0,24.9,Cloudy,Field C
2022-08-11,02:15,Cow_446,13,4,0,0,24.9,Cloudy,Field B
2022-08-11,02:15,Cow_447,10,0,7,0,24.9,Cloudy,Field C
2022-08-11,02:15,Cow_448,6,10,0,0,24.9,Cloudy,Field C
2022-08-11,02:15,Cow_449,2,6,7,0,24.9,Cloudy,Field B
2022-08-11,02:15,Cow_450,6,1,8,0,24.9,Cloudy,Field C
2022-08-11,02:15,Cow_451,0,0,0,15,24.9,Cloudy,Field B
2022-08-11,02:15,Cow_452,1,7,7,0,24.9,Cloudy,Field A
2022-08-11,02:15,Cow_453,13,6,0,0,24.9,Cloudy,Field A
2022-08-11,02:15,Cow_454,7,5,3,0,24.9,Cloudy,Field A
2022-08-11,02:15,Cow_455,8,9,0,0,24.9,Cloudy,Field B
2022-08-11,02:15,Cow_456,9,3,3,0,24.9,Cloudy,Field B
2022-08-11,02:15,Cow_457,0,0,0,15,24.9,Cloudy,Field A
2022-08-11,02:15,Cow_458,10,0,5,0,24.9,Cloudy,Field C
2022-08-11,02:15,Cow_459,9,8,0,0,24.9,Cloudy,Field C
2022-08-11,02:15,Cow_460,2,5,8,0,24.9,Cloudy,Field A
2022-08-11,02:15,Cow_461,8,3,4,0,24.9,Cloudy,Field C
2022-08-11,02:15,Cow_462,9,3,3,0,24.9,Cloudy,Field B
2022-08-11,02:15,Cow_463,12,0,3,0,24.9,Cloudy,Field B
2022-08-11,02:15,Cow_464,6,5,4,0,24.9,Cloudy,Field B
2022-08-11,02:15,Cow_465,11,7,0,0,24.9,Cloudy,Field A
2022-08-11,02:15,Cow_466,11,7,0,0,24.9,Cloudy,Field B
2022-08-11,02:15,Cow_467,10,6,0,0,24.9,Cloudy,Field A
2022-08-11,02:15,Cow_468,1,9,5,0,24.9,Cloudy,Field C
2022-08-11,02:15,Cow_469,0,0,0,15,24.9,Cloudy,Field C
2022-08-11,02:15,Cow_470,9,3,3,0,24.9,Cloudy,Field A
2022-08-11,02:15,Cow_471,2,9,4,0,24.9,Cloudy,Field C
2022-08-11,02:15,Cow_472,6,9,0,0,24.9,Cloudy,Field A
2022-08-11,02:15,Cow_473,1,8,6,0,24.9,Cloudy,Field C
2022-08-11,02:15,Cow_474,8,3,4,0,24.9,Cloudy,Field A
2022-08-11,02:15,Cow_475,7,5,3,0,24.9,Cloudy,Field A
2022-08-11,02:15,Cow_476,0,9,8,0,24.9,Cloudy,Field A
2022-08-11,02:15,Cow_477,7,4,4,0,24.9,Cloudy,Field A
2022-08-11,02:15,Cow_478,8,3,4,0,24.9,Cloudy,Field B
2022-08-11,02:15,Cow_479,11,0,8,0,24.9,Cloudy,Field C
2022-08-11,02:15,Cow_480,11,1,3,0,24.9,Cloudy,Field C
2022-08-11,02:15,Cow_481,1,10,4,0,24.9,Cloudy,Field A
2022-08-11,02:15,Cow_482,3,7,5,0,24.9,Cloudy,Field C
2022-08-11,02:15,Cow_483,5,5,5,0,24.9,Cloudy,Field A
2022-08-11,02:15,Cow_484,4,5,6,0,24.9,Cloudy,Field A
2022-08-11,02:15,Cow_485,10,2,3,0,24.9,Cloudy,Field A
2022-08-11,02:15,Cow_486,1,6,8,0,24.9,Cloudy,Field A
2022-08-11,02:15,Cow_487,0,10,6,0,24.9,Cloudy,Field B
2022-08-11,02:15,Cow_488,7,8,0,0,24.9,Cloudy,Field C
2022-08-11,02:15,Cow_489,13,0,8,0,24.9,Cloudy,Field A
2022-08-11,02:15,Cow_490,8,3,4,0,24.9,Cloudy,Field C
2022-08-11,02:15,Cow_491,14,0,6,0,24.9,Cloudy,Field C
2022-08-11,02:15,Cow_492,9,5,1,0,24.9,Cloudy,Field B
2022-08-11,02:15,Cow_493,4,5,6,0,24.9,Cloudy,Field C
2022-08-11,02:15,Cow_494,10,7,0,0,24.9,Cloudy,Field B
2022-08-11,02:15,Cow_495,10,10,0,0,24.9,Cloudy,Field A
2022-08-11,02:15,Cow_496,14,0,5,0,24.9,Cloudy,Field A
2022-08-11,02:15,Cow_497,10,0,5,0,24.9,Cloudy,Field A
2022-08-11,02:15,Cow_498,10,4,1,0,24.9,Cloudy,Field C
2022-08-11,02:15,Cow_499,6,5,4,0,24.9,Cloudy,Field C
2022-08-11,02:15,Cow_500,7,1,7,0,24.9,Cloudy,Field B
2022-08-11,02:30,Cow_1,13,0,7,0,25.5,Rainy,Field B
2022-08-11,02:30,Cow_2,8,5,2,0,25.5,Rainy,Field A
2022-08-11,02:30,Cow_3,10,8,0,0,25.5,Rainy,Field A
2022-08-11,02:30,Cow_4,6,6,3,0,25.5,Rainy,Field C
2022-08-11,02:30,Cow_5,6,3,6,0,25.5,Rainy,Field B
2022-08-11,02:30,Cow_6,2,5,8,0,25.5,Rainy,Field A
2022-08-11,02:30,Cow_7,5,7,3,0,25.5,Rainy,Field B
2022-08-11,02:30,Cow_8,13,8,0,0,25.5,Rainy,Field C
2022-08-11,02:30,Cow_9,10,0,5,0,25.5,Rainy,Field A
2022-08-11,02:30,Cow_10,7,8,0,0,25.5,Rainy,Field C
2022-08-11,02:30,Cow_11,7,3,5,0,25.5,Rainy,Field A
2022-08-11,02:30,Cow_12,1,10,4,0,25.5,Rainy,Field C
2022-08-11,02:30,Cow_13,4,7,4,0,25.5,Rainy,Field A
2022-08-11,02:30,Cow_14,0,0,0,15,25.5,Rainy,Field C
2022-08-11,02:30,Cow_15,1,6,8,0,25.5,Rainy,Field C
2022-08-11,02:30,Cow_16,5,9,1,0,25.5,Rainy,Field B
2022-08-11,02:30,Cow_17,8,4,3,0,25.5,Rainy,Field B
2022-08-11,02:30,Cow_18,5,6,4,0,25.5,Rainy,Field B
2022-08-11,02:30,Cow_19,5,3,7,0,25.5,Rainy,Field C
2022-08-11,02:30,Cow_20,5,8,2,0,25.5,Rainy,Field B
2022-08-11,02:30,Cow_21,0,9,7,0,25.5,Rainy,Field B
2022-08-11,02:30,Cow_22,10,4,1,0,25.5,Rainy,Field A
2022-08-11,02:30,Cow_23,10,7,0,0,25.5,Rainy,Field A
2022-08-11,02:30,Cow_24,0,7,8,0,25.5,Rainy,Field C
2022-08-11,02:30,Cow_25,6,5,4,0,25.5,Rainy,Field C
2022-08-11,02:30,Cow_26,12,10,0,0,25.5,Rainy,Field B
2022-08-11,02:30,Cow_27,5,10,0,0,25.5,Rainy,Field C
2022-08-11,02:30,Cow_28,13,0,5,0,25.5,Rainy,Field A
2022-08-11,02:30,Cow_29,10,0,6,0,25.5,Rainy,Field C
2022-08-11,02:30,Cow_30,8,2,5,0,25.5,Rainy,Field B
2022-08-11,02:30,Cow_31,0,0,0,15,25.5,Rainy,Field C
2022-08-11,02:30,Cow_32,0,0,0,15,25.5,Rainy,Field A
2022-08-11,02:30,Cow_33,7,1,7,0,25.5,Rainy,Field B
2022-08-11,02:30,Cow_34,4,7,4,0,25.5,Rainy,Field C
2022-08-11,02:30,Cow_35,4,6,5,0,25.5,Rainy,Field A
2022-08-11,02:30,Cow_36,6,3,6,0,25.5,Rainy,Field C
2022-08-11,02:30,Cow_37,5,7,3,0,25.5,Rainy,Field B
2022-08-11,02:30,Cow_38,7,4,4,0,25.5,Rainy,Field C
2022-08-11,02:30,Cow_39,10,0,5,0,25.5,Rainy,Field B
2022-08-11,02:30,Cow_40,13,0,4,0,25.5,Rainy,Field A
2022-08-11,02:30,Cow_41,13,0,8,0,25.5,Rainy,Field A
2022-08-11,02:30,Cow_42,0,8,7,0,25.5,Rainy,Field A
2022-08-11,02:30,Cow_43,3,8,4,0,25.5,Rainy,Field C
2022-08-11,02:30,Cow_44,5,7,3,0,25.5,Rainy,Field A
2022-08-11,02:30,Cow_45,6,5,4,0,25.5,Rainy,Field C
2022-08-11,02:30,Cow_46,14,7,0,0,25.5,Rainy,Field C
2022-08-11,02:30,Cow_47,12,8,0,0,25.5,Rainy,Field C
2022-08-11,02:30,Cow_48,0,0,0,15,25.5,Rainy,Field A
2022-08-11,02:30,Cow_49,8,4,3,0,25.5,Rainy,Field C
2022-08-11,02:30,Cow_50,0,10,7,0,25.5,Rainy,Field B
2022-08-11,02:30,Cow_51,7,7,1,0,25.5,Rainy,Field B
2022-08-11,02:30,Cow_52,0,10,5,0,25.5,Rainy,Field A
2022-08-11,02:30,Cow_53,6,4,5,0,25.5,Rainy,Field C
2022-08-11,02:30,Cow_54,0,10,5,0,25.5,Rainy,Field A
2022-08-11,02:30,Cow_55,12,6,0,0,25.5,Rainy,Field C
2022-08-11,02:30,Cow_56,13,8,0,0,25.5,Rainy,Field B
2022-08-11,02:30,Cow_57,14,5,0,0,25.5,Rainy,Field B
2022-08-11,02:30,Cow_58,0,0,0,15,25.5,Rainy,Field C
2022-08-11,02:30,Cow_59,7,8,0,0,25.5,Rainy,Field B
2022-08-11,02:30,Cow_60,9,0,7,0,25.5,Rainy,Field A
2022-08-11,02:30,Cow_61,0,0,0,15,25.5,Rainy,Field B
2022-08-11,02:30,Cow_62,9,9,0,0,25.5,Rainy,Field B
2022-08-11,02:30,Cow_63,7,3,5,0,25.5,Rainy,Field A
2022-08-11,02:30,Cow_64,13,4,0,0,25.5,Rainy,Field A
2022-08-11,02:30,Cow_65,9,0,8,0,25.5,Rainy,Field C
2022-08-11,02:30,Cow_66,9,0,6,0,25.5,Rainy,Field C
2022-08-11,02:30,Cow_67,4,8,3,0,25.5,Rainy,Field C
2022-08-11,02:30,Cow_68,5,5,5,0,25.5,Rainy,Field B
2022-08-11,02:30,Cow_69,8,3,4,0,25.5,Rainy,Field A
2022-08-11,02:30,Cow_70,2,8,5,0,25.5,Rainy,Field C
2022-08-11,02:30,Cow_71,1,10,4,0,25.5,Rainy,Field B
2022-08-11,02:30,Cow_72,12,10,0,0,25.5,Rainy,Field B
2022-08-11,02:30,Cow_73,14,0,4,0,25.5,Rainy,Field B
2022-08-11,02:30,Cow_74,13,10,0,0,25.5,Rainy,Field A
2022-08-11,02:30,Cow_75,0,11,4,0,25.5,Rainy,Field C
2022-08-11,02:30,Cow_76,0,10,5,0,25.5,Rainy,Field C
2022-08-11,02:30,Cow_77,7,4,4,0,25.5,Rainy,Field C
2022-08-11,02:30,Cow_78,5,3,7,0,25.5,Rainy,Field B
2022-08-11,02:30,Cow_79,9,0,8,0,25.5,Rainy,Field C
2022-08-11,02:30,Cow_80,11,0,6,0,25.5,Rainy,Field C
2022-08-11,02:30,Cow_81,5,4,6,0,25.5,Rainy,Field A
2022-08-11,02:30,Cow_82,5,6,4,0,25.5,Rainy,Field A
2022-08-11,02:30,Cow_83,6,4,5,0,25.5,Rainy,Field A
2022-08-11,02:30,Cow_84,5,5,5,0,25.5,Rainy,Field C
2022-08-11,02:30,Cow_85,1,9,5,0,25.5,Rainy,Field C
2022-08-11,02:30,Cow_86,9,3,3,0,25.5,Rainy,Field B
2022-08-11,02:30,Cow_87,13,0,7,0,25.5,Rainy,Field B
2022-08-11,02:30,Cow_88,5,2,8,0,25.5,Rainy,Field A
2022-08-11,02:30,Cow_89,4,7,4,0,25.5,Rainy,Field B
2022-08-11,02:30,Cow_90,0,10,7,0,25.5,Rainy,Field B
2022-08-11,02:30,Cow_91,7,0,8,0,25.5,Rainy,Field A
2022-08-11,02:30,Cow_92,5,6,4,0,25.5,Rainy,Field A
2022-08-11,02:30,Cow_93,7,8,0,0,25.5,Rainy,Field C
2022-08-11,02:30,Cow_94,6,3,6,0,25.5,Rainy,Field A
2022-08-11,02:30,Cow_95,0,9,8,0,25.5,Rainy,Field B
2022-08-11,02:30,Cow_96,12,0,5,0,25.5,Rainy,Field C
2022-08-11,02:30,Cow_97,5,5,5,0,25.5,Rainy,Field A
2022-08-11,02:30,Cow_98,6,6,3,0,25.5,Rainy,Field C
2022-08-11,02:30,Cow_99,0,10,7,0,25.5,Rainy,Field C
2022-08-11,02:30,Cow_100,6,3,6,0,25.5,Rainy,Field C
2022-08-11,02:30,Cow_101,1,7,7,0,25.5,Rainy,Field A
2022-08-11,02:30,Cow_102,6,5,4,0,25.5,Rainy,Field A
2022-08-11,02:30,Cow_103,9,1,5,0,25.5,Rainy,Field A
2022-08-11,02:30,Cow_104,5,10,0,0,25.5,Rainy,Field B
2022-08-11,02:30,Cow_105,13,0,8,0,25.5,Rainy,Field A
2022-08-11,02:30,Cow_106,1,7,7,0,25.5,Rainy,Field A
2022-08-11,02:30,Cow_107,10,2,3,0,25.5,Rainy,Field C
2022-08-11,02:30,Cow_108,9,8,0,0,25.5,Rainy,Field C
2022-08-11,02:30,Cow_109,5,5,5,0,25.5,Rainy,Field C
2022-08-11,02:30,Cow_110,10,4,1,0,25.5,Rainy,Field A
2022-08-11,02:30,Cow_111,7,8,0,0,25.5,Rainy,Field A
2022-08-11,02:30,Cow_112,5,4,6,0,25.5,Rainy,Field A
2022-08-11,02:30,Cow_113,5,8,2,0,25.5,Rainy,Field A
2022-08-11,02:30,Cow_114,5,5,5,0,25.5,Rainy,Field C
2022-08-11,02:30,Cow_115,7,5,3,0,25.5,Rainy,Field C
2022-08-11,02:30,Cow_116,9,1,5,0,25.5,Rainy,Field B
2022-08-11,02:30,Cow_117,3,4,8,0,25.5,Rainy,Field B
2022-08-11,02:30,Cow_118,12,0,7,0,25.5,Rainy,Field A
2022-08-11,02:30,Cow_119,1,7,7,0,25.5,Rainy,Field B
2022-08-11,02:30,Cow_120,10,1,4,0,25.5,Rainy,Field B
2022-08-11,02:30,Cow_121,6,2,7,0,25.5,Rainy,Field B
2022-08-11,02:30,Cow_122,3,4,8,0,25.5,Rainy,Field A
2022-08-11,02:30,Cow_123,14,0,3,0,25.5,Rainy,Field B
2022-08-11,02:30,Cow_124,10,9,0,0,25.5,Rainy,Field A
2022-08-11,02:30,Cow_125,8,8,0,0,25.5,Rainy,Field C
2022-08-11,02:30,Cow_126,10,0,8,0,25.5,Rainy,Field B
2022-08-11,02:30,Cow_127,5,4,6,0,25.5,Rainy,Field C
2022-08-11,02:30,Cow_128,8,3,4,0,25.5,Rainy,Field B
2022-08-11,02:30,Cow_129,14,0,3,0,25.5,Rainy,Field A
2022-08-11,02:30,Cow_130,6,4,5,0,25.5,Rainy,Field B
2022-08-11,02:30,Cow_131,8,4,3,0,25.5,Rainy,Field C
2022-08-11,02:30,Cow_132,5,5,5,0,25.5,Rainy,Field C
2022-08-11,02:30,Cow_133,10,0,5,0,25.5,Rainy,Field C
2022-08-11,02:30,Cow_134,5,6,4,0,25.5,Rainy,Field C
2022-08-11,02:30,Cow_135,4,7,4,0,25.5,Rainy,Field B
2022-08-11,02:30,Cow_136,14,10,0,0,25.5,Rainy,Field A
2022-08-11,02:30,Cow_137,9,4,2,0,25.5,Rainy,Field C
2022-08-11,02:30,Cow_138,2,7,6,0,25.5,Rainy,Field C
2022-08-11,02:30,Cow_139,7,4,4,0,25.5,Rainy,Field C
2022-08-11,02:30,Cow_140,1,9,5,0,25.5,Rainy,Field B
2022-08-11,02:30,Cow_141,7,8,0,0,25.5,Rainy,Field A
2022-08-11,02:30,Cow_142,6,5,4,0,25.5,Rainy,Field C
2022-08-11,02:30,Cow_143,6,7,2,0,25.5,Rainy,Field A
2022-08-11,02:30,Cow_144,13,7,0,0,25.5,Rainy,Field A
2022-08-11,02:30,Cow_145,0,9,8,0,25.5,Rainy,Field B
2022-08-11,02:30,Cow_146,9,7,0,0,25.5,Rainy,Field C
2022-08-11,02:30,Cow_147,7,2,6,0,25.5,Rainy,Field C
2022-08-11,02:30,Cow_148,5,3,7,0,25.5,Rainy,Field B
2022-08-11,02:30,Cow_149,0,0,0,15,25.5,Rainy,Field A
2022-08-11,02:30,Cow_150,10,6,0,0,25.5,Rainy,Field B
2022-08-11,02:30,Cow_151,4,6,5,0,25.5,Rainy,Field C
2022-08-11,02:30,Cow_152,11,6,0,0,25.5,Rainy,Field A
2022-08-11,02:30,Cow_153,7,4,4,0,25.5,Rainy,Field A
2022-08-11,02:30,Cow_154,5,6,4,0,25.5,Rainy,Field A
2022-08-11,02:30,Cow_155,1,10,4,0,25.5,Rainy,Field A
2022-08-11,02:30,Cow_156,9,10,0,0,25.5,Rainy,Field A
2022-08-11,02:30,Cow_157,4,4,7,0,25.5,Rainy,Field B
2022-08-11,02:30,Cow_158,9,2,4,0,25.5,Rainy,Field B
2022-08-11,02:30,Cow_159,10,7,0,0,25.5,Rainy,Field A
2022-08-11,02:30,Cow_160,11,1,3,0,25.5,Rainy,Field C
2022-08-11,02:30,Cow_161,0,0,0,15,25.5,Rainy,Field C
2022-08-11,02:30,Cow_162,10,0,8,0,25.5,Rainy,Field A
2022-08-11,02:30,Cow_163,14,0,7,0,25.5,Rainy,Field A
2022-08-11,02:30,Cow_164,13,5,0,0,25.5,Rainy,Field A
2022-08-11,02:30,Cow_165,0,0,0,15,25.5,Rainy,Field A
2022-08-11,02:30,Cow_166,12,0,6,0,25.5,Rainy,Field B
2022-08-11,02:30,Cow_167,7,5,3,0,25.5,Rainy,Field A
2022-08-11,02:30,Cow_168,8,6,1,0,25.5,Rainy,Field B
2022-08-11,02:30,Cow_169,11,9,0,0,25.5,Rainy,Field B
2022-08-11,02:30,Cow_170,2,10,3,0,25.5,Rainy,Field B
2022-08-11,02:30,Cow_171,14,0,6,0,25.5,Rainy,Field A
2022-08-11,02:30,Cow_172,8,10,0,0,25.5,Rainy,Field A
2022-08-11,02:30,Cow_173,7,7,1,0,25.5,Rainy,Field B
2022-08-11,02:30,Cow_174,8,5,2,0,25.5,Rainy,Field B
2022-08-11,02:30,Cow_175,12,0,5,0,25.5,Rainy,Field A
2022-08-11,02:30,Cow_176,1,10,4,0,25.5,Rainy,Field C
2022-08-11,02:30,Cow_177,14,0,7,0,25.5,Rainy,Field A
2022-08-11,02:30,Cow_178,13,10,0,0,25.5,Rainy,Field B
2022-08-11,02:30,Cow_179,4,8,3,0,25.5,Rainy,Field C
2022-08-11,02:30,Cow_180,0,0,0,15,25.5,Rainy,Field A
2022-08-11,02:30,Cow_181,11,0,6,0,25.5,Rainy,Field C
2022-08-11,02:30,Cow_182,0,10,7,0,25.5,Rainy,Field C
2022-08-11,02:30,Cow_183,14,3,0,0,25.5,Rainy,Field A
2022-08-11,02:30,Cow_184,6,4,5,0,25.5,Rainy,Field B
2022-08-11,02:30,Cow_185,3,6,6,0,25.5,Rainy,Field B
2022-08-11,02:30,Cow_186,4,5,6,0,25.5,Rainy,Field B
2022-08-11,02:30,Cow_187,4,7,4,0,25.5,Rainy,Field A
2022-08-11,02:30,Cow_188,1,6,8,0,25.5,Rainy,Field B
2022-08-11,02:30,Cow_189,7,3,5,0,25.5,Rainy,Field A
2022-08-11,02:30,Cow_190,0,9,7,0,25.5,Rainy,Field A
2022-08-11,02:30,Cow_191,12,0,6,0,25.5,Rainy,Field C
2022-08-11,02:30,Cow_192,5,7,3,0,25.5,Rainy,Field B
2022-08-11,02:30,Cow_193,13,0,7,0,25.5,Rainy,Field B
2022-08-11,02:30,Cow_194,11,4,0,0,25.5,Rainy,Field A
2022-08-11,02:30,Cow_195,12,0,4,0,25.5,Rainy,Field B
2022-08-11,02:30,Cow_196,5,2,8,0,25.5,Rainy,Field A
2022-08-11,02:30,Cow_197,12,0,5,0,25.5,Rainy,Field B
2022-08-11,02:30,Cow_198,6,1,8,0,25.5,Rainy,Field B
2022-08-11,02:30,Cow_199,6,5,4,0,25.5,Rainy,Field C
2022-08-11,02:30,Cow_200,0,9,6,0,25.5,Rainy,Field C
2022-08-11,02:30,Cow_201,0,10,8,0,25.5,Rainy,Field B
2022-08-11,02:30,Cow_202,2,6,7,0,25.5,Rainy,Field C
2022-08-11,02:30,Cow_203,10,0,8,0,25.5,Rainy,Field B
2022-08-11,02:30,Cow_204,5,6,4,0,25.5,Rainy,Field B
2022-08-11,02:30,Cow_205,13,0,3,0,25.5,Rainy,Field A
2022-08-11,02:30,Cow_206,10,0,8,0,25.5,Rainy,Field C
2022-08-11,02:30,Cow_207,10,9,0,0,25.5,Rainy,Field C
2022-08-11,02:30,Cow_208,8,1,6,0,25.5,Rainy,Field A
2022-08-11,02:30,Cow_209,11,5,0,0,25.5,Rainy,Field A
2022-08-11,02:30,Cow_210,4,4,7,0,25.5,Rainy,Field C
2022-08-11,02:30,Cow_211,14,4,0,0,25.5,Rainy,Field A
2022-08-11,02:30,Cow_212,13,8,0,0,25.5,Rainy,Field A
2022-08-11,02:30,Cow_213,6,1,8,0,25.5,Rainy,Field B
2022-08-11,02:30,Cow_214,14,0,3,0,25.5,Rainy,Field C
2022-08-11,02:30,Cow_215,6,4,5,0,25.5,Rainy,Field A
2022-08-11,02:30,Cow_216,10,1,4,0,25.5,Rainy,Field B
2022-08-11,02:30,Cow_217,0,0,0,15,25.5,Rainy,Field B
2022-08-11,02:30,Cow_218,11,8,0,0,25.5,Rainy,Field A
2022-08-11,02:30,Cow_219,10,0,8,0,25.5,Rainy,Field B
2022-08-11,02:30,Cow_220,6,7,2,0,25.5,Rainy,Field B
2022-08-11,02:30,Cow_221,6,1,8,0,25.5,Rainy,Field B
2022-08-11,02:30,Cow_222,0,0,0,15,25.5,Rainy,Field A
2022-08-11,02:30,Cow_223,2,9,4,0,25.5,Rainy,Field A
2022-08-11,02:30,Cow_224,9,6,0,0,25.5,Rainy,Field B
2022-08-11,02:30,Cow_225,5,5,5,0,25.5,Rainy,Field C
2022-08-11,02:30,Cow_226,0,10,5,0,25.5,Rainy,Field A
2022-08-11,02:30,Cow_227,5,7,3,0,25.5,Rainy,Field C
2022-08-11,02:30,Cow_228,6,5,4,0,25.5,Rainy,Field C
2022-08-11,02:30,Cow_229,11,3,1,0,25.5,Rainy,Field B
2022-08-11,02:30,Cow_230,0,0,0,15,25.5,Rainy,Field A
2022-08-11,02:30,Cow_231,11,0,7,0,25.5,Rainy,Field C
2022-08-11,02:30,Cow_232,9,1,5,0,25.5,Rainy,Field B
2022-08-11,02:30,Cow_233,4,3,8,0,25.5,Rainy,Field B
2022-08-11,02:30,Cow_234,8,3,4,0,25.5,Rainy,Field C
2022-08-11,02:30,Cow_235,0,12,4,0,25.5,Rainy,Field A
2022-08-11,02:30,Cow_236,9,4,2,0,25.5,Rainy,Field A
2022-08-11,02:30,Cow_237,9,1,5,0,25.5,Rainy,Field B
2022-08-11,02:30,Cow_238,12,3,0,0,25.5,Rainy,Field B
2022-08-11,02:30,Cow_239,13,9,0,0,25.5,Rainy,Field C
2022-08-11,02:30,Cow_240,13,9,0,0,25.5,Rainy,Field C
2022-08-11,02:30,Cow_241,10,7,0,0,25.5,Rainy,Field A
2022-08-11,02:30,Cow_242,3,4,8,0,25.5,Rainy,Field C
2022-08-11,02:30,Cow_243,0,0,0,15,25.5,Rainy,Field B
2022-08-11,02:30,Cow_244,9,7,0,0,25.5,Rainy,Field C
2022-08-11,02:30,Cow_245,11,0,6,0,25.5,Rainy,Field A
2022-08-11,02:30,Cow_246,11,0,8,0,25.5,Rainy,Field A
2022-08-11,02:30,Cow_247,2,4,9,0,25.5,Rainy,Field A
2022-08-11,02:30,Cow_248,6,3,6,0,25.5,Rainy,Field A
2022-08-11,02:30,Cow_249,0,8,7,0,25.5,Rainy,Field C
2022-08-11,02:30,Cow_250,14,0,6,0,25.5,Rainy,Field C
2022-08-11,02:30,Cow_251,8,9,0,0,25.5,Rainy,Field C
2022-08-11,02:30,Cow_252,4,6,5,0,25.5,Rainy,Field C
2022-08-11,02:30,Cow_253,8,0,8,0,25.5,Rainy,Field B
2022-08-11,02:30,Cow_254,3,8,4,0,25.5,Rainy,Field C
2022-08-11,02:30,Cow_255,8,4,3,0,25.5,Rainy,Field B
2022-08-11,02:30,Cow_256,8,2,5,0,25.5,Rainy,Field B
2022-08-11,02:30,Cow_257,14,3,0,0,25.5,Rainy,Field B
2022-08-11,02:30,Cow_258,9,3,3,0,25.5,Rainy,Field B
2022-08-11,02:30,Cow_259,14,6,0,0,25.5,Rainy,Field B
2022-08-11,02:30,Cow_260,4,8,3,0,25.5,Rainy,Field B
2022-08-11,02:30,Cow_261,13,0,7,0,25.5,Rainy,Field B
2022-08-11,02:30,Cow_262,4,4,7,0,25.5,Rainy,Field C
2022-08-11,02:30,Cow_263,5,3,7,0,25.5,Rainy,Field B
2022-08-11,02:30,Cow_264,3,9,3,0,25.5,Rainy,Field B
2022-08-11,02:30,Cow_265,8,10,0,0,25.5,Rainy,Field A
2022-08-11,02:30,Cow_266,13,5,0,0,25.5,Rainy,Field C
2022-08-11,02:30,Cow_267,13,0,8,0,25.5,Rainy,Field A
2022-08-11,02:30,Cow_268,0,0,0,15,25.5,Rainy,Field A
2022-08-11,02:30,Cow_269,6,9,0,0,25.5,Rainy,Field C
2022-08-11,02:30,Cow_270,14,8,0,0,25.5,Rainy,Field B
2022-08-11,02:30,Cow_271,6,5,4,0,25.5,Rainy,Field A
2022-08-11,02:30,Cow_272,0,7,8,0,25.5,Rainy,Field A
2022-08-11,02:30,Cow_273,5,4,6,0,25.5,Rainy,Field B
2022-08-11,02:30,Cow_274,12,0,7,0,25.5,Rainy,Field A
2022-08-11,02:30,Cow_275,10,7,0,0,25.5,Rainy,Field B
2022-08-11,02:30,Cow_276,9,6,0,0,25.5,Rainy,Field B
2022-08-11,02:30,Cow_277,3,4,8,0,25.5,Rainy,Field B
2022-08-11,02:30,Cow_278,12,0,4,0,25.5,Rainy,Field A
2022-08-11,02:30,Cow_279,10,7,0,0,25.5,Rainy,Field B
2022-08-11,02:30,Cow_280,0,7,8,0,25.5,Rainy,Field B
2022-08-11,02:30,Cow_281,10,5,0,0,25.5,Rainy,Field A
2022-08-11,02:30,Cow_282,0,0,0,15,25.5,Rainy,Field A
2022-08-11,02:30,Cow_283,11,6,0,0,25.5,Rainy,Field B
2022-08-11,02:30,Cow_284,0,0,0,15,25.5,Rainy,Field C
2022-08-11,02:30,Cow_285,6,2,7,0,25.5,Rainy,Field C
2022-08-11,02:30,Cow_286,0,9,6,0,25.5,Rainy,Field B
2022-08-11,02:30,Cow_287,9,2,4,0,25.5,Rainy,Field A
2022-08-11,02:30,Cow_288,11,0,4,0,25.5,Rainy,Field B
2022-08-11,02:30,Cow_289,14,4,0,0,25.5,Rainy,Field C
2022-08-11,02:30,Cow_290,6,4,5,0,25.5,Rainy,Field C
2022-08-11,02:30,Cow_291,11,6,0,0,25.5,Rainy,Field A
2022-08-11,02:30,Cow_292,14,0,3,0,25.5,Rainy,Field A
2022-08-11,02:30,Cow_293,5,5,5,0,25.5,Rainy,Field A
2022-08-11,02:30,Cow_294,8,0,7,0,25.5,Rainy,Field A
2022-08-11,02:30,Cow_295,7,10,0,0,25.5,Rainy,Field C
2022-08-11,02:30,Cow_296,4,5,6,0,25.5,Rainy,Field C
2022-08-11,02:30,Cow_297,9,6,0,0,25.5,Rainy,Field A
2022-08-11,02:30,Cow_298,8,8,0,0,25.5,Rainy,Field A
2022-08-11,02:30,Cow_299,8,4,3,0,25.5,Rainy,Field A
2022-08-11,02:30,Cow_300,8,4,3,0,25.5,Rainy,Field A
2022-08-11,02:30,Cow_301,1,9,5,0,25.5,Rainy,Field C
2022-08-11,02:30,Cow_302,8,2,5,0,25.5,Rainy,Field C
2022-08-11,02:30,Cow_303,6,6,3,0,25.5,Rainy,Field C
2022-08-11,02:30,Cow_304,1,6,8,0,25.5,Rainy,Field A
2022-08-11,02:30,Cow_305,1,6,8,0,25.5,Rainy,Field A
2022-08-11,02:30,Cow_306,9,0,7,0,25.5,Rainy,Field C
2022-08-11,02:30,Cow_307,5,6,4,0,25.5,Rainy,Field A
2022-08-11,02:30,Cow_308,2,10,3,0,25.5,Rainy,Field C
2022-08-11,02:30,Cow_309,5,4,6,0,25.5,Rainy,Field C
2022-08-11,02:30,Cow_310,10,3,2,0,25.5,Rainy,Field C
2022-08-11,02:30,Cow_311,0,0,0,15,25.5,Rainy,Field B
2022-08-11,02:30,Cow_312,1,10,4,0,25.5,Rainy,Field C
2022-08-11,02:30,Cow_313,5,7,3,0,25.5,Rainy,Field A
2022-08-11,02:30,Cow_314,5,5,5,0,25.5,Rainy,Field B
2022-08-11,02:30,Cow_315,5,4,6,0,25.5,Rainy,Field B
2022-08-11,02:30,Cow_316,0,0,0,15,25.5,Rainy,Field A
2022-08-11,02:30,Cow_317,8,5,2,0,25.5,Rainy,Field C
2022-08-11,02:30,Cow_318,14,4,0,0,25.5,Rainy,Field B
2022-08-11,02:30,Cow_319,7,4,4,0,25.5,Rainy,Field B
2022-08-11,02:30,Cow_320,14,0,8,0,25.5,Rainy,Field B
2022-08-11,02:30,Cow_321,0,9,8,0,25.5,Rainy,Field B
2022-08-11,02:30,Cow_322,13,0,7,0,25.5,Rainy,Field C
2022-08-11,02:30,Cow_323,5,7,3,0,25.5,Rainy,Field C
2022-08-11,02:30,Cow_324,5,3,7,0,25.5,Rainy,Field C
2022-08-11,02:30,Cow_325,13,0,3,0,25.5,Rainy,Field A
2022-08-11,02:30,Cow_326,0,8,8,0,25.5,Rainy,Field C
2022-08-11,02:30,Cow_327,14,9,0,0,25.5,Rainy,Field A
2022-08-11,02:30,Cow_328,0,9,8,0,25.5,Rainy,Field B
2022-08-11,02:30,Cow_329,6,5,4,0,25.5,Rainy,Field A
2022-08-11,02:30,Cow_330,13,4,0,0,25.5,Rainy,Field B
2022-08-11,02:30,Cow_331,6,9,0,0,25.5,Rainy,Field A
2022-08-11,02:30,Cow_332,5,4,6,0,25.5,Rainy,Field A
2022-08-11,02:30,Cow_333,12,10,0,0,25.5,Rainy,Field C
2022-08-11,02:30,Cow_334,13,0,5,0,25.5,Rainy,Field B
2022-08-11,02:30,Cow_335,3,9,3,0,25.5,Rainy,Field C
2022-08-11,02:30,Cow_336,14,0,6,0,25.5,Rainy,Field C
2022-08-11,02:30,Cow_337,11,0,5,0,25.5,Rainy,Field A
2022-08-11,02:30,Cow_338,12,9,0,0,25.5,Rainy,Field A
2022-08-11,02:30,Cow_339,6,4,5,0,25.5,Rainy,Field A
2022-08-11,02:30,Cow_340,8,4,3,0,25.5,Rainy,Field C
2022-08-11,02:30,Cow_341,8,3,4,0,25.5,Rainy,Field B
2022-08-11,02:30,Cow_342,10,1,4,0,25.5,Rainy,Field A
2022-08-11,02:30,Cow_343,6,6,3,0,25.5,Rainy,Field A
2022-08-11,02:30,Cow_344,8,10,0,0,25.5,Rainy,Field A
2022-08-11,02:30,Cow_345,10,8,0,0,25.5,Rainy,Field C
2022-08-11,02:30,Cow_346,6,4,5,0,25.5,Rainy,Field C
2022-08-11,02:30,Cow_347,0,0,0,15,25.5,Rainy,Field B
2022-08-11,02:30,Cow_348,11,1,3,0,25.5,Rainy,Field A
2022-08-11,02:30,Cow_349,11,0,5,0,25.5,Rainy,Field B
2022-08-11,02:30,Cow_350,12,0,6,0,25.5,Rainy,Field A
2022-08-11,02:30,Cow_351,7,3,5,0,25.5,Rainy,Field B
2022-08-11,02:30,Cow_352,5,9,1,0,25.5,Rainy,Field A
2022-08-11,02:30,Cow_353,9,9,0,0,25.5,Rainy,Field A
2022-08-11,02:30,Cow_354,0,8,7,0,25.5,Rainy,Field B
2022-08-11,02:30,Cow_355,12,0,3,0,25.5,Rainy,Field B
2022-08-11,02:30,Cow_356,3,4,8,0,25.5,Rainy,Field A
2022-08-11,02:30,Cow_357,4,5,6,0,25.5,Rainy,Field B
2022-08-11,02:30,Cow_358,6,7,2,0,25.5,Rainy,Field B
2022-08-11,02:30,Cow_359,11,0,4,0,25.5,Rainy,Field B
2022-08-11,02:30,Cow_360,5,6,4,0,25.5,Rainy,Field C
2022-08-11,02:30,Cow_361,0,0,0,15,25.5,Rainy,Field C
2022-08-11,02:30,Cow_362,10,5,0,0,25.5,Rainy,Field C
2022-08-11,02:30,Cow_363,0,0,0,15,25.5,Rainy,Field B
2022-08-11,02:30,Cow_364,0,9,8,0,25.5,Rainy,Field B
2022-08-11,02:30,Cow_365,8,10,0,0,25.5,Rainy,Field C
2022-08-11,02:30,Cow_366,6,4,5,0,25.5,Rainy,Field C
2022-08-11,02:30,Cow_367,0,10,7,0,25.5,Rainy,Field A
2022-08-11,02:30,Cow_368,5,5,5,0,25.5,Rainy,Field A
2022-08-11,02:30,Cow_369,1,9,5,0,25.5,Rainy,Field C
2022-08-11,02:30,Cow_370,8,9,0,0,25.5,Rainy,Field A
2022-08-11,02:30,Cow_371,8,4,3,0,25.5,Rainy,Field A
2022-08-11,02:30,Cow_372,10,9,0,0,25.5,Rainy,Field B
2022-08-11,02:30,Cow_373,1,8,6,0,25.5,Rainy,Field B
2022-08-11,02:30,Cow_374,0,10,5,0,25.5,Rainy,Field C
2022-08-11,02:30,Cow_375,7,5,3,0,25.5,Rainy,Field B
2022-08-11,02:30,Cow_376,9,0,7,0,25.5,Rainy,Field B
2022-08-11,02:30,Cow_377,5,3,7,0,25.5,Rainy,Field A
2022-08-11,02:30,Cow_378,2,6,7,0,25.5,Rainy,Field C
2022-08-11,02:30,Cow_379,2,7,6,0,25.5,Rainy,Field B
2022-08-11,02:30,Cow_380,9,2,4,0,25.5,Rainy,Field B
2022-08-11,02:30,Cow_381,15,0,8,0,25.5,Rainy,Field A
2022-08-11,02:30,Cow_382,0,8,8,0,25.5,Rainy,Field A
2022-08-11,02:30,Cow_383,0,0,0,15,25.5,Rainy,Field C
2022-08-11,02:30,Cow_384,12,0,5,0,25.5,Rainy,Field A
2022-08-11,02:30,Cow_385,6,2,7,0,25.5,Rainy,Field A
2022-08-11,02:30,Cow_386,10,2,3,0,25.5,Rainy,Field C
2022-08-11,02:30,Cow_387,14,0,5,0,25.5,Rainy,Field B
2022-08-11,02:30,Cow_388,8,4,3,0,25.5,Rainy,Field C
2022-08-11,02:30,Cow_389,0,0,0,15,25.5,Rainy,Field C
2022-08-11,02:30,Cow_390,5,2,8,0,25.5,Rainy,Field B
2022-08-11,02:30,Cow_391,7,6,2,0,25.5,Rainy,Field A
2022-08-11,02:30,Cow_392,9,3,3,0,25.5,Rainy,Field C
2022-08-11,02:30,Cow_393,14,7,0,0,25.5,Rainy,Field B
2022-08-11,02:30,Cow_394,14,4,0,0,25.5,Rainy,Field B
2022-08-11,02:30,Cow_395,2,8,5,0,25.5,Rainy,Field C
2022-08-11,02:30,Cow_396,12,10,0,0,25.5,Rainy,Field A
2022-08-11,02:30,Cow_397,7,3,5,0,25.5,Rainy,Field A
2022-08-11,02:30,Cow_398,7,3,5,0,25.5,Rainy,Field A
2022-08-11,02:30,Cow_399,9,0,8,0,25.5,Rainy,Field B
2022-08-11,02:30,Cow_400,8,5,2,0,25.5,Rainy,Field A
2022-08-11,02:30,Cow_401,8,3,4,0,25.5,Rainy,Field A
2022-08-11,02:30,Cow_402,11,10,0,0,25.5,Rainy,Field B
2022-08-11,02:30,Cow_403,3,9,3,0,25.5,Rainy,Field C
2022-08-11,02:30,Cow_404,12,0,5,0,25.5,Rainy,Field B
2022-08-11,02:30,Cow_405,9,5,1,0,25.5,Rainy,Field B
2022-08-11,02:30,Cow_406,12,0,4,0,25.5,Rainy,Field C
2022-08-11,02:30,Cow_407,3,5,7,0,25.5,Rainy,Field B
2022-08-11,02:30,Cow_408,6,1,8,0,25.5,Rainy,Field B
2022-08-11,02:30,Cow_409,2,8,5,0,25.5,Rainy,Field B
2022-08-11,02:30,Cow_410,11,0,5,0,25.5,Rainy,Field A
2022-08-11,02:30,Cow_411,0,8,8,0,25.5,Rainy,Field C
2022-08-11,02:30,Cow_412,13,0,2,0,25.5,Rainy,Field C
2022-08-11,02:30,Cow_413,0,9,7,0,25.5,Rainy,Field A
2022-08-11,02:30,Cow_414,5,6,4,0,25.5,Rainy,Field C
2022-08-11,02:30,Cow_415,13,0,7,0,25.5,Rainy,Field C
2022-08-11,02:30,Cow_416,9,3,3,0,25.5,Rainy,Field B
2022-08-11,02:30,Cow_417,0,9,7,0,25.5,Rainy,Field A
2022-08-11,02:30,Cow_418,14,0,5,0,25.5,Rainy,Field A
2022-08-11,02:30,Cow_419,6,4,5,0,25.5,Rainy,Field A
2022-08-11,02:30,Cow_420,10,4,1,0,25.5,Rainy,Field C
2022-08-11,02:30,Cow_421,0,0,0,15,25.5,Rainy,Field A
2022-08-11,02:30,Cow_422,5,7,3,0,25.5,Rainy,Field B
2022-08-11,02:30,Cow_423,6,5,4,0,25.5,Rainy,Field B
2022-08-11,02:30,Cow_424,0,8,8,0,25.5,Rainy,Field C
2022-08-11,02:30,Cow_425,2,5,8,0,25.5,Rainy,Field C
2022-08-11,02:30,Cow_426,2,10,3,0,25.5,Rainy,Field B
2022-08-11,02:30,Cow_427,9,1,5,0,25.5,Rainy,Field A
2022-08-11,02:30,Cow_428,9,3,3,0,25.5,Rainy,Field C
2022-08-11,02:30,Cow_429,2,6,7,0,25.5,Rainy,Field B
2022-08-11,02:30,Cow_430,8,6,1,0,25.5,Rainy,Field C
2022-08-11,02:30,Cow_431,11,0,4,0,25.5,Rainy,Field B
2022-08-11,02:30,Cow_432,12,4,0,0,25.5,Rainy,Field C
2022-08-11,02:30,Cow_433,6,1,8,0,25.5,Rainy,Field A
2022-08-11,02:30,Cow_434,0,0,0,15,25.5,Rainy,Field B
2022-08-11,02:30,Cow_435,2,10,3,0,25.5,Rainy,Field A
2022-08-11,02:30,Cow_436,4,7,4,0,25.5,Rainy,Field A
2022-08-11,02:30,Cow_437,11,8,0,0,25.5,Rainy,Field B
2022-08-11,02:30,Cow_438,0,0,0,15,25.5,Rainy,Field B
2022-08-11,02:30,Cow_439,5,3,7,0,25.5,Rainy,Field A
2022-08-11,02:30,Cow_440,3,6,6,0,25.5,Rainy,Field C
2022-08-11,02:30,Cow_441,7,4,4,0,25.5,Rainy,Field C
2022-08-11,02:30,Cow_442,0,9,6,0,25.5,Rainy,Field B
2022-08-11,02:30,Cow_443,1,9,5,0,25.5,Rainy,Field C
2022-08-11,02:30,Cow_444,14,0,7,0,25.5,Rainy,Field C
2022-08-11,02:30,Cow_445,6,6,3,0,25.5,Rainy,Field A
2022-08-11,02:30,Cow_446,1,8,6,0,25.5,Rainy,Field A
2022-08-11,02:30,Cow_447,0,8,8,0,25.5,Rainy,Field B
2022-08-11,02:30,Cow_448,7,10,0,0,25.5,Rainy,Field A
2022-08-11,02:30,Cow_449,14,5,0,0,25.5,Rainy,Field A
2022-08-11,02:30,Cow_450,1,10,4,0,25.5,Rainy,Field C
2022-08-11,02:30,Cow_451,11,0,4,0,25.5,Rainy,Field B
2022-08-11,02:30,Cow_452,0,0,0,15,25.5,Rainy,Field C
2022-08-11,02:30,Cow_453,8,4,3,0,25.5,Rainy,Field A
2022-08-11,02:30,Cow_454,10,0,8,0,25.5,Rainy,Field A
2022-08-11,02:30,Cow_455,6,7,2,0,25.5,Rainy,Field A
2022-08-11,02:30,Cow_456,0,0,0,15,25.5,Rainy,Field A
2022-08-11,02:30,Cow_457,13,0,6,0,25.5,Rainy,Field C
2022-08-11,02:30,Cow_458,11,7,0,0,25.5,Rainy,Field A
2022-08-11,02:30,Cow_459,5,5,5,0,25.5,Rainy,Field B
2022-08-11,02:30,Cow_460,4,4,7,0,25.5,Rainy,Field C
2022-08-11,02:30,Cow_461,0,8,7,0,25.5,Rainy,Field B
2022-08-11,02:30,Cow_462,7,5,3,0,25.5,Rainy,Field A
2022-08-11,02:30,Cow_463,10,8,0,0,25.5,Rainy,Field B
2022-08-11,02:30,Cow_464,0,0,0,15,25.5,Rainy,Field C
2022-08-11,02:30,Cow_465,11,0,8,0,25.5,Rainy,Field B
2022-08-11,02:30,Cow_466,3,4,8,0,25.5,Rainy,Field C
2022-08-11,02:30,Cow_467,12,0,5,0,25.5,Rainy,Field A
2022-08-11,02:30,Cow_468,6,2,7,0,25.5,Rainy,Field B
2022-08-11,02:30,Cow_469,9,3,3,0,25.5,Rainy,Field A
2022-08-11,02:30,Cow_470,4,8,3,0,25.5,Rainy,Field C
2022-08-11,02:30,Cow_471,0,0,0,15,25.5,Rainy,Field B
2022-08-11,02:30,Cow_472,5,7,3,0,25.5,Rainy,Field B
2022-08-11,02:30,Cow_473,10,9,0,0,25.5,Rainy,Field C
2022-08-11,02:30,Cow_474,10,4,1,0,25.5,Rainy,Field B
2022-08-11,02:30,Cow_475,14,0,7,0,25.5,Rainy,Field B
2022-08-11,02:30,Cow_476,8,4,3,0,25.5,Rainy,Field B
2022-08-11,02:30,Cow_477,9,8,0,0,25.5,Rainy,Field A
2022-08-11,02:30,Cow_478,0,10,8,0,25.5,Rainy,Field B
2022-08-11,02:30,Cow_479,15,3,0,0,25.5,Rainy,Field C
2022-08-11,02:30,Cow_480,9,6,0,0,25.5,Rainy,Field B
2022-08-11,02:30,Cow_481,0,9,6,0,25.5,Rainy,Field C
2022-08-11,02:30,Cow_482,0,0,0,15,25.5,Rainy,Field B
2022-08-11,02:30,Cow_483,7,7,1,0,25.5,Rainy,Field C
2022-08-11,02:30,Cow_484,10,0,6,0,25.5,Rainy,Field A
2022-08-11,02:30,Cow_485,7,7,1,0,25.5,Rainy,Field A
2022-08-11,02:30,Cow_486,10,10,0,0,25.5,Rainy,Field C
2022-08-11,02:30,Cow_487,9,8,0,0,25.5,Rainy,Field A
2022-08-11,02:30,Cow_488,6,1,8,0,25.5,Rainy,Field C
2022-08-11,02:30,Cow_489,7,5,3,0,25.5,Rainy,Field B
2022-08-11,02:30,Cow_490,0,10,5,0,25.5,Rainy,Field B
2022-08-11,02:30,Cow_491,13,10,0,0,25.5,Rainy,Field B
2022-08-11,02:30,Cow_492,10,0,6,0,25.5,Rainy,Field A
2022-08-11,02:30,Cow_493,12,9,0,0,25.5,Rainy,Field A
2022-08-11,02:30,Cow_494,12,0,7,0,25.5,Rainy,Field C
2022-08-11,02:30,Cow_495,5,4,6,0,25.5,Rainy,Field B
2022-08-11,02:30,Cow_496,6,2,7,0,25.5,Rainy,Field B
2022-08-11,02:30,Cow_497,10,0,7,0,25.5,Rainy,Field B
2022-08-11,02:30,Cow_498,8,3,4,0,25.5,Rainy,Field A
2022-08-11,02:30,Cow_499,7,3,5,0,25.5,Rainy,Field A
2022-08-11,02:30,Cow_500,3,6,6,0,25.5,Rainy,Field A
2022-08-11,02:45,Cow_1,5,5,5,0,33.3,Rainy,Field C
2022-08-11,02:45,Cow_2,2,6,7,0,33.3,Rainy,Field B
2022-08-11,02:45,Cow_3,14,0,7,0,33.3,Rainy,Field C
2022-08-11,02:45,Cow_4,7,3,5,0,33.3,Rainy,Field C
2022-08-11,02:45,Cow_5,14,0,8,0,33.3,Rainy,Field B
2022-08-11,02:45,Cow_6,0,0,0,15,33.3,Rainy,Field B
2022-08-11,02:45,Cow_7,0,9,8,0,33.3,Rainy,Field B
2022-08-11,02:45,Cow_8,6,7,2,0,33.3,Rainy,Field A
2022-08-11,02:45,Cow_9,13,0,8,0,33.3,Rainy,Field C
2022-08-11,02:45,Cow_10,5,6,4,0,33.3,Rainy,Field B
2022-08-11,02:45,Cow_11,10,2,3,0,33.3,Rainy,Field A
2022-08-11,02:45,Cow_12,1,10,4,0,33.3,Rainy,Field C
2022-08-11,02:45,Cow_13,1,6,8,0,33.3,Rainy,Field C
2022-08-11,02:45,Cow_14,12,0,3,0,33.3,Rainy,Field A
2022-08-11,02:45,Cow_15,14,0,3,0,33.3,Rainy,Field A
2022-08-11,02:45,Cow_16,8,5,2,0,33.3,Rainy,Field B
2022-08-11,02:45,Cow_17,5,3,7,0,33.3,Rainy,Field A
2022-08-11,02:45,Cow_18,0,12,7,0,33.3,Rainy,Field A
2022-08-11,02:45,Cow_19,8,3,4,0,33.3,Rainy,Field C
2022-08-11,02:45,Cow_20,8,8,0,0,33.3,Rainy,Field C
2022-08-11,02:45,Cow_21,3,4,8,0,33.3,Rainy,Field B
2022-08-11,02:45,Cow_22,11,4,0,0,33.3,Rainy,Field A
2022-08-11,02:45,Cow_23,0,8,8,0,33.3,Rainy,Field A
2022-08-11,02:45,Cow_24,13,9,0,0,33.3,Rainy,Field C
2022-08-11,02:45,Cow_25,14,0,4,0,33.3,Rainy,Field B
2022-08-11,02:45,Cow_26,9,0,8,0,33.3,Rainy,Field C
2022-08-11,02:45,Cow_27,5,7,3,0,33.3,Rainy,Field C
2022-08-11,02:45,Cow_28,1,10,4,0,33.3,Rainy,Field B
2022-08-11,02:45,Cow_29,0,0,0,15,33.3,Rainy,Field B
2022-08-11,02:45,Cow_30,7,5,3,0,33.3,Rainy,Field A
2022-08-11,02:45,Cow_31,12,5,0,0,33.3,Rainy,Field C
2022-08-11,02:45,Cow_32,13,3,0,0,33.3,Rainy,Field C
2022-08-11,02:45,Cow_33,2,5,8,0,33.3,Rainy,Field C
2022-08-11,02:45,Cow_34,14,0,3,0,33.3,Rainy,Field C
2022-08-11,02:45,Cow_35,7,1,7,0,33.3,Rainy,Field C
2022-08-11,02:45,Cow_36,14,0,4,0,33.3,Rainy,Field C
2022-08-11,02:45,Cow_37,5,3,7,0,33.3,Rainy,Field A
2022-08-11,02:45,Cow_38,10,9,0,0,33.3,Rainy,Field A
2022-08-11,02:45,Cow_39,9,2,4,0,33.3,Rainy,Field A
2022-08-11,02:45,Cow_40,14,4,0,0,33.3,Rainy,Field C
2022-08-11,02:45,Cow_41,12,0,8,0,33.3,Rainy,Field C
2022-08-11,02:45,Cow_42,13,7,0,0,33.3,Rainy,Field B
2022-08-11,02:45,Cow_43,12,0,3,0,33.3,Rainy,Field B
2022-08-11,02:45,Cow_44,3,9,3,0,33.3,Rainy,Field B
2022-08-11,02:45,Cow_45,4,5,6,0,33.3,Rainy,Field B
2022-08-11,02:45,Cow_46,12,0,8,0,33.3,Rainy,Field B
2022-08-11,02:45,Cow_47,13,0,8,0,33.3,Rainy,Field A
2022-08-11,02:45,Cow_48,9,7,0,0,33.3,Rainy,Field A
2022-08-11,02:45,Cow_49,12,0,4,0,33.3,Rainy,Field A
2022-08-11,02:45,Cow_50,10,2,3,0,33.3,Rainy,Field A
2022-08-11,02:45,Cow_51,3,8,4,0,33.3,Rainy,Field A
2022-08-11,02:45,Cow_52,5,5,5,0,33.3,Rainy,Field A
2022-08-11,02:45,Cow_53,0,0,0,15,33.3,Rainy,Field B
2022-08-11,02:45,Cow_54,6,3,6,0,33.3,Rainy,Field C
2022-08-11,02:45,Cow_55,5,4,6,0,33.3,Rainy,Field C
2022-08-11,02:45,Cow_56,14,0,4,0,33.3,Rainy,Field B
2022-08-11,02:45,Cow_57,13,0,3,0,33.3,Rainy,Field B
2022-08-11,02:45,Cow_58,5,6,4,0,33.3,Rainy,Field C
2022-08-11,02:45,Cow_59,0,0,0,15,33.3,Rainy,Field A
2022-08-11,02:45,Cow_60,9,3,3,0,33.3,Rainy,Field B
2022-08-11,02:45,Cow_61,14,4,0,0,33.3,Rainy,Field A
2022-08-11,02:45,Cow_62,0,10,6,0,33.3,Rainy,Field A
2022-08-11,02:45,Cow_63,5,4,6,0,33.3,Rainy,Field A
2022-08-11,02:45,Cow_64,10,7,0,0,33.3,Rainy,Field B
2022-08-11,02:45,Cow_65,13,8,0,0,33.3,Rainy,Field B
2022-08-11,02:45,Cow_66,11,3,1,0,33.3,Rainy,Field B
2022-08-11,02:45,Cow_67,1,10,4,0,33.3,Rainy,Field B
2022-08-11,02:45,Cow_68,5,10,0,0,33.3,Rainy,Field A
2022-08-11,02:45,Cow_69,10,3,2,0,33.3,Rainy,Field B
2022-08-11,02:45,Cow_70,5,6,4,0,33.3,Rainy,Field B
2022-08-11,02:45,Cow_71,4,7,4,0,33.3,Rainy,Field A
2022-08-11,02:45,Cow_72,5,3,7,0,33.3,Rainy,Field C
2022-08-11,02:45,Cow_73,6,9,0,0,33.3,Rainy,Field B
2022-08-11,02:45,Cow_74,5,9,1,0,33.3,Rainy,Field A
2022-08-11,02:45,Cow_75,5,7,3,0,33.3,Rainy,Field C
2022-08-11,02:45,Cow_76,14,6,0,0,33.3,Rainy,Field A
2022-08-11,02:45,Cow_77,12,10,0,0,33.3,Rainy,Field A
2022-08-11,02:45,Cow_78,7,4,4,0,33.3,Rainy,Field C
2022-08-11,02:45,Cow_79,6,10,0,0,33.3,Rainy,Field C
2022-08-11,02:45,Cow_80,14,9,0,0,33.3,Rainy,Field B
2022-08-11,02:45,Cow_81,14,0,7,0,33.3,Rainy,Field C
2022-08-11,02:45,Cow_82,3,7,5,0,33.3,Rainy,Field A
2022-08-11,02:45,Cow_83,7,4,4,0,33.3,Rainy,Field A
2022-08-11,02:45,Cow_84,8,10,0,0,33.3,Rainy,Field A
2022-08-11,02:45,Cow_85,7,4,4,0,33.3,Rainy,Field B
2022-08-11,02:45,Cow_86,0,0,0,15,33.3,Rainy,Field A
2022-08-11,02:45,Cow_87,7,3,5,0,33.3,Rainy,Field C
2022-08-11,02:45,Cow_88,13,0,4,0,33.3,Rainy,Field A
2022-08-11,02:45,Cow_89,5,8,2,0,33.3,Rainy,Field C
2022-08-11,02:45,Cow_90,14,0,6,0,33.3,Rainy,Field C
2022-08-11,02:45,Cow_91,9,3,3,0,33.3,Rainy,Field C
2022-08-11,02:45,Cow_92,0,7,8,0,33.3,Rainy,Field A
2022-08-11,02:45,Cow_93,10,6,0,0,33.3,Rainy,Field B
2022-08-11,02:45,Cow_94,5,4,6,0,33.3,Rainy,Field A
2022-08-11,02:45,Cow_95,14,8,0,0,33.3,Rainy,Field C
2022-08-11,02:45,Cow_96,5,6,4,0,33.3,Rainy,Field A
2022-08-11,02:45,Cow_97,6,4,5,0,33.3,Rainy,Field A
2022-08-11,02:45,Cow_98,2,11,2,0,33.3,Rainy,Field B
2022-08-11,02:45,Cow_99,9,3,3,0,33.3,Rainy,Field A
2022-08-11,02:45,Cow_100,0,10,7,0,33.3,Rainy,Field A
2022-08-11,02:45,Cow_101,0,0,0,15,33.3,Rainy,Field B
2022-08-11,02:45,Cow_102,6,6,3,0,33.3,Rainy,Field B
2022-08-11,02:45,Cow_103,9,5,1,0,33.3,Rainy,Field C
2022-08-11,02:45,Cow_104,12,0,6,0,33.3,Rainy,Field C
2022-08-11,02:45,Cow_105,7,5,3,0,33.3,Rainy,Field B
2022-08-11,02:45,Cow_106,5,7,3,0,33.3,Rainy,Field C
2022-08-11,02:45,Cow_107,10,2,3,0,33.3,Rainy,Field A
2022-08-11,02:45,Cow_108,8,1,6,0,33.3,Rainy,Field B
2022-08-11,02:45,Cow_109,6,3,6,0,33.3,Rainy,Field B
2022-08-11,02:45,Cow_110,5,6,4,0,33.3,Rainy,Field B
2022-08-11,02:45,Cow_111,6,3,6,0,33.3,Rainy,Field A
2022-08-11,02:45,Cow_112,5,10,0,0,33.3,Rainy,Field C
2022-08-11,02:45,Cow_113,13,0,3,0,33.3,Rainy,Field A
2022-08-11,02:45,Cow_114,8,9,0,0,33.3,Rainy,Field B
2022-08-11,02:45,Cow_115,14,0,6,0,33.3,Rainy,Field B
2022-08-11,02:45,Cow_116,3,9,3,0,33.3,Rainy,Field C
2022-08-11,02:45,Cow_117,1,7,7,0,33.3,Rainy,Field B
2022-08-11,02:45,Cow_118,8,1,6,0,33.3,Rainy,Field C
2022-08-11,02:45,Cow_119,12,10,0,0,33.3,Rainy,Field C
2022-08-11,02:45,Cow_120,0,9,6,0,33.3,Rainy,Field C
2022-08-11,02:45,Cow_121,5,3,7,0,33.3,Rainy,Field B
2022-08-11,02:45,Cow_122,10,4,1,0,33.3,Rainy,Field A
2022-08-11,02:45,Cow_123,14,6,0,0,33.3,Rainy,Field C
2022-08-11,02:45,Cow_124,8,0,8,0,33.3,Rainy,Field B
2022-08-11,02:45,Cow_125,3,9,3,0,33.3,Rainy,Field A
2022-08-11,02:45,Cow_126,8,3,4,0,33.3,Rainy,Field A
2022-08-11,02:45,Cow_127,13,4,0,0,33.3,Rainy,Field B
2022-08-11,02:45,Cow_128,14,0,4,0,33.3,Rainy,Field A
2022-08-11,02:45,Cow_129,8,6,1,0,33.3,Rainy,Field C
2022-08-11,02:45,Cow_130,6,10,0,0,33.3,Rainy,Field B
2022-08-11,02:45,Cow_131,14,0,6,0,33.3,Rainy,Field B
2022-08-11,02:45,Cow_132,0,0,0,15,33.3,Rainy,Field A
2022-08-11,02:45,Cow_133,7,8,0,0,33.3,Rainy,Field B
2022-08-11,02:45,Cow_134,11,9,0,0,33.3,Rainy,Field B
2022-08-11,02:45,Cow_135,4,3,8,0,33.3,Rainy,Field C
2022-08-11,02:45,Cow_136,13,0,7,0,33.3,Rainy,Field B
2022-08-11,02:45,Cow_137,4,3,8,0,33.3,Rainy,Field C
2022-08-11,02:45,Cow_138,8,0,8,0,33.3,Rainy,Field B
2022-08-11,02:45,Cow_139,1,10,4,0,33.3,Rainy,Field A
2022-08-11,02:45,Cow_140,2,5,8,0,33.3,Rainy,Field B
2022-08-11,02:45,Cow_141,6,1,8,0,33.3,Rainy,Field C
2022-08-11,02:45,Cow_142,0,0,0,15,33.3,Rainy,Field C
2022-08-11,02:45,Cow_143,2,5,8,0,33.3,Rainy,Field C
2022-08-11,02:45,Cow_144,8,3,4,0,33.3,Rainy,Field A
2022-08-11,02:45,Cow_145,3,5,7,0,33.3,Rainy,Field A
2022-08-11,02:45,Cow_146,7,4,4,0,33.3,Rainy,Field A
2022-08-11,02:45,Cow_147,12,0,3,0,33.3,Rainy,Field C
2022-08-11,02:45,Cow_148,7,8,0,0,33.3,Rainy,Field A
2022-08-11,02:45,Cow_149,1,7,7,0,33.3,Rainy,Field B
2022-08-11,02:45,Cow_150,6,4,5,0,33.3,Rainy,Field A
2022-08-11,02:45,Cow_151,0,9,7,0,33.3,Rainy,Field C
2022-08-11,02:45,Cow_152,0,0,0,15,33.3,Rainy,Field C
2022-08-11,02:45,Cow_153,13,5,0,0,33.3,Rainy,Field A
2022-08-11,02:45,Cow_154,3,5,7,0,33.3,Rainy,Field A
2022-08-11,02:45,Cow_155,0,10,8,0,33.3,Rainy,Field B
2022-08-11,02:45,Cow_156,11,6,0,0,33.3,Rainy,Field A
2022-08-11,02:45,Cow_157,3,8,4,0,33.3,Rainy,Field B
2022-08-11,02:45,Cow_158,8,7,0,0,33.3,Rainy,Field B
2022-08-11,02:45,Cow_159,13,10,0,0,33.3,Rainy,Field C
2022-08-11,02:45,Cow_160,5,6,4,0,33.3,Rainy,Field C
2022-08-11,02:45,Cow_161,5,6,4,0,33.3,Rainy,Field A
2022-08-11,02:45,Cow_162,10,6,0,0,33.3,Rainy,Field B
2022-08-11,02:45,Cow_163,0,0,0,15,33.3,Rainy,Field B
2022-08-11,02:45,Cow_164,7,5,3,0,33.3,Rainy,Field C
2022-08-11,02:45,Cow_165,5,9,1,0,33.3,Rainy,Field B
2022-08-11,02:45,Cow_166,7,3,5,0,33.3,Rainy,Field B
2022-08-11,02:45,Cow_167,11,8,0,0,33.3,Rainy,Field A
2022-08-11,02:45,Cow_168,8,4,3,0,33.3,Rainy,Field A
2022-08-11,02:45,Cow_169,8,2,5,0,33.3,Rainy,Field B
2022-08-11,02:45,Cow_170,12,8,0,0,33.3,Rainy,Field C
2022-08-11,02:45,Cow_171,11,0,7,0,33.3,Rainy,Field B
2022-08-11,02:45,Cow_172,12,0,7,0,33.3,Rainy,Field B
2022-08-11,02:45,Cow_173,6,7,2,0,33.3,Rainy,Field A
2022-08-11,02:45,Cow_174,15,0,2,0,33.3,Rainy,Field B
2022-08-11,02:45,Cow_175,8,0,8,0,33.3,Rainy,Field C
2022-08-11,02:45,Cow_176,5,6,4,0,33.3,Rainy,Field B
2022-08-11,02:45,Cow_177,7,2,6,0,33.3,Rainy,Field A
2022-08-11,02:45,Cow_178,10,6,0,0,33.3,Rainy,Field A
2022-08-11,02:45,Cow_179,6,8,1,0,33.3,Rainy,Field A
2022-08-11,02:45,Cow_180,10,0,6,0,33.3,Rainy,Field C
2022-08-11,02:45,Cow_181,2,6,7,0,33.3,Rainy,Field A
2022-08-11,02:45,Cow_182,8,3,4,0,33.3,Rainy,Field B
2022-08-11,02:45,Cow_183,9,3,3,0,33.3,Rainy,Field A
2022-08-11,02:45,Cow_184,2,8,5,0,33.3,Rainy,Field C
2022-08-11,02:45,Cow_185,12,10,0,0,33.3,Rainy,Field B
2022-08-11,02:45,Cow_186,10,0,6,0,33.3,Rainy,Field B
2022-08-11,02:45,Cow_187,0,9,7,0,33.3,Rainy,Field A
2022-08-11,02:45,Cow_188,5,7,3,0,33.3,Rainy,Field A
2022-08-11,02:45,Cow_189,14,5,0,0,33.3,Rainy,Field A
2022-08-11,02:45,Cow_190,11,0,6,0,33.3,Rainy,Field C
2022-08-11,02:45,Cow_191,6,6,3,0,33.3,Rainy,Field B
2022-08-11,02:45,Cow_192,7,2,6,0,33.3,Rainy,Field A
2022-08-11,02:45,Cow_193,7,3,5,0,33.3,Rainy,Field A
2022-08-11,02:45,Cow_194,9,6,0,0,33.3,Rainy,Field C
2022-08-11,02:45,Cow_195,7,3,5,0,33.3,Rainy,Field A
2022-08-11,02:45,Cow_196,12,0,3,0,33.3,Rainy,Field B
2022-08-11,02:45,Cow_197,6,4,5,0,33.3,Rainy,Field B
2022-08-11,02:45,Cow_198,3,5,7,0,33.3,Rainy,Field C
2022-08-11,02:45,Cow_199,6,1,8,0,33.3,Rainy,Field C
2022-08-11,02:45,Cow_200,1,9,5,0,33.3,Rainy,Field A
2022-08-11,02:45,Cow_201,14,3,0,0,33.3,Rainy,Field B
2022-08-11,02:45,Cow_202,9,0,8,0,33.3,Rainy,Field C
2022-08-11,02:45,Cow_203,9,4,2,0,33.3,Rainy,Field A
2022-08-11,02:45,Cow_204,11,4,0,0,33.3,Rainy,Field A
2022-08-11,02:45,Cow_205,7,3,5,0,33.3,Rainy,Field B
2022-08-11,02:45,Cow_206,14,4,0,0,33.3,Rainy,Field A
2022-08-11,02:45,Cow_207,12,0,6,0,33.3,Rainy,Field B
2022-08-11,02:45,Cow_208,12,10,0,0,33.3,Rainy,Field C
2022-08-11,02:45,Cow_209,7,10,0,0,33.3,Rainy,Field B
2022-08-11,02:45,Cow_210,11,5,0,0,33.3,Rainy,Field A
2022-08-11,02:45,Cow_211,8,0,8,0,33.3,Rainy,Field A
2022-08-11,02:45,Cow_212,8,0,7,0,33.3,Rainy,Field B
2022-08-11,02:45,Cow_213,9,0,6,0,33.3,Rainy,Field C
2022-08-11,02:45,Cow_214,10,0,5,0,33.3,Rainy,Field A
2022-08-11,02:45,Cow_215,2,7,6,0,33.3,Rainy,Field B
2022-08-11,02:45,Cow_216,4,3,8,0,33.3,Rainy,Field B
2022-08-11,02:45,Cow_217,10,0,5,0,33.3,Rainy,Field C
2022-08-11,02:45,Cow_218,1,7,7,0,33.3,Rainy,Field C
2022-08-11,02:45,Cow_219,5,3,7,0,33.3,Rainy,Field A
2022-08-11,02:45,Cow_220,8,6,1,0,33.3,Rainy,Field B
2022-08-11,02:45,Cow_221,4,7,4,0,33.3,Rainy,Field A
2022-08-11,02:45,Cow_222,4,8,3,0,33.3,Rainy,Field A
2022-08-11,02:45,Cow_223,0,0,0,15,33.3,Rainy,Field C
2022-08-11,02:45,Cow_224,7,0,8,0,33.3,Rainy,Field A
2022-08-11,02:45,Cow_225,0,0,0,15,33.3,Rainy,Field C
2022-08-11,02:45,Cow_226,14,10,0,0,33.3,Rainy,Field A
2022-08-11,02:45,Cow_227,13,9,0,0,33.3,Rainy,Field B
2022-08-11,02:45,Cow_228,3,9,3,0,33.3,Rainy,Field C
2022-08-11,02:45,Cow_229,6,5,4,0,33.3,Rainy,Field A
2022-08-11,02:45,Cow_230,8,4,3,0,33.3,Rainy,Field C
2022-08-11,02:45,Cow_231,0,9,7,0,33.3,Rainy,Field C
2022-08-11,02:45,Cow_232,0,8,8,0,33.3,Rainy,Field C
2022-08-11,02:45,Cow_233,12,10,0,0,33.3,Rainy,Field B
2022-08-11,02:45,Cow_234,4,7,4,0,33.3,Rainy,Field B
2022-08-11,02:45,Cow_235,0,11,9,0,33.3,Rainy,Field A
2022-08-11,02:45,Cow_236,5,7,3,0,33.3,Rainy,Field B
2022-08-11,02:45,Cow_237,0,10,8,0,33.3,Rainy,Field B
2022-08-11,02:45,Cow_238,6,5,4,0,33.3,Rainy,Field C
2022-08-11,02:45,Cow_239,5,9,1,0,33.3,Rainy,Field B
2022-08-11,02:45,Cow_240,0,0,0,15,33.3,Rainy,Field B
2022-08-11,02:45,Cow_241,7,3,5,0,33.3,Rainy,Field C
2022-08-11,02:45,Cow_242,9,0,6,0,33.3,Rainy,Field A
2022-08-11,02:45,Cow_243,7,0,8,0,33.3,Rainy,Field A
2022-08-11,02:45,Cow_244,4,7,4,0,33.3,Rainy,Field C
2022-08-11,02:45,Cow_245,5,4,6,0,33.3,Rainy,Field C
2022-08-11,02:45,Cow_246,7,5,3,0,33.3,Rainy,Field A
2022-08-11,02:45,Cow_247,5,8,2,0,33.3,Rainy,Field C
2022-08-11,02:45,Cow_248,11,0,6,0,33.3,Rainy,Field A
2022-08-11,02:45,Cow_249,7,4,4,0,33.3,Rainy,Field C
2022-08-11,02:45,Cow_250,3,6,6,0,33.3,Rainy,Field A
2022-08-11,02:45,Cow_251,2,5,8,0,33.3,Rainy,Field C
2022-08-11,02:45,Cow_252,8,12,0,0,33.3,Rainy,Field B
2022-08-11,02:45,Cow_253,5,6,4,0,33.3,Rainy,Field A
2022-08-11,02:45,Cow_254,6,3,6,0,33.3,Rainy,Field A
2022-08-11,02:45,Cow_255,12,0,4,0,33.3,Rainy,Field C
2022-08-11,02:45,Cow_256,8,4,3,0,33.3,Rainy,Field C
2022-08-11,02:45,Cow_257,2,5,8,0,33.3,Rainy,Field A
2022-08-11,02:45,Cow_258,0,0,0,15,33.3,Rainy,Field C
2022-08-11,02:45,Cow_259,9,3,3,0,33.3,Rainy,Field C
2022-08-11,02:45,Cow_260,0,0,0,15,33.3,Rainy,Field C
2022-08-11,02:45,Cow_261,1,9,5,0,33.3,Rainy,Field B
2022-08-11,02:45,Cow_262,10,2,3,0,33.3,Rainy,Field A
2022-08-11,02:45,Cow_263,9,9,0,0,33.3,Rainy,Field B
2022-08-11,02:45,Cow_264,6,9,0,0,33.3,Rainy,Field A
2022-08-11,02:45,Cow_265,8,0,8,0,33.3,Rainy,Field A
2022-08-11,02:45,Cow_266,7,7,1,0,33.3,Rainy,Field B
2022-08-11,02:45,Cow_267,14,0,7,0,33.3,Rainy,Field B
2022-08-11,02:45,Cow_268,0,10,5,0,33.3,Rainy,Field A
2022-08-11,02:45,Cow_269,5,6,4,0,33.3,Rainy,Field B
2022-08-11,02:45,Cow_270,10,10,0,0,33.3,Rainy,Field A
2022-08-11,02:45,Cow_271,3,6,6,0,33.3,Rainy,Field C
2022-08-11,02:45,Cow_272,0,10,6,0,33.3,Rainy,Field C
2022-08-11,02:45,Cow_273,0,10,6,0,33.3,Rainy,Field C
2022-08-11,02:45,Cow_274,13,10,0,0,33.3,Rainy,Field C
2022-08-11,02:45,Cow_275,5,5,5,0,33.3,Rainy,Field B
2022-08-11,02:45,Cow_276,5,3,7,0,33.3,Rainy,Field C
2022-08-11,02:45,Cow_277,5,6,4,0,33.3,Rainy,Field A
2022-08-11,02:45,Cow_278,9,0,6,0,33.3,Rainy,Field B
2022-08-11,02:45,Cow_279,5,6,4,0,33.3,Rainy,Field B
2022-08-11,02:45,Cow_280,0,0,0,15,33.3,Rainy,Field A
2022-08-11,02:45,Cow_281,14,0,7,0,33.3,Rainy,Field A
2022-08-11,02:45,Cow_282,5,2,8,0,33.3,Rainy,Field C
2022-08-11,02:45,Cow_283,11,1,3,0,33.3,Rainy,Field A
2022-08-11,02:45,Cow_284,5,4,6,0,33.3,Rainy,Field A
2022-08-11,02:45,Cow_285,9,10,0,0,33.3,Rainy,Field A
2022-08-11,02:45,Cow_286,13,0,4,0,33.3,Rainy,Field C
2022-08-11,02:45,Cow_287,0,0,0,15,33.3,Rainy,Field B
2022-08-11,02:45,Cow_288,0,0,0,15,33.3,Rainy,Field C
2022-08-11,02:45,Cow_289,0,8,7,0,33.3,Rainy,Field A
2022-08-11,02:45,Cow_290,11,7,0,0,33.3,Rainy,Field C
2022-08-11,02:45,Cow_291,0,9,8,0,33.3,Rainy,Field A
2022-08-11,02:45,Cow_292,0,8,7,0,33.3,Rainy,Field A
2022-08-11,02:45,Cow_293,13,0,2,0,33.3,Rainy,Field A
2022-08-11,02:45,Cow_294,3,8,4,0,33.3,Rainy,Field B
2022-08-11,02:45,Cow_295,10,3,2,0,33.3,Rainy,Field B
2022-08-11,02:45,Cow_296,9,9,0,0,33.3,Rainy,Field B
2022-08-11,02:45,Cow_297,10,5,0,0,33.3,Rainy,Field A
2022-08-11,02:45,Cow_298,7,4,4,0,33.3,Rainy,Field A
2022-08-11,02:45,Cow_299,0,11,9,0,33.3,Rainy,Field C
2022-08-11,02:45,Cow_300,13,0,6,0,33.3,Rainy,Field B
2022-08-11,02:45,Cow_301,9,3,3,0,33.3,Rainy,Field A
2022-08-11,02:45,Cow_302,0,0,0,15,33.3,Rainy,Field A
2022-08-11,02:45,Cow_303,10,0,6,0,33.3,Rainy,Field B
2022-08-11,02:45,Cow_304,7,2,6,0,33.3,Rainy,Field A
2022-08-11,02:45,Cow_305,14,0,7,0,33.3,Rainy,Field A
2022-08-11,02:45,Cow_306,11,0,7,0,33.3,Rainy,Field B
2022-08-11,02:45,Cow_307,0,0,0,15,33.3,Rainy,Field A
2022-08-11,02:45,Cow_308,14,0,3,0,33.3,Rainy,Field B
2022-08-11,02:45,Cow_309,3,7,5,0,33.3,Rainy,Field C
2022-08-11,02:45,Cow_310,5,7,3,0,33.3,Rainy,Field A
2022-08-11,02:45,Cow_311,11,0,4,0,33.3,Rainy,Field A
2022-08-11,02:45,Cow_312,3,5,7,0,33.3,Rainy,Field C
2022-08-11,02:45,Cow_313,4,4,7,0,33.3,Rainy,Field B
2022-08-11,02:45,Cow_314,7,3,5,0,33.3,Rainy,Field C
2022-08-11,02:45,Cow_315,7,0,8,0,33.3,Rainy,Field C
2022-08-11,02:45,Cow_316,14,0,6,0,33.3,Rainy,Field A
2022-08-11,02:45,Cow_317,5,4,6,0,33.3,Rainy,Field C
2022-08-11,02:45,Cow_318,6,5,4,0,33.3,Rainy,Field C
2022-08-11,02:45,Cow_319,13,0,7,0,33.3,Rainy,Field C
2022-08-11,02:45,Cow_320,7,5,3,0,33.3,Rainy,Field C
2022-08-11,02:45,Cow_321,11,8,0,0,33.3,Rainy,Field C
2022-08-11,02:45,Cow_322,10,0,7,0,33.3,Rainy,Field C
2022-08-11,02:45,Cow_323,12,0,7,0,33.3,Rainy,Field B
2022-08-11,02:45,Cow_324,10,8,0,0,33.3,Rainy,Field C
2022-08-11,02:45,Cow_325,3,6,6,0,33.3,Rainy,Field C
2022-08-11,02:45,Cow_326,2,10,3,0,33.3,Rainy,Field A
2022-08-11,02:45,Cow_327,9,4,2,0,33.3,Rainy,Field C
2022-08-11,02:45,Cow_328,11,0,6,0,33.3,Rainy,Field A
2022-08-11,02:45,Cow_329,12,0,5,0,33.3,Rainy,Field C
2022-08-11,02:45,Cow_330,8,9,0,0,33.3,Rainy,Field B
2022-08-11,02:45,Cow_331,0,10,5,0,33.3,Rainy,Field B
2022-08-11,02:45,Cow_332,8,8,0,0,33.3,Rainy,Field C
2022-08-11,02:45,Cow_333,6,5,4,0,33.3,Rainy,Field B
2022-08-11,02:45,Cow_334,3,6,6,0,33.3,Rainy,Field A
2022-08-11,02:45,Cow_335,4,5,6,0,33.3,Rainy,Field B
2022-08-11,02:45,Cow_336,5,2,8,0,33.3,Rainy,Field A
2022-08-11,02:45,Cow_337,5,5,5,0,33.3,Rainy,Field C
2022-08-11,02:45,Cow_338,7,10,0,0,33.3,Rainy,Field C
2022-08-11,02:45,Cow_339,1,7,7,0,33.3,Rainy,Field C
2022-08-11,02:45,Cow_340,14,0,4,0,33.3,Rainy,Field C
2022-08-11,02:45,Cow_341,9,3,3,0,33.3,Rainy,Field C
2022-08-11,02:45,Cow_342,4,8,3,0,33.3,Rainy,Field B
2022-08-11,02:45,Cow_343,3,6,6,0,33.3,Rainy,Field B
2022-08-11,02:45,Cow_344,12,8,0,0,33.3,Rainy,Field C
2022-08-11,02:45,Cow_345,11,0,8,0,33.3,Rainy,Field C
2022-08-11,02:45,Cow_346,10,4,1,0,33.3,Rainy,Field C
2022-08-11,02:45,Cow_347,9,5,1,0,33.3,Rainy,Field B
2022-08-11,02:45,Cow_348,15,8,0,0,33.3,Rainy,Field B
2022-08-11,02:45,Cow_349,9,10,0,0,33.3,Rainy,Field B
2022-08-11,02:45,Cow_350,1,6,8,0,33.3,Rainy,Field C
2022-08-11,02:45,Cow_351,5,6,4,0,33.3,Rainy,Field A
2022-08-11,02:45,Cow_352,4,3,8,0,33.3,Rainy,Field A
2022-08-11,02:45,Cow_353,2,6,7,0,33.3,Rainy,Field A
2022-08-11,02:45,Cow_354,7,3,5,0,33.3,Rainy,Field A
2022-08-11,02:45,Cow_355,0,0,0,15,33.3,Rainy,Field B
2022-08-11,02:45,Cow_356,0,8,7,0,33.3,Rainy,Field A
2022-08-11,02:45,Cow_357,13,0,8,0,33.3,Rainy,Field C
2022-08-11,02:45,Cow_358,9,1,5,0,33.3,Rainy,Field B
2022-08-11,02:45,Cow_359,12,0,3,0,33.3,Rainy,Field B
2022-08-11,02:45,Cow_360,14,0,4,0,33.3,Rainy,Field C
2022-08-11,02:45,Cow_361,13,0,7,0,33.3,Rainy,Field C
2022-08-11,02:45,Cow_362,3,9,3,0,33.3,Rainy,Field A
2022-08-11,02:45,Cow_363,6,7,2,0,33.3,Rainy,Field C
2022-08-11,02:45,Cow_364,9,3,3,0,33.3,Rainy,Field C
2022-08-11,02:45,Cow_365,4,6,5,0,33.3,Rainy,Field C
2022-08-11,02:45,Cow_366,15,0,3,0,33.3,Rainy,Field A
2022-08-11,02:45,Cow_367,0,9,6,0,33.3,Rainy,Field C
2022-08-11,02:45,Cow_368,13,0,7,0,33.3,Rainy,Field A
2022-08-11,02:45,Cow_369,7,3,5,0,33.3,Rainy,Field B
2022-08-11,02:45,Cow_370,12,0,6,0,33.3,Rainy,Field A
2022-08-11,02:45,Cow_371,7,5,3,0,33.3,Rainy,Field C
2022-08-11,02:45,Cow_372,2,5,8,0,33.3,Rainy,Field C
2022-08-11,02:45,Cow_373,7,0,8,0,33.3,Rainy,Field B
2022-08-11,02:45,Cow_374,1,8,6,0,33.3,Rainy,Field A
2022-08-11,02:45,Cow_375,0,8,8,0,33.3,Rainy,Field C
2022-08-11,02:45,Cow_376,14,0,3,0,33.3,Rainy,Field A
2022-08-11,02:45,Cow_377,2,8,5,0,33.3,Rainy,Field C
2022-08-11,02:45,Cow_378,0,10,6,0,33.3,Rainy,Field C
2022-08-11,02:45,Cow_379,4,7,4,0,33.3,Rainy,Field C
2022-08-11,02:45,Cow_380,7,9,0,0,33.3,Rainy,Field A
2022-08-11,02:45,Cow_381,7,4,4,0,33.3,Rainy,Field B
2022-08-11,02:45,Cow_382,0,10,8,0,33.3,Rainy,Field B
2022-08-11,02:45,Cow_383,0,0,0,15,33.3,Rainy,Field A
2022-08-11,02:45,Cow_384,14,0,4,0,33.3,Rainy,Field B
2022-08-11,02:45,Cow_385,12,7,0,0,33.3,Rainy,Field C
2022-08-11,02:45,Cow_386,8,4,3,0,33.3,Rainy,Field B
2022-08-11,02:45,Cow_387,10,0,5,0,33.3,Rainy,Field C
2022-08-11,02:45,Cow_388,14,0,7,0,33.3,Rainy,Field B
2022-08-11,02:45,Cow_389,8,5,2,0,33.3,Rainy,Field B
2022-08-11,02:45,Cow_390,5,5,5,0,33.3,Rainy,Field B
2022-08-11,02:45,Cow_391,8,6,1,0,33.3,Rainy,Field C
2022-08-11,02:45,Cow_392,11,7,0,0,33.3,Rainy,Field C
2022-08-11,02:45,Cow_393,1,9,5,0,33.3,Rainy,Field A
2022-08-11,02:45,Cow_394,0,0,0,15,33.3,Rainy,Field A
2022-08-11,02:45,Cow_395,0,9,9,0,33.3,Rainy,Field A
2022-08-11,02:45,Cow_396,10,4,1,0,33.3,Rainy,Field A
2022-08-11,02:45,Cow_397,3,8,4,0,33.3,Rainy,Field A
2022-08-11,02:45,Cow_398,5,7,3,0,33.3,Rainy,Field B
2022-08-11,02:45,Cow_399,11,5,0,0,33.3,Rainy,Field B
2022-08-11,02:45,Cow_400,11,0,8,0,33.3,Rainy,Field A
2022-08-11,02:45,Cow_401,3,7,5,0,33.3,Rainy,Field C
2022-08-11,02:45,Cow_402,1,8,6,0,33.3,Rainy,Field C
2022-08-11,02:45,Cow_403,13,5,0,0,33.3,Rainy,Field B
2022-08-11,02:45,Cow_404,9,1,5,0,33.3,Rainy,Field C
2022-08-11,02:45,Cow_405,7,2,6,0,33.3,Rainy,Field A
2022-08-11,02:45,Cow_406,4,7,4,0,33.3,Rainy,Field B
2022-08-11,02:45,Cow_407,11,8,0,0,33.3,Rainy,Field A
2022-08-11,02:45,Cow_408,10,6,0,0,33.3,Rainy,Field C
2022-08-11,02:45,Cow_409,11,6,0,0,33.3,Rainy,Field B
2022-08-11,02:45,Cow_410,0,0,0,15,33.3,Rainy,Field C
2022-08-11,02:45,Cow_411,11,3,1,0,33.3,Rainy,Field B
2022-08-11,02:45,Cow_412,7,1,7,0,33.3,Rainy,Field C
2022-08-11,02:45,Cow_413,11,0,6,0,33.3,Rainy,Field B
2022-08-11,02:45,Cow_414,1,7,7,0,33.3,Rainy,Field B
2022-08-11,02:45,Cow_415,11,7,0,0,33.3,Rainy,Field A
2022-08-11,02:45,Cow_416,14,8,0,0,33.3,Rainy,Field A
2022-08-11,02:45,Cow_417,5,4,6,0,33.3,Rainy,Field C
2022-08-11,02:45,Cow_418,9,0,7,0,33.3,Rainy,Field C
2022-08-11,02:45,Cow_419,0,7,8,0,33.3,Rainy,Field B
2022-08-11,02:45,Cow_420,5,5,5,0,33.3,Rainy,Field A
2022-08-11,02:45,Cow_421,6,4,5,0,33.3,Rainy,Field A
2022-08-11,02:45,Cow_422,13,0,6,0,33.3,Rainy,Field C
2022-08-11,02:45,Cow_423,5,3,7,0,33.3,Rainy,Field B
2022-08-11,02:45,Cow_424,7,5,3,0,33.3,Rainy,Field C
2022-08-11,02:45,Cow_425,8,7,0,0,33.3,Rainy,Field B
2022-08-11,02:45,Cow_426,8,1,6,0,33.3,Rainy,Field C
2022-08-11,02:45,Cow_427,0,8,10,0,33.3,Rainy,Field B
2022-08-11,02:45,Cow_428,0,0,0,15,33.3,Rainy,Field A
2022-08-11,02:45,Cow_429,5,6,4,0,33.3,Rainy,Field B
2022-08-11,02:45,Cow_430,0,8,7,0,33.3,Rainy,Field A
2022-08-11,02:45,Cow_431,9,0,8,0,33.3,Rainy,Field A
2022-08-11,02:45,Cow_432,10,0,6,0,33.3,Rainy,Field A
2022-08-11,02:45,Cow_433,9,3,3,0,33.3,Rainy,Field C
2022-08-11,02:45,Cow_434,0,9,7,0,33.3,Rainy,Field C
2022-08-11,02:45,Cow_435,10,2,3,0,33.3,Rainy,Field A
2022-08-11,02:45,Cow_436,0,8,8,0,33.3,Rainy,Field A
2022-08-11,02:45,Cow_437,4,7,4,0,33.3,Rainy,Field B
2022-08-11,02:45,Cow_438,3,4,8,0,33.3,Rainy,Field A
2022-08-11,02:45,Cow_439,9,1,5,0,33.3,Rainy,Field A
2022-08-11,02:45,Cow_440,11,1,3,0,33.3,Rainy,Field A
2022-08-11,02:45,Cow_441,0,0,0,15,33.3,Rainy,Field B
2022-08-11,02:45,Cow_442,0,0,0,15,33.3,Rainy,Field B
2022-08-11,02:45,Cow_443,9,7,0,0,33.3,Rainy,Field B
2022-08-11,02:45,Cow_444,6,2,7,0,33.3,Rainy,Field A
2022-08-11,02:45,Cow_445,0,0,0,15,33.3,Rainy,Field C
2022-08-11,02:45,Cow_446,5,7,3,0,33.3,Rainy,Field C
2022-08-11,02:45,Cow_447,8,7,0,0,33.3,Rainy,Field B
2022-08-11,02:45,Cow_448,13,0,7,0,33.3,Rainy,Field A
2022-08-11,02:45,Cow_449,0,7,8,0,33.3,Rainy,Field B
2022-08-11,02:45,Cow_450,10,0,8,0,33.3,Rainy,Field C
2022-08-11,02:45,Cow_451,0,10,5,0,33.3,Rainy,Field A
2022-08-11,02:45,Cow_452,0,9,8,0,33.3,Rainy,Field B
2022-08-11,02:45,Cow_453,8,0,7,0,33.3,Rainy,Field C
2022-08-11,02:45,Cow_454,11,0,8,0,33.3,Rainy,Field A
2022-08-11,02:45,Cow_455,0,0,0,15,33.3,Rainy,Field A
2022-08-11,02:45,Cow_456,12,6,0,0,33.3,Rainy,Field C
2022-08-11,02:45,Cow_457,14,4,0,0,33.3,Rainy,Field C
2022-08-11,02:45,Cow_458,9,4,2,0,33.3,Rainy,Field A
2022-08-11,02:45,Cow_459,8,7,0,0,33.3,Rainy,Field A
2022-08-11,02:45,Cow_460,7,7,1,0,33.3,Rainy,Field C
2022-08-11,02:45,Cow_461,12,8,0,0,33.3,Rainy,Field C
2022-08-11,02:45,Cow_462,6,3,6,0,33.3,Rainy,Field C
2022-08-11,02:45,Cow_463,6,5,4,0,33.3,Rainy,Field B
2022-08-11,02:45,Cow_464,10,7,0,0,33.3,Rainy,Field A
2022-08-11,02:45,Cow_465,11,4,0,0,33.3,Rainy,Field B
2022-08-11,02:45,Cow_466,11,1,3,0,33.3,Rainy,Field A
2022-08-11,02:45,Cow_467,10,10,0,0,33.3,Rainy,Field C
2022-08-11,02:45,Cow_468,6,5,4,0,33.3,Rainy,Field C
2022-08-11,02:45,Cow_469,9,3,3,0,33.3,Rainy,Field C
2022-08-11,02:45,Cow_470,12,6,0,0,33.3,Rainy,Field A
2022-08-11,02:45,Cow_471,9,3,3,0,33.3,Rainy,Field A
2022-08-11,02:45,Cow_472,6,6,3,0,33.3,Rainy,Field C
2022-08-11,02:45,Cow_473,9,0,7,0,33.3,Rainy,Field C
2022-08-11,02:45,Cow_474,2,6,7,0,33.3,Rainy,Field C
2022-08-11,02:45,Cow_475,0,0,0,15,33.3,Rainy,Field A
2022-08-11,02:45,Cow_476,0,9,8,0,33.3,Rainy,Field B
2022-08-11,02:45,Cow_477,0,8,8,0,33.3,Rainy,Field C
2022-08-11,02:45,Cow_478,13,4,0,0,33.3,Rainy,Field C
2022-08-11,02:45,Cow_479,7,4,4,0,33.3,Rainy,Field C
2022-08-11,02:45,Cow_480,0,0,0,15,33.3,Rainy,Field A
2022-08-11,02:45,Cow_481,4,4,7,0,33.3,Rainy,Field B
2022-08-11,02:45,Cow_482,6,3,6,0,33.3,Rainy,Field A
2022-08-11,02:45,Cow_483,2,5,8,0,33.3,Rainy,Field A
2022-08-11,02:45,Cow_484,6,6,3,0,33.3,Rainy,Field C
2022-08-11,02:45,Cow_485,9,4,2,0,33.3,Rainy,Field A
2022-08-11,02:45,Cow_486,14,9,0,0,33.3,Rainy,Field A
2022-08-11,02:45,Cow_487,3,6,6,0,33.3,Rainy,Field C
2022-08-11,02:45,Cow_488,5,3,7,0,33.3,Rainy,Field A
2022-08-11,02:45,Cow_489,10,1,4,0,33.3,Rainy,Field A
2022-08-11,02:45,Cow_490,10,0,8,0,33.3,Rainy,Field B
2022-08-11,02:45,Cow_491,0,8,8,0,33.3,Rainy,Field B
2022-08-11,02:45,Cow_492,5,10,0,0,33.3,Rainy,Field B
2022-08-11,02:45,Cow_493,10,0,8,0,33.3,Rainy,Field C
2022-08-11,02:45,Cow_494,7,3,5,0,33.3,Rainy,Field B
2022-08-11,02:45,Cow_495,11,9,0,0,33.3,Rainy,Field B
2022-08-11,02:45,Cow_496,6,8,1,0,33.3,Rainy,Field C
2022-08-11,02:45,Cow_497,5,5,5,0,33.3,Rainy,Field B
2022-08-11,02:45,Cow_498,6,7,2,0,33.3,Rainy,Field A
2022-08-11,02:45,Cow_499,13,0,5,0,33.3,Rainy,Field A
2022-08-11,02:45,Cow_500,7,6,2,0,33.3,Rainy,Field A
2022-08-11,03:00,Cow_1,6,7,2,0,35.6,Rainy,Field C
2022-08-11,03:00,Cow_2,11,1,3,0,35.6,Rainy,Field B
2022-08-11,03:00,Cow_3,3,6,6,0,35.6,Rainy,Field B
2022-08-11,03:00,Cow_4,8,8,0,0,35.6,Rainy,Field B
2022-08-11,03:00,Cow_5,11,5,0,0,35.6,Rainy,Field A
2022-08-11,03:00,Cow_6,8,4,3,0,35.6,Rainy,Field C
2022-08-11,03:00,Cow_7,8,3,4,0,35.6,Rainy,Field B
2022-08-11,03:00,Cow_8,5,5,5,0,35.6,Rainy,Field B
2022-08-11,03:00,Cow_9,12,3,0,0,35.6,Rainy,Field C
2022-08-11,03:00,Cow_10,1,8,6,0,35.6,Rainy,Field B
2022-08-11,03:00,Cow_11,10,4,1,0,35.6,Rainy,Field C
2022-08-11,03:00,Cow_12,12,5,0,0,35.6,Rainy,Field A
2022-08-11,03:00,Cow_13,11,4,0,0,35.6,Rainy,Field B
2022-08-11,03:00,Cow_14,5,4,6,0,35.6,Rainy,Field A
2022-08-11,03:00,Cow_15,12,0,6,0,35.6,Rainy,Field B
2022-08-11,03:00,Cow_16,6,8,1,0,35.6,Rainy,Field A
2022-08-11,03:00,Cow_17,6,6,3,0,35.6,Rainy,Field A
2022-08-11,03:00,Cow_18,5,8,2,0,35.6,Rainy,Field A
2022-08-11,03:00,Cow_19,11,0,8,0,35.6,Rainy,Field A
2022-08-11,03:00,Cow_20,10,3,2,0,35.6,Rainy,Field C
2022-08-11,03:00,Cow_21,7,5,3,0,35.6,Rainy,Field A
2022-08-11,03:00,Cow_22,13,0,8,0,35.6,Rainy,Field B
2022-08-11,03:00,Cow_23,12,0,3,0,35.6,Rainy,Field A
2022-08-11,03:00,Cow_24,7,4,4,0,35.6,Rainy,Field A
2022-08-11,03:00,Cow_25,9,3,3,0,35.6,Rainy,Field C
2022-08-11,03:00,Cow_26,9,0,6,0,35.6,Rainy,Field A
2022-08-11,03:00,Cow_27,13,8,0,0,35.6,Rainy,Field A
2022-08-11,03:00,Cow_28,0,0,0,15,35.6,Rainy,Field C
2022-08-11,03:00,Cow_29,10,7,0,0,35.6,Rainy,Field C
2022-08-11,03:00,Cow_30,8,7,0,0,35.6,Rainy,Field C
2022-08-11,03:00,Cow_31,14,0,5,0,35.6,Rainy,Field C
2022-08-11,03:00,Cow_32,14,0,7,0,35.6,Rainy,Field A
2022-08-11,03:00,Cow_33,10,9,0,0,35.6,Rainy,Field B
2022-08-11,03:00,Cow_34,11,6,0,0,35.6,Rainy,Field C
2022-08-11,03:00,Cow_35,6,4,5,0,35.6,Rainy,Field C
2022-08-11,03:00,Cow_36,1,9,5,0,35.6,Rainy,Field B
2022-08-11,03:00,Cow_37,0,0,0,15,35.6,Rainy,Field A
2022-08-11,03:00,Cow_38,8,6,1,0,35.6,Rainy,Field C
2022-08-11,03:00,Cow_39,6,6,3,0,35.6,Rainy,Field C
2022-08-11,03:00,Cow_40,10,1,4,0,35.6,Rainy,Field C
2022-08-11,03:00,Cow_41,12,0,6,0,35.6,Rainy,Field C
2022-08-11,03:00,Cow_42,5,3,7,0,35.6,Rainy,Field C
2022-08-11,03:00,Cow_43,9,1,5,0,35.6,Rainy,Field A
2022-08-11,03:00,Cow_44,5,6,4,0,35.6,Rainy,Field C
2022-08-11,03:00,Cow_45,4,7,4,0,35.6,Rainy,Field C
2022-08-11,03:00,Cow_46,7,5,3,0,35.6,Rainy,Field C
2022-08-11,03:00,Cow_47,9,1,5,0,35.6,Rainy,Field B
2022-08-11,03:00,Cow_48,4,7,4,0,35.6,Rainy,Field A
2022-08-11,03:00,Cow_49,6,1,8,0,35.6,Rainy,Field B
2022-08-11,03:00,Cow_50,14,9,0,0,35.6,Rainy,Field B
2022-08-11,03:00,Cow_51,11,0,7,0,35.6,Rainy,Field C
2022-08-11,03:00,Cow_52,5,3,7,0,35.6,Rainy,Field C
2022-08-11,03:00,Cow_53,8,0,8,0,35.6,Rainy,Field B
2022-08-11,03:00,Cow_54,5,7,3,0,35.6,Rainy,Field A
2022-08-11,03:00,Cow_55,5,3,7,0,35.6,Rainy,Field B
2022-08-11,03:00,Cow_56,1,7,7,0,35.6,Rainy,Field B
2022-08-11,03:00,Cow_57,6,8,1,0,35.6,Rainy,Field C
2022-08-11,03:00,Cow_58,2,8,5,0,35.6,Rainy,Field C
2022-08-11,03:00,Cow_59,5,8,2,0,35.6,Rainy,Field B
2022-08-11,03:00,Cow_60,8,1,6,0,35.6,Rainy,Field B
2022-08-11,03:00,Cow_61,9,3,3,0,35.6,Rainy,Field C
2022-08-11,03:00,Cow_62,14,0,7,0,35.6,Rainy,Field A
2022-08-11,03:00,Cow_63,6,3,6,0,35.6,Rainy,Field B
2022-08-11,03:00,Cow_64,10,8,0,0,35.6,Rainy,Field C
2022-08-11,03:00,Cow_65,7,2,6,0,35.6,Rainy,Field A
2022-08-11,03:00,Cow_66,5,7,3,0,35.6,Rainy,Field C
2022-08-11,03:00,Cow_67,6,3,6,0,35.6,Rainy,Field C
2022-08-11,03:00,Cow_68,8,4,3,0,35.6,Rainy,Field B
2022-08-11,03:00,Cow_69,14,3,0,0,35.6,Rainy,Field A
2022-08-11,03:00,Cow_70,6,7,2,0,35.6,Rainy,Field C
2022-08-11,03:00,Cow_71,14,0,6,0,35.6,Rainy,Field A
2022-08-11,03:00,Cow_72,4,3,8,0,35.6,Rainy,Field C
2022-08-11,03:00,Cow_73,3,8,4,0,35.6,Rainy,Field A
2022-08-11,03:00,Cow_74,3,6,6,0,35.6,Rainy,Field C
2022-08-11,03:00,Cow_75,12,0,10,0,35.6,Rainy,Field A
2022-08-11,03:00,Cow_76,1,8,6,0,35.6,Rainy,Field C
2022-08-11,03:00,Cow_77,1,6,8,0,35.6,Rainy,Field A
2022-08-11,03:00,Cow_78,10,0,5,0,35.6,Rainy,Field B
2022-08-11,03:00,Cow_79,0,0,0,15,35.6,Rainy,Field A
2022-08-11,03:00,Cow_80,6,2,7,0,35.6,Rainy,Field B
2022-08-11,03:00,Cow_81,3,6,6,0,35.6,Rainy,Field A
2022-08-11,03:00,Cow_82,8,5,2,0,35.6,Rainy,Field B
2022-08-11,03:00,Cow_83,8,0,7,0,35.6,Rainy,Field B
2022-08-11,03:00,Cow_84,12,0,4,0,35.6,Rainy,Field B
2022-08-11,03:00,Cow_85,8,3,4,0,35.6,Rainy,Field B
2022-08-11,03:00,Cow_86,5,3,7,0,35.6,Rainy,Field A
2022-08-11,03:00,Cow_87,13,10,0,0,35.6,Rainy,Field C
2022-08-11,03:00,Cow_88,0,7,8,0,35.6,Rainy,Field B
2022-08-11,03:00,Cow_89,0,0,0,15,35.6,Rainy,Field B
2022-08-11,03:00,Cow_90,4,6,5,0,35.6,Rainy,Field B
2022-08-11,03:00,Cow_91,10,0,5,0,35.6,Rainy,Field A
2022-08-11,03:00,Cow_92,6,5,4,0,35.6,Rainy,Field B
2022-08-11,03:00,Cow_93,9,10,0,0,35.6,Rainy,Field A
2022-08-11,03:00,Cow_94,0,9,6,0,35.6,Rainy,Field B
2022-08-11,03:00,Cow_95,13,5,0,0,35.6,Rainy,Field C
2022-08-11,03:00,Cow_96,14,0,4,0,35.6,Rainy,Field A
2022-08-11,03:00,Cow_97,0,10,8,0,35.6,Rainy,Field A
2022-08-11,03:00,Cow_98,8,1,6,0,35.6,Rainy,Field A
2022-08-11,03:00,Cow_99,0,7,8,0,35.6,Rainy,Field B
2022-08-11,03:00,Cow_100,7,1,7,0,35.6,Rainy,Field C
2022-08-11,03:00,Cow_101,6,9,0,0,35.6,Rainy,Field C
2022-08-11,03:00,Cow_102,9,5,1,0,35.6,Rainy,Field B
2022-08-11,03:00,Cow_103,6,5,4,0,35.6,Rainy,Field C
2022-08-11,03:00,Cow_104,8,4,3,0,35.6,Rainy,Field C
2022-08-11,03:00,Cow_105,7,1,7,0,35.6,Rainy,Field C
2022-08-11,03:00,Cow_106,9,6,0,0,35.6,Rainy,Field C
2022-08-11,03:00,Cow_107,5,7,3,0,35.6,Rainy,Field C
2022-08-11,03:00,Cow_108,4,7,4,0,35.6,Rainy,Field A
2022-08-11,03:00,Cow_109,5,7,3,0,35.6,Rainy,Field B
2022-08-11,03:00,Cow_110,6,9,0,0,35.6,Rainy,Field B
2022-08-11,03:00,Cow_111,13,4,0,0,35.6,Rainy,Field C
2022-08-11,03:00,Cow_112,10,0,7,0,35.6,Rainy,Field B
2022-08-11,03:00,Cow_113,9,4,2,0,35.6,Rainy,Field C
2022-08-11,03:00,Cow_114,6,4,5,0,35.6,Rainy,Field A
2022-08-11,03:00,Cow_115,13,0,7,0,35.6,Rainy,Field B
2022-08-11,03:00,Cow_116,7,0,8,0,35.6,Rainy,Field C
2022-08-11,03:00,Cow_117,10,9,0,0,35.6,Rainy,Field C
2022-08-11,03:00,Cow_118,6,7,2,0,35.6,Rainy,Field A
2022-08-11,03:00,Cow_119,14,0,3,0,35.6,Rainy,Field A
2022-08-11,03:00,Cow_120,11,6,0,0,35.6,Rainy,Field B
2022-08-11,03:00,Cow_121,10,0,7,0,35.6,Rainy,Field A
2022-08-11,03:00,Cow_122,3,8,4,0,35.6,Rainy,Field B
2022-08-11,03:00,Cow_123,8,10,0,0,35.6,Rainy,Field C
2022-08-11,03:00,Cow_124,9,7,0,0,35.6,Rainy,Field B
2022-08-11,03:00,Cow_125,3,4,8,0,35.6,Rainy,Field A
2022-08-11,03:00,Cow_126,10,3,2,0,35.6,Rainy,Field B
2022-08-11,03:00,Cow_127,2,5,8,0,35.6,Rainy,Field C
2022-08-11,03:00,Cow_128,4,6,5,0,35.6,Rainy,Field C
2022-08-11,03:00,Cow_129,7,1,7,0,35.6,Rainy,Field B
2022-08-11,03:00,Cow_130,10,0,8,0,35.6,Rainy,Field C
2022-08-11,03:00,Cow_131,5,10,0,0,35.6,Rainy,Field A
2022-08-11,03:00,Cow_132,10,8,0,0,35.6,Rainy,Field A
2022-08-11,03:00,Cow_133,12,9,0,0,35.6,Rainy,Field B
2022-08-11,03:00,Cow_134,3,8,4,0,35.6,Rainy,Field A
2022-08-11,03:00,Cow_135,14,8,0,0,35.6,Rainy,Field B
2022-08-11,03:00,Cow_136,9,3,3,0,35.6,Rainy,Field A
2022-08-11,03:00,Cow_137,5,3,7,0,35.6,Rainy,Field C
2022-08-11,03:00,Cow_138,9,5,1,0,35.6,Rainy,Field A
2022-08-11,03:00,Cow_139,0,9,8,0,35.6,Rainy,Field C
2022-08-11,03:00,Cow_140,10,2,3,0,35.6,Rainy,Field B
2022-08-11,03:00,Cow_141,1,8,6,0,35.6,Rainy,Field A
2022-08-11,03:00,Cow_142,5,4,6,0,35.6,Rainy,Field B
2022-08-11,03:00,Cow_143,10,10,0,0,35.6,Rainy,Field B
2022-08-11,03:00,Cow_144,9,1,5,0,35.6,Rainy,Field C
2022-08-11,03:00,Cow_145,13,0,7,0,35.6,Rainy,Field A
2022-08-11,03:00,Cow_146,14,0,8,0,35.6,Rainy,Field A
2022-08-11,03:00,Cow_147,12,0,3,0,35.6,Rainy,Field A
2022-08-11,03:00,Cow_148,7,7,1,0,35.6,Rainy,Field B
2022-08-11,03:00,Cow_149,2,10,3,0,35.6,Rainy,Field A
2022-08-11,03:00,Cow_150,9,0,7,0,35.6,Rainy,Field B
2022-08-11,03:00,Cow_151,5,5,5,0,35.6,Rainy,Field C
2022-08-11,03:00,Cow_152,8,0,8,0,35.6,Rainy,Field B
2022-08-11,03:00,Cow_153,12,5,0,0,35.6,Rainy,Field B
2022-08-11,03:00,Cow_154,11,10,0,0,35.6,Rainy,Field C
2022-08-11,03:00,Cow_155,8,3,4,0,35.6,Rainy,Field A
2022-08-11,03:00,Cow_156,0,0,0,15,35.6,Rainy,Field B
2022-08-11,03:00,Cow_157,14,3,0,0,35.6,Rainy,Field A
2022-08-11,03:00,Cow_158,1,6,8,0,35.6,Rainy,Field A
2022-08-11,03:00,Cow_159,13,0,3,0,35.6,Rainy,Field B
2022-08-11,03:00,Cow_160,10,0,5,0,35.6,Rainy,Field C
2022-08-11,03:00,Cow_161,12,6,0,0,35.6,Rainy,Field C
2022-08-11,03:00,Cow_162,4,5,6,0,35.6,Rainy,Field B
2022-08-11,03:00,Cow_163,8,10,0,0,35.6,Rainy,Field B
2022-08-11,03:00,Cow_164,10,2,3,0,35.6,Rainy,Field B
2022-08-11,03:00,Cow_165,9,1,5,0,35.6,Rainy,Field A
2022-08-11,03:00,Cow_166,12,0,7,0,35.6,Rainy,Field B
2022-08-11,03:00,Cow_167,8,2,5,0,35.6,Rainy,Field B
2022-08-11,03:00,Cow_168,5,5,5,0,35.6,Rainy,Field C
2022-08-11,03:00,Cow_169,8,3,4,0,35.6,Rainy,Field C
2022-08-11,03:00,Cow_170,9,3,3,0,35.6,Rainy,Field B
2022-08-11,03:00,Cow_171,9,9,0,0,35.6,Rainy,Field A
2022-08-11,03:00,Cow_172,11,0,7,0,35.6,Rainy,Field B
2022-08-11,03:00,Cow_173,14,8,0,0,35.6,Rainy,Field B
2022-08-11,03:00,Cow_174,0,0,0,15,35.6,Rainy,Field C
2022-08-11,03:00,Cow_175,10,0,5,0,35.6,Rainy,Field C
2022-08-11,03:00,Cow_176,8,10,0,0,35.6,Rainy,Field B
2022-08-11,03:00,Cow_177,13,0,5,0,35.6,Rainy,Field C
2022-08-11,03:00,Cow_178,3,9,3,0,35.6,Rainy,Field B
2022-08-11,03:00,Cow_179,1,10,4,0,35.6,Rainy,Field C
2022-08-11,03:00,Cow_180,7,1,7,0,35.6,Rainy,Field B
2022-08-11,03:00,Cow_181,5,6,4,0,35.6,Rainy,Field A
2022-08-11,03:00,Cow_182,14,8,0,0,35.6,Rainy,Field B
2022-08-11,03:00,Cow_183,3,5,7,0,35.6,Rainy,Field C
2022-08-11,03:00,Cow_184,1,6,8,0,35.6,Rainy,Field A
2022-08-11,03:00,Cow_185,0,0,0,15,35.6,Rainy,Field B
2022-08-11,03:00,Cow_186,13,0,7,0,35.6,Rainy,Field A
2022-08-11,03:00,Cow_187,8,7,0,0,35.6,Rainy,Field A
2022-08-11,03:00,Cow_188,4,6,5,0,35.6,Rainy,Field B
2022-08-11,03:00,Cow_189,7,5,3,0,35.6,Rainy,Field A
2022-08-11,03:00,Cow_190,13,3,0,0,35.6,Rainy,Field B
2022-08-11,03:00,Cow_191,6,9,0,0,35.6,Rainy,Field C
2022-08-11,03:00,Cow_192,0,0,0,15,35.6,Rainy,Field B
2022-08-11,03:00,Cow_193,8,4,3,0,35.6,Rainy,Field C
2022-08-11,03:00,Cow_194,0,10,7,0,35.6,Rainy,Field C
2022-08-11,03:00,Cow_195,1,10,4,0,35.6,Rainy,Field A
2022-08-11,03:00,Cow_196,12,4,0,0,35.6,Rainy,Field C
2022-08-11,03:00,Cow_197,6,3,6,0,35.6,Rainy,Field C
2022-08-11,03:00,Cow_198,10,9,0,0,35.6,Rainy,Field A
2022-08-11,03:00,Cow_199,7,7,1,0,35.6,Rainy,Field A
2022-08-11,03:00,Cow_200,4,6,5,0,35.6,Rainy,Field A
2022-08-11,03:00,Cow_201,3,9,3,0,35.6,Rainy,Field C
2022-08-11,03:00,Cow_202,9,8,0,0,35.6,Rainy,Field A
2022-08-11,03:00,Cow_203,2,6,7,0,35.6,Rainy,Field C
2022-08-11,03:00,Cow_204,10,3,2,0,35.6,Rainy,Field B
2022-08-11,03:00,Cow_205,11,6,0,0,35.6,Rainy,Field C
2022-08-11,03:00,Cow_206,11,1,3,0,35.6,Rainy,Field B
2022-08-11,03:00,Cow_207,8,1,6,0,35.6,Rainy,Field A
2022-08-11,03:00,Cow_208,5,3,7,0,35.6,Rainy,Field C
2022-08-11,03:00,Cow_209,14,6,0,0,35.6,Rainy,Field B
2022-08-11,03:00,Cow_210,5,10,0,0,35.6,Rainy,Field B
2022-08-11,03:00,Cow_211,9,3,3,0,35.6,Rainy,Field C
2022-08-11,03:00,Cow_212,6,1,8,0,35.6,Rainy,Field C
2022-08-11,03:00,Cow_213,14,0,5,0,35.6,Rainy,Field C
2022-08-11,03:00,Cow_214,10,1,4,0,35.6,Rainy,Field C
2022-08-11,03:00,Cow_215,4,3,8,0,35.6,Rainy,Field C
2022-08-11,03:00,Cow_216,0,0,0,15,35.6,Rainy,Field C
2022-08-11,03:00,Cow_217,2,10,3,0,35.6,Rainy,Field C
2022-08-11,03:00,Cow_218,13,6,0,0,35.6,Rainy,Field B
2022-08-11,03:00,Cow_219,2,10,3,0,35.6,Rainy,Field C
2022-08-11,03:00,Cow_220,12,0,4,0,35.6,Rainy,Field C
2022-08-11,03:00,Cow_221,12,0,7,0,35.6,Rainy,Field A
2022-08-11,03:00,Cow_222,0,9,8,0,35.6,Rainy,Field C
2022-08-11,03:00,Cow_223,11,10,0,0,35.6,Rainy,Field A
2022-08-11,03:00,Cow_224,11,9,0,0,35.6,Rainy,Field A
2022-08-11,03:00,Cow_225,0,7,8,0,35.6,Rainy,Field A
2022-08-11,03:00,Cow_226,10,3,2,0,35.6,Rainy,Field A
2022-08-11,03:00,Cow_227,7,4,4,0,35.6,Rainy,Field A
2022-08-11,03:00,Cow_228,11,5,0,0,35.6,Rainy,Field B
2022-08-11,03:00,Cow_229,0,8,7,0,35.6,Rainy,Field B
2022-08-11,03:00,Cow_230,8,0,7,0,35.6,Rainy,Field B
2022-08-11,03:00,Cow_231,4,7,4,0,35.6,Rainy,Field B
2022-08-11,03:00,Cow_232,8,2,5,0,35.6,Rainy,Field B
2022-08-11,03:00,Cow_233,0,0,0,15,35.6,Rainy,Field B
2022-08-11,03:00,Cow_234,2,5,8,0,35.6,Rainy,Field A
2022-08-11,03:00,Cow_235,11,5,0,0,35.6,Rainy,Field C
2022-08-11,03:00,Cow_236,5,7,3,0,35.6,Rainy,Field A
2022-08-11,03:00,Cow_237,7,3,5,0,35.6,Rainy,Field C
2022-08-11,03:00,Cow_238,13,5,0,0,35.6,Rainy,Field B
2022-08-11,03:00,Cow_239,13,3,0,0,35.6,Rainy,Field A
2022-08-11,03:00,Cow_240,14,0,6,0,35.6,Rainy,Field A
2022-08-11,03:00,Cow_241,5,8,2,0,35.6,Rainy,Field C
2022-08-11,03:00,Cow_242,1,10,4,0,35.6,Rainy,Field A
2022-08-11,03:00,Cow_243,12,10,0,0,35.6,Rainy,Field A
2022-08-11,03:00,Cow_244,7,3,5,0,35.6,Rainy,Field A
2022-08-11,03:00,Cow_245,8,3,4,0,35.6,Rainy,Field A
2022-08-11,03:00,Cow_246,8,5,2,0,35.6,Rainy,Field C
2022-08-11,03:00,Cow_247,10,3,2,0,35.6,Rainy,Field A
2022-08-11,03:00,Cow_248,6,10,0,0,35.6,Rainy,Field A
2022-08-11,03:00,Cow_249,11,0,5,0,35.6,Rainy,Field C
2022-08-11,03:00,Cow_250,9,3,3,0,35.6,Rainy,Field A
2022-08-11,03:00,Cow_251,11,0,6,0,35.6,Rainy,Field C
2022-08-11,03:00,Cow_252,0,8,7,0,35.6,Rainy,Field B
2022-08-11,03:00,Cow_253,8,5,2,0,35.6,Rainy,Field C
2022-08-11,03:00,Cow_254,7,1,7,0,35.6,Rainy,Field C
2022-08-11,03:00,Cow_255,12,0,6,0,35.6,Rainy,Field C
2022-08-11,03:00,Cow_256,11,3,1,0,35.6,Rainy,Field C
2022-08-11,03:00,Cow_257,8,3,4,0,35.6,Rainy,Field A
2022-08-11,03:00,Cow_258,9,3,3,0,35.6,Rainy,Field C
2022-08-11,03:00,Cow_259,7,4,4,0,35.6,Rainy,Field B
2022-08-11,03:00,Cow_260,13,0,6,0,35.6,Rainy,Field A
2022-08-11,03:00,Cow_261,6,5,4,0,35.6,Rainy,Field C
2022-08-11,03:00,Cow_262,8,0,8,0,35.6,Rainy,Field A
2022-08-11,03:00,Cow_263,1,10,4,0,35.6,Rainy,Field B
2022-08-11,03:00,Cow_264,6,3,6,0,35.6,Rainy,Field A
2022-08-11,03:00,Cow_265,5,7,3,0,35.6,Rainy,Field B
2022-08-11,03:00,Cow_266,14,0,8,0,35.6,Rainy,Field C
2022-08-11,03:00,Cow_267,8,0,7,0,35.6,Rainy,Field A
2022-08-11,03:00,Cow_268,11,5,0,0,35.6,Rainy,Field A
2022-08-11,03:00,Cow_269,8,10,0,0,35.6,Rainy,Field C
2022-08-11,03:00,Cow_270,13,0,4,0,35.6,Rainy,Field A
2022-08-11,03:00,Cow_271,14,9,0,0,35.6,Rainy,Field C
2022-08-11,03:00,Cow_272,12,0,4,0,35.6,Rainy,Field A
2022-08-11,03:00,Cow_273,9,3,3,0,35.6,Rainy,Field B
2022-08-11,03:00,Cow_274,5,10,0,0,35.6,Rainy,Field B
2022-08-11,03:00,Cow_275,13,0,6,0,35.6,Rainy,Field A
2022-08-11,03:00,Cow_276,5,3,7,0,35.6,Rainy,Field B
2022-08-11,03:00,Cow_277,9,3,3,0,35.6,Rainy,Field A
2022-08-11,03:00,Cow_278,6,5,4,0,35.6,Rainy,Field B
2022-08-11,03:00,Cow_279,6,4,5,0,35.6,Rainy,Field B
2022-08-11,03:00,Cow_280,1,7,7,0,35.6,Rainy,Field C
2022-08-11,03:00,Cow_281,14,0,6,0,35.6,Rainy,Field A
2022-08-11,03:00,Cow_282,5,10,0,0,35.6,Rainy,Field C
2022-08-11,03:00,Cow_283,3,4,8,0,35.6,Rainy,Field C
2022-08-11,03:00,Cow_284,8,3,4,0,35.6,Rainy,Field B
2022-08-11,03:00,Cow_285,0,0,0,15,35.6,Rainy,Field B
2022-08-11,03:00,Cow_286,2,7,6,0,35.6,Rainy,Field A
2022-08-11,03:00,Cow_287,3,7,5,0,35.6,Rainy,Field C
2022-08-11,03:00,Cow_288,8,8,0,0,35.6,Rainy,Field C
2022-08-11,03:00,Cow_289,11,3,1,0,35.6,Rainy,Field B
2022-08-11,03:00,Cow_290,12,8,0,0,35.6,Rainy,Field A
2022-08-11,03:00,Cow_291,11,0,4,0,35.6,Rainy,Field B
2022-08-11,03:00,Cow_292,13,0,8,0,35.6,Rainy,Field B
2022-08-11,03:00,Cow_293,1,4,10,0,35.6,Rainy,Field C
2022-08-11,03:00,Cow_294,8,9,0,0,35.6,Rainy,Field A
2022-08-11,03:00,Cow_295,9,7,0,0,35.6,Rainy,Field B
2022-08-11,03:00,Cow_296,6,6,3,0,35.6,Rainy,Field A
2022-08-11,03:00,Cow_297,6,1,8,0,35.6,Rainy,Field C
2022-08-11,03:00,Cow_298,10,4,1,0,35.6,Rainy,Field B
2022-08-11,03:00,Cow_299,12,11,0,0,35.6,Rainy,Field B
2022-08-11,03:00,Cow_300,0,10,7,0,35.6,Rainy,Field A
2022-08-11,03:00,Cow_301,6,8,1,0,35.6,Rainy,Field C
2022-08-11,03:00,Cow_302,5,7,3,0,35.6,Rainy,Field A
2022-08-11,03:00,Cow_303,0,7,8,0,35.6,Rainy,Field C
2022-08-11,03:00,Cow_304,3,9,3,0,35.6,Rainy,Field B
2022-08-11,03:00,Cow_305,4,4,7,0,35.6,Rainy,Field B
2022-08-11,03:00,Cow_306,2,6,7,0,35.6,Rainy,Field B
2022-08-11,03:00,Cow_307,3,7,5,0,35.6,Rainy,Field A
2022-08-11,03:00,Cow_308,1,8,6,0,35.6,Rainy,Field C
2022-08-11,03:00,Cow_309,9,8,0,0,35.6,Rainy,Field B
2022-08-11,03:00,Cow_310,9,1,5,0,35.6,Rainy,Field B
2022-08-11,03:00,Cow_311,2,10,3,0,35.6,Rainy,Field C
2022-08-11,03:00,Cow_312,4,6,5,0,35.6,Rainy,Field C
2022-08-11,03:00,Cow_313,0,0,0,15,35.6,Rainy,Field A
2022-08-11,03:00,Cow_314,3,4,8,0,35.6,Rainy,Field C
2022-08-11,03:00,Cow_315,12,3,0,0,35.6,Rainy,Field B
2022-08-11,03:00,Cow_316,6,5,4,0,35.6,Rainy,Field B
2022-08-11,03:00,Cow_317,3,8,4,0,35.6,Rainy,Field A
2022-08-11,03:00,Cow_318,9,10,0,0,35.6,Rainy,Field A
2022-08-11,03:00,Cow_319,8,3,4,0,35.6,Rainy,Field A
2022-08-11,03:00,Cow_320,8,4,3,0,35.6,Rainy,Field A
2022-08-11,03:00,Cow_321,6,6,3,0,35.6,Rainy,Field C
2022-08-11,03:00,Cow_322,6,7,2,0,35.6,Rainy,Field C
2022-08-11,03:00,Cow_323,3,5,7,0,35.6,Rainy,Field A
2022-08-11,03:00,Cow_324,14,0,5,0,35.6,Rainy,Field C
2022-08-11,03:00,Cow_325,6,3,6,0,35.6,Rainy,Field C
2022-08-11,03:00,Cow_326,0,8,8,0,35.6,Rainy,Field A
2022-08-11,03:00,Cow_327,8,8,0,0,35.6,Rainy,Field A
2022-08-11,03:00,Cow_328,3,6,6,0,35.6,Rainy,Field B
2022-08-11,03:00,Cow_329,8,3,4,0,35.6,Rainy,Field A
2022-08-11,03:00,Cow_330,2,6,7,0,35.6,Rainy,Field C
2022-08-11,03:00,Cow_331,8,10,0,0,35.6,Rainy,Field B
2022-08-11,03:00,Cow_332,13,6,0,0,35.6,Rainy,Field B
2022-08-11,03:00,Cow_333,12,4,0,0,35.6,Rainy,Field C
2022-08-11,03:00,Cow_334,0,0,0,15,35.6,Rainy,Field A
2022-08-11,03:00,Cow_335,7,3,5,0,35.6,Rainy,Field C
2022-08-11,03:00,Cow_336,12,0,5,0,35.6,Rainy,Field B
2022-08-11,03:00,Cow_337,11,0,6,0,35.6,Rainy,Field C
2022-08-11,03:00,Cow_338,8,0,8,0,35.6,Rainy,Field B
2022-08-11,03:00,Cow_339,6,1,8,0,35.6,Rainy,Field C
2022-08-11,03:00,Cow_340,8,8,0,0,35.6,Rainy,Field C
2022-08-11,03:00,Cow_341,0,0,0,15,35.6,Rainy,Field B
2022-08-11,03:00,Cow_342,3,5,7,0,35.6,Rainy,Field A
2022-08-11,03:00,Cow_343,6,3,6,0,35.6,Rainy,Field C
2022-08-11,03:00,Cow_344,13,9,0,0,35.6,Rainy,Field B
2022-08-11,03:00,Cow_345,11,6,0,0,35.6,Rainy,Field B
2022-08-11,03:00,Cow_346,8,0,8,0,35.6,Rainy,Field B
2022-08-11,03:00,Cow_347,13,8,0,0,35.6,Rainy,Field A
2022-08-11,03:00,Cow_348,14,6,0,0,35.6,Rainy,Field C
2022-08-11,03:00,Cow_349,5,6,4,0,35.6,Rainy,Field C
2022-08-11,03:00,Cow_350,7,5,3,0,35.6,Rainy,Field A
2022-08-11,03:00,Cow_351,5,3,7,0,35.6,Rainy,Field B
2022-08-11,03:00,Cow_352,3,8,4,0,35.6,Rainy,Field B
2022-08-11,03:00,Cow_353,12,0,3,0,35.6,Rainy,Field C
2022-08-11,03:00,Cow_354,7,0,8,0,35.6,Rainy,Field B
2022-08-11,03:00,Cow_355,7,5,3,0,35.6,Rainy,Field C
2022-08-11,03:00,Cow_356,5,7,3,0,35.6,Rainy,Field B
2022-08-11,03:00,Cow_357,5,9,1,0,35.6,Rainy,Field A
2022-08-11,03:00,Cow_358,12,0,7,0,35.6,Rainy,Field B
2022-08-11,03:00,Cow_359,14,0,7,0,35.6,Rainy,Field A
2022-08-11,03:00,Cow_360,2,5,8,0,35.6,Rainy,Field A
2022-08-11,03:00,Cow_361,11,0,7,0,35.6,Rainy,Field A
2022-08-11,03:00,Cow_362,3,4,8,0,35.6,Rainy,Field A
2022-08-11,03:00,Cow_363,7,5,3,0,35.6,Rainy,Field B
2022-08-11,03:00,Cow_364,6,5,4,0,35.6,Rainy,Field B
2022-08-11,03:00,Cow_365,2,10,3,0,35.6,Rainy,Field B
2022-08-11,03:00,Cow_366,12,12,0,0,35.6,Rainy,Field A
2022-08-11,03:00,Cow_367,0,0,0,15,35.6,Rainy,Field B
2022-08-11,03:00,Cow_368,6,4,5,0,35.6,Rainy,Field C
2022-08-11,03:00,Cow_369,10,2,3,0,35.6,Rainy,Field B
2022-08-11,03:00,Cow_370,12,7,0,0,35.6,Rainy,Field B
2022-08-11,03:00,Cow_371,12,0,4,0,35.6,Rainy,Field C
2022-08-11,03:00,Cow_372,9,7,0,0,35.6,Rainy,Field C
2022-08-11,03:00,Cow_373,3,5,7,0,35.6,Rainy,Field C
2022-08-11,03:00,Cow_374,11,0,4,0,35.6,Rainy,Field C
2022-08-11,03:00,Cow_375,11,1,3,0,35.6,Rainy,Field B
2022-08-11,03:00,Cow_376,5,3,7,0,35.6,Rainy,Field C
2022-08-11,03:00,Cow_377,0,0,0,15,35.6,Rainy,Field B
2022-08-11,03:00,Cow_378,10,2,3,0,35.6,Rainy,Field B
2022-08-11,03:00,Cow_379,12,0,6,0,35.6,Rainy,Field A
2022-08-11,03:00,Cow_380,3,4,8,0,35.6,Rainy,Field C
2022-08-11,03:00,Cow_381,10,1,4,0,35.6,Rainy,Field A
2022-08-11,03:00,Cow_382,7,1,7,0,35.6,Rainy,Field B
2022-08-11,03:00,Cow_383,14,0,5,0,35.6,Rainy,Field C
2022-08-11,03:00,Cow_384,13,0,5,0,35.6,Rainy,Field B
2022-08-11,03:00,Cow_385,10,2,3,0,35.6,Rainy,Field A
2022-08-11,03:00,Cow_386,10,0,7,0,35.6,Rainy,Field C
2022-08-11,03:00,Cow_387,12,9,0,0,35.6,Rainy,Field B
2022-08-11,03:00,Cow_388,13,4,0,0,35.6,Rainy,Field B
2022-08-11,03:00,Cow_389,0,8,7,0,35.6,Rainy,Field A
2022-08-11,03:00,Cow_390,1,10,4,0,35.6,Rainy,Field A
2022-08-11,03:00,Cow_391,0,0,0,15,35.6,Rainy,Field C
2022-08-11,03:00,Cow_392,0,0,0,15,35.6,Rainy,Field A
2022-08-11,03:00,Cow_393,14,10,0,0,35.6,Rainy,Field B
2022-08-11,03:00,Cow_394,6,3,6,0,35.6,Rainy,Field A
2022-08-11,03:00,Cow_395,9,3,3,0,35.6,Rainy,Field A
2022-08-11,03:00,Cow_396,0,10,8,0,35.6,Rainy,Field A
2022-08-11,03:00,Cow_397,12,8,0,0,35.6,Rainy,Field C
2022-08-11,03:00,Cow_398,2,5,8,0,35.6,Rainy,Field B
2022-08-11,03:00,Cow_399,8,6,1,0,35.6,Rainy,Field C
2022-08-11,03:00,Cow_400,8,3,4,0,35.6,Rainy,Field A
2022-08-11,03:00,Cow_401,12,0,3,0,35.6,Rainy,Field A
2022-08-11,03:00,Cow_402,7,4,4,0,35.6,Rainy,Field B
2022-08-11,03:00,Cow_403,14,5,0,0,35.6,Rainy,Field A
2022-08-11,03:00,Cow_404,13,0,5,0,35.6,Rainy,Field A
2022-08-11,03:00,Cow_405,14,0,8,0,35.6,Rainy,Field A
2022-08-11,03:00,Cow_406,0,10,6,0,35.6,Rainy,Field B
2022-08-11,03:00,Cow_407,6,6,3,0,35.6,Rainy,Field A
2022-08-11,03:00,Cow_408,9,6,0,0,35.6,Rainy,Field A
2022-08-11,03:00,Cow_409,5,6,4,0,35.6,Rainy,Field A
2022-08-11,03:00,Cow_410,11,7,0,0,35.6,Rainy,Field C
2022-08-11,03:00,Cow_411,0,0,0,15,35.6,Rainy,Field A
2022-08-11,03:00,Cow_412,14,4,0,0,35.6,Rainy,Field C
2022-08-11,03:00,Cow_413,14,3,0,0,35.6,Rainy,Field B
2022-08-11,03:00,Cow_414,6,5,4,0,35.6,Rainy,Field C
2022-08-11,03:00,Cow_415,13,3,0,0,35.6,Rainy,Field C
2022-08-11,03:00,Cow_416,3,4,8,0,35.6,Rainy,Field B
2022-08-11,03:00,Cow_417,8,3,4,0,35.6,Rainy,Field C
2022-08-11,03:00,Cow_418,4,3,8,0,35.6,Rainy,Field B
2022-08-11,03:00,Cow_419,4,3,8,0,35.6,Rainy,Field B
2022-08-11,03:00,Cow_420,0,10,5,0,35.6,Rainy,Field B
2022-08-11,03:00,Cow_421,12,0,4,0,35.6,Rainy,Field B
2022-08-11,03:00,Cow_422,1,6,8,0,35.6,Rainy,Field B
2022-08-11,03:00,Cow_423,8,9,0,0,35.6,Rainy,Field A
2022-08-11,03:00,Cow_424,0,0,0,15,35.6,Rainy,Field A
2022-08-11,03:00,Cow_425,11,0,7,0,35.6,Rainy,Field A
2022-08-11,03:00,Cow_426,13,7,0,0,35.6,Rainy,Field B
2022-08-11,03:00,Cow_427,13,0,8,0,35.6,Rainy,Field C
2022-08-11,03:00,Cow_428,0,8,7,0,35.6,Rainy,Field A
2022-08-11,03:00,Cow_429,5,4,6,0,35.6,Rainy,Field B
2022-08-11,03:00,Cow_430,10,7,0,0,35.6,Rainy,Field B
2022-08-11,03:00,Cow_431,8,0,7,0,35.6,Rainy,Field C
2022-08-11,03:00,Cow_432,13,0,4,0,35.6,Rainy,Field B
2022-08-11,03:00,Cow_433,1,6,8,0,35.6,Rainy,Field C
2022-08-11,03:00,Cow_434,11,10,0,0,35.6,Rainy,Field C
2022-08-11,03:00,Cow_435,9,3,3,0,35.6,Rainy,Field A
2022-08-11,03:00,Cow_436,13,8,0,0,35.6,Rainy,Field B
2022-08-11,03:00,Cow_437,12,0,5,0,35.6,Rainy,Field B
2022-08-11,03:00,Cow_438,10,0,8,0,35.6,Rainy,Field A
2022-08-11,03:00,Cow_439,6,3,6,0,35.6,Rainy,Field B
2022-08-11,03:00,Cow_440,6,3,6,0,35.6,Rainy,Field A
2022-08-11,03:00,Cow_441,11,5,0,0,35.6,Rainy,Field A
2022-08-11,03:00,Cow_442,12,8,0,0,35.6,Rainy,Field B
2022-08-11,03:00,Cow_443,14,6,0,0,35.6,Rainy,Field C
2022-08-11,03:00,Cow_444,2,6,7,0,35.6,Rainy,Field A
2022-08-11,03:00,Cow_445,12,0,6,0,35.6,Rainy,Field C
2022-08-11,03:00,Cow_446,13,3,0,0,35.6,Rainy,Field A
2022-08-11,03:00,Cow_447,9,0,8,0,35.6,Rainy,Field A
2022-08-11,03:00,Cow_448,8,5,2,0,35.6,Rainy,Field B
2022-08-11,03:00,Cow_449,8,2,5,0,35.6,Rainy,Field B
2022-08-11,03:00,Cow_450,13,0,6,0,35.6,Rainy,Field C
2022-08-11,03:00,Cow_451,0,8,7,0,35.6,Rainy,Field B
2022-08-11,03:00,Cow_452,0,7,8,0,35.6,Rainy,Field B
2022-08-11,03:00,Cow_453,13,7,0,0,35.6,Rainy,Field B
2022-08-11,03:00,Cow_454,13,0,4,0,35.6,Rainy,Field B
2022-08-11,03:00,Cow_455,5,4,6,0,35.6,Rainy,Field A
2022-08-11,03:00,Cow_456,12,7,0,0,35.6,Rainy,Field C
2022-08-11,03:00,Cow_457,2,6,7,0,35.6,Rainy,Field C
2022-08-11,03:00,Cow_458,9,3,3,0,35.6,Rainy,Field B
2022-08-11,03:00,Cow_459,6,6,3,0,35.6,Rainy,Field C
2022-08-11,03:00,Cow_460,9,0,8,0,35.6,Rainy,Field A
2022-08-11,03:00,Cow_461,12,5,0,0,35.6,Rainy,Field C
2022-08-11,03:00,Cow_462,11,9,0,0,35.6,Rainy,Field B
2022-08-11,03:00,Cow_463,8,3,4,0,35.6,Rainy,Field B
2022-08-11,03:00,Cow_464,5,7,3,0,35.6,Rainy,Field A
2022-08-11,03:00,Cow_465,2,9,4,0,35.6,Rainy,Field C
2022-08-11,03:00,Cow_466,10,10,0,0,35.6,Rainy,Field B
2022-08-11,03:00,Cow_467,6,1,8,0,35.6,Rainy,Field B
2022-08-11,03:00,Cow_468,8,7,0,0,35.6,Rainy,Field B
2022-08-11,03:00,Cow_469,6,7,2,0,35.6,Rainy,Field C
2022-08-11,03:00,Cow_470,14,7,0,0,35.6,Rainy,Field B
2022-08-11,03:00,Cow_471,14,0,3,0,35.6,Rainy,Field C
2022-08-11,03:00,Cow_472,9,5,1,0,35.6,Rainy,Field B
2022-08-11,03:00,Cow_473,3,8,4,0,35.6,Rainy,Field B
2022-08-11,03:00,Cow_474,5,3,7,0,35.6,Rainy,Field A
2022-08-11,03:00,Cow_475,14,3,0,0,35.6,Rainy,Field C
2022-08-11,03:00,Cow_476,10,6,0,0,35.6,Rainy,Field B
2022-08-11,03:00,Cow_477,7,2,6,0,35.6,Rainy,Field A
2022-08-11,03:00,Cow_478,13,0,6,0,35.6,Rainy,Field B
2022-08-11,03:00,Cow_479,0,11,8,0,35.6,Rainy,Field B
2022-08-11,03:00,Cow_480,4,5,6,0,35.6,Rainy,Field A
2022-08-11,03:00,Cow_481,13,9,0,0,35.6,Rainy,Field C
2022-08-11,03:00,Cow_482,13,0,7,0,35.6,Rainy,Field C
2022-08-11,03:00,Cow_483,2,9,4,0,35.6,Rainy,Field C
2022-08-11,03:00,Cow_484,13,7,0,0,35.6,Rainy,Field B
2022-08-11,03:00,Cow_485,11,3,1,0,35.6,Rainy,Field B
2022-08-11,03:00,Cow_486,1,6,8,0,35.6,Rainy,Field C
2022-08-11,03:00,Cow_487,11,8,0,0,35.6,Rainy,Field B
2022-08-11,03:00,Cow_488,0,0,0,15,35.6,Rainy,Field B
2022-08-11,03:00,Cow_489,3,8,4,0,35.6,Rainy,Field C
2022-08-11,03:00,Cow_490,5,6,4,0,35.6,Rainy,Field B
2022-08-11,03:00,Cow_491,0,10,6,0,35.6,Rainy,Field A
2022-08-11,03:00,Cow_492,6,2,7,0,35.6,Rainy,Field A
2022-08-11,03:00,Cow_493,0,0,0,15,35.6,Rainy,Field C
2022-08-11,03:00,Cow_494,7,7,1,0,35.6,Rainy,Field A
2022-08-11,03:00,Cow_495,9,9,0,0,35.6,Rainy,Field A
2022-08-11,03:00,Cow_496,8,4,3,0,35.6,Rainy,Field C
2022-08-11,03:00,Cow_497,4,5,6,0,35.6,Rainy,Field A
2022-08-11,03:00,Cow_498,9,5,1,0,35.6,Rainy,Field A
2022-08-11,03:00,Cow_499,5,6,4,0,35.6,Rainy,Field C
2022-08-11,03:00,Cow_500,12,10,0,0,35.6,Rainy,Field B
2022-08-11,03:15,Cow_1,9,3,3,0,29.8,Clear,Field B
2022-08-11,03:15,Cow_2,10,2,3,0,29.8,Clear,Field A
2022-08-11,03:15,Cow_3,0,0,0,15,29.8,Clear,Field C
2022-08-11,03:15,Cow_4,8,4,3,0,29.8,Clear,Field C
2022-08-11,03:15,Cow_5,12,0,4,0,29.8,Clear,Field B
2022-08-11,03:15,Cow_6,5,5,5,0,29.8,Clear,Field A
2022-08-11,03:15,Cow_7,7,3,5,0,29.8,Clear,Field B
2022-08-11,03:15,Cow_8,8,5,2,0,29.8,Clear,Field C
2022-08-11,03:15,Cow_9,10,0,8,0,29.8,Clear,Field B
2022-08-11,03:15,Cow_10,14,10,0,0,29.8,Clear,Field C
2022-08-11,03:15,Cow_11,3,9,3,0,29.8,Clear,Field A
2022-08-11,03:15,Cow_12,6,5,4,0,29.8,Clear,Field C
2022-08-11,03:15,Cow_13,7,5,3,0,29.8,Clear,Field A
2022-08-11,03:15,Cow_14,3,5,7,0,29.8,Clear,Field C
2022-08-11,03:15,Cow_15,0,0,0,15,29.8,Clear,Field C
2022-08-11,03:15,Cow_16,5,4,6,0,29.8,Clear,Field C
2022-08-11,03:15,Cow_17,3,8,4,0,29.8,Clear,Field C
2022-08-11,03:15,Cow_18,2,5,8,0,29.8,Clear,Field B
2022-08-11,03:15,Cow_19,10,3,2,0,29.8,Clear,Field B
2022-08-11,03:15,Cow_20,13,0,8,0,29.8,Clear,Field B
2022-08-11,03:15,Cow_21,5,5,5,0,29.8,Clear,Field C
2022-08-11,03:15,Cow_22,10,3,2,0,29.8,Clear,Field C
2022-08-11,03:15,Cow_23,14,0,8,0,29.8,Clear,Field B
2022-08-11,03:15,Cow_24,1,10,4,0,29.8,Clear,Field B
2022-08-11,03:15,Cow_25,10,0,8,0,29.8,Clear,Field A
2022-08-11,03:15,Cow_26,0,10,7,0,29.8,Clear,Field B
2022-08-11,03:15,Cow_27,5,3,7,0,29.8,Clear,Field B
2022-08-11,03:15,Cow_28,5,7,3,0,29.8,Clear,Field C
2022-08-11,03:15,Cow_29,13,4,0,0,29.8,Clear,Field B
2022-08-11,03:15,Cow_30,5,6,4,0,29.8,Clear,Field A
2022-08-11,03:15,Cow_31,11,2,2,0,29.8,Clear,Field C
2022-08-11,03:15,Cow_32,3,5,7,0,29.8,Clear,Field C
2022-08-11,03:15,Cow_33,8,9,0,0,29.8,Clear,Field B
2022-08-11,03:15,Cow_34,12,10,0,0,29.8,Clear,Field B
2022-08-11,03:15,Cow_35,9,0,7,0,29.8,Clear,Field A
2022-08-11,03:15,Cow_36,0,8,8,0,29.8,Clear,Field C
2022-08-11,03:15,Cow_37,5,3,7,0,29.8,Clear,Field C
2022-08-11,03:15,Cow_38,7,5,3,0,29.8,Clear,Field C
2022-08-11,03:15,Cow_39,9,10,0,0,29.8,Clear,Field A
2022-08-11,03:15,Cow_40,7,4,4,0,29.8,Clear,Field A
2022-08-11,03:15,Cow_41,9,3,3,0,29.8,Clear,Field B
2022-08-11,03:15,Cow_42,6,6,3,0,29.8,Clear,Field C
2022-08-11,03:15,Cow_43,6,2,7,0,29.8,Clear,Field A
2022-08-11,03:15,Cow_44,4,4,7,0,29.8,Clear,Field C
2022-08-11,03:15,Cow_45,3,5,7,0,29.8,Clear,Field C
2022-08-11,03:15,Cow_46,13,9,0,0,29.8,Clear,Field B
2022-08-11,03:15,Cow_47,12,0,3,0,29.8,Clear,Field C
2022-08-11,03:15,Cow_48,4,8,3,0,29.8,Clear,Field A
2022-08-11,03:15,Cow_49,0,0,0,15,29.8,Clear,Field A
2022-08-11,03:15,Cow_50,5,10,0,0,29.8,Clear,Field C
2022-08-11,03:15,Cow_51,14,7,0,0,29.8,Clear,Field A
2022-08-11,03:15,Cow_52,5,6,4,0,29.8,Clear,Field B
2022-08-11,03:15,Cow_53,13,10,0,0,29.8,Clear,Field C
2022-08-11,03:15,Cow_54,8,1,6,0,29.8,Clear,Field C
2022-08-11,03:15,Cow_55,2,10,3,0,29.8,Clear,Field A
2022-08-11,03:15,Cow_56,0,8,8,0,29.8,Clear,Field A
2022-08-11,03:15,Cow_57,10,5,0,0,29.8,Clear,Field B
2022-08-11,03:15,Cow_58,8,4,3,0,29.8,Clear,Field B
2022-08-11,03:15,Cow_59,13,8,0,0,29.8,Clear,Field C
2022-08-11,03:15,Cow_60,8,4,3,0,29.8,Clear,Field C
2022-08-11,03:15,Cow_61,14,10,0,0,29.8,Clear,Field A
2022-08-11,03:15,Cow_62,10,9,0,0,29.8,Clear,Field C
2022-08-11,03:15,Cow_63,8,11,0,0,29.8,Clear,Field A
2022-08-11,03:15,Cow_64,11,7,0,0,29.8,Clear,Field C
2022-08-11,03:15,Cow_65,3,5,7,0,29.8,Clear,Field B
2022-08-11,03:15,Cow_66,12,3,0,0,29.8,Clear,Field C
2022-08-11,03:15,Cow_67,11,8,0,0,29.8,Clear,Field C
2022-08-11,03:15,Cow_68,5,3,7,0,29.8,Clear,Field A
2022-08-11,03:15,Cow_69,3,7,5,0,29.8,Clear,Field B
2022-08-11,03:15,Cow_70,0,10,5,0,29.8,Clear,Field A
2022-08-11,03:15,Cow_71,3,7,5,0,29.8,Clear,Field C
2022-08-11,03:15,Cow_72,5,6,4,0,29.8,Clear,Field B
2022-08-11,03:15,Cow_73,1,6,8,0,29.8,Clear,Field A
2022-08-11,03:15,Cow_74,3,6,6,0,29.8,Clear,Field A
2022-08-11,03:15,Cow_75,14,3,0,0,29.8,Clear,Field A
2022-08-11,03:15,Cow_76,11,9,0,0,29.8,Clear,Field B
2022-08-11,03:15,Cow_77,8,3,4,0,29.8,Clear,Field C
2022-08-11,03:15,Cow_78,2,6,7,0,29.8,Clear,Field A
2022-08-11,03:15,Cow_79,8,3,4,0,29.8,Clear,Field A
2022-08-11,03:15,Cow_80,8,3,4,0,29.8,Clear,Field B
2022-08-11,03:15,Cow_81,7,10,0,0,29.8,Clear,Field A
2022-08-11,03:15,Cow_82,0,10,8,0,29.8,Clear,Field A
2022-08-11,03:15,Cow_83,10,1,4,0,29.8,Clear,Field B
2022-08-11,03:15,Cow_84,5,4,6,0,29.8,Clear,Field B
2022-08-11,03:15,Cow_85,14,0,7,0,29.8,Clear,Field C
2022-08-11,03:15,Cow_86,5,8,2,0,29.8,Clear,Field C
2022-08-11,03:15,Cow_87,14,10,0,0,29.8,Clear,Field B
2022-08-11,03:15,Cow_88,5,4,6,0,29.8,Clear,Field C
2022-08-11,03:15,Cow_89,6,6,3,0,29.8,Clear,Field B
2022-08-11,03:15,Cow_90,6,4,5,0,29.8,Clear,Field B
2022-08-11,03:15,Cow_91,0,0,0,15,29.8,Clear,Field C
2022-08-11,03:15,Cow_92,14,0,3,0,29.8,Clear,Field C
2022-08-11,03:15,Cow_93,6,4,5,0,29.8,Clear,Field C
2022-08-11,03:15,Cow_94,6,5,4,0,29.8,Clear,Field C
2022-08-11,03:15,Cow_95,13,10,0,0,29.8,Clear,Field C
2022-08-11,03:15,Cow_96,6,3,6,0,29.8,Clear,Field A
2022-08-11,03:15,Cow_97,8,1,6,0,29.8,Clear,Field A
2022-08-11,03:15,Cow_98,6,2,7,0,29.8,Clear,Field A
2022-08-11,03:15,Cow_99,6,2,7,0,29.8,Clear,Field C
2022-08-11,03:15,Cow_100,11,0,8,0,29.8,Clear,Field A
2022-08-11,03:15,Cow_101,9,4,2,0,29.8,Clear,Field A
2022-08-11,03:15,Cow_102,10,9,0,0,29.8,Clear,Field A
2022-08-11,03:15,Cow_103,10,5,0,0,29.8,Clear,Field B
2022-08-11,03:15,Cow_104,0,8,8,0,29.8,Clear,Field B
2022-08-11,03:15,Cow_105,0,9,6,0,29.8,Clear,Field B
2022-08-11,03:15,Cow_106,9,4,2,0,29.8,Clear,Field B
2022-08-11,03:15,Cow_107,12,7,0,0,29.8,Clear,Field B
2022-08-11,03:15,Cow_108,14,3,0,0,29.8,Clear,Field B
2022-08-11,03:15,Cow_109,3,5,7,0,29.8,Clear,Field A
2022-08-11,03:15,Cow_110,7,3,5,0,29.8,Clear,Field C
2022-08-11,03:15,Cow_111,10,10,0,0,29.8,Clear,Field C
2022-08-11,03:15,Cow_112,12,0,8,0,29.8,Clear,Field B
2022-08-11,03:15,Cow_113,0,0,0,15,29.8,Clear,Field C
2022-08-11,03:15,Cow_114,11,0,7,0,29.8,Clear,Field B
2022-08-11,03:15,Cow_115,11,7,0,0,29.8,Clear,Field A
2022-08-11,03:15,Cow_116,0,0,0,15,29.8,Clear,Field A
2022-08-11,03:15,Cow_117,1,10,4,0,29.8,Clear,Field B
2022-08-11,03:15,Cow_118,10,9,0,0,29.8,Clear,Field C
2022-08-11,03:15,Cow_119,12,0,4,0,29.8,Clear,Field A
2022-08-11,03:15,Cow_120,7,5,3,0,29.8,Clear,Field A
2022-08-11,03:15,Cow_121,8,8,0,0,29.8,Clear,Field C
2022-08-11,03:15,Cow_122,6,3,6,0,29.8,Clear,Field B
2022-08-11,03:15,Cow_123,3,5,7,0,29.8,Clear,Field B
2022-08-11,03:15,Cow_124,1,6,8,0,29.8,Clear,Field A
2022-08-11,03:15,Cow_125,13,10,0,0,29.8,Clear,Field C
2022-08-11,03:15,Cow_126,6,2,7,0,29.8,Clear,Field A
2022-08-11,03:15,Cow_127,12,0,3,0,29.8,Clear,Field A
2022-08-11,03:15,Cow_128,11,0,7,0,29.8,Clear,Field B
2022-08-11,03:15,Cow_129,6,4,5,0,29.8,Clear,Field C
2022-08-11,03:15,Cow_130,9,6,0,0,29.8,Clear,Field A
2022-08-11,03:15,Cow_131,8,4,3,0,29.8,Clear,Field C
2022-08-11,03:15,Cow_132,5,3,7,0,29.8,Clear,Field B
2022-08-11,03:15,Cow_133,2,9,4,0,29.8,Clear,Field B
2022-08-11,03:15,Cow_134,0,0,0,15,29.8,Clear,Field B
2022-08-11,03:15,Cow_135,8,8,0,0,29.8,Clear,Field A
2022-08-11,03:15,Cow_136,5,5,5,0,29.8,Clear,Field B
2022-08-11,03:15,Cow_137,1,7,7,0,29.8,Clear,Field C
2022-08-11,03:15,Cow_138,12,10,0,0,29.8,Clear,Field A
2022-08-11,03:15,Cow_139,7,4,4,0,29.8,Clear,Field A
2022-08-11,03:15,Cow_140,12,6,0,0,29.8,Clear,Field A
2022-08-11,03:15,Cow_141,11,7,0,0,29.8,Clear,Field A
2022-08-11,03:15,Cow_142,11,5,0,0,29.8,Clear,Field A
2022-08-11,03:15,Cow_143,5,4,6,0,29.8,Clear,Field C
2022-08-11,03:15,Cow_144,13,0,7,0,29.8,Clear,Field C
2022-08-11,03:15,Cow_145,9,3,3,0,29.8,Clear,Field A
2022-08-11,03:15,Cow_146,0,0,0,15,29.8,Clear,Field B
2022-08-11,03:15,Cow_147,10,0,8,0,29.8,Clear,Field A
2022-08-11,03:15,Cow_148,2,8,5,0,29.8,Clear,Field B
2022-08-11,03:15,Cow_149,5,9,1,0,29.8,Clear,Field A
2022-08-11,03:15,Cow_150,3,8,4,0,29.8,Clear,Field C
2022-08-11,03:15,Cow_151,0,0,0,15,29.8,Clear,Field B
2022-08-11,03:15,Cow_152,14,0,5,0,29.8,Clear,Field C
2022-08-11,03:15,Cow_153,0,9,8,0,29.8,Clear,Field B
2022-08-11,03:15,Cow_154,5,9,1,0,29.8,Clear,Field C
2022-08-11,03:15,Cow_155,13,3,0,0,29.8,Clear,Field C
2022-08-11,03:15,Cow_156,5,4,6,0,29.8,Clear,Field B
2022-08-11,03:15,Cow_157,9,3,3,0,29.8,Clear,Field B
2022-08-11,03:15,Cow_158,5,10,0,0,29.8,Clear,Field C
2022-08-11,03:15,Cow_159,14,0,3,0,29.8,Clear,Field C
2022-08-11,03:15,Cow_160,10,6,0,0,29.8,Clear,Field A
2022-08-11,03:15,Cow_161,6,7,2,0,29.8,Clear,Field A
2022-08-11,03:15,Cow_162,14,8,0,0,29.8,Clear,Field C
2022-08-11,03:15,Cow_163,5,2,8,0,29.8,Clear,Field C
2022-08-11,03:15,Cow_164,8,4,3,0,29.8,Clear,Field A
2022-08-11,03:15,Cow_165,12,7,0,0,29.8,Clear,Field A
2022-08-11,03:15,Cow_166,11,3,1,0,29.8,Clear,Field B
2022-08-11,03:15,Cow_167,7,4,4,0,29.8,Clear,Field C
2022-08-11,03:15,Cow_168,8,6,1,0,29.8,Clear,Field A
2022-08-11,03:15,Cow_169,2,5,8,0,29.8,Clear,Field B
2022-08-11,03:15,Cow_170,5,4,6,0,29.8,Clear,Field C
2022-08-11,03:15,Cow_171,0,9,8,0,29.8,Clear,Field B
2022-08-11,03:15,Cow_172,13,10,0,0,29.8,Clear,Field A
2022-08-11,03:15,Cow_173,3,7,5,0,29.8,Clear,Field A
2022-08-11,03:15,Cow_174,10,10,0,0,29.8,Clear,Field A
2022-08-11,03:15,Cow_175,7,4,4,0,29.8,Clear,Field C
2022-08-11,03:15,Cow_176,0,8,8,0,29.8,Clear,Field B
2022-08-11,03:15,Cow_177,12,7,0,0,29.8,Clear,Field B
2022-08-11,03:15,Cow_178,8,4,3,0,29.8,Clear,Field C
2022-08-11,03:15,Cow_179,14,7,0,0,29.8,Clear,Field A
2022-08-11,03:15,Cow_180,2,5,8,0,29.8,Clear,Field C
2022-08-11,03:15,Cow_181,6,7,2,0,29.8,Clear,Field A
2022-08-11,03:15,Cow_182,14,0,5,0,29.8,Clear,Field A
2022-08-11,03:15,Cow_183,12,9,0,0,29.8,Clear,Field B
2022-08-11,03:15,Cow_184,0,10,8,0,29.8,Clear,Field C
2022-08-11,03:15,Cow_185,8,6,1,0,29.8,Clear,Field C
2022-08-11,03:15,Cow_186,0,0,0,15,29.8,Clear,Field B
2022-08-11,03:15,Cow_187,2,10,3,0,29.8,Clear,Field B
2022-08-11,03:15,Cow_188,5,6,4,0,29.8,Clear,Field C
2022-08-11,03:15,Cow_189,4,8,3,0,29.8,Clear,Field A
2022-08-11,03:15,Cow_190,5,4,6,0,29.8,Clear,Field C
2022-08-11,03:15,Cow_191,5,3,7,0,29.8,Clear,Field A
2022-08-11,03:15,Cow_192,6,8,1,0,29.8,Clear,Field C
2022-08-11,03:15,Cow_193,13,0,6,0,29.8,Clear,Field A
2022-08-11,03:15,Cow_194,9,0,8,0,29.8,Clear,Field B
2022-08-11,03:15,Cow_195,6,10,0,0,29.8,Clear,Field B
2022-08-11,03:15,Cow_196,8,7,0,0,29.8,Clear,Field C
2022-08-11,03:15,Cow_197,13,7,0,0,29.8,Clear,Field A
2022-08-11,03:15,Cow_198,7,4,4,0,29.8,Clear,Field B
2022-08-11,03:15,Cow_199,0,10,6,0,29.8,Clear,Field B
2022-08-11,03:15,Cow_200,11,6,0,0,29.8,Clear,Field C
2022-08-11,03:15,Cow_201,9,4,2,0,29.8,Clear,Field C
2022-08-11,03:15,Cow_202,11,10,0,0,29.8,Clear,Field A
2022-08-11,03:15,Cow_203,13,0,8,0,29.8,Clear,Field A
2022-08-11,03:15,Cow_204,7,8,0,0,29.8,Clear,Field B
2022-08-11,03:15,Cow_205,11,0,5,0,29.8,Clear,Field A
2022-08-11,03:15,Cow_206,13,0,5,0,29.8,Clear,Field C
2022-08-11,03:15,Cow_207,12,0,8,0,29.8,Clear,Field C
2022-08-11,03:15,Cow_208,12,0,3,0,29.8,Clear,Field A
2022-08-11,03:15,Cow_209,5,6,4,0,29.8,Clear,Field A
2022-08-11,03:15,Cow_210,10,3,2,0,29.8,Clear,Field A
2022-08-11,03:15,Cow_211,0,9,6,0,29.8,Clear,Field B
2022-08-11,03:15,Cow_212,7,1,7,0,29.8,Clear,Field C
2022-08-11,03:15,Cow_213,9,6,0,0,29.8,Clear,Field B
2022-08-11,03:15,Cow_214,13,0,7,0,29.8,Clear,Field A
2022-08-11,03:15,Cow_215,0,9,6,0,29.8,Clear,Field B
2022-08-11,03:15,Cow_216,14,6,0,0,29.8,Clear,Field A
2022-08-11,03:15,Cow_217,12,0,8,0,29.8,Clear,Field A
2022-08-11,03:15,Cow_218,8,2,5,0,29.8,Clear,Field B
2022-08-11,03:15,Cow_219,5,8,2,0,29.8,Clear,Field B
2022-08-11,03:15,Cow_220,8,4,3,0,29.8,Clear,Field B
2022-08-11,03:15,Cow_221,10,1,4,0,29.8,Clear,Field A
2022-08-11,03:15,Cow_222,0,9,8,0,29.8,Clear,Field A
2022-08-11,03:15,Cow_223,0,7,8,0,29.8,Clear,Field B
2022-08-11,03:15,Cow_224,4,7,4,0,29.8,Clear,Field C
2022-08-11,03:15,Cow_225,6,4,5,0,29.8,Clear,Field A
2022-08-11,03:15,Cow_226,8,3,4,0,29.8,Clear,Field A
2022-08-11,03:15,Cow_227,11,3,1,0,29.8,Clear,Field C
2022-08-11,03:15,Cow_228,0,0,0,15,29.8,Clear,Field A
2022-08-11,03:15,Cow_229,9,6,0,0,29.8,Clear,Field C
2022-08-11,03:15,Cow_230,8,0,8,0,29.8,Clear,Field C
2022-08-11,03:15,Cow_231,13,8,0,0,29.8,Clear,Field C
2022-08-11,03:15,Cow_232,6,1,8,0,29.8,Clear,Field C
2022-08-11,03:15,Cow_233,2,5,8,0,29.8,Clear,Field A
2022-08-11,03:15,Cow_234,6,4,5,0,29.8,Clear,Field B
2022-08-11,03:15,Cow_235,5,6,4,0,29.8,Clear,Field C
2022-08-11,03:15,Cow_236,6,4,5,0,29.8,Clear,Field A
2022-08-11,03:15,Cow_237,11,7,0,0,29.8,Clear,Field B
2022-08-11,03:15,Cow_238,5,2,8,0,29.8,Clear,Field C
2022-08-11,03:15,Cow_239,2,9,4,0,29.8,Clear,Field C
2022-08-11,03:15,Cow_240,10,3,2,0,29.8,Clear,Field A
2022-08-11,03:15,Cow_241,11,0,6,0,29.8,Clear,Field B
2022-08-11,03:15,Cow_242,10,0,5,0,29.8,Clear,Field C
2022-08-11,03:15,Cow_243,6,4,5,0,29.8,Clear,Field B
2022-08-11,03:15,Cow_244,3,8,4,0,29.8,Clear,Field C
2022-08-11,03:15,Cow_245,11,0,4,0,29.8,Clear,Field A
2022-08-11,03:15,Cow_246,0,9,8,0,29.8,Clear,Field A
2022-08-11,03:15,Cow_247,0,11,10,0,29.8,Clear,Field A
2022-08-11,03:15,Cow_248,9,6,0,0,29.8,Clear,Field C
2022-08-11,03:15,Cow_249,7,5,3,0,29.8,Clear,Field A
2022-08-11,03:15,Cow_250,4,3,8,0,29.8,Clear,Field C
2022-08-11,03:15,Cow_251,8,9,0,0,29.8,Clear,Field A
2022-08-11,03:15,Cow_252,8,3,4,0,29.8,Clear,Field A
2022-08-11,03:15,Cow_253,5,7,3,0,29.8,Clear,Field A
2022-08-11,03:15,Cow_254,6,5,4,0,29.8,Clear,Field C
2022-08-11,03:15,Cow_255,1,7,7,0,29.8,Clear,Field A
2022-08-11,03:15,Cow_256,5,6,4,0,29.8,Clear,Field B
2022-08-11,03:15,Cow_257,5,3,7,0,29.8,Clear,Field A
2022-08-11,03:15,Cow_258,10,3,2,0,29.8,Clear,Field B
2022-08-11,03:15,Cow_259,10,8,0,0,29.8,Clear,Field A
2022-08-11,03:15,Cow_260,10,1,4,0,29.8,Clear,Field A
2022-08-11,03:15,Cow_261,8,4,3,0,29.8,Clear,Field A
2022-08-11,03:15,Cow_262,12,3,0,0,29.8,Clear,Field B
2022-08-11,03:15,Cow_263,3,4,8,0,29.8,Clear,Field A
2022-08-11,03:15,Cow_264,8,10,0,0,29.8,Clear,Field C
2022-08-11,03:15,Cow_265,5,4,6,0,29.8,Clear,Field B
2022-08-11,03:15,Cow_266,7,8,0,0,29.8,Clear,Field B
2022-08-11,03:15,Cow_267,8,8,0,0,29.8,Clear,Field A
2022-08-11,03:15,Cow_268,9,2,4,0,29.8,Clear,Field C
2022-08-11,03:15,Cow_269,3,8,4,0,29.8,Clear,Field A
2022-08-11,03:15,Cow_270,6,4,5,0,29.8,Clear,Field A
2022-08-11,03:15,Cow_271,3,9,3,0,29.8,Clear,Field B
2022-08-11,03:15,Cow_272,1,9,5,0,29.8,Clear,Field B
2022-08-11,03:15,Cow_273,5,3,7,0,29.8,Clear,Field C
2022-08-11,03:15,Cow_274,4,5,6,0,29.8,Clear,Field B
2022-08-11,03:15,Cow_275,10,0,7,0,29.8,Clear,Field A
2022-08-11,03:15,Cow_276,2,10,3,0,29.8,Clear,Field C
2022-08-11,03:15,Cow_277,12,0,3,0,29.8,Clear,Field C
2022-08-11,03:15,Cow_278,5,2,8,0,29.8,Clear,Field C
2022-08-11,03:15,Cow_279,4,4,7,0,29.8,Clear,Field B
2022-08-11,03:15,Cow_280,2,9,4,0,29.8,Clear,Field A
2022-08-11,03:15,Cow_281,3,8,4,0,29.8,Clear,Field A
2022-08-11,03:15,Cow_282,1,7,7,0,29.8,Clear,Field C
2022-08-11,03:15,Cow_283,11,8,0,0,29.8,Clear,Field C
2022-08-11,03:15,Cow_284,7,2,6,0,29.8,Clear,Field C
2022-08-11,03:15,Cow_285,5,9,1,0,29.8,Clear,Field A
2022-08-11,03:15,Cow_286,14,6,0,0,29.8,Clear,Field B
2022-08-11,03:15,Cow_287,0,0,0,15,29.8,Clear,Field A
2022-08-11,03:15,Cow_288,5,10,0,0,29.8,Clear,Field B
2022-08-11,03:15,Cow_289,5,6,4,0,29.8,Clear,Field A
2022-08-11,03:15,Cow_290,7,3,5,0,29.8,Clear,Field B
2022-08-11,03:15,Cow_291,13,9,0,0,29.8,Clear,Field B
2022-08-11,03:15,Cow_292,11,7,0,0,29.8,Clear,Field A
2022-08-11,03:15,Cow_293,0,0,0,15,29.8,Clear,Field C
2022-08-11,03:15,Cow_294,5,6,4,0,29.8,Clear,Field A
2022-08-11,03:15,Cow_295,13,0,7,0,29.8,Clear,Field C
2022-08-11,03:15,Cow_296,5,3,7,0,29.8,Clear,Field A
2022-08-11,03:15,Cow_297,5,3,7,0,29.8,Clear,Field C
2022-08-11,03:15,Cow_298,13,5,0,0,29.8,Clear,Field B
2022-08-11,03:15,Cow_299,13,5,0,0,29.8,Clear,Field A
2022-08-11,03:15,Cow_300,5,4,6,0,29.8,Clear,Field A
2022-08-11,03:15,Cow_301,8,1,6,0,29.8,Clear,Field B
2022-08-11,03:15,Cow_302,5,8,2,0,29.8,Clear,Field A
2022-08-11,03:15,Cow_303,2,6,7,0,29.8,Clear,Field B
2022-08-11,03:15,Cow_304,4,5,6,0,29.8,Clear,Field B
2022-08-11,03:15,Cow_305,1,9,5,0,29.8,Clear,Field B
2022-08-11,03:15,Cow_306,4,8,3,0,29.8,Clear,Field C
2022-08-11,03:15,Cow_307,0,10,6,0,29.8,Clear,Field B
2022-08-11,03:15,Cow_308,1,8,6,0,29.8,Clear,Field A
2022-08-11,03:15,Cow_309,2,9,4,0,29.8,Clear,Field A
2022-08-11,03:15,Cow_310,12,10,0,0,29.8,Clear,Field C
2022-08-11,03:15,Cow_311,10,5,0,0,29.8,Clear,Field B
2022-08-11,03:15,Cow_312,6,3,6,0,29.8,Clear,Field C
2022-08-11,03:15,Cow_313,13,0,8,0,29.8,Clear,Field C
2022-08-11,03:15,Cow_314,8,3,4,0,29.8,Clear,Field A
2022-08-11,03:15,Cow_315,7,1,7,0,29.8,Clear,Field B
2022-08-11,03:15,Cow_316,11,4,0,0,29.8,Clear,Field B
2022-08-11,03:15,Cow_317,5,4,6,0,29.8,Clear,Field B
2022-08-11,03:15,Cow_318,10,0,8,0,29.8,Clear,Field B
2022-08-11,03:15,Cow_319,1,10,4,0,29.8,Clear,Field C
2022-08-11,03:15,Cow_320,0,0,0,15,29.8,Clear,Field B
2022-08-11,03:15,Cow_321,12,0,3,0,29.8,Clear,Field B
2022-08-11,03:15,Cow_322,0,8,8,0,29.8,Clear,Field A
2022-08-11,03:15,Cow_323,2,8,5,0,29.8,Clear,Field B
2022-08-11,03:15,Cow_324,11,0,7,0,29.8,Clear,Field C
2022-08-11,03:15,Cow_325,11,0,5,0,29.8,Clear,Field C
2022-08-11,03:15,Cow_326,7,4,4,0,29.8,Clear,Field A
2022-08-11,03:15,Cow_327,7,3,5,0,29.8,Clear,Field B
2022-08-11,03:15,Cow_328,0,0,0,15,29.8,Clear,Field B
2022-08-11,03:15,Cow_329,11,9,0,0,29.8,Clear,Field A
2022-08-11,03:15,Cow_330,6,2,7,0,29.8,Clear,Field B
2022-08-11,03:15,Cow_331,0,7,8,0,29.8,Clear,Field C
2022-08-11,03:15,Cow_332,14,10,0,0,29.8,Clear,Field B
2022-08-11,03:15,Cow_333,1,7,7,0,29.8,Clear,Field B
2022-08-11,03:15,Cow_334,6,10,0,0,29.8,Clear,Field B
2022-08-11,03:15,Cow_335,13,0,6,0,29.8,Clear,Field B
2022-08-11,03:15,Cow_336,8,3,4,0,29.8,Clear,Field C
2022-08-11,03:15,Cow_337,1,10,4,0,29.8,Clear,Field B
2022-08-11,03:15,Cow_338,7,8,0,0,29.8,Clear,Field A
2022-08-11,03:15,Cow_339,13,0,6,0,29.8,Clear,Field A
2022-08-11,03:15,Cow_340,10,0,7,0,29.8,Clear,Field B
2022-08-11,03:15,Cow_341,1,8,6,0,29.8,Clear,Field A
2022-08-11,03:15,Cow_342,0,0,0,15,29.8,Clear,Field C
2022-08-11,03:15,Cow_343,11,0,7,0,29.8,Clear,Field A
2022-08-11,03:15,Cow_344,10,0,7,0,29.8,Clear,Field A
2022-08-11,03:15,Cow_345,2,8,5,0,29.8,Clear,Field A
2022-08-11,03:15,Cow_346,12,10,0,0,29.8,Clear,Field B
2022-08-11,03:15,Cow_347,10,7,0,0,29.8,Clear,Field B
2022-08-11,03:15,Cow_348,15,0,7,0,29.8,Clear,Field B
2022-08-11,03:15,Cow_349,0,0,0,15,29.8,Clear,Field B
2022-08-11,03:15,Cow_350,12,7,0,0,29.8,Clear,Field C
2022-08-11,03:15,Cow_351,0,0,0,15,29.8,Clear,Field A
2022-08-11,03:15,Cow_352,8,8,0,0,29.8,Clear,Field B
2022-08-11,03:15,Cow_353,14,7,0,0,29.8,Clear,Field B
2022-08-11,03:15,Cow_354,10,1,4,0,29.8,Clear,Field A
2022-08-11,03:15,Cow_355,11,4,0,0,29.8,Clear,Field B
2022-08-11,03:15,Cow_356,6,4,5,0,29.8,Clear,Field B
2022-08-11,03:15,Cow_357,4,8,3,0,29.8,Clear,Field C
2022-08-11,03:15,Cow_358,2,8,5,0,29.8,Clear,Field C
2022-08-11,03:15,Cow_359,14,0,7,0,29.8,Clear,Field C
2022-08-11,03:15,Cow_360,9,1,5,0,29.8,Clear,Field A
2022-08-11,03:15,Cow_361,10,1,4,0,29.8,Clear,Field B
2022-08-11,03:15,Cow_362,5,4,6,0,29.8,Clear,Field C
2022-08-11,03:15,Cow_363,8,5,2,0,29.8,Clear,Field C
2022-08-11,03:15,Cow_364,9,7,0,0,29.8,Clear,Field C
2022-08-11,03:15,Cow_365,14,0,6,0,29.8,Clear,Field B
2022-08-11,03:15,Cow_366,5,7,3,0,29.8,Clear,Field A
2022-08-11,03:15,Cow_367,12,8,0,0,29.8,Clear,Field C
2022-08-11,03:15,Cow_368,8,0,7,0,29.8,Clear,Field C
2022-08-11,03:15,Cow_369,4,3,8,0,29.8,Clear,Field A
2022-08-11,03:15,Cow_370,7,5,3,0,29.8,Clear,Field A
2022-08-11,03:15,Cow_371,5,4,6,0,29.8,Clear,Field B
2022-08-11,03:15,Cow_372,6,4,5,0,29.8,Clear,Field B
2022-08-11,03:15,Cow_373,1,8,6,0,29.8,Clear,Field B
2022-08-11,03:15,Cow_374,11,0,4,0,29.8,Clear,Field C
2022-08-11,03:15,Cow_375,10,2,3,0,29.8,Clear,Field C
2022-08-11,03:15,Cow_376,13,0,6,0,29.8,Clear,Field B
2022-08-11,03:15,Cow_377,2,7,6,0,29.8,Clear,Field C
2022-08-11,03:15,Cow_378,12,4,0,0,29.8,Clear,Field A
2022-08-11,03:15,Cow_379,11,0,6,0,29.8,Clear,Field C
2022-08-11,03:15,Cow_380,10,7,0,0,29.8,Clear,Field C
2022-08-11,03:15,Cow_381,14,0,2,0,29.8,Clear,Field A
2022-08-11,03:15,Cow_382,10,6,0,0,29.8,Clear,Field B
2022-08-11,03:15,Cow_383,5,5,5,0,29.8,Clear,Field B
2022-08-11,03:15,Cow_384,5,6,4,0,29.8,Clear,Field B
2022-08-11,03:15,Cow_385,12,0,7,0,29.8,Clear,Field C
2022-08-11,03:15,Cow_386,0,0,0,15,29.8,Clear,Field B
2022-08-11,03:15,Cow_387,7,6,2,0,29.8,Clear,Field A
2022-08-11,03:15,Cow_388,3,4,8,0,29.8,Clear,Field C
2022-08-11,03:15,Cow_389,7,3,5,0,29.8,Clear,Field C
2022-08-11,03:15,Cow_390,7,10,0,0,29.8,Clear,Field A
2022-08-11,03:15,Cow_391,8,0,10,0,29.8,Clear,Field C
2022-08-11,03:15,Cow_392,5,3,7,0,29.8,Clear,Field A
2022-08-11,03:15,Cow_393,4,5,6,0,29.8,Clear,Field C
2022-08-11,03:15,Cow_394,4,4,7,0,29.8,Clear,Field C
2022-08-11,03:15,Cow_395,7,2,6,0,29.8,Clear,Field B
2022-08-11,03:15,Cow_396,14,0,4,0,29.8,Clear,Field B
2022-08-11,03:15,Cow_397,11,0,5,0,29.8,Clear,Field C
2022-08-11,03:15,Cow_398,2,8,5,0,29.8,Clear,Field C
2022-08-11,03:15,Cow_399,7,2,6,0,29.8,Clear,Field A
2022-08-11,03:15,Cow_400,6,5,4,0,29.8,Clear,Field B
2022-08-11,03:15,Cow_401,5,4,6,0,29.8,Clear,Field C
2022-08-11,03:15,Cow_402,7,4,4,0,29.8,Clear,Field A
2022-08-11,03:15,Cow_403,4,7,4,0,29.8,Clear,Field A
2022-08-11,03:15,Cow_404,0,9,7,0,29.8,Clear,Field A
2022-08-11,03:15,Cow_405,12,0,3,0,29.8,Clear,Field A
2022-08-11,03:15,Cow_406,8,2,5,0,29.8,Clear,Field C
2022-08-11,03:15,Cow_407,4,8,3,0,29.8,Clear,Field A
2022-08-11,03:15,Cow_408,3,4,8,0,29.8,Clear,Field A
2022-08-11,03:15,Cow_409,13,8,0,0,29.8,Clear,Field B
2022-08-11,03:15,Cow_410,1,8,6,0,29.8,Clear,Field A
2022-08-11,03:15,Cow_411,11,8,0,0,29.8,Clear,Field A
2022-08-11,03:15,Cow_412,10,7,0,0,29.8,Clear,Field C
2022-08-11,03:15,Cow_413,2,10,3,0,29.8,Clear,Field A
2022-08-11,03:15,Cow_414,11,0,5,0,29.8,Clear,Field A
2022-08-11,03:15,Cow_415,9,6,0,0,29.8,Clear,Field B
2022-08-11,03:15,Cow_416,14,0,7,0,29.8,Clear,Field A
2022-08-11,03:15,Cow_417,3,5,7,0,29.8,Clear,Field B
2022-08-11,03:15,Cow_418,13,0,8,0,29.8,Clear,Field A
2022-08-11,03:15,Cow_419,10,5,0,0,29.8,Clear,Field A
2022-08-11,03:15,Cow_420,11,5,0,0,29.8,Clear,Field C
2022-08-11,03:15,Cow_421,12,0,4,0,29.8,Clear,Field C
2022-08-11,03:15,Cow_422,0,9,6,0,29.8,Clear,Field C
2022-08-11,03:15,Cow_423,9,10,0,0,29.8,Clear,Field A
2022-08-11,03:15,Cow_424,8,3,4,0,29.8,Clear,Field C
2022-08-11,03:15,Cow_425,7,6,2,0,29.8,Clear,Field A
2022-08-11,03:15,Cow_426,7,0,8,0,29.8,Clear,Field A
2022-08-11,03:15,Cow_427,9,0,7,0,29.8,Clear,Field C
2022-08-11,03:15,Cow_428,11,1,3,0,29.8,Clear,Field C
2022-08-11,03:15,Cow_429,3,8,4,0,29.8,Clear,Field B
2022-08-11,03:15,Cow_430,7,6,2,0,29.8,Clear,Field A
2022-08-11,03:15,Cow_431,12,3,0,0,29.8,Clear,Field A
2022-08-11,03:15,Cow_432,9,3,3,0,29.8,Clear,Field A
2022-08-11,03:15,Cow_433,9,4,2,0,29.8,Clear,Field C
2022-08-11,03:15,Cow_434,2,10,3,0,29.8,Clear,Field C
2022-08-11,03:15,Cow_435,3,6,6,0,29.8,Clear,Field C
2022-08-11,03:15,Cow_436,11,0,4,0,29.8,Clear,Field B
2022-08-11,03:15,Cow_437,6,5,4,0,29.8,Clear,Field B
2022-08-11,03:15,Cow_438,8,0,8,0,29.8,Clear,Field B
2022-08-11,03:15,Cow_439,11,0,7,0,29.8,Clear,Field B
2022-08-11,03:15,Cow_440,0,0,0,15,29.8,Clear,Field C
2022-08-11,03:15,Cow_441,4,5,6,0,29.8,Clear,Field A
2022-08-11,03:15,Cow_442,0,10,6,0,29.8,Clear,Field C
2022-08-11,03:15,Cow_443,3,7,5,0,29.8,Clear,Field A
2022-08-11,03:15,Cow_444,6,8,1,0,29.8,Clear,Field B
2022-08-11,03:15,Cow_445,8,3,4,0,29.8,Clear,Field C
2022-08-11,03:15,Cow_446,6,3,6,0,29.8,Clear,Field C
2022-08-11,03:15,Cow_447,5,4,6,0,29.8,Clear,Field A
2022-08-11,03:15,Cow_448,9,2,4,0,29.8,Clear,Field A
2022-08-11,03:15,Cow_449,5,7,3,0,29.8,Clear,Field C
2022-08-11,03:15,Cow_450,9,1,5,0,29.8,Clear,Field C
2022-08-11,03:15,Cow_451,7,2,6,0,29.8,Clear,Field C
2022-08-11,03:15,Cow_452,13,7,0,0,29.8,Clear,Field B
2022-08-11,03:15,Cow_453,0,0,0,15,29.8,Clear,Field A
2022-08-11,03:15,Cow_454,11,1,3,0,29.8,Clear,Field B
2022-08-11,03:15,Cow_455,7,5,3,0,29.8,Clear,Field B
2022-08-11,03:15,Cow_456,5,7,3,0,29.8,Clear,Field A
2022-08-11,03:15,Cow_457,5,5,5,0,29.8,Clear,Field C
2022-08-11,03:15,Cow_458,0,7,8,0,29.8,Clear,Field C
2022-08-11,03:15,Cow_459,14,0,4,0,29.8,Clear,Field C
2022-08-11,03:15,Cow_460,10,0,7,0,29.8,Clear,Field C
2022-08-11,03:15,Cow_461,11,0,7,0,29.8,Clear,Field C
2022-08-11,03:15,Cow_462,6,3,6,0,29.8,Clear,Field B
2022-08-11,03:15,Cow_463,7,9,0,0,29.8,Clear,Field A
2022-08-11,03:15,Cow_464,2,10,3,0,29.8,Clear,Field A
2022-08-11,03:15,Cow_465,0,0,0,15,29.8,Clear,Field B
2022-08-11,03:15,Cow_466,11,4,0,0,29.8,Clear,Field A
2022-08-11,03:15,Cow_467,10,10,0,0,29.8,Clear,Field B
2022-08-11,03:15,Cow_468,7,1,7,0,29.8,Clear,Field C
2022-08-11,03:15,Cow_469,7,7,1,0,29.8,Clear,Field B
2022-08-11,03:15,Cow_470,0,0,0,15,29.8,Clear,Field C
2022-08-11,03:15,Cow_471,1,8,6,0,29.8,Clear,Field A
2022-08-11,03:15,Cow_472,0,10,7,0,29.8,Clear,Field A
2022-08-11,03:15,Cow_473,11,10,0,0,29.8,Clear,Field C
2022-08-11,03:15,Cow_474,0,9,6,0,29.8,Clear,Field A
2022-08-11,03:15,Cow_475,13,0,8,0,29.8,Clear,Field A
2022-08-11,03:15,Cow_476,10,0,6,0,29.8,Clear,Field C
2022-08-11,03:15,Cow_477,0,9,7,0,29.8,Clear,Field C
2022-08-11,03:15,Cow_478,12,9,0,0,29.8,Clear,Field A
2022-08-11,03:15,Cow_479,1,4,10,0,29.8,Clear,Field C
2022-08-11,03:15,Cow_480,0,10,6,0,29.8,Clear,Field A
2022-08-11,03:15,Cow_481,0,7,8,0,29.8,Clear,Field C
2022-08-11,03:15,Cow_482,11,3,1,0,29.8,Clear,Field A
2022-08-11,03:15,Cow_483,2,7,6,0,29.8,Clear,Field A
2022-08-11,03:15,Cow_484,7,3,5,0,29.8,Clear,Field B
2022-08-11,03:15,Cow_485,0,0,0,15,29.8,Clear,Field C
2022-08-11,03:15,Cow_486,9,0,8,0,29.8,Clear,Field B
2022-08-11,03:15,Cow_487,12,10,0,0,29.8,Clear,Field B
2022-08-11,03:15,Cow_488,3,8,4,0,29.8,Clear,Field A
2022-08-11,03:15,Cow_489,6,6,3,0,29.8,Clear,Field C
2022-08-11,03:15,Cow_490,13,0,7,0,29.8,Clear,Field C
2022-08-11,03:15,Cow_491,6,3,6,0,29.8,Clear,Field B
2022-08-11,03:15,Cow_492,2,9,4,0,29.8,Clear,Field B
2022-08-11,03:15,Cow_493,10,2,3,0,29.8,Clear,Field C
2022-08-11,03:15,Cow_494,11,6,0,0,29.8,Clear,Field A
2022-08-11,03:15,Cow_495,11,5,0,0,29.8,Clear,Field A
2022-08-11,03:15,Cow_496,0,9,7,0,29.8,Clear,Field B
2022-08-11,03:15,Cow_497,3,4,8,0,29.8,Clear,Field B
2022-08-11,03:15,Cow_498,8,1,6,0,29.8,Clear,Field C
2022-08-11,03:15,Cow_499,6,2,7,0,29.8,Clear,Field A
2022-08-11,03:15,Cow_500,10,0,8,0,29.8,Clear,Field A
2022-08-11,03:30,Cow_1,11,0,6,0,23.2,Clear,Field C
2022-08-11,03:30,Cow_2,7,1,7,0,23.2,Clear,Field A
2022-08-11,03:30,Cow_3,7,10,0,0,23.2,Clear,Field A
2022-08-11,03:30,Cow_4,5,6,4,0,23.2,Clear,Field B
2022-08-11,03:30,Cow_5,10,0,8,0,23.2,Clear,Field A
2022-08-11,03:30,Cow_6,3,8,4,0,23.2,Clear,Field B
2022-08-11,03:30,Cow_7,7,5,3,0,23.2,Clear,Field B
2022-08-11,03:30,Cow_8,6,3,6,0,23.2,Clear,Field C
2022-08-11,03:30,Cow_9,0,8,8,0,23.2,Clear,Field C
2022-08-11,03:30,Cow_10,14,0,6,0,23.2,Clear,Field B
2022-08-11,03:30,Cow_11,13,10,0,0,23.2,Clear,Field B
2022-08-11,03:30,Cow_12,8,7,0,0,23.2,Clear,Field A
2022-08-11,03:30,Cow_13,5,8,2,0,23.2,Clear,Field A
2022-08-11,03:30,Cow_14,2,10,3,0,23.2,Clear,Field A
2022-08-11,03:30,Cow_15,10,4,1,0,23.2,Clear,Field A
2022-08-11,03:30,Cow_16,14,6,0,0,23.2,Clear,Field A
2022-08-11,03:30,Cow_17,8,3,4,0,23.2,Clear,Field A
2022-08-11,03:30,Cow_18,5,6,4,0,23.2,Clear,Field C
2022-08-11,03:30,Cow_19,10,0,8,0,23.2,Clear,Field A
2022-08-11,03:30,Cow_20,5,6,4,0,23.2,Clear,Field A
2022-08-11,03:30,Cow_21,2,10,3,0,23.2,Clear,Field B
2022-08-11,03:30,Cow_22,8,0,8,0,23.2,Clear,Field B
2022-08-11,03:30,Cow_23,12,5,0,0,23.2,Clear,Field B
2022-08-11,03:30,Cow_24,9,3,3,0,23.2,Clear,Field B
2022-08-11,03:30,Cow_25,0,0,0,15,23.2,Clear,Field B
2022-08-11,03:30,Cow_26,6,4,5,0,23.2,Clear,Field C
2022-08-11,03:30,Cow_27,12,0,7,0,23.2,Clear,Field A
2022-08-11,03:30,Cow_28,8,3,4,0,23.2,Clear,Field B
2022-08-11,03:30,Cow_29,9,3,3,0,23.2,Clear,Field B
2022-08-11,03:30,Cow_30,2,5,8,0,23.2,Clear,Field A
2022-08-11,03:30,Cow_31,6,5,4,0,23.2,Clear,Field B
2022-08-11,03:30,Cow_32,3,8,4,0,23.2,Clear,Field C
2022-08-11,03:30,Cow_33,7,4,4,0,23.2,Clear,Field A
2022-08-11,03:30,Cow_34,13,0,5,0,23.2,Clear,Field B
2022-08-11,03:30,Cow_35,14,0,4,0,23.2,Clear,Field B
2022-08-11,03:30,Cow_36,12,8,0,0,23.2,Clear,Field A
2022-08-11,03:30,Cow_37,6,3,6,0,23.2,Clear,Field C
2022-08-11,03:30,Cow_38,9,1,5,0,23.2,Clear,Field B
2022-08-11,03:30,Cow_39,7,5,3,0,23.2,Clear,Field B
2022-08-11,03:30,Cow_40,9,3,3,0,23.2,Clear,Field B
2022-08-11,03:30,Cow_41,12,9,0,0,23.2,Clear,Field B
2022-08-11,03:30,Cow_42,10,3,2,0,23.2,Clear,Field A
2022-08-11,03:30,Cow_43,7,5,3,0,23.2,Clear,Field C
2022-08-11,03:30,Cow_44,3,7,5,0,23.2,Clear,Field C
2022-08-11,03:30,Cow_45,10,0,6,0,23.2,Clear,Field B
2022-08-11,03:30,Cow_46,0,8,8,0,23.2,Clear,Field C
2022-08-11,03:30,Cow_47,8,7,0,0,23.2,Clear,Field B
2022-08-11,03:30,Cow_48,2,10,3,0,23.2,Clear,Field B
2022-08-11,03:30,Cow_49,5,4,6,0,23.2,Clear,Field C
2022-08-11,03:30,Cow_50,10,9,0,0,23.2,Clear,Field C
2022-08-11,03:30,Cow_51,7,7,1,0,23.2,Clear,Field B
2022-08-11,03:30,Cow_52,10,0,6,0,23.2,Clear,Field A
2022-08-11,03:30,Cow_53,11,0,7,0,23.2,Clear,Field B
2022-08-11,03:30,Cow_54,5,2,8,0,23.2,Clear,Field A
2022-08-11,03:30,Cow_55,6,8,1,0,23.2,Clear,Field A
2022-08-11,03:30,Cow_56,10,4,1,0,23.2,Clear,Field C
2022-08-11,03:30,Cow_57,7,5,3,0,23.2,Clear,Field A
2022-08-11,03:30,Cow_58,10,6,0,0,23.2,Clear,Field C
2022-08-11,03:30,Cow_59,2,7,6,0,23.2,Clear,Field A
2022-08-11,03:30,Cow_60,10,0,7,0,23.2,Clear,Field B
2022-08-11,03:30,Cow_61,0,10,8,0,23.2,Clear,Field C
2022-08-11,03:30,Cow_62,5,5,5,0,23.2,Clear,Field B
2022-08-11,03:30,Cow_63,11,7,0,0,23.2,Clear,Field A
2022-08-11,03:30,Cow_64,14,5,0,0,23.2,Clear,Field B
2022-08-11,03:30,Cow_65,8,3,4,0,23.2,Clear,Field B
2022-08-11,03:30,Cow_66,7,1,7,0,23.2,Clear,Field B
2022-08-11,03:30,Cow_67,9,4,2,0,23.2,Clear,Field A
2022-08-11,03:30,Cow_68,14,7,0,0,23.2,Clear,Field C
2022-08-11,03:30,Cow_69,7,2,6,0,23.2,Clear,Field A
2022-08-11,03:30,Cow_70,7,4,4,0,23.2,Clear,Field C
2022-08-11,03:30,Cow_71,7,4,4,0,23.2,Clear,Field A
2022-08-11,03:30,Cow_72,8,4,3,0,23.2,Clear,Field C
2022-08-11,03:30,Cow_73,0,9,7,0,23.2,Clear,Field A
2022-08-11,03:30,Cow_74,0,0,0,15,23.2,Clear,Field B
2022-08-11,03:30,Cow_75,11,7,0,0,23.2,Clear,Field B
2022-08-11,03:30,Cow_76,10,10,0,0,23.2,Clear,Field C
2022-08-11,03:30,Cow_77,14,8,0,0,23.2,Clear,Field A
2022-08-11,03:30,Cow_78,0,9,8,0,23.2,Clear,Field A
2022-08-11,03:30,Cow_79,5,6,4,0,23.2,Clear,Field B
2022-08-11,03:30,Cow_80,11,10,0,0,23.2,Clear,Field B
2022-08-11,03:30,Cow_81,9,5,1,0,23.2,Clear,Field A
2022-08-11,03:30,Cow_82,5,5,5,0,23.2,Clear,Field B
2022-08-11,03:30,Cow_83,9,3,3,0,23.2,Clear,Field B
2022-08-11,03:30,Cow_84,6,3,6,0,23.2,Clear,Field A
2022-08-11,03:30,Cow_85,0,0,0,15,23.2,Clear,Field C
2022-08-11,03:30,Cow_86,9,0,6,0,23.2,Clear,Field B
2022-08-11,03:30,Cow_87,12,8,0,0,23.2,Clear,Field B
2022-08-11,03:30,Cow_88,5,5,5,0,23.2,Clear,Field B
2022-08-11,03:30,Cow_89,4,4,7,0,23.2,Clear,Field B
2022-08-11,03:30,Cow_90,12,0,8,0,23.2,Clear,Field C
2022-08-11,03:30,Cow_91,14,0,5,0,23.2,Clear,Field A
2022-08-11,03:30,Cow_92,4,3,8,0,23.2,Clear,Field C
2022-08-11,03:30,Cow_93,13,0,7,0,23.2,Clear,Field A
2022-08-11,03:30,Cow_94,0,9,8,0,23.2,Clear,Field C
2022-08-11,03:30,Cow_95,10,0,8,0,23.2,Clear,Field A
2022-08-11,03:30,Cow_96,9,1,5,0,23.2,Clear,Field C
2022-08-11,03:30,Cow_97,9,2,4,0,23.2,Clear,Field C
2022-08-11,03:30,Cow_98,0,0,0,15,23.2,Clear,Field C
2022-08-11,03:30,Cow_99,13,0,6,0,23.2,Clear,Field B
2022-08-11,03:30,Cow_100,0,9,6,0,23.2,Clear,Field C
2022-08-11,03:30,Cow_101,0,0,0,15,23.2,Clear,Field B
2022-08-11,03:30,Cow_102,12,0,8,0,23.2,Clear,Field B
2022-08-11,03:30,Cow_103,0,9,8,0,23.2,Clear,Field C
2022-08-11,03:30,Cow_104,12,8,0,0,23.2,Clear,Field C
2022-08-11,03:30,Cow_105,0,10,6,0,23.2,Clear,Field A
2022-08-11,03:30,Cow_106,12,0,8,0,23.2,Clear,Field C
2022-08-11,03:30,Cow_107,11,0,7,0,23.2,Clear,Field A
2022-08-11,03:30,Cow_108,4,3,8,0,23.2,Clear,Field A
2022-08-11,03:30,Cow_109,7,9,0,0,23.2,Clear,Field B
2022-08-11,03:30,Cow_110,0,0,0,15,23.2,Clear,Field B
2022-08-11,03:30,Cow_111,8,4,3,0,23.2,Clear,Field C
2022-08-11,03:30,Cow_112,8,3,4,0,23.2,Clear,Field C
2022-08-11,03:30,Cow_113,4,6,5,0,23.2,Clear,Field C
2022-08-11,03:30,Cow_114,7,1,7,0,23.2,Clear,Field A
2022-08-11,03:30,Cow_115,13,3,0,0,23.2,Clear,Field B
2022-08-11,03:30,Cow_116,2,8,5,0,23.2,Clear,Field C
2022-08-11,03:30,Cow_117,8,1,6,0,23.2,Clear,Field A
2022-08-11,03:30,Cow_118,11,0,7,0,23.2,Clear,Field B
2022-08-11,03:30,Cow_119,14,3,0,0,23.2,Clear,Field B
2022-08-11,03:30,Cow_120,9,1,5,0,23.2,Clear,Field B
2022-08-11,03:30,Cow_121,10,7,0,0,23.2,Clear,Field A
2022-08-11,03:30,Cow_122,7,4,4,0,23.2,Clear,Field C
2022-08-11,03:30,Cow_123,7,5,3,0,23.2,Clear,Field A
2022-08-11,03:30,Cow_124,5,10,0,0,23.2,Clear,Field B
2022-08-11,03:30,Cow_125,11,0,4,0,23.2,Clear,Field A
2022-08-11,03:30,Cow_126,9,4,2,0,23.2,Clear,Field A
2022-08-11,03:30,Cow_127,0,0,0,15,23.2,Clear,Field B
2022-08-11,03:30,Cow_128,0,0,0,15,23.2,Clear,Field A
2022-08-11,03:30,Cow_129,8,10,0,0,23.2,Clear,Field B
2022-08-11,03:30,Cow_130,0,0,0,15,23.2,Clear,Field C
2022-08-11,03:30,Cow_131,12,0,4,0,23.2,Clear,Field A
2022-08-11,03:30,Cow_132,7,3,5,0,23.2,Clear,Field A
2022-08-11,03:30,Cow_133,13,5,0,0,23.2,Clear,Field A
2022-08-11,03:30,Cow_134,14,9,0,0,23.2,Clear,Field A
2022-08-11,03:30,Cow_135,9,0,6,0,23.2,Clear,Field A
2022-08-11,03:30,Cow_136,6,5,4,0,23.2,Clear,Field C
2022-08-11,03:30,Cow_137,8,4,3,0,23.2,Clear,Field A
2022-08-11,03:30,Cow_138,13,10,0,0,23.2,Clear,Field B
2022-08-11,03:30,Cow_139,0,0,0,15,23.2,Clear,Field B
2022-08-11,03:30,Cow_140,1,9,5,0,23.2,Clear,Field B
2022-08-11,03:30,Cow_141,13,0,3,0,23.2,Clear,Field C
2022-08-11,03:30,Cow_142,1,10,4,0,23.2,Clear,Field B
2022-08-11,03:30,Cow_143,0,9,6,0,23.2,Clear,Field A
2022-08-11,03:30,Cow_144,11,0,6,0,23.2,Clear,Field A
2022-08-11,03:30,Cow_145,9,8,0,0,23.2,Clear,Field B
2022-08-11,03:30,Cow_146,8,7,0,0,23.2,Clear,Field C
2022-08-11,03:30,Cow_147,11,4,0,0,23.2,Clear,Field B
2022-08-11,03:30,Cow_148,0,10,7,0,23.2,Clear,Field A
2022-08-11,03:30,Cow_149,10,0,6,0,23.2,Clear,Field C
2022-08-11,03:30,Cow_150,13,5,0,0,23.2,Clear,Field B
2022-08-11,03:30,Cow_151,8,10,0,0,23.2,Clear,Field B
2022-08-11,03:30,Cow_152,1,10,4,0,23.2,Clear,Field A
2022-08-11,03:30,Cow_153,9,0,7,0,23.2,Clear,Field A
2022-08-11,03:30,Cow_154,12,0,5,0,23.2,Clear,Field B
2022-08-11,03:30,Cow_155,0,0,0,15,23.2,Clear,Field C
2022-08-11,03:30,Cow_156,6,1,8,0,23.2,Clear,Field C
2022-08-11,03:30,Cow_157,13,4,0,0,23.2,Clear,Field B
2022-08-11,03:30,Cow_158,0,9,6,0,23.2,Clear,Field B
2022-08-11,03:30,Cow_159,1,10,4,0,23.2,Clear,Field C
2022-08-11,03:30,Cow_160,6,6,3,0,23.2,Clear,Field B
2022-08-11,03:30,Cow_161,0,10,8,0,23.2,Clear,Field A
2022-08-11,03:30,Cow_162,6,6,3,0,23.2,Clear,Field C
2022-08-11,03:30,Cow_163,11,0,7,0,23.2,Clear,Field B
2022-08-11,03:30,Cow_164,1,10,4,0,23.2,Clear,Field C
2022-08-11,03:30,Cow_165,10,8,0,0,23.2,Clear,Field C
2022-08-11,03:30,Cow_166,10,1,4,0,23.2,Clear,Field A
2022-08-11,03:30,Cow_167,3,5,7,0,23.2,Clear,Field B
2022-08-11,03:30,Cow_168,5,4,6,0,23.2,Clear,Field C
2022-08-11,03:30,Cow_169,0,0,0,15,23.2,Clear,Field A
2022-08-11,03:30,Cow_170,6,2,7,0,23.2,Clear,Field A
2022-08-11,03:30,Cow_171,7,3,5,0,23.2,Clear,Field A
2022-08-11,03:30,Cow_172,1,10,4,0,23.2,Clear,Field C
2022-08-11,03:30,Cow_173,9,3,3,0,23.2,Clear,Field A
2022-08-11,03:30,Cow_174,8,4,3,0,23.2,Clear,Field B
2022-08-11,03:30,Cow_175,11,1,3,0,23.2,Clear,Field A
2022-08-11,03:30,Cow_176,0,10,5,0,23.2,Clear,Field A
2022-08-11,03:30,Cow_177,8,3,4,0,23.2,Clear,Field C
2022-08-11,03:30,Cow_178,0,0,0,15,23.2,Clear,Field C
2022-08-11,03:30,Cow_179,10,7,0,0,23.2,Clear,Field A
2022-08-11,03:30,Cow_180,5,5,5,0,23.2,Clear,Field B
2022-08-11,03:30,Cow_181,14,0,7,0,23.2,Clear,Field A
2022-08-11,03:30,Cow_182,13,10,0,0,23.2,Clear,Field B
2022-08-11,03:30,Cow_183,5,5,5,0,23.2,Clear,Field C
2022-08-11,03:30,Cow_184,0,0,0,15,23.2,Clear,Field B
2022-08-11,03:30,Cow_185,0,0,0,15,23.2,Clear,Field B
2022-08-11,03:30,Cow_186,7,8,0,0,23.2,Clear,Field A
2022-08-11,03:30,Cow_187,5,10,0,0,23.2,Clear,Field C
2022-08-11,03:30,Cow_188,7,8,0,0,23.2,Clear,Field C
2022-08-11,03:30,Cow_189,9,0,8,0,23.2,Clear,Field A
2022-08-11,03:30,Cow_190,7,5,3,0,23.2,Clear,Field C
2022-08-11,03:30,Cow_191,6,6,3,0,23.2,Clear,Field C
2022-08-11,03:30,Cow_192,1,8,6,0,23.2,Clear,Field B
2022-08-11,03:30,Cow_193,13,0,7,0,23.2,Clear,Field B
2022-08-11,03:30,Cow_194,14,6,0,0,23.2,Clear,Field C
2022-08-11,03:30,Cow_195,12,7,0,0,23.2,Clear,Field C
2022-08-11,03:30,Cow_196,5,7,3,0,23.2,Clear,Field A
2022-08-11,03:30,Cow_197,14,0,4,0,23.2,Clear,Field A
2022-08-11,03:30,Cow_198,10,8,0,0,23.2,Clear,Field C
2022-08-11,03:30,Cow_199,10,3,2,0,23.2,Clear,Field C
2022-08-11,03:30,Cow_200,7,8,0,0,23.2,Clear,Field A
2022-08-11,03:30,Cow_201,8,3,4,0,23.2,Clear,Field B
2022-08-11,03:30,Cow_202,2,8,5,0,23.2,Clear,Field B
2022-08-11,03:30,Cow_203,1,9,5,0,23.2,Clear,Field C
2022-08-11,03:30,Cow_204,8,8,0,0,23.2,Clear,Field C
2022-08-11,03:30,Cow_205,14,5,0,0,23.2,Clear,Field C
2022-08-11,03:30,Cow_206,7,10,0,0,23.2,Clear,Field B
2022-08-11,03:30,Cow_207,0,0,0,15,23.2,Clear,Field B
2022-08-11,03:30,Cow_208,6,5,4,0,23.2,Clear,Field A
2022-08-11,03:30,Cow_209,7,3,5,0,23.2,Clear,Field A
2022-08-11,03:30,Cow_210,1,6,8,0,23.2,Clear,Field B
2022-08-11,03:30,Cow_211,5,6,4,0,23.2,Clear,Field B
2022-08-11,03:30,Cow_212,4,7,4,0,23.2,Clear,Field A
2022-08-11,03:30,Cow_213,6,3,6,0,23.2,Clear,Field B
2022-08-11,03:30,Cow_214,13,3,0,0,23.2,Clear,Field B
2022-08-11,03:30,Cow_215,8,3,4,0,23.2,Clear,Field A
2022-08-11,03:30,Cow_216,0,10,7,0,23.2,Clear,Field C
2022-08-11,03:30,Cow_217,8,8,0,0,23.2,Clear,Field B
2022-08-11,03:30,Cow_218,11,4,0,0,23.2,Clear,Field A
2022-08-11,03:30,Cow_219,0,0,0,15,23.2,Clear,Field A
2022-08-11,03:30,Cow_220,9,8,0,0,23.2,Clear,Field A
2022-08-11,03:30,Cow_221,12,0,6,0,23.2,Clear,Field C
2022-08-11,03:30,Cow_222,6,1,8,0,23.2,Clear,Field A
2022-08-11,03:30,Cow_223,1,9,5,0,23.2,Clear,Field C
2022-08-11,03:30,Cow_224,0,0,0,15,23.2,Clear,Field C
2022-08-11,03:30,Cow_225,14,0,7,0,23.2,Clear,Field B
2022-08-11,03:30,Cow_226,4,3,8,0,23.2,Clear,Field C
2022-08-11,03:30,Cow_227,7,3,5,0,23.2,Clear,Field A
2022-08-11,03:30,Cow_228,7,0,8,0,23.2,Clear,Field B
2022-08-11,03:30,Cow_229,7,5,3,0,23.2,Clear,Field B
2022-08-11,03:30,Cow_230,5,8,2,0,23.2,Clear,Field A
2022-08-11,03:30,Cow_231,1,9,5,0,23.2,Clear,Field B
2022-08-11,03:30,Cow_232,9,4,2,0,23.2,Clear,Field A
2022-08-11,03:30,Cow_233,0,10,8,0,23.2,Clear,Field A
2022-08-11,03:30,Cow_234,9,10,0,0,23.2,Clear,Field B
2022-08-11,03:30,Cow_235,0,0,0,15,23.2,Clear,Field B
2022-08-11,03:30,Cow_236,14,0,6,0,23.2,Clear,Field B
2022-08-11,03:30,Cow_237,9,2,4,0,23.2,Clear,Field B
2022-08-11,03:30,Cow_238,5,7,3,0,23.2,Clear,Field C
2022-08-11,03:30,Cow_239,6,4,5,0,23.2,Clear,Field C
2022-08-11,03:30,Cow_240,5,5,5,0,23.2,Clear,Field C
2022-08-11,03:30,Cow_241,0,9,8,0,23.2,Clear,Field A
2022-08-11,03:30,Cow_242,5,7,3,0,23.2,Clear,Field C
2022-08-11,03:30,Cow_243,12,10,0,0,23.2,Clear,Field A
2022-08-11,03:30,Cow_244,0,0,0,15,23.2,Clear,Field B
2022-08-11,03:30,Cow_245,6,6,3,0,23.2,Clear,Field B
2022-08-11,03:30,Cow_246,7,0,8,0,23.2,Clear,Field A
2022-08-11,03:30,Cow_247,0,10,10,0,23.2,Clear,Field A
2022-08-11,03:30,Cow_248,12,3,0,0,23.2,Clear,Field C
2022-08-11,03:30,Cow_249,6,4,5,0,23.2,Clear,Field C
2022-08-11,03:30,Cow_250,0,9,7,0,23.2,Clear,Field A
2022-08-11,03:30,Cow_251,6,8,1,0,23.2,Clear,Field C
2022-08-11,03:30,Cow_252,2,5,8,0,23.2,Clear,Field A
2022-08-11,03:30,Cow_253,3,9,3,0,23.2,Clear,Field A
2022-08-11,03:30,Cow_254,4,5,6,0,23.2,Clear,Field B
2022-08-11,03:30,Cow_255,10,0,8,0,23.2,Clear,Field A
2022-08-11,03:30,Cow_256,12,3,0,0,23.2,Clear,Field C
2022-08-11,03:30,Cow_257,11,3,1,0,23.2,Clear,Field A
2022-08-11,03:30,Cow_258,8,0,8,0,23.2,Clear,Field B
2022-08-11,03:30,Cow_259,5,6,4,0,23.2,Clear,Field B
2022-08-11,03:30,Cow_260,2,5,8,0,23.2,Clear,Field C
2022-08-11,03:30,Cow_261,13,0,3,0,23.2,Clear,Field C
2022-08-11,03:30,Cow_262,8,0,8,0,23.2,Clear,Field C
2022-08-11,03:30,Cow_263,10,0,6,0,23.2,Clear,Field C
2022-08-11,03:30,Cow_264,5,5,5,0,23.2,Clear,Field C
2022-08-11,03:30,Cow_265,8,1,6,0,23.2,Clear,Field B
2022-08-11,03:30,Cow_266,0,0,0,15,23.2,Clear,Field C
2022-08-11,03:30,Cow_267,10,0,8,0,23.2,Clear,Field A
2022-08-11,03:30,Cow_268,8,0,7,0,23.2,Clear,Field B
2022-08-11,03:30,Cow_269,0,8,7,0,23.2,Clear,Field A
2022-08-11,03:30,Cow_270,9,5,1,0,23.2,Clear,Field B
2022-08-11,03:30,Cow_271,8,3,4,0,23.2,Clear,Field C
2022-08-11,03:30,Cow_272,2,7,6,0,23.2,Clear,Field C
2022-08-11,03:30,Cow_273,0,10,8,0,23.2,Clear,Field B
2022-08-11,03:30,Cow_274,8,3,4,0,23.2,Clear,Field C
2022-08-11,03:30,Cow_275,9,1,5,0,23.2,Clear,Field A
2022-08-11,03:30,Cow_276,0,0,0,15,23.2,Clear,Field B
2022-08-11,03:30,Cow_277,8,5,2,0,23.2,Clear,Field B
2022-08-11,03:30,Cow_278,13,0,4,0,23.2,Clear,Field A
2022-08-11,03:30,Cow_279,13,0,5,0,23.2,Clear,Field B
2022-08-11,03:30,Cow_280,10,0,6,0,23.2,Clear,Field C
2022-08-11,03:30,Cow_281,0,10,6,0,23.2,Clear,Field C
2022-08-11,03:30,Cow_282,0,0,0,15,23.2,Clear,Field C
2022-08-11,03:30,Cow_283,9,3,3,0,23.2,Clear,Field C
2022-08-11,03:30,Cow_284,12,8,0,0,23.2,Clear,Field C
2022-08-11,03:30,Cow_285,0,0,0,15,23.2,Clear,Field A
2022-08-11,03:30,Cow_286,1,9,5,0,23.2,Clear,Field A
2022-08-11,03:30,Cow_287,9,6,0,0,23.2,Clear,Field A
2022-08-11,03:30,Cow_288,6,1,8,0,23.2,Clear,Field B
2022-08-11,03:30,Cow_289,10,7,0,0,23.2,Clear,Field C
2022-08-11,03:30,Cow_290,5,6,4,0,23.2,Clear,Field A
2022-08-11,03:30,Cow_291,13,8,0,0,23.2,Clear,Field B
2022-08-11,03:30,Cow_292,0,0,0,15,23.2,Clear,Field C
2022-08-11,03:30,Cow_293,5,5,5,0,23.2,Clear,Field A
2022-08-11,03:30,Cow_294,14,3,0,0,23.2,Clear,Field B
2022-08-11,03:30,Cow_295,7,4,4,0,23.2,Clear,Field B
2022-08-11,03:30,Cow_296,0,10,5,0,23.2,Clear,Field A
2022-08-11,03:30,Cow_297,7,2,6,0,23.2,Clear,Field C
2022-08-11,03:30,Cow_298,6,6,3,0,23.2,Clear,Field C
2022-08-11,03:30,Cow_299,15,7,0,0,23.2,Clear,Field C
2022-08-11,03:30,Cow_300,4,7,4,0,23.2,Clear,Field A
2022-08-11,03:30,Cow_301,3,4,8,0,23.2,Clear,Field A
2022-08-11,03:30,Cow_302,11,0,8,0,23.2,Clear,Field A
2022-08-11,03:30,Cow_303,13,0,4,0,23.2,Clear,Field B
2022-08-11,03:30,Cow_304,7,4,4,0,23.2,Clear,Field C
2022-08-11,03:30,Cow_305,14,0,8,0,23.2,Clear,Field A
2022-08-11,03:30,Cow_306,5,5,5,0,23.2,Clear,Field A
2022-08-11,03:30,Cow_307,6,10,0,0,23.2,Clear,Field A
2022-08-11,03:30,Cow_308,6,6,3,0,23.2,Clear,Field B
2022-08-11,03:30,Cow_309,12,0,4,0,23.2,Clear,Field C
2022-08-11,03:30,Cow_310,13,10,0,0,23.2,Clear,Field C
2022-08-11,03:30,Cow_311,9,0,7,0,23.2,Clear,Field B
2022-08-11,03:30,Cow_312,4,3,8,0,23.2,Clear,Field B
2022-08-11,03:30,Cow_313,12,4,0,0,23.2,Clear,Field A
2022-08-11,03:30,Cow_314,0,10,6,0,23.2,Clear,Field A
2022-08-11,03:30,Cow_315,11,1,3,0,23.2,Clear,Field A
2022-08-11,03:30,Cow_316,14,0,8,0,23.2,Clear,Field C
2022-08-11,03:30,Cow_317,14,0,8,0,23.2,Clear,Field C
2022-08-11,03:30,Cow_318,11,0,4,0,23.2,Clear,Field C
2022-08-11,03:30,Cow_319,14,0,6,0,23.2,Clear,Field A
2022-08-11,03:30,Cow_320,14,0,7,0,23.2,Clear,Field A
2022-08-11,03:30,Cow_321,6,7,2,0,23.2,Clear,Field B
2022-08-11,03:30,Cow_322,6,3,6,0,23.2,Clear,Field C
2022-08-11,03:30,Cow_323,6,3,6,0,23.2,Clear,Field C
2022-08-11,03:30,Cow_324,6,3,6,0,23.2,Clear,Field B
2022-08-11,03:30,Cow_325,2,7,6,0,23.2,Clear,Field A
2022-08-11,03:30,Cow_326,13,0,7,0,23.2,Clear,Field B
2022-08-11,03:30,Cow_327,14,8,0,0,23.2,Clear,Field B
2022-08-11,03:30,Cow_328,13,0,8,0,23.2,Clear,Field A
2022-08-11,03:30,Cow_329,0,0,0,15,23.2,Clear,Field B
2022-08-11,03:30,Cow_330,12,0,7,0,23.2,Clear,Field A
2022-08-11,03:30,Cow_331,12,7,0,0,23.2,Clear,Field B
2022-08-11,03:30,Cow_332,5,6,4,0,23.2,Clear,Field B
2022-08-11,03:30,Cow_333,9,3,3,0,23.2,Clear,Field B
2022-08-11,03:30,Cow_334,13,0,5,0,23.2,Clear,Field C
2022-08-11,03:30,Cow_335,14,3,0,0,23.2,Clear,Field B
2022-08-11,03:30,Cow_336,5,7,3,0,23.2,Clear,Field B
2022-08-11,03:30,Cow_337,1,8,6,0,23.2,Clear,Field C
2022-08-11,03:30,Cow_338,13,7,0,0,23.2,Clear,Field A
2022-08-11,03:30,Cow_339,8,4,3,0,23.2,Clear,Field B
2022-08-11,03:30,Cow_340,11,5,0,0,23.2,Clear,Field C
2022-08-11,03:30,Cow_341,13,4,0,0,23.2,Clear,Field A
2022-08-11,03:30,Cow_342,0,0,0,15,23.2,Clear,Field C
2022-08-11,03:30,Cow_343,5,7,3,0,23.2,Clear,Field C
2022-08-11,03:30,Cow_344,5,7,3,0,23.2,Clear,Field A
2022-08-11,03:30,Cow_345,6,4,5,0,23.2,Clear,Field A
2022-08-11,03:30,Cow_346,13,10,0,0,23.2,Clear,Field B
2022-08-11,03:30,Cow_347,14,4,0,0,23.2,Clear,Field B
2022-08-11,03:30,Cow_348,10,2,3,0,23.2,Clear,Field B
2022-08-11,03:30,Cow_349,10,0,5,0,23.2,Clear,Field A
2022-08-11,03:30,Cow_350,0,0,0,15,23.2,Clear,Field C
2022-08-11,03:30,Cow_351,2,10,3,0,23.2,Clear,Field B
2022-08-11,03:30,Cow_352,7,4,4,0,23.2,Clear,Field A
2022-08-11,03:30,Cow_353,0,10,7,0,23.2,Clear,Field B
2022-08-11,03:30,Cow_354,6,6,3,0,23.2,Clear,Field B
2022-08-11,03:30,Cow_355,5,3,7,0,23.2,Clear,Field C
2022-08-11,03:30,Cow_356,10,3,2,0,23.2,Clear,Field C
2022-08-11,03:30,Cow_357,11,6,0,0,23.2,Clear,Field B
2022-08-11,03:30,Cow_358,0,0,0,15,23.2,Clear,Field C
2022-08-11,03:30,Cow_359,0,8,7,0,23.2,Clear,Field C
2022-08-11,03:30,Cow_360,12,0,6,0,23.2,Clear,Field B
2022-08-11,03:30,Cow_361,4,6,5,0,23.2,Clear,Field C
2022-08-11,03:30,Cow_362,0,0,0,15,23.2,Clear,Field B
2022-08-11,03:30,Cow_363,6,1,8,0,23.2,Clear,Field C
2022-08-11,03:30,Cow_364,9,0,7,0,23.2,Clear,Field B
2022-08-11,03:30,Cow_365,3,5,7,0,23.2,Clear,Field A
2022-08-11,03:30,Cow_366,6,5,4,0,23.2,Clear,Field B
2022-08-11,03:30,Cow_367,14,0,3,0,23.2,Clear,Field C
2022-08-11,03:30,Cow_368,6,4,5,0,23.2,Clear,Field A
2022-08-11,03:30,Cow_369,2,7,6,0,23.2,Clear,Field C
2022-08-11,03:30,Cow_370,13,9,0,0,23.2,Clear,Field B
2022-08-11,03:30,Cow_371,3,4,8,0,23.2,Clear,Field C
2022-08-11,03:30,Cow_372,5,7,3,0,23.2,Clear,Field C
2022-08-11,03:30,Cow_373,9,6,0,0,23.2,Clear,Field B
2022-08-11,03:30,Cow_374,8,5,2,0,23.2,Clear,Field B
2022-08-11,03:30,Cow_375,6,6,3,0,23.2,Clear,Field B
2022-08-11,03:30,Cow_376,5,6,4,0,23.2,Clear,Field B
2022-08-11,03:30,Cow_377,7,4,4,0,23.2,Clear,Field A
2022-08-11,03:30,Cow_378,2,9,4,0,23.2,Clear,Field B
2022-08-11,03:30,Cow_379,7,5,3,0,23.2,Clear,Field C
2022-08-11,03:30,Cow_380,0,10,7,0,23.2,Clear,Field B
2022-08-11,03:30,Cow_381,3,10,2,0,23.2,Clear,Field C
2022-08-11,03:30,Cow_382,0,0,0,15,23.2,Clear,Field B
2022-08-11,03:30,Cow_383,7,0,8,0,23.2,Clear,Field B
2022-08-11,03:30,Cow_384,5,4,6,0,23.2,Clear,Field B
2022-08-11,03:30,Cow_385,4,4,7,0,23.2,Clear,Field B
2022-08-11,03:30,Cow_386,8,1,6,0,23.2,Clear,Field B
2022-08-11,03:30,Cow_387,9,0,8,0,23.2,Clear,Field B
2022-08-11,03:30,Cow_388,2,9,4,0,23.2,Clear,Field A
2022-08-11,03:30,Cow_389,0,0,0,15,23.2,Clear,Field A
2022-08-11,03:30,Cow_390,14,8,0,0,23.2,Clear,Field C
2022-08-11,03:30,Cow_391,5,7,3,0,23.2,Clear,Field A
2022-08-11,03:30,Cow_392,13,7,0,0,23.2,Clear,Field B
2022-08-11,03:30,Cow_393,14,0,8,0,23.2,Clear,Field A
2022-08-11,03:30,Cow_394,13,10,0,0,23.2,Clear,Field A
2022-08-11,03:30,Cow_395,9,4,2,0,23.2,Clear,Field A
2022-08-11,03:30,Cow_396,8,4,3,0,23.2,Clear,Field B
2022-08-11,03:30,Cow_397,9,3,3,0,23.2,Clear,Field B
2022-08-11,03:30,Cow_398,14,0,3,0,23.2,Clear,Field A
2022-08-11,03:30,Cow_399,13,0,6,0,23.2,Clear,Field B
2022-08-11,03:30,Cow_400,10,1,4,0,23.2,Clear,Field C
2022-08-11,03:30,Cow_401,0,0,0,15,23.2,Clear,Field B
2022-08-11,03:30,Cow_402,0,0,0,15,23.2,Clear,Field B
2022-08-11,03:30,Cow_403,7,5,3,0,23.2,Clear,Field A
2022-08-11,03:30,Cow_404,12,8,0,0,23.2,Clear,Field B
2022-08-11,03:30,Cow_405,8,2,5,0,23.2,Clear,Field C
2022-08-11,03:30,Cow_406,3,7,5,0,23.2,Clear,Field C
2022-08-11,03:30,Cow_407,8,4,3,0,23.2,Clear,Field A
2022-08-11,03:30,Cow_408,9,2,4,0,23.2,Clear,Field A
2022-08-11,03:30,Cow_409,13,10,0,0,23.2,Clear,Field C
2022-08-11,03:30,Cow_410,0,9,6,0,23.2,Clear,Field A
2022-08-11,03:30,Cow_411,6,3,6,0,23.2,Clear,Field C
2022-08-11,03:30,Cow_412,11,0,7,0,23.2,Clear,Field C
2022-08-11,03:30,Cow_413,14,0,6,0,23.2,Clear,Field C
2022-08-11,03:30,Cow_414,1,6,8,0,23.2,Clear,Field B
2022-08-11,03:30,Cow_415,8,3,4,0,23.2,Clear,Field B
2022-08-11,03:30,Cow_416,4,8,3,0,23.2,Clear,Field C
2022-08-11,03:30,Cow_417,14,0,6,0,23.2,Clear,Field A
2022-08-11,03:30,Cow_418,0,0,0,15,23.2,Clear,Field C
2022-08-11,03:30,Cow_419,8,5,2,0,23.2,Clear,Field A
2022-08-11,03:30,Cow_420,6,9,0,0,23.2,Clear,Field C
2022-08-11,03:30,Cow_421,11,0,7,0,23.2,Clear,Field B
2022-08-11,03:30,Cow_422,3,5,7,0,23.2,Clear,Field A
2022-08-11,03:30,Cow_423,14,0,7,0,23.2,Clear,Field C
2022-08-11,03:30,Cow_424,3,4,8,0,23.2,Clear,Field C
2022-08-11,03:30,Cow_425,8,1,6,0,23.2,Clear,Field A
2022-08-11,03:30,Cow_426,11,7,0,0,23.2,Clear,Field A
2022-08-11,03:30,Cow_427,5,6,4,0,23.2,Clear,Field A
2022-08-11,03:30,Cow_428,5,7,3,0,23.2,Clear,Field B
2022-08-11,03:30,Cow_429,10,0,8,0,23.2,Clear,Field C
2022-08-11,03:30,Cow_430,5,5,5,0,23.2,Clear,Field B
2022-08-11,03:30,Cow_431,13,0,3,0,23.2,Clear,Field A
2022-08-11,03:30,Cow_432,13,6,0,0,23.2,Clear,Field B
2022-08-11,03:30,Cow_433,11,0,8,0,23.2,Clear,Field A
2022-08-11,03:30,Cow_434,8,3,4,0,23.2,Clear,Field C
2022-08-11,03:30,Cow_435,9,8,0,0,23.2,Clear,Field A
2022-08-11,03:30,Cow_436,6,6,3,0,23.2,Clear,Field B
2022-08-11,03:30,Cow_437,9,7,0,0,23.2,Clear,Field A
2022-08-11,03:30,Cow_438,5,6,4,0,23.2,Clear,Field B
2022-08-11,03:30,Cow_439,11,9,0,0,23.2,Clear,Field A
2022-08-11,03:30,Cow_440,0,0,0,15,23.2,Clear,Field A
2022-08-11,03:30,Cow_441,0,8,8,0,23.2,Clear,Field A
2022-08-11,03:30,Cow_442,3,10,2,0,23.2,Clear,Field A
2022-08-11,03:30,Cow_443,1,7,7,0,23.2,Clear,Field C
2022-08-11,03:30,Cow_444,1,6,8,0,23.2,Clear,Field B
2022-08-11,03:30,Cow_445,0,9,8,0,23.2,Clear,Field B
2022-08-11,03:30,Cow_446,8,4,3,0,23.2,Clear,Field A
2022-08-11,03:30,Cow_447,9,5,1,0,23.2,Clear,Field B
2022-08-11,03:30,Cow_448,8,4,3,0,23.2,Clear,Field B
2022-08-11,03:30,Cow_449,0,0,0,15,23.2,Clear,Field C
2022-08-11,03:30,Cow_450,10,0,6,0,23.2,Clear,Field A
2022-08-11,03:30,Cow_451,11,0,4,0,23.2,Clear,Field C
2022-08-11,03:30,Cow_452,0,0,0,15,23.2,Clear,Field B
2022-08-11,03:30,Cow_453,2,7,6,0,23.2,Clear,Field C
2022-08-11,03:30,Cow_454,14,10,0,0,23.2,Clear,Field A
2022-08-11,03:30,Cow_455,12,0,8,0,23.2,Clear,Field C
2022-08-11,03:30,Cow_456,12,0,6,0,23.2,Clear,Field A
2022-08-11,03:30,Cow_457,7,0,8,0,23.2,Clear,Field B
2022-08-11,03:30,Cow_458,0,8,7,0,23.2,Clear,Field C
2022-08-11,03:30,Cow_459,6,6,3,0,23.2,Clear,Field C
2022-08-11,03:30,Cow_460,7,10,0,0,23.2,Clear,Field A
2022-08-11,03:30,Cow_461,7,4,4,0,23.2,Clear,Field C
2022-08-11,03:30,Cow_462,5,5,5,0,23.2,Clear,Field C
2022-08-11,03:30,Cow_463,2,6,7,0,23.2,Clear,Field C
2022-08-11,03:30,Cow_464,6,2,7,0,23.2,Clear,Field B
2022-08-11,03:30,Cow_465,9,8,0,0,23.2,Clear,Field C
2022-08-11,03:30,Cow_466,6,9,0,0,23.2,Clear,Field C
2022-08-11,03:30,Cow_467,4,6,5,0,23.2,Clear,Field B
2022-08-11,03:30,Cow_468,3,8,4,0,23.2,Clear,Field C
2022-08-11,03:30,Cow_469,3,7,5,0,23.2,Clear,Field C
2022-08-11,03:30,Cow_470,6,5,4,0,23.2,Clear,Field B
2022-08-11,03:30,Cow_471,0,0,0,15,23.2,Clear,Field B
2022-08-11,03:30,Cow_472,2,10,3,0,23.2,Clear,Field A
2022-08-11,03:30,Cow_473,0,8,8,0,23.2,Clear,Field B
2022-08-11,03:30,Cow_474,6,3,6,0,23.2,Clear,Field B
2022-08-11,03:30,Cow_475,4,3,8,0,23.2,Clear,Field C
2022-08-11,03:30,Cow_476,0,0,0,15,23.2,Clear,Field B
2022-08-11,03:30,Cow_477,9,0,7,0,23.2,Clear,Field B
2022-08-11,03:30,Cow_478,0,7,8,0,23.2,Clear,Field C
2022-08-11,03:30,Cow_479,11,0,4,0,23.2,Clear,Field A
2022-08-11,03:30,Cow_480,9,0,7,0,23.2,Clear,Field A
2022-08-11,03:30,Cow_481,0,0,0,15,23.2,Clear,Field A
2022-08-11,03:30,Cow_482,6,6,3,0,23.2,Clear,Field C
2022-08-11,03:30,Cow_483,7,3,5,0,23.2,Clear,Field A
2022-08-11,03:30,Cow_484,3,6,6,0,23.2,Clear,Field B
2022-08-11,03:30,Cow_485,0,10,7,0,23.2,Clear,Field C
2022-08-11,03:30,Cow_486,0,10,7,0,23.2,Clear,Field C
2022-08-11,03:30,Cow_487,13,5,0,0,23.2,Clear,Field B
2022-08-11,03:30,Cow_488,0,8,8,0,23.2,Clear,Field C
2022-08-11,03:30,Cow_489,5,9,1,0,23.2,Clear,Field B
2022-08-11,03:30,Cow_490,0,9,6,0,23.2,Clear,Field B
2022-08-11,03:30,Cow_491,6,4,5,0,23.2,Clear,Field B
2022-08-11,03:30,Cow_492,14,0,5,0,23.2,Clear,Field C
2022-08-11,03:30,Cow_493,14,0,7,0,23.2,Clear,Field C
2022-08-11,03:30,Cow_494,7,5,3,0,23.2,Clear,Field B
2022-08-11,03:30,Cow_495,8,0,7,0,23.2,Clear,Field B
2022-08-11,03:30,Cow_496,7,0,8,0,23.2,Clear,Field B
2022-08-11,03:30,Cow_497,3,4,8,0,23.2,Clear,Field A
2022-08-11,03:30,Cow_498,3,6,6,0,23.2,Clear,Field A
2022-08-11,03:30,Cow_499,0,10,5,0,23.2,Clear,Field C
2022-08-11,03:30,Cow_500,14,0,5,0,23.2,Clear,Field B
2022-08-11,03:45,Cow_1,14,9,0,0,29.5,Sunny,Field C
2022-08-11,03:45,Cow_2,11,1,3,0,29.5,Sunny,Field A
2022-08-11,03:45,Cow_3,5,3,7,0,29.5,Sunny,Field B
2022-08-11,03:45,Cow_4,3,7,5,0,29.5,Sunny,Field B
2022-08-11,03:45,Cow_5,2,6,7,0,29.5,Sunny,Field A
2022-08-11,03:45,Cow_6,0,7,8,0,29.5,Sunny,Field C
2022-08-11,03:45,Cow_7,6,1,8,0,29.5,Sunny,Field B
2022-08-11,03:45,Cow_8,0,0,0,15,29.5,Sunny,Field B
2022-08-11,03:45,Cow_9,1,8,6,0,29.5,Sunny,Field C
2022-08-11,03:45,Cow_10,14,0,8,0,29.5,Sunny,Field B
2022-08-11,03:45,Cow_11,5,6,4,0,29.5,Sunny,Field A
2022-08-11,03:45,Cow_12,5,4,6,0,29.5,Sunny,Field C
2022-08-11,03:45,Cow_13,6,3,6,0,29.5,Sunny,Field B
2022-08-11,03:45,Cow_14,0,10,5,0,29.5,Sunny,Field C
2022-08-11,03:45,Cow_15,11,3,1,0,29.5,Sunny,Field A
2022-08-11,03:45,Cow_16,8,3,4,0,29.5,Sunny,Field A
2022-08-11,03:45,Cow_17,0,10,8,0,29.5,Sunny,Field B
2022-08-11,03:45,Cow_18,0,7,8,0,29.5,Sunny,Field B
2022-08-11,03:45,Cow_19,8,2,5,0,29.5,Sunny,Field C
2022-08-11,03:45,Cow_20,13,0,6,0,29.5,Sunny,Field A
2022-08-11,03:45,Cow_21,1,12,2,0,29.5,Sunny,Field A
2022-08-11,03:45,Cow_22,7,1,7,0,29.5,Sunny,Field A
2022-08-11,03:45,Cow_23,9,0,6,0,29.5,Sunny,Field A
2022-08-11,03:45,Cow_24,7,5,3,0,29.5,Sunny,Field B
2022-08-11,03:45,Cow_25,13,0,7,0,29.5,Sunny,Field A
2022-08-11,03:45,Cow_26,5,6,4,0,29.5,Sunny,Field B
2022-08-11,03:45,Cow_27,0,0,0,15,29.5,Sunny,Field A
2022-08-11,03:45,Cow_28,12,0,4,0,29.5,Sunny,Field B
2022-08-11,03:45,Cow_29,9,10,0,0,29.5,Sunny,Field A
2022-08-11,03:45,Cow_30,3,9,3,0,29.5,Sunny,Field C
2022-08-11,03:45,Cow_31,15,0,9,0,29.5,Sunny,Field C
2022-08-11,03:45,Cow_32,6,6,3,0,29.5,Sunny,Field B
2022-08-11,03:45,Cow_33,5,3,7,0,29.5,Sunny,Field A
2022-08-11,03:45,Cow_34,11,7,0,0,29.5,Sunny,Field C
2022-08-11,03:45,Cow_35,9,3,3,0,29.5,Sunny,Field A
2022-08-11,03:45,Cow_36,14,9,0,0,29.5,Sunny,Field C
2022-08-11,03:45,Cow_37,6,1,8,0,29.5,Sunny,Field B
2022-08-11,03:45,Cow_38,6,8,1,0,29.5,Sunny,Field C
2022-08-11,03:45,Cow_39,6,8,1,0,29.5,Sunny,Field B
2022-08-11,03:45,Cow_40,0,10,7,0,29.5,Sunny,Field A
2022-08-11,03:45,Cow_41,13,7,0,0,29.5,Sunny,Field B
2022-08-11,03:45,Cow_42,8,5,2,0,29.5,Sunny,Field A
2022-08-11,03:45,Cow_43,12,3,0,0,29.5,Sunny,Field C
2022-08-11,03:45,Cow_44,3,6,6,0,29.5,Sunny,Field B
2022-08-11,03:45,Cow_45,10,5,0,0,29.5,Sunny,Field B
2022-08-11,03:45,Cow_46,10,0,6,0,29.5,Sunny,Field C
2022-08-11,03:45,Cow_47,5,6,4,0,29.5,Sunny,Field B
2022-08-11,03:45,Cow_48,5,9,1,0,29.5,Sunny,Field C
2022-08-11,03:45,Cow_49,9,9,0,0,29.5,Sunny,Field C
2022-08-11,03:45,Cow_50,8,7,0,0,29.5,Sunny,Field B
2022-08-11,03:45,Cow_51,5,9,1,0,29.5,Sunny,Field A
2022-08-11,03:45,Cow_52,14,9,0,0,29.5,Sunny,Field A
2022-08-11,03:45,Cow_53,13,0,7,0,29.5,Sunny,Field A
2022-08-11,03:45,Cow_54,7,5,3,0,29.5,Sunny,Field A
2022-08-11,03:45,Cow_55,12,0,4,0,29.5,Sunny,Field A
2022-08-11,03:45,Cow_56,7,1,7,0,29.5,Sunny,Field B
2022-08-11,03:45,Cow_57,6,4,5,0,29.5,Sunny,Field C
2022-08-11,03:45,Cow_58,11,9,0,0,29.5,Sunny,Field A
2022-08-11,03:45,Cow_59,4,5,6,0,29.5,Sunny,Field A
2022-08-11,03:45,Cow_60,8,0,7,0,29.5,Sunny,Field B
2022-08-11,03:45,Cow_61,0,10,7,0,29.5,Sunny,Field C
2022-08-11,03:45,Cow_62,0,0,0,15,29.5,Sunny,Field C
2022-08-11,03:45,Cow_63,8,4,3,0,29.5,Sunny,Field A
2022-08-11,03:45,Cow_64,4,7,4,0,29.5,Sunny,Field A
2022-08-11,03:45,Cow_65,7,9,0,0,29.5,Sunny,Field C
2022-08-11,03:45,Cow_66,1,6,8,0,29.5,Sunny,Field B
2022-08-11,03:45,Cow_67,9,3,3,0,29.5,Sunny,Field A
2022-08-11,03:45,Cow_68,7,4,4,0,29.5,Sunny,Field B
2022-08-11,03:45,Cow_69,6,3,6,0,29.5,Sunny,Field C
2022-08-11,03:45,Cow_70,5,5,5,0,29.5,Sunny,Field C
2022-08-11,03:45,Cow_71,2,10,3,0,29.5,Sunny,Field A
2022-08-11,03:45,Cow_72,9,2,4,0,29.5,Sunny,Field C
2022-08-11,03:45,Cow_73,10,5,0,0,29.5,Sunny,Field C
2022-08-11,03:45,Cow_74,3,5,7,0,29.5,Sunny,Field B
2022-08-11,03:45,Cow_75,10,3,2,0,29.5,Sunny,Field C
2022-08-11,03:45,Cow_76,5,6,4,0,29.5,Sunny,Field C
2022-08-11,03:45,Cow_77,5,3,7,0,29.5,Sunny,Field C
2022-08-11,03:45,Cow_78,0,10,5,0,29.5,Sunny,Field C
2022-08-11,03:45,Cow_79,1,10,4,0,29.5,Sunny,Field B
2022-08-11,03:45,Cow_80,0,0,0,15,29.5,Sunny,Field B
2022-08-11,03:45,Cow_81,0,0,0,15,29.5,Sunny,Field A
2022-08-11,03:45,Cow_82,0,7,8,0,29.5,Sunny,Field B
2022-08-11,03:45,Cow_83,13,3,0,0,29.5,Sunny,Field A
2022-08-11,03:45,Cow_84,11,0,5,0,29.5,Sunny,Field B
2022-08-11,03:45,Cow_85,6,6,3,0,29.5,Sunny,Field C
2022-08-11,03:45,Cow_86,8,8,0,0,29.5,Sunny,Field B
2022-08-11,03:45,Cow_87,2,9,4,0,29.5,Sunny,Field B
2022-08-11,03:45,Cow_88,5,3,7,0,29.5,Sunny,Field A
2022-08-11,03:45,Cow_89,0,10,7,0,29.5,Sunny,Field C
2022-08-11,03:45,Cow_90,9,8,0,0,29.5,Sunny,Field B
2022-08-11,03:45,Cow_91,14,0,4,0,29.5,Sunny,Field B
2022-08-11,03:45,Cow_92,7,7,1,0,29.5,Sunny,Field C
2022-08-11,03:45,Cow_93,14,0,7,0,29.5,Sunny,Field C
2022-08-11,03:45,Cow_94,12,7,0,0,29.5,Sunny,Field B
2022-08-11,03:45,Cow_95,11,0,8,0,29.5,Sunny,Field C
2022-08-11,03:45,Cow_96,8,5,2,0,29.5,Sunny,Field B
2022-08-11,03:45,Cow_97,5,8,2,0,29.5,Sunny,Field B
2022-08-11,03:45,Cow_98,14,5,0,0,29.5,Sunny,Field C
2022-08-11,03:45,Cow_99,6,1,8,0,29.5,Sunny,Field C
2022-08-11,03:45,Cow_100,0,9,8,0,29.5,Sunny,Field C
2022-08-11,03:45,Cow_101,13,3,0,0,29.5,Sunny,Field B
2022-08-11,03:45,Cow_102,5,3,7,0,29.5,Sunny,Field C
2022-08-11,03:45,Cow_103,9,3,3,0,29.5,Sunny,Field B
2022-08-11,03:45,Cow_104,10,0,6,0,29.5,Sunny,Field A
2022-08-11,03:45,Cow_105,11,0,6,0,29.5,Sunny,Field C
2022-08-11,03:45,Cow_106,14,7,0,0,29.5,Sunny,Field A
2022-08-11,03:45,Cow_107,7,7,1,0,29.5,Sunny,Field A
2022-08-11,03:45,Cow_108,8,4,3,0,29.5,Sunny,Field B
2022-08-11,03:45,Cow_109,3,4,8,0,29.5,Sunny,Field C
2022-08-11,03:45,Cow_110,14,0,7,0,29.5,Sunny,Field C
2022-08-11,03:45,Cow_111,14,0,4,0,29.5,Sunny,Field B
2022-08-11,03:45,Cow_112,4,7,4,0,29.5,Sunny,Field A
2022-08-11,03:45,Cow_113,4,6,5,0,29.5,Sunny,Field C
2022-08-11,03:45,Cow_114,7,4,4,0,29.5,Sunny,Field B
2022-08-11,03:45,Cow_115,11,6,0,0,29.5,Sunny,Field C
2022-08-11,03:45,Cow_116,12,0,6,0,29.5,Sunny,Field B
2022-08-11,03:45,Cow_117,10,7,0,0,29.5,Sunny,Field A
2022-08-11,03:45,Cow_118,0,8,8,0,29.5,Sunny,Field A
2022-08-11,03:45,Cow_119,13,7,0,0,29.5,Sunny,Field B
2022-08-11,03:45,Cow_120,0,10,6,0,29.5,Sunny,Field B
2022-08-11,03:45,Cow_121,13,0,4,0,29.5,Sunny,Field C
2022-08-11,03:45,Cow_122,9,5,1,0,29.5,Sunny,Field A
2022-08-11,03:45,Cow_123,7,9,0,0,29.5,Sunny,Field C
2022-08-11,03:45,Cow_124,5,8,2,0,29.5,Sunny,Field C
2022-08-11,03:45,Cow_125,14,3,0,0,29.5,Sunny,Field C
2022-08-11,03:45,Cow_126,0,0,0,15,29.5,Sunny,Field B
2022-08-11,03:45,Cow_127,6,2,7,0,29.5,Sunny,Field A
2022-08-11,03:45,Cow_128,0,0,0,15,29.5,Sunny,Field B
2022-08-11,03:45,Cow_129,14,4,0,0,29.5,Sunny,Field B
2022-08-11,03:45,Cow_130,13,8,0,0,29.5,Sunny,Field B
2022-08-11,03:45,Cow_131,6,6,3,0,29.5,Sunny,Field C
2022-08-11,03:45,Cow_132,14,6,0,0,29.5,Sunny,Field B
2022-08-11,03:45,Cow_133,11,0,5,0,29.5,Sunny,Field B
2022-08-11,03:45,Cow_134,3,5,7,0,29.5,Sunny,Field B
2022-08-11,03:45,Cow_135,5,3,7,0,29.5,Sunny,Field A
2022-08-11,03:45,Cow_136,11,9,0,0,29.5,Sunny,Field B
2022-08-11,03:45,Cow_137,4,4,7,0,29.5,Sunny,Field B
2022-08-11,03:45,Cow_138,9,0,6,0,29.5,Sunny,Field B
2022-08-11,03:45,Cow_139,13,0,5,0,29.5,Sunny,Field A
2022-08-11,03:45,Cow_140,0,0,0,15,29.5,Sunny,Field C
2022-08-11,03:45,Cow_141,2,10,3,0,29.5,Sunny,Field B
2022-08-11,03:45,Cow_142,7,5,3,0,29.5,Sunny,Field B
2022-08-11,03:45,Cow_143,0,9,8,0,29.5,Sunny,Field B
2022-08-11,03:45,Cow_144,9,9,0,0,29.5,Sunny,Field C
2022-08-11,03:45,Cow_145,5,9,1,0,29.5,Sunny,Field A
2022-08-11,03:45,Cow_146,4,8,3,0,29.5,Sunny,Field C
2022-08-11,03:45,Cow_147,6,10,0,0,29.5,Sunny,Field A
2022-08-11,03:45,Cow_148,8,1,6,0,29.5,Sunny,Field A
2022-08-11,03:45,Cow_149,12,0,5,0,29.5,Sunny,Field A
2022-08-11,03:45,Cow_150,8,2,5,0,29.5,Sunny,Field C
2022-08-11,03:45,Cow_151,0,0,0,15,29.5,Sunny,Field A
2022-08-11,03:45,Cow_152,6,6,3,0,29.5,Sunny,Field B
2022-08-11,03:45,Cow_153,13,0,3,0,29.5,Sunny,Field B
2022-08-11,03:45,Cow_154,6,3,6,0,29.5,Sunny,Field B
2022-08-11,03:45,Cow_155,13,4,0,0,29.5,Sunny,Field A
2022-08-11,03:45,Cow_156,6,8,1,0,29.5,Sunny,Field C
2022-08-11,03:45,Cow_157,11,0,5,0,29.5,Sunny,Field C
2022-08-11,03:45,Cow_158,9,2,4,0,29.5,Sunny,Field A
2022-08-11,03:45,Cow_159,11,1,3,0,29.5,Sunny,Field A
2022-08-11,03:45,Cow_160,6,3,6,0,29.5,Sunny,Field A
2022-08-11,03:45,Cow_161,11,0,5,0,29.5,Sunny,Field B
2022-08-11,03:45,Cow_162,1,7,7,0,29.5,Sunny,Field C
2022-08-11,03:45,Cow_163,6,10,0,0,29.5,Sunny,Field A
2022-08-11,03:45,Cow_164,11,1,3,0,29.5,Sunny,Field B
2022-08-11,03:45,Cow_165,8,0,7,0,29.5,Sunny,Field A
2022-08-11,03:45,Cow_166,7,4,4,0,29.5,Sunny,Field A
2022-08-11,03:45,Cow_167,14,0,6,0,29.5,Sunny,Field B
2022-08-11,03:45,Cow_168,12,10,0,0,29.5,Sunny,Field C
2022-08-11,03:45,Cow_169,11,5,0,0,29.5,Sunny,Field B
2022-08-11,03:45,Cow_170,5,3,7,0,29.5,Sunny,Field B
2022-08-11,03:45,Cow_171,5,2,8,0,29.5,Sunny,Field A
2022-08-11,03:45,Cow_172,3,8,4,0,29.5,Sunny,Field B
2022-08-11,03:45,Cow_173,7,10,0,0,29.5,Sunny,Field B
2022-08-11,03:45,Cow_174,10,3,2,0,29.5,Sunny,Field B
2022-08-11,03:45,Cow_175,14,0,4,0,29.5,Sunny,Field A
2022-08-11,03:45,Cow_176,2,10,3,0,29.5,Sunny,Field A
2022-08-11,03:45,Cow_177,6,4,5,0,29.5,Sunny,Field C
2022-08-11,03:45,Cow_178,5,6,4,0,29.5,Sunny,Field B
2022-08-11,03:45,Cow_179,12,5,0,0,29.5,Sunny,Field B
2022-08-11,03:45,Cow_180,0,9,8,0,29.5,Sunny,Field B
2022-08-11,03:45,Cow_181,6,6,3,0,29.5,Sunny,Field B
2022-08-11,03:45,Cow_182,6,2,7,0,29.5,Sunny,Field B
2022-08-11,03:45,Cow_183,13,6,0,0,29.5,Sunny,Field C
2022-08-11,03:45,Cow_184,1,9,5,0,29.5,Sunny,Field C
2022-08-11,03:45,Cow_185,2,9,4,0,29.5,Sunny,Field C
2022-08-11,03:45,Cow_186,9,2,4,0,29.5,Sunny,Field C
2022-08-11,03:45,Cow_187,5,6,4,0,29.5,Sunny,Field B
2022-08-11,03:45,Cow_188,7,0,8,0,29.5,Sunny,Field A
2022-08-11,03:45,Cow_189,3,5,7,0,29.5,Sunny,Field B
2022-08-11,03:45,Cow_190,5,6,4,0,29.5,Sunny,Field C
2022-08-11,03:45,Cow_191,0,7,8,0,29.5,Sunny,Field A
2022-08-11,03:45,Cow_192,0,0,0,15,29.5,Sunny,Field C
2022-08-11,03:45,Cow_193,7,3,5,0,29.5,Sunny,Field C
2022-08-11,03:45,Cow_194,10,0,7,0,29.5,Sunny,Field B
2022-08-11,03:45,Cow_195,13,9,0,0,29.5,Sunny,Field B
2022-08-11,03:45,Cow_196,6,6,3,0,29.5,Sunny,Field B
2022-08-11,03:45,Cow_197,5,6,4,0,29.5,Sunny,Field B
2022-08-11,03:45,Cow_198,4,8,3,0,29.5,Sunny,Field B
2022-08-11,03:45,Cow_199,5,2,8,0,29.5,Sunny,Field B
2022-08-11,03:45,Cow_200,5,6,4,0,29.5,Sunny,Field B
2022-08-11,03:45,Cow_201,13,0,8,0,29.5,Sunny,Field C
2022-08-11,03:45,Cow_202,13,10,0,0,29.5,Sunny,Field C
2022-08-11,03:45,Cow_203,5,4,6,0,29.5,Sunny,Field B
2022-08-11,03:45,Cow_204,12,0,7,0,29.5,Sunny,Field B
2022-08-11,03:45,Cow_205,3,9,3,0,29.5,Sunny,Field C
2022-08-11,03:45,Cow_206,11,0,6,0,29.5,Sunny,Field B
2022-08-11,03:45,Cow_207,3,5,7,0,29.5,Sunny,Field A
2022-08-11,03:45,Cow_208,5,5,5,0,29.5,Sunny,Field C
2022-08-11,03:45,Cow_209,3,9,3,0,29.5,Sunny,Field B
2022-08-11,03:45,Cow_210,9,5,1,0,29.5,Sunny,Field A
2022-08-11,03:45,Cow_211,6,5,4,0,29.5,Sunny,Field A
2022-08-11,03:45,Cow_212,8,4,3,0,29.5,Sunny,Field A
2022-08-11,03:45,Cow_213,11,7,0,0,29.5,Sunny,Field C
2022-08-11,03:45,Cow_214,0,0,0,15,29.5,Sunny,Field B
2022-08-11,03:45,Cow_215,12,0,8,0,29.5,Sunny,Field C
2022-08-11,03:45,Cow_216,1,7,7,0,29.5,Sunny,Field B
2022-08-11,03:45,Cow_217,5,4,6,0,29.5,Sunny,Field B
2022-08-11,03:45,Cow_218,0,0,0,15,29.5,Sunny,Field B
2022-08-11,03:45,Cow_219,5,6,4,0,29.5,Sunny,Field C
2022-08-11,03:45,Cow_220,9,1,5,0,29.5,Sunny,Field B
2022-08-11,03:45,Cow_221,8,4,3,0,29.5,Sunny,Field A
2022-08-11,03:45,Cow_222,6,3,6,0,29.5,Sunny,Field C
2022-08-11,03:45,Cow_223,1,7,7,0,29.5,Sunny,Field B
2022-08-11,03:45,Cow_224,14,5,0,0,29.5,Sunny,Field B
2022-08-11,03:45,Cow_225,5,6,4,0,29.5,Sunny,Field A
2022-08-11,03:45,Cow_226,13,0,6,0,29.5,Sunny,Field C
2022-08-11,03:45,Cow_227,12,7,0,0,29.5,Sunny,Field C
2022-08-11,03:45,Cow_228,7,10,0,0,29.5,Sunny,Field A
2022-08-11,03:45,Cow_229,1,8,6,0,29.5,Sunny,Field A
2022-08-11,03:45,Cow_230,6,4,5,0,29.5,Sunny,Field C
2022-08-11,03:45,Cow_231,7,0,8,0,29.5,Sunny,Field C
2022-08-11,03:45,Cow_232,3,8,4,0,29.5,Sunny,Field A
2022-08-11,03:45,Cow_233,6,9,0,0,29.5,Sunny,Field C
2022-08-11,03:45,Cow_234,5,5,5,0,29.5,Sunny,Field C
2022-08-11,03:45,Cow_235,14,6,0,0,29.5,Sunny,Field A
2022-08-11,03:45,Cow_236,14,0,6,0,29.5,Sunny,Field C
2022-08-11,03:45,Cow_237,7,5,3,0,29.5,Sunny,Field B
2022-08-11,03:45,Cow_238,5,4,6,0,29.5,Sunny,Field A
2022-08-11,03:45,Cow_239,10,0,8,0,29.5,Sunny,Field A
2022-08-11,03:45,Cow_240,6,7,2,0,29.5,Sunny,Field B
2022-08-11,03:45,Cow_241,6,5,4,0,29.5,Sunny,Field B
2022-08-11,03:45,Cow_242,10,0,5,0,29.5,Sunny,Field C
2022-08-11,03:45,Cow_243,5,9,1,0,29.5,Sunny,Field A
2022-08-11,03:45,Cow_244,8,4,3,0,29.5,Sunny,Field A
2022-08-11,03:45,Cow_245,8,4,3,0,29.5,Sunny,Field B
2022-08-11,03:45,Cow_246,5,3,7,0,29.5,Sunny,Field C
2022-08-11,03:45,Cow_247,6,6,3,0,29.5,Sunny,Field B
2022-08-11,03:45,Cow_248,8,0,7,0,29.5,Sunny,Field B
2022-08-11,03:45,Cow_249,14,9,0,0,29.5,Sunny,Field C
2022-08-11,03:45,Cow_250,10,9,0,0,29.5,Sunny,Field B
2022-08-11,03:45,Cow_251,13,0,3,0,29.5,Sunny,Field A
2022-08-11,03:45,Cow_252,1,11,3,0,29.5,Sunny,Field B
2022-08-11,03:45,Cow_253,6,3,6,0,29.5,Sunny,Field A
2022-08-11,03:45,Cow_254,0,10,7,0,29.5,Sunny,Field B
2022-08-11,03:45,Cow_255,4,6,5,0,29.5,Sunny,Field C
2022-08-11,03:45,Cow_256,8,4,3,0,29.5,Sunny,Field C
2022-08-11,03:45,Cow_257,13,4,0,0,29.5,Sunny,Field B
2022-08-11,03:45,Cow_258,6,5,4,0,29.5,Sunny,Field B
2022-08-11,03:45,Cow_259,11,7,0,0,29.5,Sunny,Field B
2022-08-11,03:45,Cow_260,1,10,4,0,29.5,Sunny,Field A
2022-08-11,03:45,Cow_261,7,3,5,0,29.5,Sunny,Field A
2022-08-11,03:45,Cow_262,6,6,3,0,29.5,Sunny,Field C
2022-08-11,03:45,Cow_263,5,7,3,0,29.5,Sunny,Field A
2022-08-11,03:45,Cow_264,6,2,7,0,29.5,Sunny,Field A
2022-08-11,03:45,Cow_265,8,4,3,0,29.5,Sunny,Field A
2022-08-11,03:45,Cow_266,2,6,7,0,29.5,Sunny,Field C
2022-08-11,03:45,Cow_267,7,4,4,0,29.5,Sunny,Field A
2022-08-11,03:45,Cow_268,0,8,7,0,29.5,Sunny,Field B
2022-08-11,03:45,Cow_269,9,3,3,0,29.5,Sunny,Field A
2022-08-11,03:45,Cow_270,11,9,0,0,29.5,Sunny,Field C
2022-08-11,03:45,Cow_271,0,0,0,15,29.5,Sunny,Field C
2022-08-11,03:45,Cow_272,11,5,0,0,29.5,Sunny,Field B
2022-08-11,03:45,Cow_273,14,9,0,0,29.5,Sunny,Field A
2022-08-11,03:45,Cow_274,6,4,5,0,29.5,Sunny,Field C
2022-08-11,03:45,Cow_275,12,9,0,0,29.5,Sunny,Field A
2022-08-11,03:45,Cow_276,5,3,7,0,29.5,Sunny,Field A
2022-08-11,03:45,Cow_277,4,5,6,0,29.5,Sunny,Field A
2022-08-11,03:45,Cow_278,0,0,0,15,29.5,Sunny,Field B
2022-08-11,03:45,Cow_279,0,10,6,0,29.5,Sunny,Field A
2022-08-11,03:45,Cow_280,5,8,2,0,29.5,Sunny,Field A
2022-08-11,03:45,Cow_281,10,9,0,0,29.5,Sunny,Field A
2022-08-11,03:45,Cow_282,0,7,8,0,29.5,Sunny,Field A
2022-08-11,03:45,Cow_283,4,6,5,0,29.5,Sunny,Field C
2022-08-11,03:45,Cow_284,13,0,4,0,29.5,Sunny,Field A
2022-08-11,03:45,Cow_285,5,3,7,0,29.5,Sunny,Field A
2022-08-11,03:45,Cow_286,0,9,7,0,29.5,Sunny,Field C
2022-08-11,03:45,Cow_287,12,0,4,0,29.5,Sunny,Field C
2022-08-11,03:45,Cow_288,8,4,3,0,29.5,Sunny,Field C
2022-08-11,03:45,Cow_289,5,4,6,0,29.5,Sunny,Field B
2022-08-11,03:45,Cow_290,4,6,5,0,29.5,Sunny,Field B
2022-08-11,03:45,Cow_291,0,0,0,15,29.5,Sunny,Field A
2022-08-11,03:45,Cow_292,13,3,0,0,29.5,Sunny,Field B
2022-08-11,03:45,Cow_293,15,6,0,0,29.5,Sunny,Field A
2022-08-11,03:45,Cow_294,14,0,5,0,29.5,Sunny,Field C
2022-08-11,03:45,Cow_295,7,4,4,0,29.5,Sunny,Field C
2022-08-11,03:45,Cow_296,0,9,6,0,29.5,Sunny,Field B
2022-08-11,03:45,Cow_297,11,0,7,0,29.5,Sunny,Field A
2022-08-11,03:45,Cow_298,9,5,1,0,29.5,Sunny,Field A
2022-08-11,03:45,Cow_299,4,6,5,0,29.5,Sunny,Field C
2022-08-11,03:45,Cow_300,13,6,0,0,29.5,Sunny,Field B
2022-08-11,03:45,Cow_301,13,0,3,0,29.5,Sunny,Field A
2022-08-11,03:45,Cow_302,4,7,4,0,29.5,Sunny,Field C
2022-08-11,03:45,Cow_303,11,4,0,0,29.5,Sunny,Field B
2022-08-11,03:45,Cow_304,6,4,5,0,29.5,Sunny,Field B
2022-08-11,03:45,Cow_305,5,4,6,0,29.5,Sunny,Field C
2022-08-11,03:45,Cow_306,13,4,0,0,29.5,Sunny,Field B
2022-08-11,03:45,Cow_307,0,9,8,0,29.5,Sunny,Field B
2022-08-11,03:45,Cow_308,0,0,0,15,29.5,Sunny,Field A
2022-08-11,03:45,Cow_309,6,6,3,0,29.5,Sunny,Field C
2022-08-11,03:45,Cow_310,11,4,0,0,29.5,Sunny,Field A
2022-08-11,03:45,Cow_311,5,6,4,0,29.5,Sunny,Field A
2022-08-11,03:45,Cow_312,13,7,0,0,29.5,Sunny,Field B
2022-08-11,03:45,Cow_313,5,7,3,0,29.5,Sunny,Field B
2022-08-11,03:45,Cow_314,9,8,0,0,29.5,Sunny,Field C
2022-08-11,03:45,Cow_315,11,0,7,0,29.5,Sunny,Field A
2022-08-11,03:45,Cow_316,5,6,4,0,29.5,Sunny,Field A
2022-08-11,03:45,Cow_317,12,0,6,0,29.5,Sunny,Field C
2022-08-11,03:45,Cow_318,6,5,4,0,29.5,Sunny,Field C
2022-08-11,03:45,Cow_319,0,0,0,15,29.5,Sunny,Field C
2022-08-11,03:45,Cow_320,10,0,8,0,29.5,Sunny,Field A
2022-08-11,03:45,Cow_321,14,0,6,0,29.5,Sunny,Field C
2022-08-11,03:45,Cow_322,9,0,6,0,29.5,Sunny,Field C
2022-08-11,03:45,Cow_323,5,3,7,0,29.5,Sunny,Field A
2022-08-11,03:45,Cow_324,11,8,0,0,29.5,Sunny,Field C
2022-08-11,03:45,Cow_325,5,8,2,0,29.5,Sunny,Field C
2022-08-11,03:45,Cow_326,7,4,4,0,29.5,Sunny,Field A
2022-08-11,03:45,Cow_327,0,0,0,15,29.5,Sunny,Field A
2022-08-11,03:45,Cow_328,7,4,4,0,29.5,Sunny,Field C
2022-08-11,03:45,Cow_329,0,9,6,0,29.5,Sunny,Field B
2022-08-11,03:45,Cow_330,0,9,8,0,29.5,Sunny,Field A
2022-08-11,03:45,Cow_331,7,10,0,0,29.5,Sunny,Field B
2022-08-11,03:45,Cow_332,1,10,4,0,29.5,Sunny,Field C
2022-08-11,03:45,Cow_333,13,0,7,0,29.5,Sunny,Field B
2022-08-11,03:45,Cow_334,5,7,3,0,29.5,Sunny,Field C
2022-08-11,03:45,Cow_335,12,0,8,0,29.5,Sunny,Field A
2022-08-11,03:45,Cow_336,5,3,7,0,29.5,Sunny,Field C
2022-08-11,03:45,Cow_337,13,0,5,0,29.5,Sunny,Field B
2022-08-11,03:45,Cow_338,7,7,1,0,29.5,Sunny,Field C
2022-08-11,03:45,Cow_339,7,4,4,0,29.5,Sunny,Field A
2022-08-11,03:45,Cow_340,12,0,5,0,29.5,Sunny,Field A
2022-08-11,03:45,Cow_341,7,5,3,0,29.5,Sunny,Field A
2022-08-11,03:45,Cow_342,8,0,7,0,29.5,Sunny,Field C
2022-08-11,03:45,Cow_343,5,5,5,0,29.5,Sunny,Field B
2022-08-11,03:45,Cow_344,14,0,3,0,29.5,Sunny,Field A
2022-08-11,03:45,Cow_345,14,0,7,0,29.5,Sunny,Field B
2022-08-11,03:45,Cow_346,6,5,4,0,29.5,Sunny,Field C
2022-08-11,03:45,Cow_347,7,0,8,0,29.5,Sunny,Field C
2022-08-11,03:45,Cow_348,14,0,3,0,29.5,Sunny,Field B
2022-08-11,03:45,Cow_349,1,6,8,0,29.5,Sunny,Field A
2022-08-11,03:45,Cow_350,14,0,6,0,29.5,Sunny,Field C
2022-08-11,03:45,Cow_351,6,8,1,0,29.5,Sunny,Field B
2022-08-11,03:45,Cow_352,6,3,6,0,29.5,Sunny,Field A
2022-08-11,03:45,Cow_353,6,3,6,0,29.5,Sunny,Field B
2022-08-11,03:45,Cow_354,6,4,5,0,29.5,Sunny,Field B
2022-08-11,03:45,Cow_355,8,4,3,0,29.5,Sunny,Field B
2022-08-11,03:45,Cow_356,11,5,0,0,29.5,Sunny,Field B
2022-08-11,03:45,Cow_357,14,0,3,0,29.5,Sunny,Field A
2022-08-11,03:45,Cow_358,0,9,7,0,29.5,Sunny,Field C
2022-08-11,03:45,Cow_359,0,10,10,0,29.5,Sunny,Field C
2022-08-11,03:45,Cow_360,7,0,8,0,29.5,Sunny,Field B
2022-08-11,03:45,Cow_361,13,4,0,0,29.5,Sunny,Field A
2022-08-11,03:45,Cow_362,8,4,3,0,29.5,Sunny,Field A
2022-08-11,03:45,Cow_363,3,6,6,0,29.5,Sunny,Field A
2022-08-11,03:45,Cow_364,12,7,0,0,29.5,Sunny,Field C
2022-08-11,03:45,Cow_365,7,3,5,0,29.5,Sunny,Field B
2022-08-11,03:45,Cow_366,5,7,3,0,29.5,Sunny,Field B
2022-08-11,03:45,Cow_367,0,9,8,0,29.5,Sunny,Field A
2022-08-11,03:45,Cow_368,6,4,5,0,29.5,Sunny,Field B
2022-08-11,03:45,Cow_369,14,0,8,0,29.5,Sunny,Field C
2022-08-11,03:45,Cow_370,2,7,6,0,29.5,Sunny,Field B
2022-08-11,03:45,Cow_371,7,0,8,0,29.5,Sunny,Field A
2022-08-11,03:45,Cow_372,11,0,7,0,29.5,Sunny,Field A
2022-08-11,03:45,Cow_373,10,0,5,0,29.5,Sunny,Field B
2022-08-11,03:45,Cow_374,5,7,3,0,29.5,Sunny,Field B
2022-08-11,03:45,Cow_375,13,7,0,0,29.5,Sunny,Field C
2022-08-11,03:45,Cow_376,7,4,4,0,29.5,Sunny,Field A
2022-08-11,03:45,Cow_377,13,0,3,0,29.5,Sunny,Field B
2022-08-11,03:45,Cow_378,14,10,0,0,29.5,Sunny,Field A
2022-08-11,03:45,Cow_379,13,9,0,0,29.5,Sunny,Field C
2022-08-11,03:45,Cow_380,6,8,1,0,29.5,Sunny,Field B
2022-08-11,03:45,Cow_381,8,1,6,0,29.5,Sunny,Field A
2022-08-11,03:45,Cow_382,5,4,6,0,29.5,Sunny,Field C
2022-08-11,03:45,Cow_383,6,5,4,0,29.5,Sunny,Field A
2022-08-11,03:45,Cow_384,5,4,6,0,29.5,Sunny,Field B
2022-08-11,03:45,Cow_385,7,2,6,0,29.5,Sunny,Field A
2022-08-11,03:45,Cow_386,0,0,0,15,29.5,Sunny,Field C
2022-08-11,03:45,Cow_387,5,7,3,0,29.5,Sunny,Field B
2022-08-11,03:45,Cow_388,8,7,0,0,29.5,Sunny,Field A
2022-08-11,03:45,Cow_389,11,3,1,0,29.5,Sunny,Field C
2022-08-11,03:45,Cow_390,0,0,0,15,29.5,Sunny,Field C
2022-08-11,03:45,Cow_391,12,10,0,0,29.5,Sunny,Field C
2022-08-11,03:45,Cow_392,12,0,8,0,29.5,Sunny,Field A
2022-08-11,03:45,Cow_393,13,0,7,0,29.5,Sunny,Field B
2022-08-11,03:45,Cow_394,13,7,0,0,29.5,Sunny,Field A
2022-08-11,03:45,Cow_395,9,0,6,0,29.5,Sunny,Field B
2022-08-11,03:45,Cow_396,8,0,7,0,29.5,Sunny,Field C
2022-08-11,03:45,Cow_397,10,1,4,0,29.5,Sunny,Field C
2022-08-11,03:45,Cow_398,10,6,0,0,29.5,Sunny,Field B
2022-08-11,03:45,Cow_399,5,3,7,0,29.5,Sunny,Field A
2022-08-11,03:45,Cow_400,4,8,3,0,29.5,Sunny,Field B
2022-08-11,03:45,Cow_401,11,1,3,0,29.5,Sunny,Field A
2022-08-11,03:45,Cow_402,14,5,0,0,29.5,Sunny,Field B
2022-08-11,03:45,Cow_403,5,4,6,0,29.5,Sunny,Field B
2022-08-11,03:45,Cow_404,11,1,3,0,29.5,Sunny,Field B
2022-08-11,03:45,Cow_405,4,6,5,0,29.5,Sunny,Field C
2022-08-11,03:45,Cow_406,5,6,4,0,29.5,Sunny,Field B
2022-08-11,03:45,Cow_407,1,10,4,0,29.5,Sunny,Field B
2022-08-11,03:45,Cow_408,11,0,6,0,29.5,Sunny,Field A
2022-08-11,03:45,Cow_409,5,7,3,0,29.5,Sunny,Field C
2022-08-11,03:45,Cow_410,5,6,4,0,29.5,Sunny,Field C
2022-08-11,03:45,Cow_411,6,9,0,0,29.5,Sunny,Field C
2022-08-11,03:45,Cow_412,0,8,7,0,29.5,Sunny,Field C
2022-08-11,03:45,Cow_413,11,0,4,0,29.5,Sunny,Field C
2022-08-11,03:45,Cow_414,11,4,0,0,29.5,Sunny,Field A
2022-08-11,03:45,Cow_415,5,5,5,0,29.5,Sunny,Field B
2022-08-11,03:45,Cow_416,5,5,5,0,29.5,Sunny,Field A
2022-08-11,03:45,Cow_417,10,10,0,0,29.5,Sunny,Field B
2022-08-11,03:45,Cow_418,11,0,8,0,29.5,Sunny,Field A
2022-08-11,03:45,Cow_419,0,0,0,15,29.5,Sunny,Field B
2022-08-11,03:45,Cow_420,2,7,6,0,29.5,Sunny,Field C
2022-08-11,03:45,Cow_421,9,0,7,0,29.5,Sunny,Field C
2022-08-11,03:45,Cow_422,5,5,5,0,29.5,Sunny,Field C
2022-08-11,03:45,Cow_423,2,7,6,0,29.5,Sunny,Field C
2022-08-11,03:45,Cow_424,9,1,5,0,29.5,Sunny,Field A
2022-08-11,03:45,Cow_425,14,0,7,0,29.5,Sunny,Field B
2022-08-11,03:45,Cow_426,7,5,3,0,29.5,Sunny,Field A
2022-08-11,03:45,Cow_427,9,12,0,0,29.5,Sunny,Field C
2022-08-11,03:45,Cow_428,6,6,3,0,29.5,Sunny,Field B
2022-08-11,03:45,Cow_429,14,0,3,0,29.5,Sunny,Field C
2022-08-11,03:45,Cow_430,3,6,6,0,29.5,Sunny,Field B
2022-08-11,03:45,Cow_431,10,3,2,0,29.5,Sunny,Field B
2022-08-11,03:45,Cow_432,2,7,6,0,29.5,Sunny,Field C
2022-08-11,03:45,Cow_433,13,7,0,0,29.5,Sunny,Field B
2022-08-11,03:45,Cow_434,7,5,3,0,29.5,Sunny,Field C
2022-08-11,03:45,Cow_435,8,5,2,0,29.5,Sunny,Field B
2022-08-11,03:45,Cow_436,5,9,1,0,29.5,Sunny,Field C
2022-08-11,03:45,Cow_437,12,8,0,0,29.5,Sunny,Field A
2022-08-11,03:45,Cow_438,9,3,3,0,29.5,Sunny,Field C
2022-08-11,03:45,Cow_439,5,2,8,0,29.5,Sunny,Field C
2022-08-11,03:45,Cow_440,7,5,3,0,29.5,Sunny,Field C
2022-08-11,03:45,Cow_441,0,8,7,0,29.5,Sunny,Field A
2022-08-11,03:45,Cow_442,13,0,2,0,29.5,Sunny,Field A
2022-08-11,03:45,Cow_443,0,10,7,0,29.5,Sunny,Field C
2022-08-11,03:45,Cow_444,7,5,3,0,29.5,Sunny,Field B
2022-08-11,03:45,Cow_445,14,0,5,0,29.5,Sunny,Field A
2022-08-11,03:45,Cow_446,11,4,0,0,29.5,Sunny,Field A
2022-08-11,03:45,Cow_447,13,8,0,0,29.5,Sunny,Field A
2022-08-11,03:45,Cow_448,5,5,5,0,29.5,Sunny,Field A
2022-08-11,03:45,Cow_449,10,1,4,0,29.5,Sunny,Field B
2022-08-11,03:45,Cow_450,4,8,3,0,29.5,Sunny,Field C
2022-08-11,03:45,Cow_451,9,6,0,0,29.5,Sunny,Field C
2022-08-11,03:45,Cow_452,9,3,3,0,29.5,Sunny,Field A
2022-08-11,03:45,Cow_453,6,3,6,0,29.5,Sunny,Field C
2022-08-11,03:45,Cow_454,14,8,0,0,29.5,Sunny,Field C
2022-08-11,03:45,Cow_455,0,0,0,15,29.5,Sunny,Field A
2022-08-11,03:45,Cow_456,0,9,7,0,29.5,Sunny,Field B
2022-08-11,03:45,Cow_457,1,8,6,0,29.5,Sunny,Field A
2022-08-11,03:45,Cow_458,14,0,4,0,29.5,Sunny,Field A
2022-08-11,03:45,Cow_459,7,3,5,0,29.5,Sunny,Field B
2022-08-11,03:45,Cow_460,2,9,4,0,29.5,Sunny,Field C
2022-08-11,03:45,Cow_461,5,10,0,0,29.5,Sunny,Field C
2022-08-11,03:45,Cow_462,1,9,5,0,29.5,Sunny,Field A
2022-08-11,03:45,Cow_463,6,8,1,0,29.5,Sunny,Field B
2022-08-11,03:45,Cow_464,9,9,0,0,29.5,Sunny,Field B
2022-08-11,03:45,Cow_465,11,4,0,0,29.5,Sunny,Field B
2022-08-11,03:45,Cow_466,8,1,6,0,29.5,Sunny,Field B
2022-08-11,03:45,Cow_467,0,0,0,15,29.5,Sunny,Field A
2022-08-11,03:45,Cow_468,0,0,0,15,29.5,Sunny,Field C
2022-08-11,03:45,Cow_469,0,0,0,15,29.5,Sunny,Field B
2022-08-11,03:45,Cow_470,0,0,0,15,29.5,Sunny,Field C
2022-08-11,03:45,Cow_471,14,0,6,0,29.5,Sunny,Field C
2022-08-11,03:45,Cow_472,12,4,0,0,29.5,Sunny,Field B
2022-08-11,03:45,Cow_473,0,8,7,0,29.5,Sunny,Field A
2022-08-11,03:45,Cow_474,3,7,5,0,29.5,Sunny,Field C
2022-08-11,03:45,Cow_475,14,5,0,0,29.5,Sunny,Field A
2022-08-11,03:45,Cow_476,0,7,8,0,29.5,Sunny,Field B
2022-08-11,03:45,Cow_477,13,0,8,0,29.5,Sunny,Field C
2022-08-11,03:45,Cow_478,9,0,8,0,29.5,Sunny,Field B
2022-08-11,03:45,Cow_479,0,10,7,0,29.5,Sunny,Field A
2022-08-11,03:45,Cow_480,4,3,8,0,29.5,Sunny,Field A
2022-08-11,03:45,Cow_481,2,7,6,0,29.5,Sunny,Field B
2022-08-11,03:45,Cow_482,3,8,4,0,29.5,Sunny,Field A
2022-08-11,03:45,Cow_483,0,0,0,15,29.5,Sunny,Field B
2022-08-11,03:45,Cow_484,5,3,7,0,29.5,Sunny,Field C
2022-08-11,03:45,Cow_485,5,7,3,0,29.5,Sunny,Field C
2022-08-11,03:45,Cow_486,0,10,6,0,29.5,Sunny,Field C
2022-08-11,03:45,Cow_487,4,4,7,0,29.5,Sunny,Field C
2022-08-11,03:45,Cow_488,2,7,6,0,29.5,Sunny,Field B
2022-08-11,03:45,Cow_489,5,3,7,0,29.5,Sunny,Field A
2022-08-11,03:45,Cow_490,0,0,0,15,29.5,Sunny,Field C
2022-08-11,03:45,Cow_491,5,7,3,0,29.5,Sunny,Field B
2022-08-11,03:45,Cow_492,5,3,7,0,29.5,Sunny,Field B
2022-08-11,03:45,Cow_493,5,7,3,0,29.5,Sunny,Field B
2022-08-11,03:45,Cow_494,12,7,0,0,29.5,Sunny,Field C
2022-08-11,03:45,Cow_495,6,3,6,0,29.5,Sunny,Field A
2022-08-11,03:45,Cow_496,0,7,8,0,29.5,Sunny,Field A
2022-08-11,03:45,Cow_497,3,9,3,0,29.5,Sunny,Field B
2022-08-11,03:45,Cow_498,4,4,7,0,29.5,Sunny,Field C
2022-08-11,03:45,Cow_499,8,6,1,0,29.5,Sunny,Field B
2022-08-11,03:45,Cow_500,6,4,5,0,29.5,Sunny,Field B
2022-08-11,04:00,Cow_1,0,8,7,0,25.0,Clear,Field A
2022-08-11,04:00,Cow_2,10,0,8,0,25.0,Clear,Field B
2022-08-11,04:00,Cow_3,2,10,3,0,25.0,Clear,Field A
2022-08-11,04:00,Cow_4,10,6,0,0,25.0,Clear,Field A
2022-08-11,04:00,Cow_5,5,2,8,0,25.0,Clear,Field C
2022-08-11,04:00,Cow_6,6,5,4,0,25.0,Clear,Field C
2022-08-11,04:00,Cow_7,14,0,5,0,25.0,Clear,Field B
2022-08-11,04:00,Cow_8,12,0,3,0,25.0,Clear,Field C
2022-08-11,04:00,Cow_9,14,0,5,0,25.0,Clear,Field A
2022-08-11,04:00,Cow_10,14,10,0,0,25.0,Clear,Field B
2022-08-11,04:00,Cow_11,9,10,0,0,25.0,Clear,Field B
2022-08-11,04:00,Cow_12,14,0,4,0,25.0,Clear,Field A
2022-08-11,04:00,Cow_13,7,9,0,0,25.0,Clear,Field C
2022-08-11,04:00,Cow_14,7,8,0,0,25.0,Clear,Field A
2022-08-11,04:00,Cow_15,0,0,0,15,25.0,Clear,Field A
2022-08-11,04:00,Cow_16,12,0,3,0,25.0,Clear,Field C
2022-08-11,04:00,Cow_17,14,0,8,0,25.0,Clear,Field C
2022-08-11,04:00,Cow_18,1,7,7,0,25.0,Clear,Field A
2022-08-11,04:00,Cow_19,11,6,0,0,25.0,Clear,Field C
2022-08-11,04:00,Cow_20,11,0,5,0,25.0,Clear,Field C
2022-08-11,04:00,Cow_21,8,0,10,0,25.0,Clear,Field C
2022-08-11,04:00,Cow_22,4,3,8,0,25.0,Clear,Field C
2022-08-11,04:00,Cow_23,6,6,3,0,25.0,Clear,Field B
2022-08-11,04:00,Cow_24,0,7,8,0,25.0,Clear,Field B
2022-08-11,04:00,Cow_25,11,8,0,0,25.0,Clear,Field A
2022-08-11,04:00,Cow_26,10,10,0,0,25.0,Clear,Field C
2022-08-11,04:00,Cow_27,9,9,0,0,25.0,Clear,Field B
2022-08-11,04:00,Cow_28,14,5,0,0,25.0,Clear,Field C
2022-08-11,04:00,Cow_29,0,8,8,0,25.0,Clear,Field A
2022-08-11,04:00,Cow_30,13,8,0,0,25.0,Clear,Field A
2022-08-11,04:00,Cow_31,6,0,9,0,25.0,Clear,Field A
2022-08-11,04:00,Cow_32,0,0,0,15,25.0,Clear,Field C
2022-08-11,04:00,Cow_33,4,8,3,0,25.0,Clear,Field A
2022-08-11,04:00,Cow_34,4,7,4,0,25.0,Clear,Field C
2022-08-11,04:00,Cow_35,10,10,0,0,25.0,Clear,Field A
2022-08-11,04:00,Cow_36,5,6,4,0,25.0,Clear,Field A
2022-08-11,04:00,Cow_37,0,0,0,15,25.0,Clear,Field B
2022-08-11,04:00,Cow_38,6,4,5,0,25.0,Clear,Field A
2022-08-11,04:00,Cow_39,6,8,1,0,25.0,Clear,Field B
2022-08-11,04:00,Cow_40,10,0,6,0,25.0,Clear,Field A
2022-08-11,04:00,Cow_41,8,4,3,0,25.0,Clear,Field A
2022-08-11,04:00,Cow_42,10,4,1,0,25.0,Clear,Field C
2022-08-11,04:00,Cow_43,4,7,4,0,25.0,Clear,Field C
2022-08-11,04:00,Cow_44,9,1,5,0,25.0,Clear,Field B
2022-08-11,04:00,Cow_45,12,10,0,0,25.0,Clear,Field C
2022-08-11,04:00,Cow_46,11,1,3,0,25.0,Clear,Field C
2022-08-11,04:00,Cow_47,10,0,5,0,25.0,Clear,Field B
2022-08-11,04:00,Cow_48,3,9,3,0,25.0,Clear,Field B
2022-08-11,04:00,Cow_49,12,0,4,0,25.0,Clear,Field A
2022-08-11,04:00,Cow_50,6,4,5,0,25.0,Clear,Field A
2022-08-11,04:00,Cow_51,14,5,0,0,25.0,Clear,Field B
2022-08-11,04:00,Cow_52,8,4,3,0,25.0,Clear,Field A
2022-08-11,04:00,Cow_53,14,0,5,0,25.0,Clear,Field C
2022-08-11,04:00,Cow_54,5,4,6,0,25.0,Clear,Field C
2022-08-11,04:00,Cow_55,12,7,0,0,25.0,Clear,Field A
2022-08-11,04:00,Cow_56,11,0,8,0,25.0,Clear,Field C
2022-08-11,04:00,Cow_57,11,9,0,0,25.0,Clear,Field C
2022-08-11,04:00,Cow_58,7,4,4,0,25.0,Clear,Field A
2022-08-11,04:00,Cow_59,6,6,3,0,25.0,Clear,Field B
2022-08-11,04:00,Cow_60,11,8,0,0,25.0,Clear,Field B
2022-08-11,04:00,Cow_61,5,10,0,0,25.0,Clear,Field A
2022-08-11,04:00,Cow_62,14,0,4,0,25.0,Clear,Field C
2022-08-11,04:00,Cow_63,8,3,4,0,25.0,Clear,Field B
2022-08-11,04:00,Cow_64,0,10,8,0,25.0,Clear,Field B
2022-08-11,04:00,Cow_65,2,5,8,0,25.0,Clear,Field C
2022-08-11,04:00,Cow_66,7,4,4,0,25.0,Clear,Field A
2022-08-11,04:00,Cow_67,3,9,3,0,25.0,Clear,Field B
2022-08-11,04:00,Cow_68,10,7,0,0,25.0,Clear,Field C
2022-08-11,04:00,Cow_69,0,0,0,15,25.0,Clear,Field C
2022-08-11,04:00,Cow_70,7,2,6,0,25.0,Clear,Field C
2022-08-11,04:00,Cow_71,2,7,6,0,25.0,Clear,Field C
2022-08-11,04:00,Cow_72,9,8,0,0,25.0,Clear,Field C
2022-08-11,04:00,Cow_73,11,5,0,0,25.0,Clear,Field A
2022-08-11,04:00,Cow_74,6,4,5,0,25.0,Clear,Field C
2022-08-11,04:00,Cow_75,10,3,2,0,25.0,Clear,Field B
2022-08-11,04:00,Cow_76,6,5,4,0,25.0,Clear,Field A
2022-08-11,04:00,Cow_77,8,3,4,0,25.0,Clear,Field A
2022-08-11,04:00,Cow_78,7,5,3,0,25.0,Clear,Field C
2022-08-11,04:00,Cow_79,8,4,3,0,25.0,Clear,Field C
2022-08-11,04:00,Cow_80,7,9,0,0,25.0,Clear,Field B
2022-08-11,04:00,Cow_81,11,3,1,0,25.0,Clear,Field C
2022-08-11,04:00,Cow_82,3,6,6,0,25.0,Clear,Field C
2022-08-11,04:00,Cow_83,8,2,5,0,25.0,Clear,Field A
2022-08-11,04:00,Cow_84,11,3,1,0,25.0,Clear,Field B
2022-08-11,04:00,Cow_85,11,8,0,0,25.0,Clear,Field B
2022-08-11,04:00,Cow_86,6,3,6,0,25.0,Clear,Field A
2022-08-11,04:00,Cow_87,6,4,5,0,25.0,Clear,Field C
2022-08-11,04:00,Cow_88,11,1,3,0,25.0,Clear,Field B
2022-08-11,04:00,Cow_89,9,2,4,0,25.0,Clear,Field C
2022-08-11,04:00,Cow_90,11,6,0,0,25.0,Clear,Field B
2022-08-11,04:00,Cow_91,10,8,0,0,25.0,Clear,Field C
2022-08-11,04:00,Cow_92,11,0,4,0,25.0,Clear,Field A
2022-08-11,04:00,Cow_93,9,10,0,0,25.0,Clear,Field A
2022-08-11,04:00,Cow_94,6,7,2,0,25.0,Clear,Field C
2022-08-11,04:00,Cow_95,5,8,2,0,25.0,Clear,Field B
2022-08-11,04:00,Cow_96,0,10,7,0,25.0,Clear,Field A
2022-08-11,04:00,Cow_97,6,6,3,0,25.0,Clear,Field B
2022-08-11,04:00,Cow_98,11,4,0,0,25.0,Clear,Field C
2022-08-11,04:00,Cow_99,0,0,0,15,25.0,Clear,Field C
2022-08-11,04:00,Cow_100,10,0,5,0,25.0,Clear,Field A
2022-08-11,04:00,Cow_101,1,6,8,0,25.0,Clear,Field B
2022-08-11,04:00,Cow_102,6,5,4,0,25.0,Clear,Field C
2022-08-11,04:00,Cow_103,5,4,6,0,25.0,Clear,Field C
2022-08-11,04:00,Cow_104,6,6,3,0,25.0,Clear,Field A
2022-08-11,04:00,Cow_105,6,3,6,0,25.0,Clear,Field B
2022-08-11,04:00,Cow_106,0,0,0,15,25.0,Clear,Field C
2022-08-11,04:00,Cow_107,2,6,7,0,25.0,Clear,Field A
2022-08-11,04:00,Cow_108,8,0,8,0,25.0,Clear,Field B
2022-08-11,04:00,Cow_109,7,6,2,0,25.0,Clear,Field A
2022-08-11,04:00,Cow_110,3,6,6,0,25.0,Clear,Field B
2022-08-11,04:00,Cow_111,9,0,7,0,25.0,Clear,Field B
2022-08-11,04:00,Cow_112,0,10,7,0,25.0,Clear,Field A
2022-08-11,04:00,Cow_113,12,0,5,0,25.0,Clear,Field A
2022-08-11,04:00,Cow_114,14,9,0,0,25.0,Clear,Field A
2022-08-11,04:00,Cow_115,2,9,4,0,25.0,Clear,Field A
2022-08-11,04:00,Cow_116,3,8,4,0,25.0,Clear,Field C
2022-08-11,04:00,Cow_117,3,6,6,0,25.0,Clear,Field C
2022-08-11,04:00,Cow_118,13,8,0,0,25.0,Clear,Field C
2022-08-11,04:00,Cow_119,6,6,3,0,25.0,Clear,Field A
2022-08-11,04:00,Cow_120,6,5,4,0,25.0,Clear,Field C
2022-08-11,04:00,Cow_121,7,3,5,0,25.0,Clear,Field A
2022-08-11,04:00,Cow_122,1,9,5,0,25.0,Clear,Field C
2022-08-11,04:00,Cow_123,8,1,6,0,25.0,Clear,Field A
2022-08-11,04:00,Cow_124,5,5,5,0,25.0,Clear,Field A
2022-08-11,04:00,Cow_125,8,3,4,0,25.0,Clear,Field C
2022-08-11,04:00,Cow_126,7,6,2,0,25.0,Clear,Field C
2022-08-11,04:00,Cow_127,6,3,6,0,25.0,Clear,Field A
2022-08-11,04:00,Cow_128,5,3,7,0,25.0,Clear,Field C
2022-08-11,04:00,Cow_129,4,7,4,0,25.0,Clear,Field B
2022-08-11,04:00,Cow_130,13,0,8,0,25.0,Clear,Field C
2022-08-11,04:00,Cow_131,10,8,0,0,25.0,Clear,Field C
2022-08-11,04:00,Cow_132,11,6,0,0,25.0,Clear,Field A
2022-08-11,04:00,Cow_133,6,4,5,0,25.0,Clear,Field A
2022-08-11,04:00,Cow_134,10,8,0,0,25.0,Clear,Field A
2022-08-11,04:00,Cow_135,0,0,0,15,25.0,Clear,Field A
2022-08-11,04:00,Cow_136,13,5,0,0,25.0,Clear,Field B
2022-08-11,04:00,Cow_137,4,5,6,0,25.0,Clear,Field C
2022-08-11,04:00,Cow_138,0,0,0,15,25.0,Clear,Field C
2022-08-11,04:00,Cow_139,11,0,4,0,25.0,Clear,Field C
2022-08-11,04:00,Cow_140,7,1,7,0,25.0,Clear,Field C
2022-08-11,04:00,Cow_141,8,6,1,0,25.0,Clear,Field C
2022-08-11,04:00,Cow_142,6,6,3,0,25.0,Clear,Field A
2022-08-11,04:00,Cow_143,11,5,0,0,25.0,Clear,Field B
2022-08-11,04:00,Cow_144,7,0,8,0,25.0,Clear,Field A
2022-08-11,04:00,Cow_145,13,8,0,0,25.0,Clear,Field A
2022-08-11,04:00,Cow_146,9,1,5,0,25.0,Clear,Field B
2022-08-11,04:00,Cow_147,3,4,8,0,25.0,Clear,Field B
2022-08-11,04:00,Cow_148,11,8,0,0,25.0,Clear,Field B
2022-08-11,04:00,Cow_149,0,0,0,15,25.0,Clear,Field C
2022-08-11,04:00,Cow_150,0,8,8,0,25.0,Clear,Field B
2022-08-11,04:00,Cow_151,0,10,5,0,25.0,Clear,Field C
2022-08-11,04:00,Cow_152,6,4,5,0,25.0,Clear,Field C
2022-08-11,04:00,Cow_153,7,5,3,0,25.0,Clear,Field A
2022-08-11,04:00,Cow_154,12,0,8,0,25.0,Clear,Field C
2022-08-11,04:00,Cow_155,7,3,5,0,25.0,Clear,Field A
2022-08-11,04:00,Cow_156,7,4,4,0,25.0,Clear,Field C
2022-08-11,04:00,Cow_157,7,1,7,0,25.0,Clear,Field A
2022-08-11,04:00,Cow_158,12,4,0,0,25.0,Clear,Field A
2022-08-11,04:00,Cow_159,3,5,7,0,25.0,Clear,Field C
2022-08-11,04:00,Cow_160,11,1,3,0,25.0,Clear,Field C
2022-08-11,04:00,Cow_161,5,7,3,0,25.0,Clear,Field B
2022-08-11,04:00,Cow_162,4,3,8,0,25.0,Clear,Field C
2022-08-11,04:00,Cow_163,8,0,7,0,25.0,Clear,Field B
2022-08-11,04:00,Cow_164,0,8,7,0,25.0,Clear,Field A
2022-08-11,04:00,Cow_165,4,8,3,0,25.0,Clear,Field C
2022-08-11,04:00,Cow_166,0,10,8,0,25.0,Clear,Field B
2022-08-11,04:00,Cow_167,6,3,6,0,25.0,Clear,Field C
2022-08-11,04:00,Cow_168,11,1,3,0,25.0,Clear,Field C
2022-08-11,04:00,Cow_169,8,2,5,0,25.0,Clear,Field B
2022-08-11,04:00,Cow_170,0,8,8,0,25.0,Clear,Field B
2022-08-11,04:00,Cow_171,5,7,3,0,25.0,Clear,Field B
2022-08-11,04:00,Cow_172,0,0,0,15,25.0,Clear,Field B
2022-08-11,04:00,Cow_173,9,6,0,0,25.0,Clear,Field B
2022-08-11,04:00,Cow_174,7,2,6,0,25.0,Clear,Field C
2022-08-11,04:00,Cow_175,6,6,3,0,25.0,Clear,Field B
2022-08-11,04:00,Cow_176,7,4,4,0,25.0,Clear,Field A
2022-08-11,04:00,Cow_177,4,6,5,0,25.0,Clear,Field B
2022-08-11,04:00,Cow_178,13,0,6,0,25.0,Clear,Field B
2022-08-11,04:00,Cow_179,5,7,3,0,25.0,Clear,Field C
2022-08-11,04:00,Cow_180,7,4,4,0,25.0,Clear,Field A
2022-08-11,04:00,Cow_181,9,6,0,0,25.0,Clear,Field B
2022-08-11,04:00,Cow_182,13,0,7,0,25.0,Clear,Field A
2022-08-11,04:00,Cow_183,3,7,5,0,25.0,Clear,Field B
2022-08-11,04:00,Cow_184,10,0,7,0,25.0,Clear,Field C
2022-08-11,04:00,Cow_185,12,8,0,0,25.0,Clear,Field C
2022-08-11,04:00,Cow_186,14,4,0,0,25.0,Clear,Field B
2022-08-11,04:00,Cow_187,14,3,0,0,25.0,Clear,Field C
2022-08-11,04:00,Cow_188,9,2,4,0,25.0,Clear,Field C
2022-08-11,04:00,Cow_189,12,0,6,0,25.0,Clear,Field A
2022-08-11,04:00,Cow_190,5,3,7,0,25.0,Clear,Field A
2022-08-11,04:00,Cow_191,10,0,6,0,25.0,Clear,Field A
2022-08-11,04:00,Cow_192,0,10,8,0,25.0,Clear,Field A
2022-08-11,04:00,Cow_193,7,6,2,0,25.0,Clear,Field B
2022-08-11,04:00,Cow_194,11,4,0,0,25.0,Clear,Field C
2022-08-11,04:00,Cow_195,12,0,5,0,25.0,Clear,Field C
2022-08-11,04:00,Cow_196,6,5,4,0,25.0,Clear,Field A
2022-08-11,04:00,Cow_197,6,5,4,0,25.0,Clear,Field C
2022-08-11,04:00,Cow_198,6,8,1,0,25.0,Clear,Field B
2022-08-11,04:00,Cow_199,0,0,0,15,25.0,Clear,Field B
2022-08-11,04:00,Cow_200,8,4,3,0,25.0,Clear,Field C
2022-08-11,04:00,Cow_201,14,8,0,0,25.0,Clear,Field A
2022-08-11,04:00,Cow_202,1,7,7,0,25.0,Clear,Field B
2022-08-11,04:00,Cow_203,13,6,0,0,25.0,Clear,Field C
2022-08-11,04:00,Cow_204,13,0,7,0,25.0,Clear,Field A
2022-08-11,04:00,Cow_205,5,2,8,0,25.0,Clear,Field B
2022-08-11,04:00,Cow_206,14,0,7,0,25.0,Clear,Field A
2022-08-11,04:00,Cow_207,14,9,0,0,25.0,Clear,Field A
2022-08-11,04:00,Cow_208,4,4,7,0,25.0,Clear,Field B
2022-08-11,04:00,Cow_209,4,3,8,0,25.0,Clear,Field B
2022-08-11,04:00,Cow_210,6,3,6,0,25.0,Clear,Field B
2022-08-11,04:00,Cow_211,9,7,0,0,25.0,Clear,Field A
2022-08-11,04:00,Cow_212,2,7,6,0,25.0,Clear,Field B
2022-08-11,04:00,Cow_213,12,10,0,0,25.0,Clear,Field B
2022-08-11,04:00,Cow_214,6,6,3,0,25.0,Clear,Field A
2022-08-11,04:00,Cow_215,12,0,8,0,25.0,Clear,Field B
2022-08-11,04:00,Cow_216,7,4,4,0,25.0,Clear,Field B
2022-08-11,04:00,Cow_217,14,8,0,0,25.0,Clear,Field A
2022-08-11,04:00,Cow_218,13,7,0,0,25.0,Clear,Field C
2022-08-11,04:00,Cow_219,2,9,4,0,25.0,Clear,Field C
2022-08-11,04:00,Cow_220,0,10,6,0,25.0,Clear,Field A
2022-08-11,04:00,Cow_221,8,4,3,0,25.0,Clear,Field C
2022-08-11,04:00,Cow_222,5,7,3,0,25.0,Clear,Field B
2022-08-11,04:00,Cow_223,6,6,3,0,25.0,Clear,Field A
2022-08-11,04:00,Cow_224,14,9,0,0,25.0,Clear,Field A
2022-08-11,04:00,Cow_225,4,8,3,0,25.0,Clear,Field A
2022-08-11,04:00,Cow_226,0,0,0,15,25.0,Clear,Field C
2022-08-11,04:00,Cow_227,13,8,0,0,25.0,Clear,Field B
2022-08-11,04:00,Cow_228,14,6,0,0,25.0,Clear,Field A
2022-08-11,04:00,Cow_229,4,7,4,0,25.0,Clear,Field B
2022-08-11,04:00,Cow_230,8,6,1,0,25.0,Clear,Field A
2022-08-11,04:00,Cow_231,12,10,0,0,25.0,Clear,Field B
2022-08-11,04:00,Cow_232,11,0,4,0,25.0,Clear,Field B
2022-08-11,04:00,Cow_233,12,3,0,0,25.0,Clear,Field C
2022-08-11,04:00,Cow_234,13,0,8,0,25.0,Clear,Field C
2022-08-11,04:00,Cow_235,2,6,7,0,25.0,Clear,Field A
2022-08-11,04:00,Cow_236,12,10,0,0,25.0,Clear,Field B
2022-08-11,04:00,Cow_237,13,0,4,0,25.0,Clear,Field B
2022-08-11,04:00,Cow_238,9,2,4,0,25.0,Clear,Field C
2022-08-11,04:00,Cow_239,5,3,7,0,25.0,Clear,Field C
2022-08-11,04:00,Cow_240,2,10,3,0,25.0,Clear,Field C
2022-08-11,04:00,Cow_241,14,0,8,0,25.0,Clear,Field A
2022-08-11,04:00,Cow_242,14,6,0,0,25.0,Clear,Field C
2022-08-11,04:00,Cow_243,12,9,0,0,25.0,Clear,Field B
2022-08-11,04:00,Cow_244,3,8,4,0,25.0,Clear,Field A
2022-08-11,04:00,Cow_245,4,8,3,0,25.0,Clear,Field C
2022-08-11,04:00,Cow_246,0,0,0,15,25.0,Clear,Field B
2022-08-11,04:00,Cow_247,9,2,4,0,25.0,Clear,Field B
2022-08-11,04:00,Cow_248,6,10,0,0,25.0,Clear,Field C
2022-08-11,04:00,Cow_249,4,5,6,0,25.0,Clear,Field A
2022-08-11,04:00,Cow_250,3,5,7,0,25.0,Clear,Field B
2022-08-11,04:00,Cow_251,8,3,4,0,25.0,Clear,Field C
2022-08-11,04:00,Cow_252,13,6,0,0,25.0,Clear,Field A
2022-08-11,04:00,Cow_253,7,5,3,0,25.0,Clear,Field A
2022-08-11,04:00,Cow_254,5,4,6,0,25.0,Clear,Field A
2022-08-11,04:00,Cow_255,6,10,0,0,25.0,Clear,Field C
2022-08-11,04:00,Cow_256,7,8,0,0,25.0,Clear,Field B
2022-08-11,04:00,Cow_257,13,0,8,0,25.0,Clear,Field A
2022-08-11,04:00,Cow_258,8,3,4,0,25.0,Clear,Field A
2022-08-11,04:00,Cow_259,12,0,5,0,25.0,Clear,Field B
2022-08-11,04:00,Cow_260,13,0,6,0,25.0,Clear,Field B
2022-08-11,04:00,Cow_261,7,1,7,0,25.0,Clear,Field B
2022-08-11,04:00,Cow_262,7,5,3,0,25.0,Clear,Field C
2022-08-11,04:00,Cow_263,0,7,8,0,25.0,Clear,Field B
2022-08-11,04:00,Cow_264,9,1,5,0,25.0,Clear,Field B
2022-08-11,04:00,Cow_265,9,1,5,0,25.0,Clear,Field B
2022-08-11,04:00,Cow_266,8,4,3,0,25.0,Clear,Field B
2022-08-11,04:00,Cow_267,12,0,8,0,25.0,Clear,Field A
2022-08-11,04:00,Cow_268,8,0,7,0,25.0,Clear,Field C
2022-08-11,04:00,Cow_269,1,10,4,0,25.0,Clear,Field A
2022-08-11,04:00,Cow_270,7,4,4,0,25.0,Clear,Field B
2022-08-11,04:00,Cow_271,8,10,0,0,25.0,Clear,Field B
2022-08-11,04:00,Cow_272,10,2,3,0,25.0,Clear,Field B
2022-08-11,04:00,Cow_273,3,9,3,0,25.0,Clear,Field B
2022-08-11,04:00,Cow_274,9,9,0,0,25.0,Clear,Field A
2022-08-11,04:00,Cow_275,5,8,2,0,25.0,Clear,Field A
2022-08-11,04:00,Cow_276,8,7,0,0,25.0,Clear,Field A
2022-08-11,04:00,Cow_277,6,8,1,0,25.0,Clear,Field B
2022-08-11,04:00,Cow_278,8,1,6,0,25.0,Clear,Field A
2022-08-11,04:00,Cow_279,7,3,5,0,25.0,Clear,Field C
2022-08-11,04:00,Cow_280,3,4,8,0,25.0,Clear,Field C
2022-08-11,04:00,Cow_281,10,0,6,0,25.0,Clear,Field B
2022-08-11,04:00,Cow_282,13,10,0,0,25.0,Clear,Field B
2022-08-11,04:00,Cow_283,13,0,3,0,25.0,Clear,Field A
2022-08-11,04:00,Cow_284,0,9,7,0,25.0,Clear,Field A
2022-08-11,04:00,Cow_285,13,0,4,0,25.0,Clear,Field A
2022-08-11,04:00,Cow_286,1,9,5,0,25.0,Clear,Field B
2022-08-11,04:00,Cow_287,12,0,5,0,25.0,Clear,Field B
2022-08-11,04:00,Cow_288,8,1,6,0,25.0,Clear,Field C
2022-08-11,04:00,Cow_289,6,8,1,0,25.0,Clear,Field C
2022-08-11,04:00,Cow_290,12,0,5,0,25.0,Clear,Field A
2022-08-11,04:00,Cow_291,10,2,3,0,25.0,Clear,Field B
2022-08-11,04:00,Cow_292,7,1,7,0,25.0,Clear,Field B
2022-08-11,04:00,Cow_293,5,3,7,0,25.0,Clear,Field A
2022-08-11,04:00,Cow_294,5,7,3,0,25.0,Clear,Field C
2022-08-11,04:00,Cow_295,10,1,4,0,25.0,Clear,Field A
2022-08-11,04:00,Cow_296,7,7,1,0,25.0,Clear,Field A
2022-08-11,04:00,Cow_297,5,4,6,0,25.0,Clear,Field C
2022-08-11,04:00,Cow_298,3,4,8,0,25.0,Clear,Field B
2022-08-11,04:00,Cow_299,0,0,0,15,25.0,Clear,Field B
2022-08-11,04:00,Cow_300,8,8,0,0,25.0,Clear,Field C
2022-08-11,04:00,Cow_301,6,3,6,0,25.0,Clear,Field C
2022-08-11,04:00,Cow_302,14,0,3,0,25.0,Clear,Field A
2022-08-11,04:00,Cow_303,2,8,5,0,25.0,Clear,Field B
2022-08-11,04:00,Cow_304,11,1,3,0,25.0,Clear,Field B
2022-08-11,04:00,Cow_305,7,5,3,0,25.0,Clear,Field C
2022-08-11,04:00,Cow_306,12,0,8,0,25.0,Clear,Field A
2022-08-11,04:00,Cow_307,12,9,0,0,25.0,Clear,Field B
2022-08-11,04:00,Cow_308,1,7,7,0,25.0,Clear,Field C
2022-08-11,04:00,Cow_309,12,3,0,0,25.0,Clear,Field B
2022-08-11,04:00,Cow_310,10,2,3,0,25.0,Clear,Field B
2022-08-11,04:00,Cow_311,9,0,6,0,25.0,Clear,Field A
2022-08-11,04:00,Cow_312,5,7,3,0,25.0,Clear,Field A
2022-08-11,04:00,Cow_313,11,0,8,0,25.0,Clear,Field B
2022-08-11,04:00,Cow_314,1,6,8,0,25.0,Clear,Field C
2022-08-11,04:00,Cow_315,14,7,0,0,25.0,Clear,Field A
2022-08-11,04:00,Cow_316,2,5,8,0,25.0,Clear,Field B
2022-08-11,04:00,Cow_317,14,9,0,0,25.0,Clear,Field C
2022-08-11,04:00,Cow_318,12,0,6,0,25.0,Clear,Field C
2022-08-11,04:00,Cow_319,8,0,7,0,25.0,Clear,Field A
2022-08-11,04:00,Cow_320,8,4,3,0,25.0,Clear,Field B
2022-08-11,04:00,Cow_321,4,5,6,0,25.0,Clear,Field C
2022-08-11,04:00,Cow_322,6,3,6,0,25.0,Clear,Field A
2022-08-11,04:00,Cow_323,0,0,0,15,25.0,Clear,Field C
2022-08-11,04:00,Cow_324,1,10,4,0,25.0,Clear,Field C
2022-08-11,04:00,Cow_325,6,7,2,0,25.0,Clear,Field A
2022-08-11,04:00,Cow_326,11,9,0,0,25.0,Clear,Field A
2022-08-11,04:00,Cow_327,7,5,3,0,25.0,Clear,Field A
2022-08-11,04:00,Cow_328,5,4,6,0,25.0,Clear,Field C
2022-08-11,04:00,Cow_329,0,9,8,0,25.0,Clear,Field B
2022-08-11,04:00,Cow_330,5,3,7,0,25.0,Clear,Field A
2022-08-11,04:00,Cow_331,14,0,7,0,25.0,Clear,Field A
2022-08-11,04:00,Cow_332,4,7,4,0,25.0,Clear,Field B
2022-08-11,04:00,Cow_333,2,8,5,0,25.0,Clear,Field B
2022-08-11,04:00,Cow_334,8,10,0,0,25.0,Clear,Field A
2022-08-11,04:00,Cow_335,5,5,5,0,25.0,Clear,Field C
2022-08-11,04:00,Cow_336,2,9,4,0,25.0,Clear,Field B
2022-08-11,04:00,Cow_337,0,0,0,15,25.0,Clear,Field A
2022-08-11,04:00,Cow_338,12,5,0,0,25.0,Clear,Field B
2022-08-11,04:00,Cow_339,0,0,0,15,25.0,Clear,Field C
2022-08-11,04:00,Cow_340,0,9,8,0,25.0,Clear,Field A
2022-08-11,04:00,Cow_341,6,3,6,0,25.0,Clear,Field B
2022-08-11,04:00,Cow_342,12,5,0,0,25.0,Clear,Field A
2022-08-11,04:00,Cow_343,10,7,0,0,25.0,Clear,Field C
2022-08-11,04:00,Cow_344,4,3,8,0,25.0,Clear,Field C
2022-08-11,04:00,Cow_345,0,10,5,0,25.0,Clear,Field B
2022-08-11,04:00,Cow_346,7,7,1,0,25.0,Clear,Field A
2022-08-11,04:00,Cow_347,8,10,0,0,25.0,Clear,Field C
2022-08-11,04:00,Cow_348,2,8,5,0,25.0,Clear,Field C
2022-08-11,04:00,Cow_349,10,0,8,0,25.0,Clear,Field C
2022-08-11,04:00,Cow_350,6,4,5,0,25.0,Clear,Field A
2022-08-11,04:00,Cow_351,5,4,6,0,25.0,Clear,Field A
2022-08-11,04:00,Cow_352,9,8,0,0,25.0,Clear,Field B
2022-08-11,04:00,Cow_353,1,7,7,0,25.0,Clear,Field B
2022-08-11,04:00,Cow_354,5,3,7,0,25.0,Clear,Field A
2022-08-11,04:00,Cow_355,0,10,7,0,25.0,Clear,Field A
2022-08-11,04:00,Cow_356,7,3,5,0,25.0,Clear,Field B
2022-08-11,04:00,Cow_357,2,7,6,0,25.0,Clear,Field B
2022-08-11,04:00,Cow_358,7,3,5,0,25.0,Clear,Field A
2022-08-11,04:00,Cow_359,9,11,0,0,25.0,Clear,Field C
2022-08-11,04:00,Cow_360,4,3,8,0,25.0,Clear,Field B
2022-08-11,04:00,Cow_361,7,5,3,0,25.0,Clear,Field A
2022-08-11,04:00,Cow_362,1,6,8,0,25.0,Clear,Field B
2022-08-11,04:00,Cow_363,10,6,0,0,25.0,Clear,Field B
2022-08-11,04:00,Cow_364,5,6,4,0,25.0,Clear,Field C
2022-08-11,04:00,Cow_365,14,7,0,0,25.0,Clear,Field B
2022-08-11,04:00,Cow_366,6,5,4,0,25.0,Clear,Field B
2022-08-11,04:00,Cow_367,9,3,3,0,25.0,Clear,Field B
2022-08-11,04:00,Cow_368,10,0,6,0,25.0,Clear,Field A
2022-08-11,04:00,Cow_369,7,2,6,0,25.0,Clear,Field A
2022-08-11,04:00,Cow_370,5,5,5,0,25.0,Clear,Field A
2022-08-11,04:00,Cow_371,6,3,6,0,25.0,Clear,Field A
2022-08-11,04:00,Cow_372,6,4,5,0,25.0,Clear,Field C
2022-08-11,04:00,Cow_373,0,8,7,0,25.0,Clear,Field A
2022-08-11,04:00,Cow_374,9,6,0,0,25.0,Clear,Field B
2022-08-11,04:00,Cow_375,8,3,4,0,25.0,Clear,Field A
2022-08-11,04:00,Cow_376,6,3,6,0,25.0,Clear,Field A
2022-08-11,04:00,Cow_377,9,0,6,0,25.0,Clear,Field B
2022-08-11,04:00,Cow_378,12,0,7,0,25.0,Clear,Field B
2022-08-11,04:00,Cow_379,7,3,5,0,25.0,Clear,Field A
2022-08-11,04:00,Cow_380,3,8,4,0,25.0,Clear,Field C
2022-08-11,04:00,Cow_381,12,11,0,0,25.0,Clear,Field A
2022-08-11,04:00,Cow_382,0,10,7,0,25.0,Clear,Field A
2022-08-11,04:00,Cow_383,8,4,3,0,25.0,Clear,Field B
2022-08-11,04:00,Cow_384,14,4,0,0,25.0,Clear,Field A
2022-08-11,04:00,Cow_385,3,4,8,0,25.0,Clear,Field A
2022-08-11,04:00,Cow_386,10,9,0,0,25.0,Clear,Field B
2022-08-11,04:00,Cow_387,5,5,5,0,25.0,Clear,Field B
2022-08-11,04:00,Cow_388,13,0,6,0,25.0,Clear,Field C
2022-08-11,04:00,Cow_389,14,4,0,0,25.0,Clear,Field B
2022-08-11,04:00,Cow_390,10,0,7,0,25.0,Clear,Field B
2022-08-11,04:00,Cow_391,2,6,7,0,25.0,Clear,Field C
2022-08-11,04:00,Cow_392,5,5,5,0,25.0,Clear,Field C
2022-08-11,04:00,Cow_393,0,0,0,15,25.0,Clear,Field B
2022-08-11,04:00,Cow_394,7,5,3,0,25.0,Clear,Field A
2022-08-11,04:00,Cow_395,0,0,0,15,25.0,Clear,Field A
2022-08-11,04:00,Cow_396,12,9,0,0,25.0,Clear,Field B
2022-08-11,04:00,Cow_397,8,3,4,0,25.0,Clear,Field C
2022-08-11,04:00,Cow_398,13,9,0,0,25.0,Clear,Field C
2022-08-11,04:00,Cow_399,10,3,2,0,25.0,Clear,Field C
2022-08-11,04:00,Cow_400,7,3,5,0,25.0,Clear,Field B
2022-08-11,04:00,Cow_401,3,7,5,0,25.0,Clear,Field A
2022-08-11,04:00,Cow_402,7,6,2,0,25.0,Clear,Field C
2022-08-11,04:00,Cow_403,7,1,7,0,25.0,Clear,Field C
2022-08-11,04:00,Cow_404,1,7,7,0,25.0,Clear,Field B
2022-08-11,04:00,Cow_405,0,10,6,0,25.0,Clear,Field C
2022-08-11,04:00,Cow_406,10,7,0,0,25.0,Clear,Field C
2022-08-11,04:00,Cow_407,2,7,6,0,25.0,Clear,Field A
2022-08-11,04:00,Cow_408,7,9,0,0,25.0,Clear,Field C
2022-08-11,04:00,Cow_409,13,9,0,0,25.0,Clear,Field A
2022-08-11,04:00,Cow_410,6,3,6,0,25.0,Clear,Field C
2022-08-11,04:00,Cow_411,6,4,5,0,25.0,Clear,Field B
2022-08-11,04:00,Cow_412,0,12,8,0,25.0,Clear,Field B
2022-08-11,04:00,Cow_413,6,5,4,0,25.0,Clear,Field A
2022-08-11,04:00,Cow_414,11,1,3,0,25.0,Clear,Field B
2022-08-11,04:00,Cow_415,11,10,0,0,25.0,Clear,Field C
2022-08-11,04:00,Cow_416,10,8,0,0,25.0,Clear,Field C
2022-08-11,04:00,Cow_417,5,8,2,0,25.0,Clear,Field A
2022-08-11,04:00,Cow_418,11,4,0,0,25.0,Clear,Field C
2022-08-11,04:00,Cow_419,4,5,6,0,25.0,Clear,Field A
2022-08-11,04:00,Cow_420,14,0,4,0,25.0,Clear,Field C
2022-08-11,04:00,Cow_421,11,9,0,0,25.0,Clear,Field C
2022-08-11,04:00,Cow_422,5,5,5,0,25.0,Clear,Field C
2022-08-11,04:00,Cow_423,4,4,7,0,25.0,Clear,Field B
2022-08-11,04:00,Cow_424,4,7,4,0,25.0,Clear,Field A
2022-08-11,04:00,Cow_425,10,3,2,0,25.0,Clear,Field B
2022-08-11,04:00,Cow_426,4,7,4,0,25.0,Clear,Field C
2022-08-11,04:00,Cow_427,11,12,0,0,25.0,Clear,Field B
2022-08-11,04:00,Cow_428,0,10,8,0,25.0,Clear,Field B
2022-08-11,04:00,Cow_429,9,6,0,0,25.0,Clear,Field A
2022-08-11,04:00,Cow_430,10,4,1,0,25.0,Clear,Field B
2022-08-11,04:00,Cow_431,1,6,8,0,25.0,Clear,Field C
2022-08-11,04:00,Cow_432,2,10,3,0,25.0,Clear,Field C
2022-08-11,04:00,Cow_433,14,0,3,0,25.0,Clear,Field A
2022-08-11,04:00,Cow_434,0,8,7,0,25.0,Clear,Field B
2022-08-11,04:00,Cow_435,10,10,0,0,25.0,Clear,Field A
2022-08-11,04:00,Cow_436,9,3,3,0,25.0,Clear,Field A
2022-08-11,04:00,Cow_437,14,10,0,0,25.0,Clear,Field B
2022-08-11,04:00,Cow_438,2,10,3,0,25.0,Clear,Field C
2022-08-11,04:00,Cow_439,0,9,6,0,25.0,Clear,Field A
2022-08-11,04:00,Cow_440,1,8,6,0,25.0,Clear,Field C
2022-08-11,04:00,Cow_441,9,3,3,0,25.0,Clear,Field A
2022-08-11,04:00,Cow_442,7,9,0,0,25.0,Clear,Field A
2022-08-11,04:00,Cow_443,14,8,0,0,25.0,Clear,Field A
2022-08-11,04:00,Cow_444,0,0,0,15,25.0,Clear,Field B
2022-08-11,04:00,Cow_445,12,8,0,0,25.0,Clear,Field C
2022-08-11,04:00,Cow_446,5,3,7,0,25.0,Clear,Field A
2022-08-11,04:00,Cow_447,10,7,0,0,25.0,Clear,Field A
2022-08-11,04:00,Cow_448,7,5,3,0,25.0,Clear,Field B
2022-08-11,04:00,Cow_449,9,0,8,0,25.0,Clear,Field C
2022-08-11,04:00,Cow_450,1,8,6,0,25.0,Clear,Field B
2022-08-11,04:00,Cow_451,10,0,7,0,25.0,Clear,Field B
2022-08-11,04:00,Cow_452,6,4,5,0,25.0,Clear,Field C
2022-08-11,04:00,Cow_453,13,0,3,0,25.0,Clear,Field B
2022-08-11,04:00,Cow_454,1,10,4,0,25.0,Clear,Field C
2022-08-11,04:00,Cow_455,9,0,8,0,25.0,Clear,Field A
2022-08-11,04:00,Cow_456,13,5,0,0,25.0,Clear,Field C
2022-08-11,04:00,Cow_457,5,9,1,0,25.0,Clear,Field C
2022-08-11,04:00,Cow_458,8,7,0,0,25.0,Clear,Field C
2022-08-11,04:00,Cow_459,0,0,0,15,25.0,Clear,Field B
2022-08-11,04:00,Cow_460,0,8,7,0,25.0,Clear,Field C
2022-08-11,04:00,Cow_461,7,6,2,0,25.0,Clear,Field A
2022-08-11,04:00,Cow_462,0,0,0,15,25.0,Clear,Field B
2022-08-11,04:00,Cow_463,2,5,8,0,25.0,Clear,Field A
2022-08-11,04:00,Cow_464,3,7,5,0,25.0,Clear,Field B
2022-08-11,04:00,Cow_465,5,6,4,0,25.0,Clear,Field B
2022-08-11,04:00,Cow_466,6,10,0,0,25.0,Clear,Field C
2022-08-11,04:00,Cow_467,4,7,4,0,25.0,Clear,Field A
2022-08-11,04:00,Cow_468,14,5,0,0,25.0,Clear,Field A
2022-08-11,04:00,Cow_469,0,0,0,15,25.0,Clear,Field C
2022-08-11,04:00,Cow_470,13,0,3,0,25.0,Clear,Field A
2022-08-11,04:00,Cow_471,8,0,7,0,25.0,Clear,Field A
2022-08-11,04:00,Cow_472,0,8,7,0,25.0,Clear,Field A
2022-08-11,04:00,Cow_473,5,7,3,0,25.0,Clear,Field C
2022-08-11,04:00,Cow_474,9,10,0,0,25.0,Clear,Field A
2022-08-11,04:00,Cow_475,7,3,5,0,25.0,Clear,Field A
2022-08-11,04:00,Cow_476,4,6,5,0,25.0,Clear,Field B
2022-08-11,04:00,Cow_477,9,3,3,0,25.0,Clear,Field B
2022-08-11,04:00,Cow_478,7,4,4,0,25.0,Clear,Field B
2022-08-11,04:00,Cow_479,6,11,0,0,25.0,Clear,Field A
2022-08-11,04:00,Cow_480,5,4,6,0,25.0,Clear,Field B
2022-08-11,04:00,Cow_481,12,0,3,0,25.0,Clear,Field A
2022-08-11,04:00,Cow_482,9,2,4,0,25.0,Clear,Field B
2022-08-11,04:00,Cow_483,0,0,0,15,25.0,Clear,Field A
2022-08-11,04:00,Cow_484,7,4,4,0,25.0,Clear,Field A
2022-08-11,04:00,Cow_485,5,5,5,0,25.0,Clear,Field C
2022-08-11,04:00,Cow_486,2,10,3,0,25.0,Clear,Field C
2022-08-11,04:00,Cow_487,11,0,4,0,25.0,Clear,Field A
2022-08-11,04:00,Cow_488,0,0,0,15,25.0,Clear,Field C
2022-08-11,04:00,Cow_489,11,1,3,0,25.0,Clear,Field B
2022-08-11,04:00,Cow_490,14,9,0,0,25.0,Clear,Field B
2022-08-11,04:00,Cow_491,0,10,7,0,25.0,Clear,Field A
2022-08-11,04:00,Cow_492,7,4,4,0,25.0,Clear,Field B
2022-08-11,04:00,Cow_493,4,5,6,0,25.0,Clear,Field C
2022-08-11,04:00,Cow_494,0,0,0,15,25.0,Clear,Field B
2022-08-11,04:00,Cow_495,0,0,0,15,25.0,Clear,Field C
2022-08-11,04:00,Cow_496,14,0,8,0,25.0,Clear,Field C
2022-08-11,04:00,Cow_497,8,4,3,0,25.0,Clear,Field A
2022-08-11,04:00,Cow_498,5,6,4,0,25.0,Clear,Field C
2022-08-11,04:00,Cow_499,5,5,5,0,25.0,Clear,Field C
2022-08-11,04:00,Cow_500,14,0,4,0,25.0,Clear,Field B
2022-08-11,04:15,Cow_1,0,0,0,15,26.9,Clear,Field C
2022-08-11,04:15,Cow_2,5,4,6,0,26.9,Clear,Field B
2022-08-11,04:15,Cow_3,0,8,8,0,26.9,Clear,Field C
2022-08-11,04:15,Cow_4,10,9,0,0,26.9,Clear,Field A
2022-08-11,04:15,Cow_5,8,4,3,0,26.9,Clear,Field A
2022-08-11,04:15,Cow_6,0,0,0,15,26.9,Clear,Field B
2022-08-11,04:15,Cow_7,10,0,6,0,26.9,Clear,Field A
2022-08-11,04:15,Cow_8,0,9,6,0,26.9,Clear,Field B
2022-08-11,04:15,Cow_9,2,7,6,0,26.9,Clear,Field C
2022-08-11,04:15,Cow_10,7,10,0,0,26.9,Clear,Field C
2022-08-11,04:15,Cow_11,0,0,0,15,26.9,Clear,Field C
2022-08-11,04:15,Cow_12,12,3,0,0,26.9,Clear,Field C
2022-08-11,04:15,Cow_13,1,10,4,0,26.9,Clear,Field A
2022-08-11,04:15,Cow_14,7,6,2,0,26.9,Clear,Field B
2022-08-11,04:15,Cow_15,14,0,8,0,26.9,Clear,Field A
2022-08-11,04:15,Cow_16,6,3,6,0,26.9,Clear,Field A
2022-08-11,04:15,Cow_17,10,6,0,0,26.9,Clear,Field C
2022-08-11,04:15,Cow_18,9,0,8,0,26.9,Clear,Field A
2022-08-11,04:15,Cow_19,5,10,0,0,26.9,Clear,Field C
2022-08-11,04:15,Cow_20,9,3,3,0,26.9,Clear,Field A
2022-08-11,04:15,Cow_21,13,0,7,0,26.9,Clear,Field A
2022-08-11,04:15,Cow_22,6,8,1,0,26.9,Clear,Field C
2022-08-11,04:15,Cow_23,12,10,0,0,26.9,Clear,Field B
2022-08-11,04:15,Cow_24,5,4,6,0,26.9,Clear,Field C
2022-08-11,04:15,Cow_25,3,7,5,0,26.9,Clear,Field C
2022-08-11,04:15,Cow_26,12,10,0,0,26.9,Clear,Field B
2022-08-11,04:15,Cow_27,12,0,4,0,26.9,Clear,Field A
2022-08-11,04:15,Cow_28,2,9,4,0,26.9,Clear,Field B
2022-08-11,04:15,Cow_29,5,3,7,0,26.9,Clear,Field A
2022-08-11,04:15,Cow_30,9,4,2,0,26.9,Clear,Field A
2022-08-11,04:15,Cow_31,13,9,0,0,26.9,Clear,Field A
2022-08-11,04:15,Cow_32,0,8,8,0,26.9,Clear,Field B
2022-08-11,04:15,Cow_33,8,10,0,0,26.9,Clear,Field C
2022-08-11,04:15,Cow_34,2,10,3,0,26.9,Clear,Field C
2022-08-11,04:15,Cow_35,4,3,8,0,26.9,Clear,Field A
2022-08-11,04:15,Cow_36,5,8,2,0,26.9,Clear,Field B
2022-08-11,04:15,Cow_37,4,5,6,0,26.9,Clear,Field B
2022-08-11,04:15,Cow_38,13,5,0,0,26.9,Clear,Field A
2022-08-11,04:15,Cow_39,9,3,3,0,26.9,Clear,Field B
2022-08-11,04:15,Cow_40,7,4,4,0,26.9,Clear,Field C
2022-08-11,04:15,Cow_41,13,0,5,0,26.9,Clear,Field A
2022-08-11,04:15,Cow_42,7,3,5,0,26.9,Clear,Field B
2022-08-11,04:15,Cow_43,0,10,7,0,26.9,Clear,Field C
2022-08-11,04:15,Cow_44,5,4,6,0,26.9,Clear,Field A
2022-08-11,04:15,Cow_45,11,4,0,0,26.9,Clear,Field A
2022-08-11,04:15,Cow_46,1,6,8,0,26.9,Clear,Field C
2022-08-11,04:15,Cow_47,7,6,2,0,26.9,Clear,Field B
2022-08-11,04:15,Cow_48,7,3,5,0,26.9,Clear,Field A
2022-08-11,04:15,Cow_49,6,3,6,0,26.9,Clear,Field B
2022-08-11,04:15,Cow_50,0,9,8,0,26.9,Clear,Field B
2022-08-11,04:15,Cow_51,3,4,8,0,26.9,Clear,Field C
2022-08-11,04:15,Cow_52,12,4,0,0,26.9,Clear,Field B
2022-08-11,04:15,Cow_53,9,2,4,0,26.9,Clear,Field A
2022-08-11,04:15,Cow_54,10,2,3,0,26.9,Clear,Field A
2022-08-11,04:15,Cow_55,9,6,0,0,26.9,Clear,Field C
2022-08-11,04:15,Cow_56,11,0,5,0,26.9,Clear,Field A
2022-08-11,04:15,Cow_57,7,3,5,0,26.9,Clear,Field B
2022-08-11,04:15,Cow_58,0,0,0,15,26.9,Clear,Field A
2022-08-11,04:15,Cow_59,0,0,0,15,26.9,Clear,Field C
2022-08-11,04:15,Cow_60,12,6,0,0,26.9,Clear,Field C
2022-08-11,04:15,Cow_61,2,8,5,0,26.9,Clear,Field B
2022-08-11,04:15,Cow_62,0,0,0,15,26.9,Clear,Field C
2022-08-11,04:15,Cow_63,6,1,8,0,26.9,Clear,Field C
2022-08-11,04:15,Cow_64,5,8,2,0,26.9,Clear,Field A
2022-08-11,04:15,Cow_65,8,7,0,0,26.9,Clear,Field A
2022-08-11,04:15,Cow_66,12,0,5,0,26.9,Clear,Field C
2022-08-11,04:15,Cow_67,12,0,5,0,26.9,Clear,Field A
2022-08-11,04:15,Cow_68,4,5,6,0,26.9,Clear,Field C
2022-08-11,04:15,Cow_69,1,6,8,0,26.9,Clear,Field B
2022-08-11,04:15,Cow_70,3,8,4,0,26.9,Clear,Field A
2022-08-11,04:15,Cow_71,8,6,1,0,26.9,Clear,Field A
2022-08-11,04:15,Cow_72,0,0,0,15,26.9,Clear,Field C
2022-08-11,04:15,Cow_73,0,10,5,0,26.9,Clear,Field C
2022-08-11,04:15,Cow_74,9,3,3,0,26.9,Clear,Field A
2022-08-11,04:15,Cow_75,1,9,5,0,26.9,Clear,Field B
2022-08-11,04:15,Cow_76,10,4,1,0,26.9,Clear,Field A
2022-08-11,04:15,Cow_77,5,5,5,0,26.9,Clear,Field A
2022-08-11,04:15,Cow_78,7,2,6,0,26.9,Clear,Field C
2022-08-11,04:15,Cow_79,12,6,0,0,26.9,Clear,Field C
2022-08-11,04:15,Cow_80,12,0,6,0,26.9,Clear,Field B
2022-08-11,04:15,Cow_81,6,5,4,0,26.9,Clear,Field A
2022-08-11,04:15,Cow_82,2,10,3,0,26.9,Clear,Field A
2022-08-11,04:15,Cow_83,6,6,3,0,26.9,Clear,Field C
2022-08-11,04:15,Cow_84,13,0,5,0,26.9,Clear,Field A
2022-08-11,04:15,Cow_85,9,0,6,0,26.9,Clear,Field A
2022-08-11,04:15,Cow_86,14,0,4,0,26.9,Clear,Field C
2022-08-11,04:15,Cow_87,10,4,1,0,26.9,Clear,Field B
2022-08-11,04:15,Cow_88,4,3,8,0,26.9,Clear,Field A
2022-08-11,04:15,Cow_89,8,9,0,0,26.9,Clear,Field C
2022-08-11,04:15,Cow_90,6,5,4,0,26.9,Clear,Field B
2022-08-11,04:15,Cow_91,11,0,7,0,26.9,Clear,Field C
2022-08-11,04:15,Cow_92,2,6,7,0,26.9,Clear,Field C
2022-08-11,04:15,Cow_93,8,7,0,0,26.9,Clear,Field C
2022-08-11,04:15,Cow_94,13,9,0,0,26.9,Clear,Field C
2022-08-11,04:15,Cow_95,0,8,7,0,26.9,Clear,Field B
2022-08-11,04:15,Cow_96,9,3,3,0,26.9,Clear,Field C
2022-08-11,04:15,Cow_97,6,6,3,0,26.9,Clear,Field C
2022-08-11,04:15,Cow_98,6,4,5,0,26.9,Clear,Field A
2022-08-11,04:15,Cow_99,4,8,3,0,26.9,Clear,Field B
2022-08-11,04:15,Cow_100,6,5,4,0,26.9,Clear,Field B
2022-08-11,04:15,Cow_101,9,6,0,0,26.9,Clear,Field A
2022-08-11,04:15,Cow_102,7,5,3,0,26.9,Clear,Field C
2022-08-11,04:15,Cow_103,10,9,0,0,26.9,Clear,Field B
2022-08-11,04:15,Cow_104,0,9,8,0,26.9,Clear,Field A
2022-08-11,04:15,Cow_105,9,7,0,0,26.9,Clear,Field A
2022-08-11,04:15,Cow_106,13,7,0,0,26.9,Clear,Field B
2022-08-11,04:15,Cow_107,10,9,0,0,26.9,Clear,Field C
2022-08-11,04:15,Cow_108,5,4,6,0,26.9,Clear,Field C
2022-08-11,04:15,Cow_109,8,4,3,0,26.9,Clear,Field C
2022-08-11,04:15,Cow_110,11,0,7,0,26.9,Clear,Field A
2022-08-11,04:15,Cow_111,8,4,3,0,26.9,Clear,Field C
2022-08-11,04:15,Cow_112,0,0,0,15,26.9,Clear,Field B
2022-08-11,04:15,Cow_113,5,4,6,0,26.9,Clear,Field C
2022-08-11,04:15,Cow_114,9,2,4,0,26.9,Clear,Field B
2022-08-11,04:15,Cow_115,5,5,5,0,26.9,Clear,Field B
2022-08-11,04:15,Cow_116,8,4,3,0,26.9,Clear,Field B
2022-08-11,04:15,Cow_117,5,3,7,0,26.9,Clear,Field C
2022-08-11,04:15,Cow_118,8,3,4,0,26.9,Clear,Field B
2022-08-11,04:15,Cow_119,9,0,7,0,26.9,Clear,Field A
2022-08-11,04:15,Cow_120,7,10,0,0,26.9,Clear,Field C
2022-08-11,04:15,Cow_121,10,3,2,0,26.9,Clear,Field B
2022-08-11,04:15,Cow_122,8,4,3,0,26.9,Clear,Field B
2022-08-11,04:15,Cow_123,3,4,8,0,26.9,Clear,Field C
2022-08-11,04:15,Cow_124,12,0,6,0,26.9,Clear,Field C
2022-08-11,04:15,Cow_125,8,7,0,0,26.9,Clear,Field C
2022-08-11,04:15,Cow_126,14,3,0,0,26.9,Clear,Field C
2022-08-11,04:15,Cow_127,11,0,7,0,26.9,Clear,Field B
2022-08-11,04:15,Cow_128,7,5,3,0,26.9,Clear,Field A
2022-08-11,04:15,Cow_129,5,7,3,0,26.9,Clear,Field B
2022-08-11,04:15,Cow_130,0,0,0,15,26.9,Clear,Field C
2022-08-11,04:15,Cow_131,10,0,7,0,26.9,Clear,Field B
2022-08-11,04:15,Cow_132,8,3,4,0,26.9,Clear,Field B
2022-08-11,04:15,Cow_133,0,9,6,0,26.9,Clear,Field B
2022-08-11,04:15,Cow_134,3,8,4,0,26.9,Clear,Field B
2022-08-11,04:15,Cow_135,7,5,3,0,26.9,Clear,Field A
2022-08-11,04:15,Cow_136,1,9,5,0,26.9,Clear,Field B
2022-08-11,04:15,Cow_137,9,2,4,0,26.9,Clear,Field B
2022-08-11,04:15,Cow_138,6,5,4,0,26.9,Clear,Field B
2022-08-11,04:15,Cow_139,5,7,3,0,26.9,Clear,Field C
2022-08-11,04:15,Cow_140,14,5,0,0,26.9,Clear,Field C
2022-08-11,04:15,Cow_141,14,10,0,0,26.9,Clear,Field B
2022-08-11,04:15,Cow_142,6,2,7,0,26.9,Clear,Field A
2022-08-11,04:15,Cow_143,7,3,5,0,26.9,Clear,Field B
2022-08-11,04:15,Cow_144,5,4,6,0,26.9,Clear,Field A
2022-08-11,04:15,Cow_145,5,9,1,0,26.9,Clear,Field A
2022-08-11,04:15,Cow_146,8,7,0,0,26.9,Clear,Field A
2022-08-11,04:15,Cow_147,0,0,0,15,26.9,Clear,Field B
2022-08-11,04:15,Cow_148,0,0,0,15,26.9,Clear,Field A
2022-08-11,04:15,Cow_149,7,3,5,0,26.9,Clear,Field B
2022-08-11,04:15,Cow_150,12,0,6,0,26.9,Clear,Field B
2022-08-11,04:15,Cow_151,9,3,3,0,26.9,Clear,Field A
2022-08-11,04:15,Cow_152,7,0,8,0,26.9,Clear,Field B
2022-08-11,04:15,Cow_153,10,9,0,0,26.9,Clear,Field A
2022-08-11,04:15,Cow_154,5,6,4,0,26.9,Clear,Field B
2022-08-11,04:15,Cow_155,7,4,4,0,26.9,Clear,Field C
2022-08-11,04:15,Cow_156,12,0,8,0,26.9,Clear,Field B
2022-08-11,04:15,Cow_157,0,9,7,0,26.9,Clear,Field C
2022-08-11,04:15,Cow_158,13,0,6,0,26.9,Clear,Field B
2022-08-11,04:15,Cow_159,13,8,0,0,26.9,Clear,Field A
2022-08-11,04:15,Cow_160,0,0,0,15,26.9,Clear,Field B
2022-08-11,04:15,Cow_161,6,5,4,0,26.9,Clear,Field C
2022-08-11,04:15,Cow_162,5,7,3,0,26.9,Clear,Field B
2022-08-11,04:15,Cow_163,13,0,3,0,26.9,Clear,Field C
2022-08-11,04:15,Cow_164,12,0,6,0,26.9,Clear,Field A
2022-08-11,04:15,Cow_165,13,0,8,0,26.9,Clear,Field B
2022-08-11,04:15,Cow_166,0,10,5,0,26.9,Clear,Field B
2022-08-11,04:15,Cow_167,10,4,1,0,26.9,Clear,Field C
2022-08-11,04:15,Cow_168,10,10,0,0,26.9,Clear,Field C
2022-08-11,04:15,Cow_169,8,3,4,0,26.9,Clear,Field B
2022-08-11,04:15,Cow_170,13,10,0,0,26.9,Clear,Field C
2022-08-11,04:15,Cow_171,6,4,5,0,26.9,Clear,Field A
2022-08-11,04:15,Cow_172,4,5,6,0,26.9,Clear,Field C
2022-08-11,04:15,Cow_173,10,2,3,0,26.9,Clear,Field B
2022-08-11,04:15,Cow_174,11,3,1,0,26.9,Clear,Field C
2022-08-11,04:15,Cow_175,14,8,0,0,26.9,Clear,Field C
2022-08-11,04:15,Cow_176,4,3,8,0,26.9,Clear,Field B
2022-08-11,04:15,Cow_177,10,1,4,0,26.9,Clear,Field A
2022-08-11,04:15,Cow_178,6,3,6,0,26.9,Clear,Field C
2022-08-11,04:15,Cow_179,1,6,8,0,26.9,Clear,Field B
2022-08-11,04:15,Cow_180,3,4,8,0,26.9,Clear,Field C
2022-08-11,04:15,Cow_181,8,6,1,0,26.9,Clear,Field C
2022-08-11,04:15,Cow_182,3,9,3,0,26.9,Clear,Field C
2022-08-11,04:15,Cow_183,6,6,3,0,26.9,Clear,Field B
2022-08-11,04:15,Cow_184,2,6,7,0,26.9,Clear,Field C
2022-08-11,04:15,Cow_185,8,8,0,0,26.9,Clear,Field C
2022-08-11,04:15,Cow_186,7,3,5,0,26.9,Clear,Field A
2022-08-11,04:15,Cow_187,11,0,6,0,26.9,Clear,Field C
2022-08-11,04:15,Cow_188,5,8,2,0,26.9,Clear,Field B
2022-08-11,04:15,Cow_189,6,8,1,0,26.9,Clear,Field C
2022-08-11,04:15,Cow_190,5,10,0,0,26.9,Clear,Field C
2022-08-11,04:15,Cow_191,11,3,1,0,26.9,Clear,Field A
2022-08-11,04:15,Cow_192,9,6,0,0,26.9,Clear,Field C
2022-08-11,04:15,Cow_193,0,7,8,0,26.9,Clear,Field B
2022-08-11,04:15,Cow_194,5,6,4,0,26.9,Clear,Field C
2022-08-11,04:15,Cow_195,7,7,1,0,26.9,Clear,Field A
2022-08-11,04:15,Cow_196,5,6,4,0,26.9,Clear,Field C
2022-08-11,04:15,Cow_197,3,5,7,0,26.9,Clear,Field C
2022-08-11,04:15,Cow_198,0,0,0,15,26.9,Clear,Field B
2022-08-11,04:15,Cow_199,8,8,0,0,26.9,Clear,Field C
2022-08-11,04:15,Cow_200,7,3,5,0,26.9,Clear,Field C
2022-08-11,04:15,Cow_201,0,0,0,15,26.9,Clear,Field A
2022-08-11,04:15,Cow_202,7,9,0,0,26.9,Clear,Field C
2022-08-11,04:15,Cow_203,13,5,0,0,26.9,Clear,Field A
2022-08-11,04:15,Cow_204,4,6,5,0,26.9,Clear,Field B
2022-08-11,04:15,Cow_205,0,0,0,15,26.9,Clear,Field B
2022-08-11,04:15,Cow_206,3,9,3,0,26.9,Clear,Field C
2022-08-11,04:15,Cow_207,8,0,8,0,26.9,Clear,Field A
2022-08-11,04:15,Cow_208,6,5,4,0,26.9,Clear,Field B
2022-08-11,04:15,Cow_209,9,3,3,0,26.9,Clear,Field B
2022-08-11,04:15,Cow_210,1,6,8,0,26.9,Clear,Field A
2022-08-11,04:15,Cow_211,5,7,3,0,26.9,Clear,Field A
2022-08-11,04:15,Cow_212,0,0,0,15,26.9,Clear,Field A
2022-08-11,04:15,Cow_213,14,7,0,0,26.9,Clear,Field C
2022-08-11,04:15,Cow_214,8,5,2,0,26.9,Clear,Field C
2022-08-11,04:15,Cow_215,4,5,6,0,26.9,Clear,Field A
2022-08-11,04:15,Cow_216,11,0,8,0,26.9,Clear,Field C
2022-08-11,04:15,Cow_217,11,0,6,0,26.9,Clear,Field C
2022-08-11,04:15,Cow_218,9,6,0,0,26.9,Clear,Field C
2022-08-11,04:15,Cow_219,0,9,7,0,26.9,Clear,Field A
2022-08-11,04:15,Cow_220,11,0,5,0,26.9,Clear,Field B
2022-08-11,04:15,Cow_221,13,0,8,0,26.9,Clear,Field B
2022-08-11,04:15,Cow_222,1,6,8,0,26.9,Clear,Field C
2022-08-11,04:15,Cow_223,5,9,1,0,26.9,Clear,Field C
2022-08-11,04:15,Cow_224,0,0,0,15,26.9,Clear,Field B
2022-08-11,04:15,Cow_225,6,4,5,0,26.9,Clear,Field B
2022-08-11,04:15,Cow_226,5,3,7,0,26.9,Clear,Field B
2022-08-11,04:15,Cow_227,4,3,8,0,26.9,Clear,Field C
2022-08-11,04:15,Cow_228,0,0,0,15,26.9,Clear,Field A
2022-08-11,04:15,Cow_229,6,1,8,0,26.9,Clear,Field C
2022-08-11,04:15,Cow_230,13,0,3,0,26.9,Clear,Field B
2022-08-11,04:15,Cow_231,14,4,0,0,26.9,Clear,Field C
2022-08-11,04:15,Cow_232,8,10,0,0,26.9,Clear,Field B
2022-08-11,04:15,Cow_233,9,3,3,0,26.9,Clear,Field C
2022-08-11,04:15,Cow_234,6,3,6,0,26.9,Clear,Field A
2022-08-11,04:15,Cow_235,6,6,3,0,26.9,Clear,Field B
2022-08-11,04:15,Cow_236,6,4,5,0,26.9,Clear,Field A
2022-08-11,04:15,Cow_237,6,6,3,0,26.9,Clear,Field B
2022-08-11,04:15,Cow_238,9,3,3,0,26.9,Clear,Field B
2022-08-11,04:15,Cow_239,0,0,0,15,26.9,Clear,Field A
2022-08-11,04:15,Cow_240,12,4,0,0,26.9,Clear,Field A
2022-08-11,04:15,Cow_241,11,0,6,0,26.9,Clear,Field A
2022-08-11,04:15,Cow_242,12,6,0,0,26.9,Clear,Field A
2022-08-11,04:15,Cow_243,9,5,1,0,26.9,Clear,Field B
2022-08-11,04:15,Cow_244,11,5,0,0,26.9,Clear,Field C
2022-08-11,04:15,Cow_245,0,0,0,15,26.9,Clear,Field A
2022-08-11,04:15,Cow_246,14,0,5,0,26.9,Clear,Field C
2022-08-11,04:15,Cow_247,4,9,2,0,26.9,Clear,Field C
2022-08-11,04:15,Cow_248,13,7,0,0,26.9,Clear,Field C
2022-08-11,04:15,Cow_249,8,3,4,0,26.9,Clear,Field A
2022-08-11,04:15,Cow_250,9,0,8,0,26.9,Clear,Field C
2022-08-11,04:15,Cow_251,8,4,3,0,26.9,Clear,Field A
2022-08-11,04:15,Cow_252,8,5,2,0,26.9,Clear,Field A
2022-08-11,04:15,Cow_253,1,8,6,0,26.9,Clear,Field A
2022-08-11,04:15,Cow_254,6,5,4,0,26.9,Clear,Field C
2022-08-11,04:15,Cow_255,12,10,0,0,26.9,Clear,Field C
2022-08-11,04:15,Cow_256,14,0,7,0,26.9,Clear,Field B
2022-08-11,04:15,Cow_257,2,5,8,0,26.9,Clear,Field B
2022-08-11,04:15,Cow_258,7,5,3,0,26.9,Clear,Field C
2022-08-11,04:15,Cow_259,5,4,6,0,26.9,Clear,Field A
2022-08-11,04:15,Cow_260,13,0,6,0,26.9,Clear,Field A
2022-08-11,04:15,Cow_261,5,7,3,0,26.9,Clear,Field A
2022-08-11,04:15,Cow_262,8,3,4,0,26.9,Clear,Field A
2022-08-11,04:15,Cow_263,5,5,5,0,26.9,Clear,Field C
2022-08-11,04:15,Cow_264,0,0,0,15,26.9,Clear,Field A
2022-08-11,04:15,Cow_265,10,3,2,0,26.9,Clear,Field B
2022-08-11,04:15,Cow_266,10,0,5,0,26.9,Clear,Field C
2022-08-11,04:15,Cow_267,11,0,7,0,26.9,Clear,Field B
2022-08-11,04:15,Cow_268,2,9,4,0,26.9,Clear,Field B
2022-08-11,04:15,Cow_269,0,8,7,0,26.9,Clear,Field C
2022-08-11,04:15,Cow_270,11,0,7,0,26.9,Clear,Field B
2022-08-11,04:15,Cow_271,11,9,0,0,26.9,Clear,Field C
2022-08-11,04:15,Cow_272,6,4,5,0,26.9,Clear,Field B
2022-08-11,04:15,Cow_273,8,6,1,0,26.9,Clear,Field B
2022-08-11,04:15,Cow_274,5,7,3,0,26.9,Clear,Field B
2022-08-11,04:15,Cow_275,11,8,0,0,26.9,Clear,Field B
2022-08-11,04:15,Cow_276,13,9,0,0,26.9,Clear,Field B
2022-08-11,04:15,Cow_277,0,0,0,15,26.9,Clear,Field A
2022-08-11,04:15,Cow_278,10,2,3,0,26.9,Clear,Field A
2022-08-11,04:15,Cow_279,8,3,4,0,26.9,Clear,Field B
2022-08-11,04:15,Cow_280,6,5,4,0,26.9,Clear,Field C
2022-08-11,04:15,Cow_281,0,10,5,0,26.9,Clear,Field B
2022-08-11,04:15,Cow_282,6,6,3,0,26.9,Clear,Field A
2022-08-11,04:15,Cow_283,6,3,6,0,26.9,Clear,Field C
2022-08-11,04:15,Cow_284,0,10,5,0,26.9,Clear,Field A
2022-08-11,04:15,Cow_285,10,0,6,0,26.9,Clear,Field B
2022-08-11,04:15,Cow_286,8,1,6,0,26.9,Clear,Field C
2022-08-11,04:15,Cow_287,14,8,0,0,26.9,Clear,Field A
2022-08-11,04:15,Cow_288,4,6,5,0,26.9,Clear,Field C
2022-08-11,04:15,Cow_289,6,3,6,0,26.9,Clear,Field A
2022-08-11,04:15,Cow_290,3,7,5,0,26.9,Clear,Field A
2022-08-11,04:15,Cow_291,5,5,5,0,26.9,Clear,Field B
2022-08-11,04:15,Cow_292,0,9,7,0,26.9,Clear,Field A
2022-08-11,04:15,Cow_293,15,11,0,0,26.9,Clear,Field B
2022-08-11,04:15,Cow_294,0,8,8,0,26.9,Clear,Field C
2022-08-11,04:15,Cow_295,6,4,5,0,26.9,Clear,Field A
2022-08-11,04:15,Cow_296,10,0,8,0,26.9,Clear,Field B
2022-08-11,04:15,Cow_297,7,9,0,0,26.9,Clear,Field C
2022-08-11,04:15,Cow_298,13,0,4,0,26.9,Clear,Field A
2022-08-11,04:15,Cow_299,0,0,0,15,26.9,Clear,Field C
2022-08-11,04:15,Cow_300,5,4,6,0,26.9,Clear,Field B
2022-08-11,04:15,Cow_301,14,0,5,0,26.9,Clear,Field C
2022-08-11,04:15,Cow_302,0,10,6,0,26.9,Clear,Field A
2022-08-11,04:15,Cow_303,0,0,0,15,26.9,Clear,Field C
2022-08-11,04:15,Cow_304,10,1,4,0,26.9,Clear,Field B
2022-08-11,04:15,Cow_305,10,9,0,0,26.9,Clear,Field C
2022-08-11,04:15,Cow_306,3,6,6,0,26.9,Clear,Field C
2022-08-11,04:15,Cow_307,10,7,0,0,26.9,Clear,Field B
2022-08-11,04:15,Cow_308,0,0,0,15,26.9,Clear,Field A
2022-08-11,04:15,Cow_309,6,6,3,0,26.9,Clear,Field B
2022-08-11,04:15,Cow_310,10,0,8,0,26.9,Clear,Field A
2022-08-11,04:15,Cow_311,12,0,4,0,26.9,Clear,Field B
2022-08-11,04:15,Cow_312,14,0,8,0,26.9,Clear,Field C
2022-08-11,04:15,Cow_313,13,0,3,0,26.9,Clear,Field A
2022-08-11,04:15,Cow_314,10,0,5,0,26.9,Clear,Field C
2022-08-11,04:15,Cow_315,0,0,0,15,26.9,Clear,Field A
2022-08-11,04:15,Cow_316,8,3,4,0,26.9,Clear,Field C
2022-08-11,04:15,Cow_317,13,3,0,0,26.9,Clear,Field C
2022-08-11,04:15,Cow_318,7,3,5,0,26.9,Clear,Field C
2022-08-11,04:15,Cow_319,5,7,3,0,26.9,Clear,Field B
2022-08-11,04:15,Cow_320,9,2,4,0,26.9,Clear,Field C
2022-08-11,04:15,Cow_321,6,2,7,0,26.9,Clear,Field C
2022-08-11,04:15,Cow_322,6,4,5,0,26.9,Clear,Field B
2022-08-11,04:15,Cow_323,14,9,0,0,26.9,Clear,Field A
2022-08-11,04:15,Cow_324,7,5,3,0,26.9,Clear,Field C
2022-08-11,04:15,Cow_325,11,4,0,0,26.9,Clear,Field A
2022-08-11,04:15,Cow_326,14,10,0,0,26.9,Clear,Field B
2022-08-11,04:15,Cow_327,12,3,0,0,26.9,Clear,Field B
2022-08-11,04:15,Cow_328,14,8,0,0,26.9,Clear,Field A
2022-08-11,04:15,Cow_329,0,7,8,0,26.9,Clear,Field A
2022-08-11,04:15,Cow_330,13,9,0,0,26.9,Clear,Field A
2022-08-11,04:15,Cow_331,4,5,6,0,26.9,Clear,Field B
2022-08-11,04:15,Cow_332,0,8,7,0,26.9,Clear,Field B
2022-08-11,04:15,Cow_333,10,5,0,0,26.9,Clear,Field A
2022-08-11,04:15,Cow_334,8,5,2,0,26.9,Clear,Field A
2022-08-11,04:15,Cow_335,1,6,8,0,26.9,Clear,Field B
2022-08-11,04:15,Cow_336,9,9,0,0,26.9,Clear,Field C
2022-08-11,04:15,Cow_337,6,7,2,0,26.9,Clear,Field C
2022-08-11,04:15,Cow_338,0,8,7,0,26.9,Clear,Field A
2022-08-11,04:15,Cow_339,8,2,5,0,26.9,Clear,Field C
2022-08-11,04:15,Cow_340,7,3,5,0,26.9,Clear,Field C
2022-08-11,04:15,Cow_341,9,6,0,0,26.9,Clear,Field B
2022-08-11,04:15,Cow_342,1,6,8,0,26.9,Clear,Field A
2022-08-11,04:15,Cow_343,14,0,6,0,26.9,Clear,Field B
2022-08-11,04:15,Cow_344,0,10,6,0,26.9,Clear,Field B
2022-08-11,04:15,Cow_345,1,6,8,0,26.9,Clear,Field C
2022-08-11,04:15,Cow_346,11,1,3,0,26.9,Clear,Field C
2022-08-11,04:15,Cow_347,9,3,3,0,26.9,Clear,Field C
2022-08-11,04:15,Cow_348,6,10,0,0,26.9,Clear,Field C
2022-08-11,04:15,Cow_349,8,3,4,0,26.9,Clear,Field B
2022-08-11,04:15,Cow_350,7,7,1,0,26.9,Clear,Field B
2022-08-11,04:15,Cow_351,2,10,3,0,26.9,Clear,Field C
2022-08-11,04:15,Cow_352,0,9,7,0,26.9,Clear,Field A
2022-08-11,04:15,Cow_353,1,10,4,0,26.9,Clear,Field C
2022-08-11,04:15,Cow_354,8,3,4,0,26.9,Clear,Field C
2022-08-11,04:15,Cow_355,6,9,0,0,26.9,Clear,Field A
2022-08-11,04:15,Cow_356,13,4,0,0,26.9,Clear,Field B
2022-08-11,04:15,Cow_357,14,5,0,0,26.9,Clear,Field C
2022-08-11,04:15,Cow_358,9,3,3,0,26.9,Clear,Field C
2022-08-11,04:15,Cow_359,12,7,0,0,26.9,Clear,Field C
2022-08-11,04:15,Cow_360,3,9,3,0,26.9,Clear,Field B
2022-08-11,04:15,Cow_361,13,8,0,0,26.9,Clear,Field C
2022-08-11,04:15,Cow_362,14,3,0,0,26.9,Clear,Field C
2022-08-11,04:15,Cow_363,15,0,4,0,26.9,Clear,Field C
2022-08-11,04:15,Cow_364,7,3,5,0,26.9,Clear,Field C
2022-08-11,04:15,Cow_365,6,1,8,0,26.9,Clear,Field A
2022-08-11,04:15,Cow_366,12,0,8,0,26.9,Clear,Field A
2022-08-11,04:15,Cow_367,14,7,0,0,26.9,Clear,Field B
2022-08-11,04:15,Cow_368,4,3,8,0,26.9,Clear,Field A
2022-08-11,04:15,Cow_369,14,10,0,0,26.9,Clear,Field A
2022-08-11,04:15,Cow_370,10,10,0,0,26.9,Clear,Field A
2022-08-11,04:15,Cow_371,14,4,0,0,26.9,Clear,Field A
2022-08-11,04:15,Cow_372,0,10,7,0,26.9,Clear,Field C
2022-08-11,04:15,Cow_373,13,3,0,0,26.9,Clear,Field A
2022-08-11,04:15,Cow_374,0,9,6,0,26.9,Clear,Field B
2022-08-11,04:15,Cow_375,14,8,0,0,26.9,Clear,Field A
2022-08-11,04:15,Cow_376,0,0,0,15,26.9,Clear,Field A
2022-08-11,04:15,Cow_377,4,4,7,0,26.9,Clear,Field B
2022-08-11,04:15,Cow_378,12,4,0,0,26.9,Clear,Field B
2022-08-11,04:15,Cow_379,6,3,6,0,26.9,Clear,Field C
2022-08-11,04:15,Cow_380,0,9,6,0,26.9,Clear,Field A
2022-08-11,04:15,Cow_381,2,11,2,0,26.9,Clear,Field A
2022-08-11,04:15,Cow_382,2,8,5,0,26.9,Clear,Field A
2022-08-11,04:15,Cow_383,6,1,8,0,26.9,Clear,Field B
2022-08-11,04:15,Cow_384,7,3,5,0,26.9,Clear,Field B
2022-08-11,04:15,Cow_385,1,10,4,0,26.9,Clear,Field A
2022-08-11,04:15,Cow_386,9,8,0,0,26.9,Clear,Field B
2022-08-11,04:15,Cow_387,8,5,2,0,26.9,Clear,Field B
2022-08-11,04:15,Cow_388,9,3,3,0,26.9,Clear,Field B
2022-08-11,04:15,Cow_389,9,4,2,0,26.9,Clear,Field C
2022-08-11,04:15,Cow_390,4,4,7,0,26.9,Clear,Field C
2022-08-11,04:15,Cow_391,6,4,5,0,26.9,Clear,Field C
2022-08-11,04:15,Cow_392,14,0,8,0,26.9,Clear,Field C
2022-08-11,04:15,Cow_393,8,4,3,0,26.9,Clear,Field C
2022-08-11,04:15,Cow_394,7,9,0,0,26.9,Clear,Field A
2022-08-11,04:15,Cow_395,0,12,8,0,26.9,Clear,Field A
2022-08-11,04:15,Cow_396,14,5,0,0,26.9,Clear,Field C
2022-08-11,04:15,Cow_397,9,3,3,0,26.9,Clear,Field B
2022-08-11,04:15,Cow_398,14,0,3,0,26.9,Clear,Field C
2022-08-11,04:15,Cow_399,11,1,3,0,26.9,Clear,Field B
2022-08-11,04:15,Cow_400,7,4,4,0,26.9,Clear,Field A
2022-08-11,04:15,Cow_401,6,6,3,0,26.9,Clear,Field B
2022-08-11,04:15,Cow_402,8,0,7,0,26.9,Clear,Field C
2022-08-11,04:15,Cow_403,9,0,6,0,26.9,Clear,Field C
2022-08-11,04:15,Cow_404,0,10,5,0,26.9,Clear,Field C
2022-08-11,04:15,Cow_405,0,0,0,15,26.9,Clear,Field C
2022-08-11,04:15,Cow_406,1,7,7,0,26.9,Clear,Field B
2022-08-11,04:15,Cow_407,12,0,8,0,26.9,Clear,Field B
2022-08-11,04:15,Cow_408,1,10,4,0,26.9,Clear,Field A
2022-08-11,04:15,Cow_409,8,3,4,0,26.9,Clear,Field C
2022-08-11,04:15,Cow_410,0,10,6,0,26.9,Clear,Field A
2022-08-11,04:15,Cow_411,13,0,4,0,26.9,Clear,Field A
2022-08-11,04:15,Cow_412,8,5,2,0,26.9,Clear,Field B
2022-08-11,04:15,Cow_413,0,8,7,0,26.9,Clear,Field B
2022-08-11,04:15,Cow_414,12,0,6,0,26.9,Clear,Field C
2022-08-11,04:15,Cow_415,6,1,8,0,26.9,Clear,Field B
2022-08-11,04:15,Cow_416,0,10,5,0,26.9,Clear,Field B
2022-08-11,04:15,Cow_417,7,5,3,0,26.9,Clear,Field C
2022-08-11,04:15,Cow_418,0,0,0,15,26.9,Clear,Field B
2022-08-11,04:15,Cow_419,12,0,7,0,26.9,Clear,Field C
2022-08-11,04:15,Cow_420,11,7,0,0,26.9,Clear,Field A
2022-08-11,04:15,Cow_421,14,8,0,0,26.9,Clear,Field A
2022-08-11,04:15,Cow_422,8,3,4,0,26.9,Clear,Field A
2022-08-11,04:15,Cow_423,8,6,1,0,26.9,Clear,Field B
2022-08-11,04:15,Cow_424,9,3,3,0,26.9,Clear,Field A
2022-08-11,04:15,Cow_425,6,6,3,0,26.9,Clear,Field A
2022-08-11,04:15,Cow_426,1,9,5,0,26.9,Clear,Field C
2022-08-11,04:15,Cow_427,0,0,0,15,26.9,Clear,Field B
2022-08-11,04:15,Cow_428,1,8,6,0,26.9,Clear,Field B
2022-08-11,04:15,Cow_429,2,7,6,0,26.9,Clear,Field B
2022-08-11,04:15,Cow_430,5,6,4,0,26.9,Clear,Field C
2022-08-11,04:15,Cow_431,5,10,0,0,26.9,Clear,Field A
2022-08-11,04:15,Cow_432,5,8,2,0,26.9,Clear,Field A
2022-08-11,04:15,Cow_433,7,0,8,0,26.9,Clear,Field B
2022-08-11,04:15,Cow_434,0,9,7,0,26.9,Clear,Field A
2022-08-11,04:15,Cow_435,2,7,6,0,26.9,Clear,Field A
2022-08-11,04:15,Cow_436,10,8,0,0,26.9,Clear,Field C
2022-08-11,04:15,Cow_437,13,6,0,0,26.9,Clear,Field A
2022-08-11,04:15,Cow_438,6,1,8,0,26.9,Clear,Field A
2022-08-11,04:15,Cow_439,5,9,1,0,26.9,Clear,Field C
2022-08-11,04:15,Cow_440,8,3,4,0,26.9,Clear,Field A
2022-08-11,04:15,Cow_441,5,5,5,0,26.9,Clear,Field A
2022-08-11,04:15,Cow_442,12,7,0,0,26.9,Clear,Field A
2022-08-11,04:15,Cow_443,6,1,8,0,26.9,Clear,Field B
2022-08-11,04:15,Cow_444,2,8,5,0,26.9,Clear,Field B
2022-08-11,04:15,Cow_445,2,6,7,0,26.9,Clear,Field C
2022-08-11,04:15,Cow_446,0,0,0,15,26.9,Clear,Field A
2022-08-11,04:15,Cow_447,10,4,1,0,26.9,Clear,Field B
2022-08-11,04:15,Cow_448,9,5,1,0,26.9,Clear,Field B
2022-08-11,04:15,Cow_449,2,7,6,0,26.9,Clear,Field B
2022-08-11,04:15,Cow_450,12,0,4,0,26.9,Clear,Field A
2022-08-11,04:15,Cow_451,0,7,8,0,26.9,Clear,Field B
2022-08-11,04:15,Cow_452,0,10,5,0,26.9,Clear,Field C
2022-08-11,04:15,Cow_453,0,9,7,0,26.9,Clear,Field C
2022-08-11,04:15,Cow_454,6,5,4,0,26.9,Clear,Field A
2022-08-11,04:15,Cow_455,11,9,0,0,26.9,Clear,Field B
2022-08-11,04:15,Cow_456,6,1,8,0,26.9,Clear,Field B
2022-08-11,04:15,Cow_457,6,5,4,0,26.9,Clear,Field A
2022-08-11,04:15,Cow_458,12,4,0,0,26.9,Clear,Field C
2022-08-11,04:15,Cow_459,0,0,0,15,26.9,Clear,Field B
2022-08-11,04:15,Cow_460,12,0,8,0,26.9,Clear,Field A
2022-08-11,04:15,Cow_461,6,3,6,0,26.9,Clear,Field C
2022-08-11,04:15,Cow_462,0,9,6,0,26.9,Clear,Field A
2022-08-11,04:15,Cow_463,11,7,0,0,26.9,Clear,Field A
2022-08-11,04:15,Cow_464,1,8,6,0,26.9,Clear,Field A
2022-08-11,04:15,Cow_465,8,4,3,0,26.9,Clear,Field B
2022-08-11,04:15,Cow_466,10,5,0,0,26.9,Clear,Field A
2022-08-11,04:15,Cow_467,9,0,6,0,26.9,Clear,Field C
2022-08-11,04:15,Cow_468,11,1,3,0,26.9,Clear,Field A
2022-08-11,04:15,Cow_469,14,0,3,0,26.9,Clear,Field A
2022-08-11,04:15,Cow_470,5,5,5,0,26.9,Clear,Field B
2022-08-11,04:15,Cow_471,6,6,3,0,26.9,Clear,Field C
2022-08-11,04:15,Cow_472,14,4,0,0,26.9,Clear,Field B
2022-08-11,04:15,Cow_473,3,5,7,0,26.9,Clear,Field C
2022-08-11,04:15,Cow_474,5,7,3,0,26.9,Clear,Field C
2022-08-11,04:15,Cow_475,0,10,5,0,26.9,Clear,Field C
2022-08-11,04:15,Cow_476,0,9,7,0,26.9,Clear,Field C
2022-08-11,04:15,Cow_477,6,9,0,0,26.9,Clear,Field C
2022-08-11,04:15,Cow_478,6,6,3,0,26.9,Clear,Field C
2022-08-11,04:15,Cow_479,2,3,10,0,26.9,Clear,Field A
2022-08-11,04:15,Cow_480,0,0,0,15,26.9,Clear,Field B
2022-08-11,04:15,Cow_481,14,9,0,0,26.9,Clear,Field B
2022-08-11,04:15,Cow_482,0,9,8,0,26.9,Clear,Field B
2022-08-11,04:15,Cow_483,0,0,0,15,26.9,Clear,Field A
2022-08-11,04:15,Cow_484,8,3,4,0,26.9,Clear,Field A
2022-08-11,04:15,Cow_485,9,8,0,0,26.9,Clear,Field A
2022-08-11,04:15,Cow_486,14,9,0,0,26.9,Clear,Field A
2022-08-11,04:15,Cow_487,13,10,0,0,26.9,Clear,Field B
2022-08-11,04:15,Cow_488,11,0,8,0,26.9,Clear,Field B
2022-08-11,04:15,Cow_489,0,10,5,0,26.9,Clear,Field C
2022-08-11,04:15,Cow_490,10,2,3,0,26.9,Clear,Field A
2022-08-11,04:15,Cow_491,0,0,0,15,26.9,Clear,Field A
2022-08-11,04:15,Cow_492,14,5,0,0,26.9,Clear,Field B
2022-08-11,04:15,Cow_493,3,4,8,0,26.9,Clear,Field B
2022-08-11,04:15,Cow_494,14,0,4,0,26.9,Clear,Field C
2022-08-11,04:15,Cow_495,9,0,8,0,26.9,Clear,Field C
2022-08-11,04:15,Cow_496,0,0,0,15,26.9,Clear,Field A
2022-08-11,04:15,Cow_497,14,6,0,0,26.9,Clear,Field A
2022-08-11,04:15,Cow_498,14,3,0,0,26.9,Clear,Field A
2022-08-11,04:15,Cow_499,7,4,4,0,26.9,Clear,Field B
2022-08-11,04:15,Cow_500,10,9,0,0,26.9,Clear,Field B
2022-08-11,04:30,Cow_1,14,4,0,0,25.9,Clear,Field B
2022-08-11,04:30,Cow_2,2,9,4,0,25.9,Clear,Field B
2022-08-11,04:30,Cow_3,9,7,0,0,25.9,Clear,Field B
2022-08-11,04:30,Cow_4,0,0,0,15,25.9,Clear,Field B
2022-08-11,04:30,Cow_5,6,5,4,0,25.9,Clear,Field A
2022-08-11,04:30,Cow_6,3,7,5,0,25.9,Clear,Field B
2022-08-11,04:30,Cow_7,9,3,3,0,25.9,Clear,Field C
2022-08-11,04:30,Cow_8,0,0,0,15,25.9,Clear,Field A
2022-08-11,04:30,Cow_9,9,6,0,0,25.9,Clear,Field C
2022-08-11,04:30,Cow_10,5,4,6,0,25.9,Clear,Field C
2022-08-11,04:30,Cow_11,3,6,6,0,25.9,Clear,Field A
2022-08-11,04:30,Cow_12,8,7,0,0,25.9,Clear,Field C
2022-08-11,04:30,Cow_13,12,0,6,0,25.9,Clear,Field B
2022-08-11,04:30,Cow_14,9,7,0,0,25.9,Clear,Field C
2022-08-11,04:30,Cow_15,5,6,4,0,25.9,Clear,Field C
2022-08-11,04:30,Cow_16,11,0,6,0,25.9,Clear,Field C
2022-08-11,04:30,Cow_17,11,0,8,0,25.9,Clear,Field A
2022-08-11,04:30,Cow_18,15,9,0,0,25.9,Clear,Field B
2022-08-11,04:30,Cow_19,0,0,0,15,25.9,Clear,Field B
2022-08-11,04:30,Cow_20,11,4,0,0,25.9,Clear,Field C
2022-08-11,04:30,Cow_21,0,0,0,15,25.9,Clear,Field A
2022-08-11,04:30,Cow_22,4,5,6,0,25.9,Clear,Field A
2022-08-11,04:30,Cow_23,5,5,5,0,25.9,Clear,Field C
2022-08-11,04:30,Cow_24,10,0,5,0,25.9,Clear,Field C
2022-08-11,04:30,Cow_25,13,8,0,0,25.9,Clear,Field C
2022-08-11,04:30,Cow_26,0,10,6,0,25.9,Clear,Field A
2022-08-11,04:30,Cow_27,2,5,8,0,25.9,Clear,Field C
2022-08-11,04:30,Cow_28,2,7,6,0,25.9,Clear,Field A
2022-08-11,04:30,Cow_29,0,10,5,0,25.9,Clear,Field C
2022-08-11,04:30,Cow_30,6,3,6,0,25.9,Clear,Field A
2022-08-11,04:30,Cow_31,0,0,0,15,25.9,Clear,Field B
2022-08-11,04:30,Cow_32,13,8,0,0,25.9,Clear,Field A
2022-08-11,04:30,Cow_33,8,4,3,0,25.9,Clear,Field C
2022-08-11,04:30,Cow_34,12,3,0,0,25.9,Clear,Field B
2022-08-11,04:30,Cow_35,14,5,0,0,25.9,Clear,Field B
2022-08-11,04:30,Cow_36,6,4,5,0,25.9,Clear,Field B
2022-08-11,04:30,Cow_37,4,7,4,0,25.9,Clear,Field A
2022-08-11,04:30,Cow_38,10,7,0,0,25.9,Clear,Field A
2022-08-11,04:30,Cow_39,11,4,0,0,25.9,Clear,Field A
2022-08-11,04:30,Cow_40,13,0,6,0,25.9,Clear,Field C
2022-08-11,04:30,Cow_41,6,6,3,0,25.9,Clear,Field B
2022-08-11,04:30,Cow_42,6,3,6,0,25.9,Clear,Field C
2022-08-11,04:30,Cow_43,8,0,8,0,25.9,Clear,Field C
2022-08-11,04:30,Cow_44,7,10,0,0,25.9,Clear,Field B
2022-08-11,04:30,Cow_45,0,10,6,0,25.9,Clear,Field A
2022-08-11,04:30,Cow_46,11,8,0,0,25.9,Clear,Field A
2022-08-11,04:30,Cow_47,9,3,3,0,25.9,Clear,Field C
2022-08-11,04:30,Cow_48,7,9,0,0,25.9,Clear,Field A
2022-08-11,04:30,Cow_49,14,5,0,0,25.9,Clear,Field C
2022-08-11,04:30,Cow_50,0,10,5,0,25.9,Clear,Field C
2022-08-11,04:30,Cow_51,11,6,0,0,25.9,Clear,Field A
2022-08-11,04:30,Cow_52,8,7,0,0,25.9,Clear,Field B
2022-08-11,04:30,Cow_53,5,5,5,0,25.9,Clear,Field A
2022-08-11,04:30,Cow_54,0,0,0,15,25.9,Clear,Field C
2022-08-11,04:30,Cow_55,5,4,6,0,25.9,Clear,Field A
2022-08-11,04:30,Cow_56,5,3,7,0,25.9,Clear,Field A
2022-08-11,04:30,Cow_57,6,9,0,0,25.9,Clear,Field C
2022-08-11,04:30,Cow_58,11,0,4,0,25.9,Clear,Field C
2022-08-11,04:30,Cow_59,3,4,8,0,25.9,Clear,Field A
2022-08-11,04:30,Cow_60,5,2,8,0,25.9,Clear,Field C
2022-08-11,04:30,Cow_61,2,9,4,0,25.9,Clear,Field A
2022-08-11,04:30,Cow_62,0,10,5,0,25.9,Clear,Field C
2022-08-11,04:30,Cow_63,9,0,7,0,25.9,Clear,Field B
2022-08-11,04:30,Cow_64,2,7,6,0,25.9,Clear,Field B
2022-08-11,04:30,Cow_65,9,1,5,0,25.9,Clear,Field A
2022-08-11,04:30,Cow_66,10,0,6,0,25.9,Clear,Field C
2022-08-11,04:30,Cow_67,2,5,8,0,25.9,Clear,Field A
2022-08-11,04:30,Cow_68,2,9,4,0,25.9,Clear,Field B
2022-08-11,04:30,Cow_69,7,7,1,0,25.9,Clear,Field A
2022-08-11,04:30,Cow_70,4,5,6,0,25.9,Clear,Field C
2022-08-11,04:30,Cow_71,8,3,4,0,25.9,Clear,Field B
2022-08-11,04:30,Cow_72,3,4,8,0,25.9,Clear,Field C
2022-08-11,04:30,Cow_73,8,0,8,0,25.9,Clear,Field B
2022-08-11,04:30,Cow_74,4,3,8,0,25.9,Clear,Field C
2022-08-11,04:30,Cow_75,6,7,2,0,25.9,Clear,Field A
2022-08-11,04:30,Cow_76,8,2,5,0,25.9,Clear,Field B
2022-08-11,04:30,Cow_77,6,3,6,0,25.9,Clear,Field A
2022-08-11,04:30,Cow_78,2,8,5,0,25.9,Clear,Field A
2022-08-11,04:30,Cow_79,0,10,5,0,25.9,Clear,Field A
2022-08-11,04:30,Cow_80,8,6,1,0,25.9,Clear,Field B
2022-08-11,04:30,Cow_81,7,4,4,0,25.9,Clear,Field C
2022-08-11,04:30,Cow_82,3,7,5,0,25.9,Clear,Field A
2022-08-11,04:30,Cow_83,6,6,3,0,25.9,Clear,Field A
2022-08-11,04:30,Cow_84,9,1,5,0,25.9,Clear,Field A
2022-08-11,04:30,Cow_85,12,6,0,0,25.9,Clear,Field B
2022-08-11,04:30,Cow_86,3,9,3,0,25.9,Clear,Field C
2022-08-11,04:30,Cow_87,12,7,0,0,25.9,Clear,Field A
2022-08-11,04:30,Cow_88,8,4,3,0,25.9,Clear,Field A
2022-08-11,04:30,Cow_89,9,4,2,0,25.9,Clear,Field B
2022-08-11,04:30,Cow_90,4,4,7,0,25.9,Clear,Field C
2022-08-11,04:30,Cow_91,8,4,3,0,25.9,Clear,Field C
2022-08-11,04:30,Cow_92,7,5,3,0,25.9,Clear,Field C
2022-08-11,04:30,Cow_93,0,8,7,0,25.9,Clear,Field B
2022-08-11,04:30,Cow_94,6,8,1,0,25.9,Clear,Field A
2022-08-11,04:30,Cow_95,12,0,6,0,25.9,Clear,Field A
2022-08-11,04:30,Cow_96,10,4,1,0,25.9,Clear,Field C
2022-08-11,04:30,Cow_97,10,9,0,0,25.9,Clear,Field C
2022-08-11,04:30,Cow_98,15,5,0,0,25.9,Clear,Field C
2022-08-11,04:30,Cow_99,12,3,0,0,25.9,Clear,Field A
2022-08-11,04:30,Cow_100,8,1,6,0,25.9,Clear,Field B
2022-08-11,04:30,Cow_101,10,7,0,0,25.9,Clear,Field A
2022-08-11,04:30,Cow_102,6,8,1,0,25.9,Clear,Field A
2022-08-11,04:30,Cow_103,8,3,4,0,25.9,Clear,Field A
2022-08-11,04:30,Cow_104,0,10,7,0,25.9,Clear,Field B
2022-08-11,04:30,Cow_105,6,6,3,0,25.9,Clear,Field B
2022-08-11,04:30,Cow_106,11,0,6,0,25.9,Clear,Field A
2022-08-11,04:30,Cow_107,0,7,8,0,25.9,Clear,Field C
2022-08-11,04:30,Cow_108,10,9,0,0,25.9,Clear,Field B
2022-08-11,04:30,Cow_109,7,5,3,0,25.9,Clear,Field A
2022-08-11,04:30,Cow_110,13,0,5,0,25.9,Clear,Field B
2022-08-11,04:30,Cow_111,5,7,3,0,25.9,Clear,Field B
2022-08-11,04:30,Cow_112,7,4,4,0,25.9,Clear,Field C
2022-08-11,04:30,Cow_113,10,10,0,0,25.9,Clear,Field C
2022-08-11,04:30,Cow_114,8,1,6,0,25.9,Clear,Field C
2022-08-11,04:30,Cow_115,6,5,4,0,25.9,Clear,Field A
2022-08-11,04:30,Cow_116,1,10,4,0,25.9,Clear,Field B
2022-08-11,04:30,Cow_117,7,3,5,0,25.9,Clear,Field B
2022-08-11,04:30,Cow_118,11,0,5,0,25.9,Clear,Field B
2022-08-11,04:30,Cow_119,11,0,4,0,25.9,Clear,Field B
2022-08-11,04:30,Cow_120,7,5,3,0,25.9,Clear,Field B
2022-08-11,04:30,Cow_121,1,7,7,0,25.9,Clear,Field C
2022-08-11,04:30,Cow_122,8,3,4,0,25.9,Clear,Field A
2022-08-11,04:30,Cow_123,3,8,4,0,25.9,Clear,Field B
2022-08-11,04:30,Cow_124,2,10,3,0,25.9,Clear,Field B
2022-08-11,04:30,Cow_125,7,5,3,0,25.9,Clear,Field B
2022-08-11,04:30,Cow_126,0,0,0,15,25.9,Clear,Field A
2022-08-11,04:30,Cow_127,10,10,0,0,25.9,Clear,Field B
2022-08-11,04:30,Cow_128,11,1,3,0,25.9,Clear,Field A
2022-08-11,04:30,Cow_129,2,10,3,0,25.9,Clear,Field B
2022-08-11,04:30,Cow_130,7,3,5,0,25.9,Clear,Field C
2022-08-11,04:30,Cow_131,7,3,5,0,25.9,Clear,Field C
2022-08-11,04:30,Cow_132,5,3,7,0,25.9,Clear,Field B
2022-08-11,04:30,Cow_133,0,0,0,15,25.9,Clear,Field A
2022-08-11,04:30,Cow_134,9,7,0,0,25.9,Clear,Field C
2022-08-11,04:30,Cow_135,0,0,0,15,25.9,Clear,Field A
2022-08-11,04:30,Cow_136,6,1,8,0,25.9,Clear,Field B
2022-08-11,04:30,Cow_137,13,4,0,0,25.9,Clear,Field C
2022-08-11,04:30,Cow_138,12,3,0,0,25.9,Clear,Field A
2022-08-11,04:30,Cow_139,7,5,3,0,25.9,Clear,Field A
2022-08-11,04:30,Cow_140,11,9,0,0,25.9,Clear,Field B
2022-08-11,04:30,Cow_141,11,10,0,0,25.9,Clear,Field B
2022-08-11,04:30,Cow_142,6,3,6,0,25.9,Clear,Field A
2022-08-11,04:30,Cow_143,2,7,6,0,25.9,Clear,Field A
2022-08-11,04:30,Cow_144,0,0,0,15,25.9,Clear,Field B
2022-08-11,04:30,Cow_145,13,4,0,0,25.9,Clear,Field C
2022-08-11,04:30,Cow_146,11,0,7,0,25.9,Clear,Field C
2022-08-11,04:30,Cow_147,5,7,3,0,25.9,Clear,Field B
2022-08-11,04:30,Cow_148,0,7,8,0,25.9,Clear,Field A
2022-08-11,04:30,Cow_149,9,2,4,0,25.9,Clear,Field B
2022-08-11,04:30,Cow_150,12,0,4,0,25.9,Clear,Field A
2022-08-11,04:30,Cow_151,0,10,8,0,25.9,Clear,Field C
2022-08-11,04:30,Cow_152,9,6,0,0,25.9,Clear,Field B
2022-08-11,04:30,Cow_153,1,8,6,0,25.9,Clear,Field A
2022-08-11,04:30,Cow_154,5,4,6,0,25.9,Clear,Field C
2022-08-11,04:30,Cow_155,7,5,3,0,25.9,Clear,Field B
2022-08-11,04:30,Cow_156,11,0,8,0,25.9,Clear,Field B
2022-08-11,04:30,Cow_157,5,4,6,0,25.9,Clear,Field B
2022-08-11,04:30,Cow_158,10,7,0,0,25.9,Clear,Field A
2022-08-11,04:30,Cow_159,8,5,2,0,25.9,Clear,Field A
2022-08-11,04:30,Cow_160,6,1,8,0,25.9,Clear,Field B
2022-08-11,04:30,Cow_161,11,5,0,0,25.9,Clear,Field B
2022-08-11,04:30,Cow_162,13,7,0,0,25.9,Clear,Field C
2022-08-11,04:30,Cow_163,0,8,7,0,25.9,Clear,Field C
2022-08-11,04:30,Cow_164,12,8,0,0,25.9,Clear,Field B
2022-08-11,04:30,Cow_165,10,2,3,0,25.9,Clear,Field B
2022-08-11,04:30,Cow_166,9,4,2,0,25.9,Clear,Field A
2022-08-11,04:30,Cow_167,3,6,6,0,25.9,Clear,Field A
2022-08-11,04:30,Cow_168,6,5,4,0,25.9,Clear,Field C
2022-08-11,04:30,Cow_169,7,0,8,0,25.9,Clear,Field C
2022-08-11,04:30,Cow_170,11,4,0,0,25.9,Clear,Field C
2022-08-11,04:30,Cow_171,13,4,0,0,25.9,Clear,Field A
2022-08-11,04:30,Cow_172,5,6,4,0,25.9,Clear,Field C
2022-08-11,04:30,Cow_173,7,4,4,0,25.9,Clear,Field B
2022-08-11,04:30,Cow_174,15,0,4,0,25.9,Clear,Field B
2022-08-11,04:30,Cow_175,0,0,0,15,25.9,Clear,Field C
2022-08-11,04:30,Cow_176,0,0,0,15,25.9,Clear,Field B
2022-08-11,04:30,Cow_177,13,4,0,0,25.9,Clear,Field C
2022-08-11,04:30,Cow_178,14,3,0,0,25.9,Clear,Field B
2022-08-11,04:30,Cow_179,7,4,4,0,25.9,Clear,Field A
2022-08-11,04:30,Cow_180,10,0,6,0,25.9,Clear,Field A
2022-08-11,04:30,Cow_181,1,9,5,0,25.9,Clear,Field C
2022-08-11,04:30,Cow_182,13,0,3,0,25.9,Clear,Field A
2022-08-11,04:30,Cow_183,7,4,4,0,25.9,Clear,Field A
2022-08-11,04:30,Cow_184,8,5,2,0,25.9,Clear,Field C
2022-08-11,04:30,Cow_185,0,10,5,0,25.9,Clear,Field B
2022-08-11,04:30,Cow_186,8,0,8,0,25.9,Clear,Field B
2022-08-11,04:30,Cow_187,5,2,8,0,25.9,Clear,Field C
2022-08-11,04:30,Cow_188,9,7,0,0,25.9,Clear,Field B
2022-08-11,04:30,Cow_189,3,7,5,0,25.9,Clear,Field A
2022-08-11,04:30,Cow_190,10,0,6,0,25.9,Clear,Field A
2022-08-11,04:30,Cow_191,4,6,5,0,25.9,Clear,Field B
2022-08-11,04:30,Cow_192,2,9,4,0,25.9,Clear,Field A
2022-08-11,04:30,Cow_193,5,6,4,0,25.9,Clear,Field C
2022-08-11,04:30,Cow_194,12,6,0,0,25.9,Clear,Field C
2022-08-11,04:30,Cow_195,13,0,4,0,25.9,Clear,Field C
2022-08-11,04:30,Cow_196,10,0,7,0,25.9,Clear,Field B
2022-08-11,04:30,Cow_197,12,3,0,0,25.9,Clear,Field B
2022-08-11,04:30,Cow_198,10,3,2,0,25.9,Clear,Field B
2022-08-11,04:30,Cow_199,5,8,2,0,25.9,Clear,Field C
2022-08-11,04:30,Cow_200,0,0,0,15,25.9,Clear,Field C
2022-08-11,04:30,Cow_201,13,7,0,0,25.9,Clear,Field C
2022-08-11,04:30,Cow_202,3,7,5,0,25.9,Clear,Field C
2022-08-11,04:30,Cow_203,9,3,3,0,25.9,Clear,Field C
2022-08-11,04:30,Cow_204,8,0,7,0,25.9,Clear,Field C
2022-08-11,04:30,Cow_205,0,10,8,0,25.9,Clear,Field C
2022-08-11,04:30,Cow_206,13,0,8,0,25.9,Clear,Field B
2022-08-11,04:30,Cow_207,8,4,3,0,25.9,Clear,Field B
2022-08-11,04:30,Cow_208,3,5,7,0,25.9,Clear,Field B
2022-08-11,04:30,Cow_209,13,0,3,0,25.9,Clear,Field A
2022-08-11,04:30,Cow_210,7,4,4,0,25.9,Clear,Field C
2022-08-11,04:30,Cow_211,5,10,0,0,25.9,Clear,Field B
2022-08-11,04:30,Cow_212,0,8,7,0,25.9,Clear,Field A
2022-08-11,04:30,Cow_213,12,0,6,0,25.9,Clear,Field C
2022-08-11,04:30,Cow_214,11,0,4,0,25.9,Clear,Field B
2022-08-11,04:30,Cow_215,2,10,3,0,25.9,Clear,Field B
2022-08-11,04:30,Cow_216,0,0,0,15,25.9,Clear,Field A
2022-08-11,04:30,Cow_217,6,5,4,0,25.9,Clear,Field A
2022-08-11,04:30,Cow_218,13,4,0,0,25.9,Clear,Field A
2022-08-11,04:30,Cow_219,2,10,3,0,25.9,Clear,Field A
2022-08-11,04:30,Cow_220,0,0,0,15,25.9,Clear,Field C
2022-08-11,04:30,Cow_221,10,0,6,0,25.9,Clear,Field A
2022-08-11,04:30,Cow_222,9,6,0,0,25.9,Clear,Field C
2022-08-11,04:30,Cow_223,0,9,7,0,25.9,Clear,Field C
2022-08-11,04:30,Cow_224,6,2,7,0,25.9,Clear,Field B
2022-08-11,04:30,Cow_225,10,8,0,0,25.9,Clear,Field A
2022-08-11,04:30,Cow_226,13,0,5,0,25.9,Clear,Field A
2022-08-11,04:30,Cow_227,3,8,4,0,25.9,Clear,Field A
2022-08-11,04:30,Cow_228,10,7,0,0,25.9,Clear,Field A
2022-08-11,04:30,Cow_229,14,0,3,0,25.9,Clear,Field C
2022-08-11,04:30,Cow_230,10,3,2,0,25.9,Clear,Field C
2022-08-11,04:30,Cow_231,14,7,0,0,25.9,Clear,Field B
2022-08-11,04:30,Cow_232,3,5,7,0,25.9,Clear,Field A
2022-08-11,04:30,Cow_233,13,4,0,0,25.9,Clear,Field A
2022-08-11,04:30,Cow_234,13,10,0,0,25.9,Clear,Field B
2022-08-11,04:30,Cow_235,6,4,5,0,25.9,Clear,Field C
2022-08-11,04:30,Cow_236,7,8,0,0,25.9,Clear,Field C
2022-08-11,04:30,Cow_237,0,9,6,0,25.9,Clear,Field C
2022-08-11,04:30,Cow_238,12,0,5,0,25.9,Clear,Field A
2022-08-11,04:30,Cow_239,8,10,0,0,25.9,Clear,Field B
2022-08-11,04:30,Cow_240,9,0,8,0,25.9,Clear,Field C
2022-08-11,04:30,Cow_241,12,5,0,0,25.9,Clear,Field B
2022-08-11,04:30,Cow_242,0,8,7,0,25.9,Clear,Field C
2022-08-11,04:30,Cow_243,9,0,7,0,25.9,Clear,Field C
2022-08-11,04:30,Cow_244,13,0,7,0,25.9,Clear,Field B
2022-08-11,04:30,Cow_245,13,0,3,0,25.9,Clear,Field B
2022-08-11,04:30,Cow_246,14,0,3,0,25.9,Clear,Field B
2022-08-11,04:30,Cow_247,9,3,3,0,25.9,Clear,Field A
2022-08-11,04:30,Cow_248,9,1,5,0,25.9,Clear,Field C
2022-08-11,04:30,Cow_249,2,9,4,0,25.9,Clear,Field C
2022-08-11,04:30,Cow_250,8,1,6,0,25.9,Clear,Field C
2022-08-11,04:30,Cow_251,9,1,5,0,25.9,Clear,Field A
2022-08-11,04:30,Cow_252,0,12,5,0,25.9,Clear,Field C
2022-08-11,04:30,Cow_253,10,5,0,0,25.9,Clear,Field B
2022-08-11,04:30,Cow_254,2,10,3,0,25.9,Clear,Field C
2022-08-11,04:30,Cow_255,10,10,0,0,25.9,Clear,Field A
2022-08-11,04:30,Cow_256,3,5,7,0,25.9,Clear,Field C
2022-08-11,04:30,Cow_257,7,1,7,0,25.9,Clear,Field A
2022-08-11,04:30,Cow_258,11,7,0,0,25.9,Clear,Field C
2022-08-11,04:30,Cow_259,5,5,5,0,25.9,Clear,Field B
2022-08-11,04:30,Cow_260,6,6,3,0,25.9,Clear,Field B
2022-08-11,04:30,Cow_261,5,7,3,0,25.9,Clear,Field C
2022-08-11,04:30,Cow_262,10,0,6,0,25.9,Clear,Field A
2022-08-11,04:30,Cow_263,3,4,8,0,25.9,Clear,Field A
2022-08-11,04:30,Cow_264,2,6,7,0,25.9,Clear,Field C
2022-08-11,04:30,Cow_265,0,9,7,0,25.9,Clear,Field C
2022-08-11,04:30,Cow_266,14,0,4,0,25.9,Clear,Field A
2022-08-11,04:30,Cow_267,12,9,0,0,25.9,Clear,Field C
2022-08-11,04:30,Cow_268,6,6,3,0,25.9,Clear,Field B
2022-08-11,04:30,Cow_269,6,3,6,0,25.9,Clear,Field B
2022-08-11,04:30,Cow_270,12,0,5,0,25.9,Clear,Field C
2022-08-11,04:30,Cow_271,3,6,6,0,25.9,Clear,Field A
2022-08-11,04:30,Cow_272,13,3,0,0,25.9,Clear,Field C
2022-08-11,04:30,Cow_273,8,4,3,0,25.9,Clear,Field A
2022-08-11,04:30,Cow_274,0,10,5,0,25.9,Clear,Field C
2022-08-11,04:30,Cow_275,0,0,0,15,25.9,Clear,Field C
2022-08-11,04:30,Cow_276,8,3,4,0,25.9,Clear,Field B
2022-08-11,04:30,Cow_277,12,0,6,0,25.9,Clear,Field B
2022-08-11,04:30,Cow_278,5,6,4,0,25.9,Clear,Field C
2022-08-11,04:30,Cow_279,10,7,0,0,25.9,Clear,Field C
2022-08-11,04:30,Cow_280,9,8,0,0,25.9,Clear,Field C
2022-08-11,04:30,Cow_281,14,3,0,0,25.9,Clear,Field B
2022-08-11,04:30,Cow_282,6,5,4,0,25.9,Clear,Field B
2022-08-11,04:30,Cow_283,6,10,0,0,25.9,Clear,Field A
2022-08-11,04:30,Cow_284,10,0,5,0,25.9,Clear,Field A
2022-08-11,04:30,Cow_285,8,3,4,0,25.9,Clear,Field C
2022-08-11,04:30,Cow_286,9,8,0,0,25.9,Clear,Field B
2022-08-11,04:30,Cow_287,0,8,7,0,25.9,Clear,Field C
2022-08-11,04:30,Cow_288,6,10,0,0,25.9,Clear,Field C
2022-08-11,04:30,Cow_289,11,8,0,0,25.9,Clear,Field C
2022-08-11,04:30,Cow_290,5,6,4,0,25.9,Clear,Field B
2022-08-11,04:30,Cow_291,6,6,3,0,25.9,Clear,Field B
2022-08-11,04:30,Cow_292,8,3,4,0,25.9,Clear,Field B
2022-08-11,04:30,Cow_293,0,9,8,0,25.9,Clear,Field B
2022-08-11,04:30,Cow_294,0,8,7,0,25.9,Clear,Field A
2022-08-11,04:30,Cow_295,0,0,0,15,25.9,Clear,Field A
2022-08-11,04:30,Cow_296,13,3,0,0,25.9,Clear,Field B
2022-08-11,04:30,Cow_297,2,5,8,0,25.9,Clear,Field C
2022-08-11,04:30,Cow_298,13,0,3,0,25.9,Clear,Field B
2022-08-11,04:30,Cow_299,2,5,8,0,25.9,Clear,Field B
2022-08-11,04:30,Cow_300,2,6,7,0,25.9,Clear,Field A
2022-08-11,04:30,Cow_301,1,8,6,0,25.9,Clear,Field B
2022-08-11,04:30,Cow_302,0,9,8,0,25.9,Clear,Field C
2022-08-11,04:30,Cow_303,2,8,5,0,25.9,Clear,Field C
2022-08-11,04:30,Cow_304,5,3,7,0,25.9,Clear,Field B
2022-08-11,04:30,Cow_305,6,4,5,0,25.9,Clear,Field C
2022-08-11,04:30,Cow_306,5,4,6,0,25.9,Clear,Field C
2022-08-11,04:30,Cow_307,5,6,4,0,25.9,Clear,Field B
2022-08-11,04:30,Cow_308,14,4,0,0,25.9,Clear,Field B
2022-08-11,04:30,Cow_309,9,3,3,0,25.9,Clear,Field B
2022-08-11,04:30,Cow_310,0,0,0,15,25.9,Clear,Field B
2022-08-11,04:30,Cow_311,12,0,5,0,25.9,Clear,Field A
2022-08-11,04:30,Cow_312,0,0,0,15,25.9,Clear,Field A
2022-08-11,04:30,Cow_313,14,0,7,0,25.9,Clear,Field A
2022-08-11,04:30,Cow_314,9,1,5,0,25.9,Clear,Field B
2022-08-11,04:30,Cow_315,10,0,8,0,25.9,Clear,Field A
2022-08-11,04:30,Cow_316,9,0,6,0,25.9,Clear,Field C
2022-08-11,04:30,Cow_317,12,3,0,0,25.9,Clear,Field C
2022-08-11,04:30,Cow_318,1,9,5,0,25.9,Clear,Field A
2022-08-11,04:30,Cow_319,0,10,5,0,25.9,Clear,Field C
2022-08-11,04:30,Cow_320,2,10,3,0,25.9,Clear,Field A
2022-08-11,04:30,Cow_321,4,3,8,0,25.9,Clear,Field B
2022-08-11,04:30,Cow_322,0,10,5,0,25.9,Clear,Field A
2022-08-11,04:30,Cow_323,6,3,6,0,25.9,Clear,Field C
2022-08-11,04:30,Cow_324,6,6,3,0,25.9,Clear,Field A
2022-08-11,04:30,Cow_325,7,4,4,0,25.9,Clear,Field A
2022-08-11,04:30,Cow_326,3,7,5,0,25.9,Clear,Field A
2022-08-11,04:30,Cow_327,3,7,5,0,25.9,Clear,Field B
2022-08-11,04:30,Cow_328,9,8,0,0,25.9,Clear,Field A
2022-08-11,04:30,Cow_329,3,6,6,0,25.9,Clear,Field C
2022-08-11,04:30,Cow_330,13,0,3,0,25.9,Clear,Field B
2022-08-11,04:30,Cow_331,11,0,4,0,25.9,Clear,Field A
2022-08-11,04:30,Cow_332,2,6,7,0,25.9,Clear,Field B
2022-08-11,04:30,Cow_333,12,6,0,0,25.9,Clear,Field A
2022-08-11,04:30,Cow_334,5,3,7,0,25.9,Clear,Field A
2022-08-11,04:30,Cow_335,9,0,8,0,25.9,Clear,Field A
2022-08-11,04:30,Cow_336,8,10,0,0,25.9,Clear,Field A
2022-08-11,04:30,Cow_337,0,0,0,15,25.9,Clear,Field C
2022-08-11,04:30,Cow_338,3,4,8,0,25.9,Clear,Field A
2022-08-11,04:30,Cow_339,14,3,0,0,25.9,Clear,Field A
2022-08-11,04:30,Cow_340,5,9,1,0,25.9,Clear,Field B
2022-08-11,04:30,Cow_341,14,6,0,0,25.9,Clear,Field C
2022-08-11,04:30,Cow_342,10,5,0,0,25.9,Clear,Field A
2022-08-11,04:30,Cow_343,9,8,0,0,25.9,Clear,Field B
2022-08-11,04:30,Cow_344,5,4,6,0,25.9,Clear,Field A
2022-08-11,04:30,Cow_345,10,3,2,0,25.9,Clear,Field A
2022-08-11,04:30,Cow_346,7,8,0,0,25.9,Clear,Field A
2022-08-11,04:30,Cow_347,14,0,6,0,25.9,Clear,Field C
2022-08-11,04:30,Cow_348,13,0,3,0,25.9,Clear,Field A
2022-08-11,04:30,Cow_349,9,1,5,0,25.9,Clear,Field A
2022-08-11,04:30,Cow_350,0,9,8,0,25.9,Clear,Field A
2022-08-11,04:30,Cow_351,0,0,0,15,25.9,Clear,Field A
2022-08-11,04:30,Cow_352,1,7,7,0,25.9,Clear,Field A
2022-08-11,04:30,Cow_353,4,6,5,0,25.9,Clear,Field A
2022-08-11,04:30,Cow_354,4,6,5,0,25.9,Clear,Field C
2022-08-11,04:30,Cow_355,6,8,1,0,25.9,Clear,Field C
2022-08-11,04:30,Cow_356,13,0,7,0,25.9,Clear,Field C
2022-08-11,04:30,Cow_357,5,8,2,0,25.9,Clear,Field B
2022-08-11,04:30,Cow_358,1,9,5,0,25.9,Clear,Field C
2022-08-11,04:30,Cow_359,10,1,4,0,25.9,Clear,Field A
2022-08-11,04:30,Cow_360,6,7,2,0,25.9,Clear,Field C
2022-08-11,04:30,Cow_361,14,4,0,0,25.9,Clear,Field A
2022-08-11,04:30,Cow_362,6,5,4,0,25.9,Clear,Field B
2022-08-11,04:30,Cow_363,5,4,6,0,25.9,Clear,Field A
2022-08-11,04:30,Cow_364,12,0,8,0,25.9,Clear,Field A
2022-08-11,04:30,Cow_365,6,9,0,0,25.9,Clear,Field A
2022-08-11,04:30,Cow_366,8,5,2,0,25.9,Clear,Field B
2022-08-11,04:30,Cow_367,7,9,0,0,25.9,Clear,Field A
2022-08-11,04:30,Cow_368,8,2,5,0,25.9,Clear,Field B
2022-08-11,04:30,Cow_369,11,3,1,0,25.9,Clear,Field A
2022-08-11,04:30,Cow_370,0,8,8,0,25.9,Clear,Field C
2022-08-11,04:30,Cow_371,3,8,4,0,25.9,Clear,Field C
2022-08-11,04:30,Cow_372,1,9,5,0,25.9,Clear,Field B
2022-08-11,04:30,Cow_373,10,10,0,0,25.9,Clear,Field C
2022-08-11,04:30,Cow_374,6,6,3,0,25.9,Clear,Field A
2022-08-11,04:30,Cow_375,5,5,5,0,25.9,Clear,Field A
2022-08-11,04:30,Cow_376,13,9,0,0,25.9,Clear,Field C
2022-08-11,04:30,Cow_377,4,3,8,0,25.9,Clear,Field B
2022-08-11,04:30,Cow_378,6,6,3,0,25.9,Clear,Field C
2022-08-11,04:30,Cow_379,9,3,3,0,25.9,Clear,Field A
2022-08-11,04:30,Cow_380,10,7,0,0,25.9,Clear,Field C
2022-08-11,04:30,Cow_381,14,10,0,0,25.9,Clear,Field B
2022-08-11,04:30,Cow_382,5,10,0,0,25.9,Clear,Field A
2022-08-11,04:30,Cow_383,1,7,7,0,25.9,Clear,Field C
2022-08-11,04:30,Cow_384,11,10,0,0,25.9,Clear,Field A
2022-08-11,04:30,Cow_385,6,3,6,0,25.9,Clear,Field B
2022-08-11,04:30,Cow_386,14,0,8,0,25.9,Clear,Field B
2022-08-11,04:30,Cow_387,4,6,5,0,25.9,Clear,Field B
2022-08-11,04:30,Cow_388,11,1,3,0,25.9,Clear,Field B
2022-08-11,04:30,Cow_389,14,9,0,0,25.9,Clear,Field C
2022-08-11,04:30,Cow_390,2,10,3,0,25.9,Clear,Field B
2022-08-11,04:30,Cow_391,3,10,2,0,25.9,Clear,Field B
2022-08-11,04:30,Cow_392,12,5,0,0,25.9,Clear,Field B
2022-08-11,04:30,Cow_393,14,5,0,0,25.9,Clear,Field B
2022-08-11,04:30,Cow_394,14,0,7,0,25.9,Clear,Field B
2022-08-11,04:30,Cow_395,5,10,0,0,25.9,Clear,Field A
2022-08-11,04:30,Cow_396,14,0,8,0,25.9,Clear,Field C
2022-08-11,04:30,Cow_397,10,6,0,0,25.9,Clear,Field B
2022-08-11,04:30,Cow_398,11,0,4,0,25.9,Clear,Field A
2022-08-11,04:30,Cow_399,6,5,4,0,25.9,Clear,Field B
2022-08-11,04:30,Cow_400,6,7,2,0,25.9,Clear,Field C
2022-08-11,04:30,Cow_401,6,5,4,0,25.9,Clear,Field A
2022-08-11,04:30,Cow_402,10,1,4,0,25.9,Clear,Field A
2022-08-11,04:30,Cow_403,12,0,5,0,25.9,Clear,Field A
2022-08-11,04:30,Cow_404,10,1,4,0,25.9,Clear,Field C
2022-08-11,04:30,Cow_405,10,3,2,0,25.9,Clear,Field B
2022-08-11,04:30,Cow_406,0,0,0,15,25.9,Clear,Field C
2022-08-11,04:30,Cow_407,10,7,0,0,25.9,Clear,Field C
2022-08-11,04:30,Cow_408,0,8,8,0,25.9,Clear,Field C
2022-08-11,04:30,Cow_409,10,6,0,0,25.9,Clear,Field A
2022-08-11,04:30,Cow_410,5,4,6,0,25.9,Clear,Field C
2022-08-11,04:30,Cow_411,14,0,4,0,25.9,Clear,Field B
2022-08-11,04:30,Cow_412,12,0,5,0,25.9,Clear,Field C
2022-08-11,04:30,Cow_413,10,4,1,0,25.9,Clear,Field A
2022-08-11,04:30,Cow_414,8,3,4,0,25.9,Clear,Field B
2022-08-11,04:30,Cow_415,1,6,8,0,25.9,Clear,Field A
2022-08-11,04:30,Cow_416,12,7,0,0,25.9,Clear,Field B
2022-08-11,04:30,Cow_417,5,3,7,0,25.9,Clear,Field C
2022-08-11,04:30,Cow_418,8,4,3,0,25.9,Clear,Field A
2022-08-11,04:30,Cow_419,0,10,7,0,25.9,Clear,Field B
2022-08-11,04:30,Cow_420,6,3,6,0,25.9,Clear,Field B
2022-08-11,04:30,Cow_421,10,0,7,0,25.9,Clear,Field C
2022-08-11,04:30,Cow_422,12,6,0,0,25.9,Clear,Field C
2022-08-11,04:30,Cow_423,0,10,8,0,25.9,Clear,Field A
2022-08-11,04:30,Cow_424,0,0,0,15,25.9,Clear,Field C
2022-08-11,04:30,Cow_425,0,0,0,15,25.9,Clear,Field B
2022-08-11,04:30,Cow_426,5,4,6,0,25.9,Clear,Field A
2022-08-11,04:30,Cow_427,12,1,2,0,25.9,Clear,Field B
2022-08-11,04:30,Cow_428,8,3,4,0,25.9,Clear,Field A
2022-08-11,04:30,Cow_429,1,8,6,0,25.9,Clear,Field C
2022-08-11,04:30,Cow_430,2,5,8,0,25.9,Clear,Field C
2022-08-11,04:30,Cow_431,9,6,0,0,25.9,Clear,Field A
2022-08-11,04:30,Cow_432,3,7,5,0,25.9,Clear,Field C
2022-08-11,04:30,Cow_433,8,4,3,0,25.9,Clear,Field B
2022-08-11,04:30,Cow_434,4,7,4,0,25.9,Clear,Field A
2022-08-11,04:30,Cow_435,7,3,5,0,25.9,Clear,Field C
2022-08-11,04:30,Cow_436,8,7,0,0,25.9,Clear,Field B
2022-08-11,04:30,Cow_437,8,9,0,0,25.9,Clear,Field A
2022-08-11,04:30,Cow_438,9,10,0,0,25.9,Clear,Field A
2022-08-11,04:30,Cow_439,7,3,5,0,25.9,Clear,Field C
2022-08-11,04:30,Cow_440,5,3,7,0,25.9,Clear,Field C
2022-08-11,04:30,Cow_441,8,3,4,0,25.9,Clear,Field A
2022-08-11,04:30,Cow_442,0,8,10,0,25.9,Clear,Field A
2022-08-11,04:30,Cow_443,5,5,5,0,25.9,Clear,Field B
2022-08-11,04:30,Cow_444,11,0,8,0,25.9,Clear,Field B
2022-08-11,04:30,Cow_445,14,10,0,0,25.9,Clear,Field B
2022-08-11,04:30,Cow_446,9,3,3,0,25.9,Clear,Field C
2022-08-11,04:30,Cow_447,14,0,8,0,25.9,Clear,Field B
2022-08-11,04:30,Cow_448,1,8,6,0,25.9,Clear,Field A
2022-08-11,04:30,Cow_449,6,4,5,0,25.9,Clear,Field C
2022-08-11,04:30,Cow_450,0,9,7,0,25.9,Clear,Field A
2022-08-11,04:30,Cow_451,11,0,8,0,25.9,Clear,Field B
2022-08-11,04:30,Cow_452,13,0,3,0,25.9,Clear,Field C
2022-08-11,04:30,Cow_453,4,3,8,0,25.9,Clear,Field C
2022-08-11,04:30,Cow_454,5,5,5,0,25.9,Clear,Field B
2022-08-11,04:30,Cow_455,8,4,3,0,25.9,Clear,Field A
2022-08-11,04:30,Cow_456,7,4,4,0,25.9,Clear,Field A
2022-08-11,04:30,Cow_457,11,0,5,0,25.9,Clear,Field B
2022-08-11,04:30,Cow_458,2,5,8,0,25.9,Clear,Field A
2022-08-11,04:30,Cow_459,5,6,4,0,25.9,Clear,Field B
2022-08-11,04:30,Cow_460,4,8,3,0,25.9,Clear,Field B
2022-08-11,04:30,Cow_461,5,6,4,0,25.9,Clear,Field A
2022-08-11,04:30,Cow_462,5,6,4,0,25.9,Clear,Field B
2022-08-11,04:30,Cow_463,1,10,4,0,25.9,Clear,Field B
2022-08-11,04:30,Cow_464,0,9,6,0,25.9,Clear,Field A
2022-08-11,04:30,Cow_465,8,0,7,0,25.9,Clear,Field C
2022-08-11,04:30,Cow_466,12,6,0,0,25.9,Clear,Field B
2022-08-11,04:30,Cow_467,11,7,0,0,25.9,Clear,Field C
2022-08-11,04:30,Cow_468,9,3,3,0,25.9,Clear,Field B
2022-08-11,04:30,Cow_469,0,9,7,0,25.9,Clear,Field C
2022-08-11,04:30,Cow_470,9,1,5,0,25.9,Clear,Field B
2022-08-11,04:30,Cow_471,9,3,3,0,25.9,Clear,Field A
2022-08-11,04:30,Cow_472,0,0,0,15,25.9,Clear,Field A
2022-08-11,04:30,Cow_473,14,0,4,0,25.9,Clear,Field C
2022-08-11,04:30,Cow_474,3,8,4,0,25.9,Clear,Field A
2022-08-11,04:30,Cow_475,13,3,0,0,25.9,Clear,Field C
2022-08-11,04:30,Cow_476,1,9,5,0,25.9,Clear,Field C
2022-08-11,04:30,Cow_477,5,6,4,0,25.9,Clear,Field A
2022-08-11,04:30,Cow_478,1,7,7,0,25.9,Clear,Field B
2022-08-11,04:30,Cow_479,13,12,0,0,25.9,Clear,Field A
2022-08-11,04:30,Cow_480,5,7,3,0,25.9,Clear,Field B
2022-08-11,04:30,Cow_481,11,5,0,0,25.9,Clear,Field B
2022-08-11,04:30,Cow_482,6,4,5,0,25.9,Clear,Field A
2022-08-11,04:30,Cow_483,3,6,6,0,25.9,Clear,Field B
2022-08-11,04:30,Cow_484,2,10,3,0,25.9,Clear,Field A
2022-08-11,04:30,Cow_485,12,0,6,0,25.9,Clear,Field C
2022-08-11,04:30,Cow_486,12,3,0,0,25.9,Clear,Field B
2022-08-11,04:30,Cow_487,13,5,0,0,25.9,Clear,Field B
2022-08-11,04:30,Cow_488,11,0,7,0,25.9,Clear,Field B
2022-08-11,04:30,Cow_489,5,4,6,0,25.9,Clear,Field A
2022-08-11,04:30,Cow_490,1,7,7,0,25.9,Clear,Field C
2022-08-11,04:30,Cow_491,13,10,0,0,25.9,Clear,Field A
2022-08-11,04:30,Cow_492,8,9,0,0,25.9,Clear,Field C
2022-08-11,04:30,Cow_493,4,7,4,0,25.9,Clear,Field C
2022-08-11,04:30,Cow_494,2,7,6,0,25.9,Clear,Field A
2022-08-11,04:30,Cow_495,8,0,7,0,25.9,Clear,Field C
2022-08-11,04:30,Cow_496,0,0,0,15,25.9,Clear,Field A
2022-08-11,04:30,Cow_497,8,6,1,0,25.9,Clear,Field C
2022-08-11,04:30,Cow_498,0,9,7,0,25.9,Clear,Field B
2022-08-11,04:30,Cow_499,0,10,6,0,25.9,Clear,Field B
2022-08-11,04:30,Cow_500,5,8,2,0,25.9,Clear,Field A
2022-08-11,04:45,Cow_1,6,5,4,0,27.5,Clear,Field A
2022-08-11,04:45,Cow_2,13,0,5,0,27.5,Clear,Field A
2022-08-11,04:45,Cow_3,13,0,6,0,27.5,Clear,Field C
2022-08-11,04:45,Cow_4,0,9,6,0,27.5,Clear,Field B
2022-08-11,04:45,Cow_5,8,7,0,0,27.5,Clear,Field B
2022-08-11,04:45,Cow_6,0,9,8,0,27.5,Clear,Field C
2022-08-11,04:45,Cow_7,1,6,8,0,27.5,Clear,Field C
2022-08-11,04:45,Cow_8,5,3,7,0,27.5,Clear,Field C
2022-08-11,04:45,Cow_9,0,0,0,15,27.5,Clear,Field B
2022-08-11,04:45,Cow_10,13,0,4,0,27.5,Clear,Field A
2022-08-11,04:45,Cow_11,7,3,5,0,27.5,Clear,Field A
2022-08-11,04:45,Cow_12,9,4,2,0,27.5,Clear,Field C
2022-08-11,04:45,Cow_13,12,0,8,0,27.5,Clear,Field C
2022-08-11,04:45,Cow_14,0,0,0,15,27.5,Clear,Field C
2022-08-11,04:45,Cow_15,5,6,4,0,27.5,Clear,Field C
2022-08-11,04:45,Cow_16,10,2,3,0,27.5,Clear,Field B
2022-08-11,04:45,Cow_17,14,7,0,0,27.5,Clear,Field C
2022-08-11,04:45,Cow_18,0,11,8,0,27.5,Clear,Field C
2022-08-11,04:45,Cow_19,6,2,7,0,27.5,Clear,Field C
2022-08-11,04:45,Cow_20,11,3,1,0,27.5,Clear,Field B
2022-08-11,04:45,Cow_21,15,9,0,0,27.5,Clear,Field A
2022-08-11,04:45,Cow_22,12,0,7,0,27.5,Clear,Field C
2022-08-11,04:45,Cow_23,8,1,6,0,27.5,Clear,Field A
2022-08-11,04:45,Cow_24,8,0,7,0,27.5,Clear,Field C
2022-08-11,04:45,Cow_25,9,6,0,0,27.5,Clear,Field B
2022-08-11,04:45,Cow_26,0,7,8,0,27.5,Clear,Field A
2022-08-11,04:45,Cow_27,5,5,5,0,27.5,Clear,Field C
2022-08-11,04:45,Cow_28,4,7,4,0,27.5,Clear,Field C
2022-08-11,04:45,Cow_29,5,9,1,0,27.5,Clear,Field A
2022-08-11,04:45,Cow_30,4,6,5,0,27.5,Clear,Field B
2022-08-11,04:45,Cow_31,10,0,6,0,27.5,Clear,Field A
2022-08-11,04:45,Cow_32,8,4,3,0,27.5,Clear,Field C
2022-08-11,04:45,Cow_33,6,8,1,0,27.5,Clear,Field A
2022-08-11,04:45,Cow_34,4,6,5,0,27.5,Clear,Field C
2022-08-11,04:45,Cow_35,5,4,6,0,27.5,Clear,Field B
2022-08-11,04:45,Cow_36,5,3,7,0,27.5,Clear,Field B
2022-08-11,04:45,Cow_37,13,0,8,0,27.5,Clear,Field B
2022-08-11,04:45,Cow_38,6,6,3,0,27.5,Clear,Field A
2022-08-11,04:45,Cow_39,14,5,0,0,27.5,Clear,Field C
2022-08-11,04:45,Cow_40,3,7,5,0,27.5,Clear,Field B
2022-08-11,04:45,Cow_41,12,0,8,0,27.5,Clear,Field C
2022-08-11,04:45,Cow_42,9,1,5,0,27.5,Clear,Field B
2022-08-11,04:45,Cow_43,2,9,4,0,27.5,Clear,Field B
2022-08-11,04:45,Cow_44,0,0,0,15,27.5,Clear,Field A
2022-08-11,04:45,Cow_45,5,2,8,0,27.5,Clear,Field C
2022-08-11,04:45,Cow_46,1,6,8,0,27.5,Clear,Field C
2022-08-11,04:45,Cow_47,13,5,0,0,27.5,Clear,Field B
2022-08-11,04:45,Cow_48,11,0,8,0,27.5,Clear,Field A
2022-08-11,04:45,Cow_49,7,4,4,0,27.5,Clear,Field B
2022-08-11,04:45,Cow_50,13,9,0,0,27.5,Clear,Field C
2022-08-11,04:45,Cow_51,2,5,8,0,27.5,Clear,Field A
2022-08-11,04:45,Cow_52,9,9,0,0,27.5,Clear,Field B
2022-08-11,04:45,Cow_53,5,9,1,0,27.5,Clear,Field C
2022-08-11,04:45,Cow_54,5,6,4,0,27.5,Clear,Field A
2022-08-11,04:45,Cow_55,0,0,0,15,27.5,Clear,Field C
2022-08-11,04:45,Cow_56,6,4,5,0,27.5,Clear,Field C
2022-08-11,04:45,Cow_57,3,7,5,0,27.5,Clear,Field B
2022-08-11,04:45,Cow_58,8,8,0,0,27.5,Clear,Field A
2022-08-11,04:45,Cow_59,14,10,0,0,27.5,Clear,Field C
2022-08-11,04:45,Cow_60,1,10,4,0,27.5,Clear,Field A
2022-08-11,04:45,Cow_61,7,9,0,0,27.5,Clear,Field B
2022-08-11,04:45,Cow_62,11,10,0,0,27.5,Clear,Field C
2022-08-11,04:45,Cow_63,15,0,5,0,27.5,Clear,Field A
2022-08-11,04:45,Cow_64,6,6,3,0,27.5,Clear,Field A
2022-08-11,04:45,Cow_65,0,9,8,0,27.5,Clear,Field B
2022-08-11,04:45,Cow_66,10,4,1,0,27.5,Clear,Field A
2022-08-11,04:45,Cow_67,0,0,0,15,27.5,Clear,Field A
2022-08-11,04:45,Cow_68,13,10,0,0,27.5,Clear,Field C
2022-08-11,04:45,Cow_69,5,10,0,0,27.5,Clear,Field B
2022-08-11,04:45,Cow_70,3,4,8,0,27.5,Clear,Field C
2022-08-11,04:45,Cow_71,10,1,4,0,27.5,Clear,Field C
2022-08-11,04:45,Cow_72,5,6,4,0,27.5,Clear,Field A
2022-08-11,04:45,Cow_73,1,10,4,0,27.5,Clear,Field C
2022-08-11,04:45,Cow_74,11,4,0,0,27.5,Clear,Field B
2022-08-11,04:45,Cow_75,7,5,3,0,27.5,Clear,Field C
2022-08-11,04:45,Cow_76,11,3,1,0,27.5,Clear,Field A
2022-08-11,04:45,Cow_77,9,1,5,0,27.5,Clear,Field B
2022-08-11,04:45,Cow_78,3,7,5,0,27.5,Clear,Field B
2022-08-11,04:45,Cow_79,4,7,4,0,27.5,Clear,Field A
2022-08-11,04:45,Cow_80,4,8,3,0,27.5,Clear,Field B
2022-08-11,04:45,Cow_81,0,8,8,0,27.5,Clear,Field C
2022-08-11,04:45,Cow_82,4,6,5,0,27.5,Clear,Field B
2022-08-11,04:45,Cow_83,10,1,4,0,27.5,Clear,Field A
2022-08-11,04:45,Cow_84,3,6,6,0,27.5,Clear,Field A
2022-08-11,04:45,Cow_85,8,0,8,0,27.5,Clear,Field C
2022-08-11,04:45,Cow_86,14,3,0,0,27.5,Clear,Field A
2022-08-11,04:45,Cow_87,0,0,0,15,27.5,Clear,Field C
2022-08-11,04:45,Cow_88,12,0,8,0,27.5,Clear,Field A
2022-08-11,04:45,Cow_89,8,0,8,0,27.5,Clear,Field C
2022-08-11,04:45,Cow_90,2,6,7,0,27.5,Clear,Field C
2022-08-11,04:45,Cow_91,4,5,6,0,27.5,Clear,Field A
2022-08-11,04:45,Cow_92,11,4,0,0,27.5,Clear,Field A
2022-08-11,04:45,Cow_93,5,4,6,0,27.5,Clear,Field B
2022-08-11,04:45,Cow_94,2,8,5,0,27.5,Clear,Field B
2022-08-11,04:45,Cow_95,12,4,0,0,27.5,Clear,Field A
2022-08-11,04:45,Cow_96,0,0,0,15,27.5,Clear,Field C
2022-08-11,04:45,Cow_97,2,9,4,0,27.5,Clear,Field B
2022-08-11,04:45,Cow_98,10,0,7,0,27.5,Clear,Field A
2022-08-11,04:45,Cow_99,5,10,0,0,27.5,Clear,Field A
2022-08-11,04:45,Cow_100,11,4,0,0,27.5,Clear,Field C
2022-08-11,04:45,Cow_101,0,0,0,15,27.5,Clear,Field C
2022-08-11,04:45,Cow_102,9,8,0,0,27.5,Clear,Field B
2022-08-11,04:45,Cow_103,2,8,5,0,27.5,Clear,Field C
2022-08-11,04:45,Cow_104,6,3,6,0,27.5,Clear,Field C
2022-08-11,04:45,Cow_105,7,6,2,0,27.5,Clear,Field B
2022-08-11,04:45,Cow_106,8,7,0,0,27.5,Clear,Field A
2022-08-11,04:45,Cow_107,7,5,3,0,27.5,Clear,Field B
2022-08-11,04:45,Cow_108,0,10,7,0,27.5,Clear,Field B
2022-08-11,04:45,Cow_109,6,9,0,0,27.5,Clear,Field A
2022-08-11,04:45,Cow_110,11,0,6,0,27.5,Clear,Field B
2022-08-11,04:45,Cow_111,8,0,8,0,27.5,Clear,Field C
2022-08-11,04:45,Cow_112,0,0,0,15,27.5,Clear,Field A
2022-08-11,04:45,Cow_113,7,5,3,0,27.5,Clear,Field A
2022-08-11,04:45,Cow_114,11,3,1,0,27.5,Clear,Field A
2022-08-11,04:45,Cow_115,0,0,0,15,27.5,Clear,Field C
2022-08-11,04:45,Cow_116,0,0,0,15,27.5,Clear,Field B
2022-08-11,04:45,Cow_117,14,0,6,0,27.5,Clear,Field A
2022-08-11,04:45,Cow_118,13,0,5,0,27.5,Clear,Field A
2022-08-11,04:45,Cow_119,7,3,5,0,27.5,Clear,Field A
2022-08-11,04:45,Cow_120,3,8,4,0,27.5,Clear,Field C
2022-08-11,04:45,Cow_121,5,5,5,0,27.5,Clear,Field A
2022-08-11,04:45,Cow_122,5,6,4,0,27.5,Clear,Field C
2022-08-11,04:45,Cow_123,5,6,4,0,27.5,Clear,Field C
2022-08-11,04:45,Cow_124,4,7,4,0,27.5,Clear,Field B
2022-08-11,04:45,Cow_125,8,2,5,0,27.5,Clear,Field B
2022-08-11,04:45,Cow_126,8,3,4,0,27.5,Clear,Field C
2022-08-11,04:45,Cow_127,8,3,4,0,27.5,Clear,Field B
2022-08-11,04:45,Cow_128,11,5,0,0,27.5,Clear,Field B
2022-08-11,04:45,Cow_129,5,7,3,0,27.5,Clear,Field A
2022-08-11,04:45,Cow_130,7,2,6,0,27.5,Clear,Field C
2022-08-11,04:45,Cow_131,6,7,2,0,27.5,Clear,Field C
2022-08-11,04:45,Cow_132,1,10,4,0,27.5,Clear,Field C
2022-08-11,04:45,Cow_133,12,0,7,0,27.5,Clear,Field C
2022-08-11,04:45,Cow_134,6,5,4,0,27.5,Clear,Field C
2022-08-11,04:45,Cow_135,3,5,7,0,27.5,Clear,Field C
2022-08-11,04:45,Cow_136,9,9,0,0,27.5,Clear,Field A
2022-08-11,04:45,Cow_137,0,8,7,0,27.5,Clear,Field B
2022-08-11,04:45,Cow_138,11,6,0,0,27.5,Clear,Field B
2022-08-11,04:45,Cow_139,11,4,0,0,27.5,Clear,Field C
2022-08-11,04:45,Cow_140,13,8,0,0,27.5,Clear,Field C
2022-08-11,04:45,Cow_141,7,2,6,0,27.5,Clear,Field B
2022-08-11,04:45,Cow_142,8,2,5,0,27.5,Clear,Field C
2022-08-11,04:45,Cow_143,8,4,3,0,27.5,Clear,Field B
2022-08-11,04:45,Cow_144,12,0,8,0,27.5,Clear,Field B
2022-08-11,04:45,Cow_145,6,5,4,0,27.5,Clear,Field B
2022-08-11,04:45,Cow_146,5,9,1,0,27.5,Clear,Field C
2022-08-11,04:45,Cow_147,9,3,3,0,27.5,Clear,Field A
2022-08-11,04:45,Cow_148,8,0,8,0,27.5,Clear,Field A
2022-08-11,04:45,Cow_149,13,4,0,0,27.5,Clear,Field A
2022-08-11,04:45,Cow_150,8,10,0,0,27.5,Clear,Field B
2022-08-11,04:45,Cow_151,6,2,7,0,27.5,Clear,Field A
2022-08-11,04:45,Cow_152,8,8,0,0,27.5,Clear,Field B
2022-08-11,04:45,Cow_153,8,0,7,0,27.5,Clear,Field A
2022-08-11,04:45,Cow_154,12,9,0,0,27.5,Clear,Field C
2022-08-11,04:45,Cow_155,0,8,7,0,27.5,Clear,Field A
2022-08-11,04:45,Cow_156,3,9,3,0,27.5,Clear,Field B
2022-08-11,04:45,Cow_157,0,9,6,0,27.5,Clear,Field B
2022-08-11,04:45,Cow_158,9,3,3,0,27.5,Clear,Field B
2022-08-11,04:45,Cow_159,9,0,6,0,27.5,Clear,Field C
2022-08-11,04:45,Cow_160,9,3,3,0,27.5,Clear,Field B
2022-08-11,04:45,Cow_161,3,9,3,0,27.5,Clear,Field A
2022-08-11,04:45,Cow_162,13,0,5,0,27.5,Clear,Field C
2022-08-11,04:45,Cow_163,4,4,7,0,27.5,Clear,Field A
2022-08-11,04:45,Cow_164,12,0,8,0,27.5,Clear,Field A
2022-08-11,04:45,Cow_165,5,10,0,0,27.5,Clear,Field C
2022-08-11,04:45,Cow_166,10,3,2,0,27.5,Clear,Field C
2022-08-11,04:45,Cow_167,8,1,6,0,27.5,Clear,Field B
2022-08-11,04:45,Cow_168,8,3,4,0,27.5,Clear,Field A
2022-08-11,04:45,Cow_169,6,6,3,0,27.5,Clear,Field B
2022-08-11,04:45,Cow_170,9,0,8,0,27.5,Clear,Field C
2022-08-11,04:45,Cow_171,13,0,8,0,27.5,Clear,Field B
2022-08-11,04:45,Cow_172,3,5,7,0,27.5,Clear,Field A
2022-08-11,04:45,Cow_173,0,7,8,0,27.5,Clear,Field C
2022-08-11,04:45,Cow_174,6,5,4,0,27.5,Clear,Field A
2022-08-11,04:45,Cow_175,14,0,7,0,27.5,Clear,Field A
2022-08-11,04:45,Cow_176,12,9,0,0,27.5,Clear,Field C
2022-08-11,04:45,Cow_177,10,5,0,0,27.5,Clear,Field C
2022-08-11,04:45,Cow_178,8,3,4,0,27.5,Clear,Field C
2022-08-11,04:45,Cow_179,7,5,3,0,27.5,Clear,Field A
2022-08-11,04:45,Cow_180,5,9,1,0,27.5,Clear,Field C
2022-08-11,04:45,Cow_181,7,5,3,0,27.5,Clear,Field A
2022-08-11,04:45,Cow_182,0,0,0,15,27.5,Clear,Field A
2022-08-11,04:45,Cow_183,6,4,5,0,27.5,Clear,Field B
2022-08-11,04:45,Cow_184,9,3,3,0,27.5,Clear,Field C
2022-08-11,04:45,Cow_185,14,3,0,0,27.5,Clear,Field A
2022-08-11,04:45,Cow_186,13,0,5,0,27.5,Clear,Field A
2022-08-11,04:45,Cow_187,8,0,8,0,27.5,Clear,Field B
2022-08-11,04:45,Cow_188,5,2,8,0,27.5,Clear,Field C
2022-08-11,04:45,Cow_189,12,0,8,0,27.5,Clear,Field C
2022-08-11,04:45,Cow_190,5,5,5,0,27.5,Clear,Field B
2022-08-11,04:45,Cow_191,11,10,0,0,27.5,Clear,Field C
2022-08-11,04:45,Cow_192,7,5,3,0,27.5,Clear,Field B
2022-08-11,04:45,Cow_193,14,7,0,0,27.5,Clear,Field A
2022-08-11,04:45,Cow_194,2,7,6,0,27.5,Clear,Field C
2022-08-11,04:45,Cow_195,14,6,0,0,27.5,Clear,Field B
2022-08-11,04:45,Cow_196,2,5,8,0,27.5,Clear,Field A
2022-08-11,04:45,Cow_197,9,3,3,0,27.5,Clear,Field C
2022-08-11,04:45,Cow_198,5,6,4,0,27.5,Clear,Field A
2022-08-11,04:45,Cow_199,9,3,3,0,27.5,Clear,Field A
2022-08-11,04:45,Cow_200,6,3,6,0,27.5,Clear,Field C
2022-08-11,04:45,Cow_201,4,3,8,0,27.5,Clear,Field A
2022-08-11,04:45,Cow_202,13,0,7,0,27.5,Clear,Field B
2022-08-11,04:45,Cow_203,0,0,0,15,27.5,Clear,Field B
2022-08-11,04:45,Cow_204,0,0,0,15,27.5,Clear,Field C
2022-08-11,04:45,Cow_205,5,9,1,0,27.5,Clear,Field B
2022-08-11,04:45,Cow_206,8,3,4,0,27.5,Clear,Field B
2022-08-11,04:45,Cow_207,11,0,7,0,27.5,Clear,Field B
2022-08-11,04:45,Cow_208,10,1,4,0,27.5,Clear,Field C
2022-08-11,04:45,Cow_209,2,8,5,0,27.5,Clear,Field C
2022-08-11,04:45,Cow_210,11,4,0,0,27.5,Clear,Field A
2022-08-11,04:45,Cow_211,0,0,0,15,27.5,Clear,Field B
2022-08-11,04:45,Cow_212,1,6,8,0,27.5,Clear,Field A
2022-08-11,04:45,Cow_213,7,5,3,0,27.5,Clear,Field A
2022-08-11,04:45,Cow_214,5,9,1,0,27.5,Clear,Field B
2022-08-11,04:45,Cow_215,2,9,4,0,27.5,Clear,Field B
2022-08-11,04:45,Cow_216,11,5,0,0,27.5,Clear,Field C
2022-08-11,04:45,Cow_217,0,0,0,15,27.5,Clear,Field B
2022-08-11,04:45,Cow_218,3,5,7,0,27.5,Clear,Field A
2022-08-11,04:45,Cow_219,6,3,6,0,27.5,Clear,Field C
2022-08-11,04:45,Cow_220,0,0,0,15,27.5,Clear,Field B
2022-08-11,04:45,Cow_221,4,3,8,0,27.5,Clear,Field C
2022-08-11,04:45,Cow_222,2,7,6,0,27.5,Clear,Field A
2022-08-11,04:45,Cow_223,11,7,0,0,27.5,Clear,Field C
2022-08-11,04:45,Cow_224,8,2,5,0,27.5,Clear,Field A
2022-08-11,04:45,Cow_225,9,1,5,0,27.5,Clear,Field B
2022-08-11,04:45,Cow_226,0,0,0,15,27.5,Clear,Field C
2022-08-11,04:45,Cow_227,5,6,4,0,27.5,Clear,Field B
2022-08-11,04:45,Cow_228,6,2,7,0,27.5,Clear,Field C
2022-08-11,04:45,Cow_229,4,4,7,0,27.5,Clear,Field A
2022-08-11,04:45,Cow_230,14,7,0,0,27.5,Clear,Field B
2022-08-11,04:45,Cow_231,9,4,2,0,27.5,Clear,Field C
2022-08-11,04:45,Cow_232,8,9,0,0,27.5,Clear,Field B
2022-08-11,04:45,Cow_233,13,0,4,0,27.5,Clear,Field C
2022-08-11,04:45,Cow_234,8,2,5,0,27.5,Clear,Field B
2022-08-11,04:45,Cow_235,15,0,7,0,27.5,Clear,Field B
2022-08-11,04:45,Cow_236,5,6,4,0,27.5,Clear,Field B
2022-08-11,04:45,Cow_237,6,1,8,0,27.5,Clear,Field B
2022-08-11,04:45,Cow_238,4,5,6,0,27.5,Clear,Field C
2022-08-11,04:45,Cow_239,6,7,2,0,27.5,Clear,Field A
2022-08-11,04:45,Cow_240,7,9,0,0,27.5,Clear,Field A
2022-08-11,04:45,Cow_241,10,10,0,0,27.5,Clear,Field A
2022-08-11,04:45,Cow_242,12,0,6,0,27.5,Clear,Field B
2022-08-11,04:45,Cow_243,7,8,0,0,27.5,Clear,Field B
2022-08-11,04:45,Cow_244,0,0,0,15,27.5,Clear,Field B
2022-08-11,04:45,Cow_245,0,10,6,0,27.5,Clear,Field B
2022-08-11,04:45,Cow_246,7,4,4,0,27.5,Clear,Field B
2022-08-11,04:45,Cow_247,0,0,0,15,27.5,Clear,Field C
2022-08-11,04:45,Cow_248,10,0,7,0,27.5,Clear,Field A
2022-08-11,04:45,Cow_249,1,6,8,0,27.5,Clear,Field C
2022-08-11,04:45,Cow_250,9,8,0,0,27.5,Clear,Field C
2022-08-11,04:45,Cow_251,8,3,4,0,27.5,Clear,Field B
2022-08-11,04:45,Cow_252,6,6,3,0,27.5,Clear,Field C
2022-08-11,04:45,Cow_253,2,9,4,0,27.5,Clear,Field B
2022-08-11,04:45,Cow_254,0,0,0,15,27.5,Clear,Field B
2022-08-11,04:45,Cow_255,6,4,5,0,27.5,Clear,Field B
2022-08-11,04:45,Cow_256,0,0,0,15,27.5,Clear,Field A
2022-08-11,04:45,Cow_257,8,3,4,0,27.5,Clear,Field A
2022-08-11,04:45,Cow_258,1,10,4,0,27.5,Clear,Field C
2022-08-11,04:45,Cow_259,7,3,5,0,27.5,Clear,Field C
2022-08-11,04:45,Cow_260,0,10,8,0,27.5,Clear,Field C
2022-08-11,04:45,Cow_261,8,9,0,0,27.5,Clear,Field C
2022-08-11,04:45,Cow_262,0,10,6,0,27.5,Clear,Field C
2022-08-11,04:45,Cow_263,8,2,5,0,27.5,Clear,Field C
2022-08-11,04:45,Cow_264,8,7,0,0,27.5,Clear,Field C
2022-08-11,04:45,Cow_265,8,2,5,0,27.5,Clear,Field A
2022-08-11,04:45,Cow_266,7,3,5,0,27.5,Clear,Field C
2022-08-11,04:45,Cow_267,4,6,5,0,27.5,Clear,Field C
2022-08-11,04:45,Cow_268,1,7,7,0,27.5,Clear,Field C
2022-08-11,04:45,Cow_269,11,8,0,0,27.5,Clear,Field C
2022-08-11,04:45,Cow_270,10,0,8,0,27.5,Clear,Field A
2022-08-11,04:45,Cow_271,0,7,8,0,27.5,Clear,Field B
2022-08-11,04:45,Cow_272,7,4,4,0,27.5,Clear,Field C
2022-08-11,04:45,Cow_273,7,3,5,0,27.5,Clear,Field C
2022-08-11,04:45,Cow_274,2,9,4,0,27.5,Clear,Field C
2022-08-11,04:45,Cow_275,8,10,0,0,27.5,Clear,Field A
2022-08-11,04:45,Cow_276,0,0,0,15,27.5,Clear,Field C
2022-08-11,04:45,Cow_277,9,6,0,0,27.5,Clear,Field B
2022-08-11,04:45,Cow_278,13,0,8,0,27.5,Clear,Field B
2022-08-11,04:45,Cow_279,4,6,5,0,27.5,Clear,Field A
2022-08-11,04:45,Cow_280,13,7,0,0,27.5,Clear,Field A
2022-08-11,04:45,Cow_281,9,7,0,0,27.5,Clear,Field B
2022-08-11,04:45,Cow_282,11,8,0,0,27.5,Clear,Field A
2022-08-11,04:45,Cow_283,6,5,4,0,27.5,Clear,Field A
2022-08-11,04:45,Cow_284,1,8,6,0,27.5,Clear,Field C
2022-08-11,04:45,Cow_285,6,8,1,0,27.5,Clear,Field C
2022-08-11,04:45,Cow_286,14,0,3,0,27.5,Clear,Field C
2022-08-11,04:45,Cow_287,7,3,5,0,27.5,Clear,Field A
2022-08-11,04:45,Cow_288,5,5,5,0,27.5,Clear,Field C
2022-08-11,04:45,Cow_289,6,3,6,0,27.5,Clear,Field A
2022-08-11,04:45,Cow_290,3,9,3,0,27.5,Clear,Field B
2022-08-11,04:45,Cow_291,1,10,4,0,27.5,Clear,Field A
2022-08-11,04:45,Cow_292,2,5,8,0,27.5,Clear,Field C
2022-08-11,04:45,Cow_293,8,0,10,0,27.5,Clear,Field A
2022-08-11,04:45,Cow_294,11,4,0,0,27.5,Clear,Field A
2022-08-11,04:45,Cow_295,7,2,6,0,27.5,Clear,Field B
2022-08-11,04:45,Cow_296,1,9,5,0,27.5,Clear,Field A
2022-08-11,04:45,Cow_297,8,0,8,0,27.5,Clear,Field A
2022-08-11,04:45,Cow_298,7,7,1,0,27.5,Clear,Field C
2022-08-11,04:45,Cow_299,12,0,3,0,27.5,Clear,Field B
2022-08-11,04:45,Cow_300,5,10,0,0,27.5,Clear,Field B
2022-08-11,04:45,Cow_301,8,6,1,0,27.5,Clear,Field A
2022-08-11,04:45,Cow_302,6,5,4,0,27.5,Clear,Field A
2022-08-11,04:45,Cow_303,7,4,4,0,27.5,Clear,Field B
2022-08-11,04:45,Cow_304,6,3,6,0,27.5,Clear,Field B
2022-08-11,04:45,Cow_305,8,2,5,0,27.5,Clear,Field B
2022-08-11,04:45,Cow_306,8,5,2,0,27.5,Clear,Field B
2022-08-11,04:45,Cow_307,0,7,8,0,27.5,Clear,Field A
2022-08-11,04:45,Cow_308,5,2,8,0,27.5,Clear,Field A
2022-08-11,04:45,Cow_309,0,9,8,0,27.5,Clear,Field B
2022-08-11,04:45,Cow_310,11,7,0,0,27.5,Clear,Field A
2022-08-11,04:45,Cow_311,12,0,3,0,27.5,Clear,Field B
2022-08-11,04:45,Cow_312,13,8,0,0,27.5,Clear,Field C
2022-08-11,04:45,Cow_313,1,9,5,0,27.5,Clear,Field B
2022-08-11,04:45,Cow_314,11,1,3,0,27.5,Clear,Field A
2022-08-11,04:45,Cow_315,0,0,0,15,27.5,Clear,Field C
2022-08-11,04:45,Cow_316,5,9,1,0,27.5,Clear,Field B
2022-08-11,04:45,Cow_317,6,6,3,0,27.5,Clear,Field A
2022-08-11,04:45,Cow_318,10,10,0,0,27.5,Clear,Field A
2022-08-11,04:45,Cow_319,8,8,0,0,27.5,Clear,Field A
2022-08-11,04:45,Cow_320,0,7,8,0,27.5,Clear,Field C
2022-08-11,04:45,Cow_321,2,5,8,0,27.5,Clear,Field C
2022-08-11,04:45,Cow_322,0,10,8,0,27.5,Clear,Field C
2022-08-11,04:45,Cow_323,10,8,0,0,27.5,Clear,Field A
2022-08-11,04:45,Cow_324,9,8,0,0,27.5,Clear,Field C
2022-08-11,04:45,Cow_325,11,1,3,0,27.5,Clear,Field A
2022-08-11,04:45,Cow_326,11,0,7,0,27.5,Clear,Field A
2022-08-11,04:45,Cow_327,6,4,5,0,27.5,Clear,Field C
2022-08-11,04:45,Cow_328,6,2,7,0,27.5,Clear,Field C
2022-08-11,04:45,Cow_329,3,5,7,0,27.5,Clear,Field C
2022-08-11,04:45,Cow_330,4,8,3,0,27.5,Clear,Field C
2022-08-11,04:45,Cow_331,8,4,3,0,27.5,Clear,Field A
2022-08-11,04:45,Cow_332,12,10,0,0,27.5,Clear,Field A
2022-08-11,04:45,Cow_333,7,8,0,0,27.5,Clear,Field C
2022-08-11,04:45,Cow_334,6,3,6,0,27.5,Clear,Field C
2022-08-11,04:45,Cow_335,6,6,3,0,27.5,Clear,Field C
2022-08-11,04:45,Cow_336,14,6,0,0,27.5,Clear,Field A
2022-08-11,04:45,Cow_337,7,8,0,0,27.5,Clear,Field C
2022-08-11,04:45,Cow_338,13,7,0,0,27.5,Clear,Field B
2022-08-11,04:45,Cow_339,2,5,8,0,27.5,Clear,Field B
2022-08-11,04:45,Cow_340,11,0,8,0,27.5,Clear,Field B
2022-08-11,04:45,Cow_341,7,1,7,0,27.5,Clear,Field A
2022-08-11,04:45,Cow_342,4,3,8,0,27.5,Clear,Field C
2022-08-11,04:45,Cow_343,8,4,3,0,27.5,Clear,Field C
2022-08-11,04:45,Cow_344,0,8,8,0,27.5,Clear,Field A
2022-08-11,04:45,Cow_345,14,0,8,0,27.5,Clear,Field A
2022-08-11,04:45,Cow_346,14,0,3,0,27.5,Clear,Field B
2022-08-11,04:45,Cow_347,3,6,6,0,27.5,Clear,Field B
2022-08-11,04:45,Cow_348,13,5,0,0,27.5,Clear,Field B
2022-08-11,04:45,Cow_349,10,5,0,0,27.5,Clear,Field C
2022-08-11,04:45,Cow_350,7,5,3,0,27.5,Clear,Field C
2022-08-11,04:45,Cow_351,2,10,3,0,27.5,Clear,Field A
2022-08-11,04:45,Cow_352,2,8,5,0,27.5,Clear,Field C
2022-08-11,04:45,Cow_353,0,0,0,15,27.5,Clear,Field B
2022-08-11,04:45,Cow_354,11,6,0,0,27.5,Clear,Field B
2022-08-11,04:45,Cow_355,0,0,0,15,27.5,Clear,Field C
2022-08-11,04:45,Cow_356,5,4,6,0,27.5,Clear,Field A
2022-08-11,04:45,Cow_357,7,2,6,0,27.5,Clear,Field B
2022-08-11,04:45,Cow_358,5,6,4,0,27.5,Clear,Field B
2022-08-11,04:45,Cow_359,9,0,8,0,27.5,Clear,Field B
2022-08-11,04:45,Cow_360,5,4,6,0,27.5,Clear,Field C
2022-08-11,04:45,Cow_361,6,2,7,0,27.5,Clear,Field C
2022-08-11,04:45,Cow_362,9,0,7,0,27.5,Clear,Field C
2022-08-11,04:45,Cow_363,1,9,5,0,27.5,Clear,Field C
2022-08-11,04:45,Cow_364,2,8,5,0,27.5,Clear,Field C
2022-08-11,04:45,Cow_365,12,0,4,0,27.5,Clear,Field A
2022-08-11,04:45,Cow_366,3,4,8,0,27.5,Clear,Field A
2022-08-11,04:45,Cow_367,8,3,4,0,27.5,Clear,Field C
2022-08-11,04:45,Cow_368,10,2,3,0,27.5,Clear,Field A
2022-08-11,04:45,Cow_369,6,2,7,0,27.5,Clear,Field C
2022-08-11,04:45,Cow_370,5,4,6,0,27.5,Clear,Field C
2022-08-11,04:45,Cow_371,6,1,8,0,27.5,Clear,Field C
2022-08-11,04:45,Cow_372,5,6,4,0,27.5,Clear,Field A
2022-08-11,04:45,Cow_373,0,0,0,15,27.5,Clear,Field A
2022-08-11,04:45,Cow_374,5,5,5,0,27.5,Clear,Field A
2022-08-11,04:45,Cow_375,0,0,0,15,27.5,Clear,Field B
2022-08-11,04:45,Cow_376,6,6,3,0,27.5,Clear,Field A
2022-08-11,04:45,Cow_377,14,4,0,0,27.5,Clear,Field B
2022-08-11,04:45,Cow_378,3,9,3,0,27.5,Clear,Field C
2022-08-11,04:45,Cow_379,11,0,7,0,27.5,Clear,Field C
2022-08-11,04:45,Cow_380,3,8,4,0,27.5,Clear,Field C
2022-08-11,04:45,Cow_381,6,0,10,0,27.5,Clear,Field A
2022-08-11,04:45,Cow_382,0,0,0,15,27.5,Clear,Field B
2022-08-11,04:45,Cow_383,7,8,0,0,27.5,Clear,Field B
2022-08-11,04:45,Cow_384,7,4,4,0,27.5,Clear,Field A
2022-08-11,04:45,Cow_385,14,0,6,0,27.5,Clear,Field C
2022-08-11,04:45,Cow_386,9,8,0,0,27.5,Clear,Field A
2022-08-11,04:45,Cow_387,8,4,3,0,27.5,Clear,Field C
2022-08-11,04:45,Cow_388,2,10,3,0,27.5,Clear,Field A
2022-08-11,04:45,Cow_389,11,6,0,0,27.5,Clear,Field C
2022-08-11,04:45,Cow_390,0,9,8,0,27.5,Clear,Field B
2022-08-11,04:45,Cow_391,6,9,0,0,27.5,Clear,Field A
2022-08-11,04:45,Cow_392,8,4,3,0,27.5,Clear,Field C
2022-08-11,04:45,Cow_393,12,0,7,0,27.5,Clear,Field B
2022-08-11,04:45,Cow_394,9,3,3,0,27.5,Clear,Field B
2022-08-11,04:45,Cow_395,0,6,9,0,27.5,Clear,Field C
2022-08-11,04:45,Cow_396,5,7,3,0,27.5,Clear,Field A
2022-08-11,04:45,Cow_397,7,4,4,0,27.5,Clear,Field C
2022-08-11,04:45,Cow_398,10,9,0,0,27.5,Clear,Field C
2022-08-11,04:45,Cow_399,11,0,6,0,27.5,Clear,Field B
2022-08-11,04:45,Cow_400,0,10,6,0,27.5,Clear,Field B
2022-08-11,04:45,Cow_401,4,5,6,0,27.5,Clear,Field A
2022-08-11,04:45,Cow_402,6,6,3,0,27.5,Clear,Field B
2022-08-11,04:45,Cow_403,0,0,0,15,27.5,Clear,Field C
2022-08-11,04:45,Cow_404,10,0,6,0,27.5,Clear,Field B
2022-08-11,04:45,Cow_405,14,8,0,0,27.5,Clear,Field A
2022-08-11,04:45,Cow_406,0,8,8,0,27.5,Clear,Field B
2022-08-11,04:45,Cow_407,2,6,7,0,27.5,Clear,Field B
2022-08-11,04:45,Cow_408,3,5,7,0,27.5,Clear,Field C
2022-08-11,04:45,Cow_409,11,0,7,0,27.5,Clear,Field C
2022-08-11,04:45,Cow_410,3,5,7,0,27.5,Clear,Field A
2022-08-11,04:45,Cow_411,8,2,5,0,27.5,Clear,Field C
2022-08-11,04:45,Cow_412,0,7,8,0,27.5,Clear,Field A
2022-08-11,04:45,Cow_413,2,6,7,0,27.5,Clear,Field C
2022-08-11,04:45,Cow_414,7,2,6,0,27.5,Clear,Field B
2022-08-11,04:45,Cow_415,3,5,7,0,27.5,Clear,Field C
2022-08-11,04:45,Cow_416,5,4,6,0,27.5,Clear,Field B
2022-08-11,04:45,Cow_417,9,2,4,0,27.5,Clear,Field A
2022-08-11,04:45,Cow_418,9,0,8,0,27.5,Clear,Field A
2022-08-11,04:45,Cow_419,10,0,5,0,27.5,Clear,Field A
2022-08-11,04:45,Cow_420,11,0,8,0,27.5,Clear,Field C
2022-08-11,04:45,Cow_421,9,9,0,0,27.5,Clear,Field B
2022-08-11,04:45,Cow_422,13,7,0,0,27.5,Clear,Field A
2022-08-11,04:45,Cow_423,0,9,6,0,27.5,Clear,Field C
2022-08-11,04:45,Cow_424,9,9,0,0,27.5,Clear,Field A
2022-08-11,04:45,Cow_425,8,7,0,0,27.5,Clear,Field C
2022-08-11,04:45,Cow_426,12,7,0,0,27.5,Clear,Field C
2022-08-11,04:45,Cow_427,12,11,0,0,27.5,Clear,Field B
2022-08-11,04:45,Cow_428,5,5,5,0,27.5,Clear,Field B
2022-08-11,04:45,Cow_429,2,9,4,0,27.5,Clear,Field B
2022-08-11,04:45,Cow_430,7,2,6,0,27.5,Clear,Field B
2022-08-11,04:45,Cow_431,8,3,4,0,27.5,Clear,Field B
2022-08-11,04:45,Cow_432,13,8,0,0,27.5,Clear,Field C
2022-08-11,04:45,Cow_433,6,7,2,0,27.5,Clear,Field A
2022-08-11,04:45,Cow_434,14,0,6,0,27.5,Clear,Field B
2022-08-11,04:45,Cow_435,4,5,6,0,27.5,Clear,Field B
2022-08-11,04:45,Cow_436,6,4,5,0,27.5,Clear,Field A
2022-08-11,04:45,Cow_437,14,0,4,0,27.5,Clear,Field A
2022-08-11,04:45,Cow_438,3,4,8,0,27.5,Clear,Field B
2022-08-11,04:45,Cow_439,3,4,8,0,27.5,Clear,Field C
2022-08-11,04:45,Cow_440,13,9,0,0,27.5,Clear,Field A
2022-08-11,04:45,Cow_441,7,5,3,0,27.5,Clear,Field A
2022-08-11,04:45,Cow_442,6,4,5,0,27.5,Clear,Field A
2022-08-11,04:45,Cow_443,5,6,4,0,27.5,Clear,Field C
2022-08-11,04:45,Cow_444,12,3,0,0,27.5,Clear,Field A
2022-08-11,04:45,Cow_445,13,0,5,0,27.5,Clear,Field B
2022-08-11,04:45,Cow_446,8,10,0,0,27.5,Clear,Field C
2022-08-11,04:45,Cow_447,7,0,8,0,27.5,Clear,Field A
2022-08-11,04:45,Cow_448,13,0,5,0,27.5,Clear,Field B
2022-08-11,04:45,Cow_449,6,6,3,0,27.5,Clear,Field C
2022-08-11,04:45,Cow_450,6,7,2,0,27.5,Clear,Field A
2022-08-11,04:45,Cow_451,9,1,5,0,27.5,Clear,Field A
2022-08-11,04:45,Cow_452,8,3,4,0,27.5,Clear,Field C
2022-08-11,04:45,Cow_453,13,0,3,0,27.5,Clear,Field A
2022-08-11,04:45,Cow_454,5,5,5,0,27.5,Clear,Field A
2022-08-11,04:45,Cow_455,7,2,6,0,27.5,Clear,Field B
2022-08-11,04:45,Cow_456,9,9,0,0,27.5,Clear,Field A
2022-08-11,04:45,Cow_457,4,8,3,0,27.5,Clear,Field B
2022-08-11,04:45,Cow_458,2,5,8,0,27.5,Clear,Field C
2022-08-11,04:45,Cow_459,5,3,7,0,27.5,Clear,Field B
2022-08-11,04:45,Cow_460,0,0,0,15,27.5,Clear,Field C
2022-08-11,04:45,Cow_461,1,8,6,0,27.5,Clear,Field A
2022-08-11,04:45,Cow_462,14,0,6,0,27.5,Clear,Field B
2022-08-11,04:45,Cow_463,5,5,5,0,27.5,Clear,Field B
2022-08-11,04:45,Cow_464,9,5,1,0,27.5,Clear,Field A
2022-08-11,04:45,Cow_465,9,0,8,0,27.5,Clear,Field B
2022-08-11,04:45,Cow_466,13,7,0,0,27.5,Clear,Field A
2022-08-11,04:45,Cow_467,0,0,0,15,27.5,Clear,Field A
2022-08-11,04:45,Cow_468,8,3,4,0,27.5,Clear,Field B
2022-08-11,04:45,Cow_469,13,4,0,0,27.5,Clear,Field B
2022-08-11,04:45,Cow_470,8,0,8,0,27.5,Clear,Field B
2022-08-11,04:45,Cow_471,7,8,0,0,27.5,Clear,Field C
2022-08-11,04:45,Cow_472,8,3,4,0,27.5,Clear,Field A
2022-08-11,04:45,Cow_473,7,4,4,0,27.5,Clear,Field B
2022-08-11,04:45,Cow_474,5,3,7,0,27.5,Clear,Field B
2022-08-11,04:45,Cow_475,13,0,8,0,27.5,Clear,Field B
2022-08-11,04:45,Cow_476,0,0,0,15,27.5,Clear,Field A
2022-08-11,04:45,Cow_477,6,6,3,0,27.5,Clear,Field A
2022-08-11,04:45,Cow_478,0,0,0,15,27.5,Clear,Field C
2022-08-11,04:45,Cow_479,2,7,6,0,27.5,Clear,Field B
2022-08-11,04:45,Cow_480,0,9,7,0,27.5,Clear,Field B
2022-08-11,04:45,Cow_481,12,0,7,0,27.5,Clear,Field A
2022-08-11,04:45,Cow_482,11,0,6,0,27.5,Clear,Field A
2022-08-11,04:45,Cow_483,13,9,0,0,27.5,Clear,Field C
2022-08-11,04:45,Cow_484,9,6,0,0,27.5,Clear,Field B
2022-08-11,04:45,Cow_485,2,8,5,0,27.5,Clear,Field C
2022-08-11,04:45,Cow_486,10,0,8,0,27.5,Clear,Field A
2022-08-11,04:45,Cow_487,12,0,4,0,27.5,Clear,Field A
2022-08-11,04:45,Cow_488,2,6,7,0,27.5,Clear,Field B
2022-08-11,04:45,Cow_489,7,5,3,0,27.5,Clear,Field B
2022-08-11,04:45,Cow_490,14,4,0,0,27.5,Clear,Field C
2022-08-11,04:45,Cow_491,11,0,5,0,27.5,Clear,Field C
2022-08-11,04:45,Cow_492,0,8,8,0,27.5,Clear,Field B
2022-08-11,04:45,Cow_493,11,3,1,0,27.5,Clear,Field A
2022-08-11,04:45,Cow_494,7,3,5,0,27.5,Clear,Field A
2022-08-11,04:45,Cow_495,2,5,8,0,27.5,Clear,Field B
2022-08-11,04:45,Cow_496,0,0,0,15,27.5,Clear,Field C
2022-08-11,04:45,Cow_497,8,3,4,0,27.5,Clear,Field C
2022-08-11,04:45,Cow_498,5,7,3,0,27.5,Clear,Field B
2022-08-11,04:45,Cow_499,11,7,0,0,27.5,Clear,Field B
2022-08-11,04:45,Cow_500,6,10,0,0,27.5,Clear,Field C
2022-08-11,05:00,Cow_1,7,5,3,0,33.8,Sunny,Field C
2022-08-11,05:00,Cow_2,8,5,2,0,33.8,Sunny,Field C
2022-08-11,05:00,Cow_3,12,0,8,0,33.8,Sunny,Field C
2022-08-11,05:00,Cow_4,6,5,4,0,33.8,Sunny,Field A
2022-08-11,05:00,Cow_5,7,10,0,0,33.8,Sunny,Field C
2022-08-11,05:00,Cow_6,8,4,3,0,33.8,Sunny,Field B
2022-08-11,05:00,Cow_7,4,7,4,0,33.8,Sunny,Field B
2022-08-11,05:00,Cow_8,14,0,8,0,33.8,Sunny,Field A
2022-08-11,05:00,Cow_9,5,6,4,0,33.8,Sunny,Field B
2022-08-11,05:00,Cow_10,0,10,6,0,33.8,Sunny,Field A
2022-08-11,05:00,Cow_11,11,0,7,0,33.8,Sunny,Field C
2022-08-11,05:00,Cow_12,6,3,6,0,33.8,Sunny,Field C
2022-08-11,05:00,Cow_13,13,8,0,0,33.8,Sunny,Field C
2022-08-11,05:00,Cow_14,7,4,4,0,33.8,Sunny,Field C
2022-08-11,05:00,Cow_15,7,5,3,0,33.8,Sunny,Field A
2022-08-11,05:00,Cow_16,10,3,2,0,33.8,Sunny,Field B
2022-08-11,05:00,Cow_17,0,9,6,0,33.8,Sunny,Field C
2022-08-11,05:00,Cow_18,8,4,3,0,33.8,Sunny,Field B
2022-08-11,05:00,Cow_19,2,8,5,0,33.8,Sunny,Field A
2022-08-11,05:00,Cow_20,9,7,0,0,33.8,Sunny,Field A
2022-08-11,05:00,Cow_21,9,4,2,0,33.8,Sunny,Field B
2022-08-11,05:00,Cow_22,0,0,0,15,33.8,Sunny,Field A
2022-08-11,05:00,Cow_23,5,6,4,0,33.8,Sunny,Field A
2022-08-11,05:00,Cow_24,8,3,4,0,33.8,Sunny,Field C
2022-08-11,05:00,Cow_25,6,6,3,0,33.8,Sunny,Field B
2022-08-11,05:00,Cow_26,0,9,6,0,33.8,Sunny,Field C
2022-08-11,05:00,Cow_27,5,3,7,0,33.8,Sunny,Field B
2022-08-11,05:00,Cow_28,1,8,6,0,33.8,Sunny,Field C
2022-08-11,05:00,Cow_29,2,10,3,0,33.8,Sunny,Field B
2022-08-11,05:00,Cow_30,10,0,6,0,33.8,Sunny,Field A
2022-08-11,05:00,Cow_31,7,0,10,0,33.8,Sunny,Field A
2022-08-11,05:00,Cow_32,7,1,7,0,33.8,Sunny,Field C
2022-08-11,05:00,Cow_33,7,3,5,0,33.8,Sunny,Field A
2022-08-11,05:00,Cow_34,0,9,7,0,33.8,Sunny,Field A
2022-08-11,05:00,Cow_35,4,5,6,0,33.8,Sunny,Field C
2022-08-11,05:00,Cow_36,8,3,4,0,33.8,Sunny,Field A
2022-08-11,05:00,Cow_37,3,9,3,0,33.8,Sunny,Field A
2022-08-11,05:00,Cow_38,5,7,3,0,33.8,Sunny,Field B
2022-08-11,05:00,Cow_39,13,0,3,0,33.8,Sunny,Field B
2022-08-11,05:00,Cow_40,4,3,8,0,33.8,Sunny,Field A
2022-08-11,05:00,Cow_41,9,6,0,0,33.8,Sunny,Field B
2022-08-11,05:00,Cow_42,6,3,6,0,33.8,Sunny,Field C
2022-08-11,05:00,Cow_43,2,8,5,0,33.8,Sunny,Field B
2022-08-11,05:00,Cow_44,13,4,0,0,33.8,Sunny,Field C
2022-08-11,05:00,Cow_45,0,0,0,15,33.8,Sunny,Field A
2022-08-11,05:00,Cow_46,5,4,6,0,33.8,Sunny,Field B
2022-08-11,05:00,Cow_47,12,0,3,0,33.8,Sunny,Field B
2022-08-11,05:00,Cow_48,3,9,3,0,33.8,Sunny,Field C
2022-08-11,05:00,Cow_49,0,9,6,0,33.8,Sunny,Field C
2022-08-11,05:00,Cow_50,13,9,0,0,33.8,Sunny,Field C
2022-08-11,05:00,Cow_51,6,2,7,0,33.8,Sunny,Field C
2022-08-11,05:00,Cow_52,12,7,0,0,33.8,Sunny,Field A
2022-08-11,05:00,Cow_53,0,9,8,0,33.8,Sunny,Field B
2022-08-11,05:00,Cow_54,6,3,6,0,33.8,Sunny,Field B
2022-08-11,05:00,Cow_55,14,9,0,0,33.8,Sunny,Field A
2022-08-11,05:00,Cow_56,2,6,7,0,33.8,Sunny,Field B
2022-08-11,05:00,Cow_57,0,9,6,0,33.8,Sunny,Field C
2022-08-11,05:00,Cow_58,13,4,0,0,33.8,Sunny,Field A
2022-08-11,05:00,Cow_59,9,3,3,0,33.8,Sunny,Field C
2022-08-11,05:00,Cow_60,7,8,0,0,33.8,Sunny,Field A
2022-08-11,05:00,Cow_61,3,8,4,0,33.8,Sunny,Field C
2022-08-11,05:00,Cow_62,0,9,6,0,33.8,Sunny,Field C
2022-08-11,05:00,Cow_63,11,9,0,0,33.8,Sunny,Field B
2022-08-11,05:00,Cow_64,6,6,3,0,33.8,Sunny,Field B
2022-08-11,05:00,Cow_65,3,7,5,0,33.8,Sunny,Field A
2022-08-11,05:00,Cow_66,3,4,8,0,33.8,Sunny,Field C
2022-08-11,05:00,Cow_67,11,0,4,0,33.8,Sunny,Field A
2022-08-11,05:00,Cow_68,9,1,5,0,33.8,Sunny,Field C
2022-08-11,05:00,Cow_69,5,3,7,0,33.8,Sunny,Field A
2022-08-11,05:00,Cow_70,13,10,0,0,33.8,Sunny,Field B
2022-08-11,05:00,Cow_71,14,0,3,0,33.8,Sunny,Field C
2022-08-11,05:00,Cow_72,0,10,5,0,33.8,Sunny,Field A
2022-08-11,05:00,Cow_73,14,0,5,0,33.8,Sunny,Field A
2022-08-11,05:00,Cow_74,0,0,0,15,33.8,Sunny,Field C
2022-08-11,05:00,Cow_75,0,0,0,15,33.8,Sunny,Field B
2022-08-11,05:00,Cow_76,13,9,0,0,33.8,Sunny,Field C
2022-08-11,05:00,Cow_77,14,0,6,0,33.8,Sunny,Field C
2022-08-11,05:00,Cow_78,10,0,5,0,33.8,Sunny,Field C
2022-08-11,05:00,Cow_79,6,7,2,0,33.8,Sunny,Field C
2022-08-11,05:00,Cow_80,12,10,0,0,33.8,Sunny,Field A
2022-08-11,05:00,Cow_81,11,0,6,0,33.8,Sunny,Field B
2022-08-11,05:00,Cow_82,5,5,5,0,33.8,Sunny,Field C
2022-08-11,05:00,Cow_83,13,6,0,0,33.8,Sunny,Field A
2022-08-11,05:00,Cow_84,5,3,7,0,33.8,Sunny,Field B
2022-08-11,05:00,Cow_85,11,0,7,0,33.8,Sunny,Field C
2022-08-11,05:00,Cow_86,0,0,0,15,33.8,Sunny,Field C
2022-08-11,05:00,Cow_87,4,4,7,0,33.8,Sunny,Field B
2022-08-11,05:00,Cow_88,9,3,3,0,33.8,Sunny,Field A
2022-08-11,05:00,Cow_89,5,3,7,0,33.8,Sunny,Field C
2022-08-11,05:00,Cow_90,7,1,7,0,33.8,Sunny,Field C
2022-08-11,05:00,Cow_91,5,7,3,0,33.8,Sunny,Field C
2022-08-11,05:00,Cow_92,7,5,3,0,33.8,Sunny,Field B
2022-08-11,05:00,Cow_93,13,0,6,0,33.8,Sunny,Field A
2022-08-11,05:00,Cow_94,5,7,3,0,33.8,Sunny,Field B
2022-08-11,05:00,Cow_95,7,10,0,0,33.8,Sunny,Field C
2022-08-11,05:00,Cow_96,12,8,0,0,33.8,Sunny,Field B
2022-08-11,05:00,Cow_97,3,5,7,0,33.8,Sunny,Field C
2022-08-11,05:00,Cow_98,2,11,2,0,33.8,Sunny,Field C
2022-08-11,05:00,Cow_99,8,3,4,0,33.8,Sunny,Field C
2022-08-11,05:00,Cow_100,12,4,0,0,33.8,Sunny,Field A
2022-08-11,05:00,Cow_101,12,0,4,0,33.8,Sunny,Field A
2022-08-11,05:00,Cow_102,6,9,0,0,33.8,Sunny,Field C
2022-08-11,05:00,Cow_103,12,4,0,0,33.8,Sunny,Field C
2022-08-11,05:00,Cow_104,4,8,3,0,33.8,Sunny,Field A
2022-08-11,05:00,Cow_105,10,0,7,0,33.8,Sunny,Field C
2022-08-11,05:00,Cow_106,0,10,7,0,33.8,Sunny,Field A
2022-08-11,05:00,Cow_107,11,8,0,0,33.8,Sunny,Field C
2022-08-11,05:00,Cow_108,14,0,4,0,33.8,Sunny,Field A
2022-08-11,05:00,Cow_109,3,5,7,0,33.8,Sunny,Field B
2022-08-11,05:00,Cow_110,2,7,6,0,33.8,Sunny,Field B
2022-08-11,05:00,Cow_111,8,8,0,0,33.8,Sunny,Field A
2022-08-11,05:00,Cow_112,7,3,5,0,33.8,Sunny,Field B
2022-08-11,05:00,Cow_113,4,6,5,0,33.8,Sunny,Field C
2022-08-11,05:00,Cow_114,14,0,4,0,33.8,Sunny,Field C
2022-08-11,05:00,Cow_115,5,3,7,0,33.8,Sunny,Field A
2022-08-11,05:00,Cow_116,1,10,4,0,33.8,Sunny,Field B
2022-08-11,05:00,Cow_117,5,7,3,0,33.8,Sunny,Field B
2022-08-11,05:00,Cow_118,14,0,5,0,33.8,Sunny,Field C
2022-08-11,05:00,Cow_119,13,5,0,0,33.8,Sunny,Field A
2022-08-11,05:00,Cow_120,7,0,8,0,33.8,Sunny,Field B
2022-08-11,05:00,Cow_121,13,8,0,0,33.8,Sunny,Field A
2022-08-11,05:00,Cow_122,14,0,8,0,33.8,Sunny,Field A
2022-08-11,05:00,Cow_123,9,6,0,0,33.8,Sunny,Field A
2022-08-11,05:00,Cow_124,6,6,3,0,33.8,Sunny,Field A
2022-08-11,05:00,Cow_125,3,9,3,0,33.8,Sunny,Field B
2022-08-11,05:00,Cow_126,5,5,5,0,33.8,Sunny,Field B
2022-08-11,05:00,Cow_127,10,0,6,0,33.8,Sunny,Field C
2022-08-11,05:00,Cow_128,6,3,6,0,33.8,Sunny,Field B
2022-08-11,05:00,Cow_129,5,4,6,0,33.8,Sunny,Field B
2022-08-11,05:00,Cow_130,8,4,3,0,33.8,Sunny,Field B
2022-08-11,05:00,Cow_131,9,6,0,0,33.8,Sunny,Field C
2022-08-11,05:00,Cow_132,0,9,6,0,33.8,Sunny,Field A
2022-08-11,05:00,Cow_133,6,2,7,0,33.8,Sunny,Field A
2022-08-11,05:00,Cow_134,5,7,3,0,33.8,Sunny,Field A
2022-08-11,05:00,Cow_135,0,0,0,15,33.8,Sunny,Field C
2022-08-11,05:00,Cow_136,14,6,0,0,33.8,Sunny,Field B
2022-08-11,05:00,Cow_137,0,0,0,15,33.8,Sunny,Field C
2022-08-11,05:00,Cow_138,2,9,4,0,33.8,Sunny,Field C
2022-08-11,05:00,Cow_139,14,6,0,0,33.8,Sunny,Field C
2022-08-11,05:00,Cow_140,0,9,7,0,33.8,Sunny,Field C
2022-08-11,05:00,Cow_141,6,5,4,0,33.8,Sunny,Field B
2022-08-11,05:00,Cow_142,12,10,0,0,33.8,Sunny,Field B
2022-08-11,05:00,Cow_143,13,0,4,0,33.8,Sunny,Field C
2022-08-11,05:00,Cow_144,7,5,3,0,33.8,Sunny,Field A
2022-08-11,05:00,Cow_145,12,9,0,0,33.8,Sunny,Field B
2022-08-11,05:00,Cow_146,9,7,0,0,33.8,Sunny,Field B
2022-08-11,05:00,Cow_147,13,0,4,0,33.8,Sunny,Field B
2022-08-11,05:00,Cow_148,11,1,3,0,33.8,Sunny,Field A
2022-08-11,05:00,Cow_149,7,4,4,0,33.8,Sunny,Field C
2022-08-11,05:00,Cow_150,6,6,3,0,33.8,Sunny,Field B
2022-08-11,05:00,Cow_151,6,6,3,0,33.8,Sunny,Field C
2022-08-11,05:00,Cow_152,11,0,7,0,33.8,Sunny,Field A
2022-08-11,05:00,Cow_153,0,10,7,0,33.8,Sunny,Field A
2022-08-11,05:00,Cow_154,6,7,2,0,33.8,Sunny,Field B
2022-08-11,05:00,Cow_155,12,0,3,0,33.8,Sunny,Field C
2022-08-11,05:00,Cow_156,10,4,1,0,33.8,Sunny,Field B
2022-08-11,05:00,Cow_157,9,3,3,0,33.8,Sunny,Field B
2022-08-11,05:00,Cow_158,1,6,8,0,33.8,Sunny,Field C
2022-08-11,05:00,Cow_159,11,1,3,0,33.8,Sunny,Field A
2022-08-11,05:00,Cow_160,8,0,7,0,33.8,Sunny,Field C
2022-08-11,05:00,Cow_161,5,5,5,0,33.8,Sunny,Field C
2022-08-11,05:00,Cow_162,7,8,0,0,33.8,Sunny,Field A
2022-08-11,05:00,Cow_163,5,3,7,0,33.8,Sunny,Field B
2022-08-11,05:00,Cow_164,5,10,0,0,33.8,Sunny,Field A
2022-08-11,05:00,Cow_165,13,0,6,0,33.8,Sunny,Field A
2022-08-11,05:00,Cow_166,4,5,6,0,33.8,Sunny,Field C
2022-08-11,05:00,Cow_167,14,0,8,0,33.8,Sunny,Field B
2022-08-11,05:00,Cow_168,6,4,5,0,33.8,Sunny,Field A
2022-08-11,05:00,Cow_169,8,0,8,0,33.8,Sunny,Field A
2022-08-11,05:00,Cow_170,1,8,6,0,33.8,Sunny,Field C
2022-08-11,05:00,Cow_171,13,0,4,0,33.8,Sunny,Field A
2022-08-11,05:00,Cow_172,6,1,8,0,33.8,Sunny,Field C
2022-08-11,05:00,Cow_173,7,4,4,0,33.8,Sunny,Field A
2022-08-11,05:00,Cow_174,1,11,3,0,33.8,Sunny,Field A
2022-08-11,05:00,Cow_175,14,0,6,0,33.8,Sunny,Field B
2022-08-11,05:00,Cow_176,5,10,0,0,33.8,Sunny,Field B
2022-08-11,05:00,Cow_177,12,0,4,0,33.8,Sunny,Field A
2022-08-11,05:00,Cow_178,5,6,4,0,33.8,Sunny,Field C
2022-08-11,05:00,Cow_179,3,4,8,0,33.8,Sunny,Field A
2022-08-11,05:00,Cow_180,14,0,4,0,33.8,Sunny,Field B
2022-08-11,05:00,Cow_181,10,0,8,0,33.8,Sunny,Field B
2022-08-11,05:00,Cow_182,8,4,3,0,33.8,Sunny,Field B
2022-08-11,05:00,Cow_183,7,5,3,0,33.8,Sunny,Field B
2022-08-11,05:00,Cow_184,8,2,5,0,33.8,Sunny,Field B
2022-08-11,05:00,Cow_185,8,1,6,0,33.8,Sunny,Field C
2022-08-11,05:00,Cow_186,14,7,0,0,33.8,Sunny,Field B
2022-08-11,05:00,Cow_187,7,2,6,0,33.8,Sunny,Field C
2022-08-11,05:00,Cow_188,8,3,4,0,33.8,Sunny,Field C
2022-08-11,05:00,Cow_189,3,8,4,0,33.8,Sunny,Field B
2022-08-11,05:00,Cow_190,6,4,5,0,33.8,Sunny,Field B
2022-08-11,05:00,Cow_191,0,0,0,15,33.8,Sunny,Field A
2022-08-11,05:00,Cow_192,8,2,5,0,33.8,Sunny,Field A
2022-08-11,05:00,Cow_193,0,9,7,0,33.8,Sunny,Field A
2022-08-11,05:00,Cow_194,7,3,5,0,33.8,Sunny,Field B
2022-08-11,05:00,Cow_195,8,4,3,0,33.8,Sunny,Field B
2022-08-11,05:00,Cow_196,9,3,3,0,33.8,Sunny,Field C
2022-08-11,05:00,Cow_197,2,5,8,0,33.8,Sunny,Field A
2022-08-11,05:00,Cow_198,8,0,8,0,33.8,Sunny,Field A
2022-08-11,05:00,Cow_199,5,4,6,0,33.8,Sunny,Field A
2022-08-11,05:00,Cow_200,2,5,8,0,33.8,Sunny,Field C
2022-08-11,05:00,Cow_201,13,10,0,0,33.8,Sunny,Field A
2022-08-11,05:00,Cow_202,10,1,4,0,33.8,Sunny,Field B
2022-08-11,05:00,Cow_203,7,5,3,0,33.8,Sunny,Field B
2022-08-11,05:00,Cow_204,14,5,0,0,33.8,Sunny,Field C
2022-08-11,05:00,Cow_205,2,7,6,0,33.8,Sunny,Field B
2022-08-11,05:00,Cow_206,6,3,6,0,33.8,Sunny,Field A
2022-08-11,05:00,Cow_207,9,8,0,0,33.8,Sunny,Field A
2022-08-11,05:00,Cow_208,8,1,6,0,33.8,Sunny,Field B
2022-08-11,05:00,Cow_209,7,0,8,0,33.8,Sunny,Field B
2022-08-11,05:00,Cow_210,5,7,3,0,33.8,Sunny,Field B
2022-08-11,05:00,Cow_211,5,3,7,0,33.8,Sunny,Field B
2022-08-11,05:00,Cow_212,5,4,6,0,33.8,Sunny,Field B
2022-08-11,05:00,Cow_213,8,4,3,0,33.8,Sunny,Field C
2022-08-11,05:00,Cow_214,1,7,7,0,33.8,Sunny,Field A
2022-08-11,05:00,Cow_215,10,0,8,0,33.8,Sunny,Field A
2022-08-11,05:00,Cow_216,10,8,0,0,33.8,Sunny,Field B
2022-08-11,05:00,Cow_217,9,1,5,0,33.8,Sunny,Field A
2022-08-11,05:00,Cow_218,3,9,3,0,33.8,Sunny,Field A
2022-08-11,05:00,Cow_219,5,7,3,0,33.8,Sunny,Field C
2022-08-11,05:00,Cow_220,7,9,0,0,33.8,Sunny,Field B
2022-08-11,05:00,Cow_221,6,5,4,0,33.8,Sunny,Field A
2022-08-11,05:00,Cow_222,12,0,4,0,33.8,Sunny,Field C
2022-08-11,05:00,Cow_223,1,8,6,0,33.8,Sunny,Field B
2022-08-11,05:00,Cow_224,11,0,5,0,33.8,Sunny,Field B
2022-08-11,05:00,Cow_225,8,4,3,0,33.8,Sunny,Field B
2022-08-11,05:00,Cow_226,5,5,5,0,33.8,Sunny,Field A
2022-08-11,05:00,Cow_227,12,3,0,0,33.8,Sunny,Field C
2022-08-11,05:00,Cow_228,11,7,0,0,33.8,Sunny,Field B
2022-08-11,05:00,Cow_229,9,10,0,0,33.8,Sunny,Field A
2022-08-11,05:00,Cow_230,10,0,8,0,33.8,Sunny,Field A
2022-08-11,05:00,Cow_231,8,3,4,0,33.8,Sunny,Field C
2022-08-11,05:00,Cow_232,4,6,5,0,33.8,Sunny,Field A
2022-08-11,05:00,Cow_233,10,4,1,0,33.8,Sunny,Field A
2022-08-11,05:00,Cow_234,4,4,7,0,33.8,Sunny,Field B
2022-08-11,05:00,Cow_235,10,3,2,0,33.8,Sunny,Field A
2022-08-11,05:00,Cow_236,14,6,0,0,33.8,Sunny,Field A
2022-08-11,05:00,Cow_237,11,0,4,0,33.8,Sunny,Field B
2022-08-11,05:00,Cow_238,11,5,0,0,33.8,Sunny,Field C
2022-08-11,05:00,Cow_239,2,8,5,0,33.8,Sunny,Field C
2022-08-11,05:00,Cow_240,13,0,4,0,33.8,Sunny,Field A
2022-08-11,05:00,Cow_241,12,6,0,0,33.8,Sunny,Field B
2022-08-11,05:00,Cow_242,13,0,6,0,33.8,Sunny,Field A
2022-08-11,05:00,Cow_243,3,6,6,0,33.8,Sunny,Field B
2022-08-11,05:00,Cow_244,6,5,4,0,33.8,Sunny,Field B
2022-08-11,05:00,Cow_245,14,7,0,0,33.8,Sunny,Field C
2022-08-11,05:00,Cow_246,10,5,0,0,33.8,Sunny,Field A
2022-08-11,05:00,Cow_247,15,0,9,0,33.8,Sunny,Field A
2022-08-11,05:00,Cow_248,10,9,0,0,33.8,Sunny,Field C
2022-08-11,05:00,Cow_249,14,8,0,0,33.8,Sunny,Field B
2022-08-11,05:00,Cow_250,4,4,7,0,33.8,Sunny,Field A
2022-08-11,05:00,Cow_251,0,8,7,0,33.8,Sunny,Field A
2022-08-11,05:00,Cow_252,6,11,0,0,33.8,Sunny,Field A
2022-08-11,05:00,Cow_253,7,5,3,0,33.8,Sunny,Field C
2022-08-11,05:00,Cow_254,1,6,8,0,33.8,Sunny,Field B
2022-08-11,05:00,Cow_255,13,0,3,0,33.8,Sunny,Field A
2022-08-11,05:00,Cow_256,8,0,7,0,33.8,Sunny,Field C
2022-08-11,05:00,Cow_257,0,9,7,0,33.8,Sunny,Field B
2022-08-11,05:00,Cow_258,6,7,2,0,33.8,Sunny,Field A
2022-08-11,05:00,Cow_259,5,3,7,0,33.8,Sunny,Field C
2022-08-11,05:00,Cow_260,1,7,7,0,33.8,Sunny,Field A
2022-08-11,05:00,Cow_261,13,4,0,0,33.8,Sunny,Field C
2022-08-11,05:00,Cow_262,0,8,8,0,33.8,Sunny,Field A
2022-08-11,05:00,Cow_263,2,5,8,0,33.8,Sunny,Field B
2022-08-11,05:00,Cow_264,9,5,1,0,33.8,Sunny,Field A
2022-08-11,05:00,Cow_265,3,6,6,0,33.8,Sunny,Field A
2022-08-11,05:00,Cow_266,2,8,5,0,33.8,Sunny,Field A
2022-08-11,05:00,Cow_267,10,6,0,0,33.8,Sunny,Field A
2022-08-11,05:00,Cow_268,10,0,7,0,33.8,Sunny,Field A
2022-08-11,05:00,Cow_269,8,9,0,0,33.8,Sunny,Field B
2022-08-11,05:00,Cow_270,8,6,1,0,33.8,Sunny,Field B
2022-08-11,05:00,Cow_271,12,10,0,0,33.8,Sunny,Field A
2022-08-11,05:00,Cow_272,0,0,0,15,33.8,Sunny,Field A
2022-08-11,05:00,Cow_273,0,0,0,15,33.8,Sunny,Field A
2022-08-11,05:00,Cow_274,0,10,6,0,33.8,Sunny,Field A
2022-08-11,05:00,Cow_275,14,0,5,0,33.8,Sunny,Field C
2022-08-11,05:00,Cow_276,7,4,4,0,33.8,Sunny,Field C
2022-08-11,05:00,Cow_277,5,3,7,0,33.8,Sunny,Field A
2022-08-11,05:00,Cow_278,6,6,3,0,33.8,Sunny,Field C
2022-08-11,05:00,Cow_279,7,0,8,0,33.8,Sunny,Field A
2022-08-11,05:00,Cow_280,0,0,0,15,33.8,Sunny,Field C
2022-08-11,05:00,Cow_281,4,3,8,0,33.8,Sunny,Field C
2022-08-11,05:00,Cow_282,5,4,6,0,33.8,Sunny,Field C
2022-08-11,05:00,Cow_283,4,5,6,0,33.8,Sunny,Field A
2022-08-11,05:00,Cow_284,0,0,0,15,33.8,Sunny,Field A
2022-08-11,05:00,Cow_285,7,10,0,0,33.8,Sunny,Field A
2022-08-11,05:00,Cow_286,8,4,3,0,33.8,Sunny,Field C
2022-08-11,05:00,Cow_287,4,7,4,0,33.8,Sunny,Field A
2022-08-11,05:00,Cow_288,5,6,4,0,33.8,Sunny,Field A
2022-08-11,05:00,Cow_289,13,0,4,0,33.8,Sunny,Field A
2022-08-11,05:00,Cow_290,4,4,7,0,33.8,Sunny,Field C
2022-08-11,05:00,Cow_291,8,0,7,0,33.8,Sunny,Field A
2022-08-11,05:00,Cow_292,8,3,4,0,33.8,Sunny,Field C
2022-08-11,05:00,Cow_293,10,8,0,0,33.8,Sunny,Field C
2022-08-11,05:00,Cow_294,0,0,0,15,33.8,Sunny,Field C
2022-08-11,05:00,Cow_295,0,10,6,0,33.8,Sunny,Field C
2022-08-11,05:00,Cow_296,6,4,5,0,33.8,Sunny,Field C
2022-08-11,05:00,Cow_297,0,10,5,0,33.8,Sunny,Field B
2022-08-11,05:00,Cow_298,13,0,4,0,33.8,Sunny,Field B
2022-08-11,05:00,Cow_299,8,4,3,0,33.8,Sunny,Field C
2022-08-11,05:00,Cow_300,7,0,8,0,33.8,Sunny,Field A
2022-08-11,05:00,Cow_301,11,0,8,0,33.8,Sunny,Field C
2022-08-11,05:00,Cow_302,9,2,4,0,33.8,Sunny,Field C
2022-08-11,05:00,Cow_303,10,0,7,0,33.8,Sunny,Field B
2022-08-11,05:00,Cow_304,0,8,8,0,33.8,Sunny,Field B
2022-08-11,05:00,Cow_305,0,0,0,15,33.8,Sunny,Field A
2022-08-11,05:00,Cow_306,4,3,8,0,33.8,Sunny,Field C
2022-08-11,05:00,Cow_307,13,0,6,0,33.8,Sunny,Field C
2022-08-11,05:00,Cow_308,13,6,0,0,33.8,Sunny,Field B
2022-08-11,05:00,Cow_309,13,8,0,0,33.8,Sunny,Field C
2022-08-11,05:00,Cow_310,4,8,3,0,33.8,Sunny,Field A
2022-08-11,05:00,Cow_311,4,6,5,0,33.8,Sunny,Field C
2022-08-11,05:00,Cow_312,9,3,3,0,33.8,Sunny,Field C
2022-08-11,05:00,Cow_313,6,4,5,0,33.8,Sunny,Field B
2022-08-11,05:00,Cow_314,11,1,3,0,33.8,Sunny,Field B
2022-08-11,05:00,Cow_315,1,7,7,0,33.8,Sunny,Field A
2022-08-11,05:00,Cow_316,2,10,3,0,33.8,Sunny,Field B
2022-08-11,05:00,Cow_317,5,5,5,0,33.8,Sunny,Field C
2022-08-11,05:00,Cow_318,7,1,7,0,33.8,Sunny,Field C
2022-08-11,05:00,Cow_319,10,0,6,0,33.8,Sunny,Field A
2022-08-11,05:00,Cow_320,3,5,7,0,33.8,Sunny,Field A
2022-08-11,05:00,Cow_321,11,0,5,0,33.8,Sunny,Field B
2022-08-11,05:00,Cow_322,4,7,4,0,33.8,Sunny,Field B
2022-08-11,05:00,Cow_323,12,0,6,0,33.8,Sunny,Field B
2022-08-11,05:00,Cow_324,5,7,3,0,33.8,Sunny,Field A
2022-08-11,05:00,Cow_325,6,1,8,0,33.8,Sunny,Field A
2022-08-11,05:00,Cow_326,5,10,0,0,33.8,Sunny,Field B
2022-08-11,05:00,Cow_327,11,0,4,0,33.8,Sunny,Field C
2022-08-11,05:00,Cow_328,10,4,1,0,33.8,Sunny,Field A
2022-08-11,05:00,Cow_329,12,4,0,0,33.8,Sunny,Field A
2022-08-11,05:00,Cow_330,0,0,0,15,33.8,Sunny,Field B
2022-08-11,05:00,Cow_331,0,0,0,15,33.8,Sunny,Field B
2022-08-11,05:00,Cow_332,8,4,3,0,33.8,Sunny,Field C
2022-08-11,05:00,Cow_333,9,8,0,0,33.8,Sunny,Field C
2022-08-11,05:00,Cow_334,4,3,8,0,33.8,Sunny,Field C
2022-08-11,05:00,Cow_335,6,3,6,0,33.8,Sunny,Field A
2022-08-11,05:00,Cow_336,0,10,8,0,33.8,Sunny,Field B
2022-08-11,05:00,Cow_337,5,6,4,0,33.8,Sunny,Field B
2022-08-11,05:00,Cow_338,9,6,0,0,33.8,Sunny,Field B
2022-08-11,05:00,Cow_339,0,0,0,15,33.8,Sunny,Field A
2022-08-11,05:00,Cow_340,6,4,5,0,33.8,Sunny,Field C
2022-08-11,05:00,Cow_341,10,3,2,0,33.8,Sunny,Field C
2022-08-11,05:00,Cow_342,2,9,4,0,33.8,Sunny,Field C
2022-08-11,05:00,Cow_343,9,9,0,0,33.8,Sunny,Field B
2022-08-11,05:00,Cow_344,14,7,0,0,33.8,Sunny,Field A
2022-08-11,05:00,Cow_345,12,6,0,0,33.8,Sunny,Field C
2022-08-11,05:00,Cow_346,0,8,8,0,33.8,Sunny,Field A
2022-08-11,05:00,Cow_347,2,6,7,0,33.8,Sunny,Field B
2022-08-11,05:00,Cow_348,5,5,5,0,33.8,Sunny,Field C
2022-08-11,05:00,Cow_349,9,0,7,0,33.8,Sunny,Field C
2022-08-11,05:00,Cow_350,0,9,6,0,33.8,Sunny,Field C
2022-08-11,05:00,Cow_351,13,0,4,0,33.8,Sunny,Field A
2022-08-11,05:00,Cow_352,9,0,7,0,33.8,Sunny,Field A
2022-08-11,05:00,Cow_353,6,5,4,0,33.8,Sunny,Field C
2022-08-11,05:00,Cow_354,10,10,0,0,33.8,Sunny,Field C
2022-08-11,05:00,Cow_355,7,3,5,0,33.8,Sunny,Field B
2022-08-11,05:00,Cow_356,0,10,8,0,33.8,Sunny,Field C
2022-08-11,05:00,Cow_357,8,7,0,0,33.8,Sunny,Field C
2022-08-11,05:00,Cow_358,14,6,0,0,33.8,Sunny,Field A
2022-08-11,05:00,Cow_359,8,4,3,0,33.8,Sunny,Field A
2022-08-11,05:00,Cow_360,10,1,4,0,33.8,Sunny,Field B
2022-08-11,05:00,Cow_361,3,4,8,0,33.8,Sunny,Field A
2022-08-11,05:00,Cow_362,8,4,3,0,33.8,Sunny,Field C
2022-08-11,05:00,Cow_363,0,11,9,0,33.8,Sunny,Field A
2022-08-11,05:00,Cow_364,2,9,4,0,33.8,Sunny,Field B
2022-08-11,05:00,Cow_365,5,3,7,0,33.8,Sunny,Field A
2022-08-11,05:00,Cow_366,0,0,0,15,33.8,Sunny,Field B
2022-08-11,05:00,Cow_367,14,0,3,0,33.8,Sunny,Field A
2022-08-11,05:00,Cow_368,5,4,6,0,33.8,Sunny,Field C
2022-08-11,05:00,Cow_369,8,4,3,0,33.8,Sunny,Field A
2022-08-11,05:00,Cow_370,13,0,6,0,33.8,Sunny,Field A
2022-08-11,05:00,Cow_371,6,6,3,0,33.8,Sunny,Field A
2022-08-11,05:00,Cow_372,4,4,7,0,33.8,Sunny,Field B
2022-08-11,05:00,Cow_373,14,0,7,0,33.8,Sunny,Field A
2022-08-11,05:00,Cow_374,9,3,3,0,33.8,Sunny,Field A
2022-08-11,05:00,Cow_375,7,2,6,0,33.8,Sunny,Field A
2022-08-11,05:00,Cow_376,12,6,0,0,33.8,Sunny,Field C
2022-08-11,05:00,Cow_377,10,8,0,0,33.8,Sunny,Field A
2022-08-11,05:00,Cow_378,9,0,8,0,33.8,Sunny,Field B
2022-08-11,05:00,Cow_379,8,1,6,0,33.8,Sunny,Field A
2022-08-11,05:00,Cow_380,6,8,1,0,33.8,Sunny,Field B
2022-08-11,05:00,Cow_381,0,0,0,15,33.8,Sunny,Field A
2022-08-11,05:00,Cow_382,8,10,0,0,33.8,Sunny,Field B
2022-08-11,05:00,Cow_383,4,5,6,0,33.8,Sunny,Field C
2022-08-11,05:00,Cow_384,6,6,3,0,33.8,Sunny,Field B
2022-08-11,05:00,Cow_385,4,7,4,0,33.8,Sunny,Field B
2022-08-11,05:00,Cow_386,5,10,0,0,33.8,Sunny,Field A
2022-08-11,05:00,Cow_387,7,5,3,0,33.8,Sunny,Field B
2022-08-11,05:00,Cow_388,12,10,0,0,33.8,Sunny,Field B
2022-08-11,05:00,Cow_389,0,8,7,0,33.8,Sunny,Field A
2022-08-11,05:00,Cow_390,9,3,3,0,33.8,Sunny,Field A
2022-08-11,05:00,Cow_391,2,10,3,0,33.8,Sunny,Field B
2022-08-11,05:00,Cow_392,9,9,0,0,33.8,Sunny,Field B
2022-08-11,05:00,Cow_393,10,7,0,0,33.8,Sunny,Field C
2022-08-11,05:00,Cow_394,10,0,8,0,33.8,Sunny,Field B
2022-08-11,05:00,Cow_395,0,6,9,0,33.8,Sunny,Field C
2022-08-11,05:00,Cow_396,7,10,0,0,33.8,Sunny,Field B
2022-08-11,05:00,Cow_397,0,0,0,15,33.8,Sunny,Field B
2022-08-11,05:00,Cow_398,14,9,0,0,33.8,Sunny,Field C
2022-08-11,05:00,Cow_399,5,5,5,0,33.8,Sunny,Field C
2022-08-11,05:00,Cow_400,8,9,0,0,33.8,Sunny,Field B
2022-08-11,05:00,Cow_401,6,6,3,0,33.8,Sunny,Field A
2022-08-11,05:00,Cow_402,9,3,3,0,33.8,Sunny,Field A
2022-08-11,05:00,Cow_403,0,10,6,0,33.8,Sunny,Field B
2022-08-11,05:00,Cow_404,5,3,7,0,33.8,Sunny,Field A
2022-08-11,05:00,Cow_405,0,0,0,15,33.8,Sunny,Field B
2022-08-11,05:00,Cow_406,4,7,4,0,33.8,Sunny,Field C
2022-08-11,05:00,Cow_407,2,9,4,0,33.8,Sunny,Field A
2022-08-11,05:00,Cow_408,11,8,0,0,33.8,Sunny,Field B
2022-08-11,05:00,Cow_409,8,0,8,0,33.8,Sunny,Field A
2022-08-11,05:00,Cow_410,14,6,0,0,33.8,Sunny,Field A
2022-08-11,05:00,Cow_411,7,3,5,0,33.8,Sunny,Field C
2022-08-11,05:00,Cow_412,9,3,3,0,33.8,Sunny,Field A
2022-08-11,05:00,Cow_413,8,1,6,0,33.8,Sunny,Field B
2022-08-11,05:00,Cow_414,4,6,5,0,33.8,Sunny,Field C
2022-08-11,05:00,Cow_415,5,4,6,0,33.8,Sunny,Field B
2022-08-11,05:00,Cow_416,10,1,4,0,33.8,Sunny,Field C
2022-08-11,05:00,Cow_417,2,6,7,0,33.8,Sunny,Field A
2022-08-11,05:00,Cow_418,14,0,5,0,33.8,Sunny,Field C
2022-08-11,05:00,Cow_419,0,0,0,15,33.8,Sunny,Field C
2022-08-11,05:00,Cow_420,5,6,4,0,33.8,Sunny,Field A
2022-08-11,05:00,Cow_421,0,0,0,15,33.8,Sunny,Field C
2022-08-11,05:00,Cow_422,0,8,7,0,33.8,Sunny,Field A
2022-08-11,05:00,Cow_423,7,3,5,0,33.8,Sunny,Field A
2022-08-11,05:00,Cow_424,8,4,3,0,33.8,Sunny,Field B
2022-08-11,05:00,Cow_425,14,0,8,0,33.8,Sunny,Field C
2022-08-11,05:00,Cow_426,3,5,7,0,33.8,Sunny,Field B
2022-08-11,05:00,Cow_427,9,3,3,0,33.8,Sunny,Field B
2022-08-11,05:00,Cow_428,14,0,7,0,33.8,Sunny,Field C
2022-08-11,05:00,Cow_429,11,0,4,0,33.8,Sunny,Field A
2022-08-11,05:00,Cow_430,13,0,4,0,33.8,Sunny,Field B
2022-08-11,05:00,Cow_431,5,6,4,0,33.8,Sunny,Field A
2022-08-11,05:00,Cow_432,9,8,0,0,33.8,Sunny,Field C
2022-08-11,05:00,Cow_433,7,7,1,0,33.8,Sunny,Field A
2022-08-11,05:00,Cow_434,6,5,4,0,33.8,Sunny,Field B
2022-08-11,05:00,Cow_435,5,3,7,0,33.8,Sunny,Field B
2022-08-11,05:00,Cow_436,9,3,3,0,33.8,Sunny,Field A
2022-08-11,05:00,Cow_437,8,6,1,0,33.8,Sunny,Field C
2022-08-11,05:00,Cow_438,13,0,8,0,33.8,Sunny,Field A
2022-08-11,05:00,Cow_439,13,0,7,0,33.8,Sunny,Field C
2022-08-11,05:00,Cow_440,13,8,0,0,33.8,Sunny,Field B
2022-08-11,05:00,Cow_441,8,4,3,0,33.8,Sunny,Field C
2022-08-11,05:00,Cow_442,8,9,0,0,33.8,Sunny,Field A
2022-08-11,05:00,Cow_443,11,9,0,0,33.8,Sunny,Field C
2022-08-11,05:00,Cow_444,0,8,7,0,33.8,Sunny,Field A
2022-08-11,05:00,Cow_445,3,6,6,0,33.8,Sunny,Field B
2022-08-11,05:00,Cow_446,1,10,4,0,33.8,Sunny,Field C
2022-08-11,05:00,Cow_447,6,2,7,0,33.8,Sunny,Field B
2022-08-11,05:00,Cow_448,11,4,0,0,33.8,Sunny,Field C
2022-08-11,05:00,Cow_449,2,10,3,0,33.8,Sunny,Field C
2022-08-11,05:00,Cow_450,7,10,0,0,33.8,Sunny,Field C
2022-08-11,05:00,Cow_451,0,0,0,15,33.8,Sunny,Field A
2022-08-11,05:00,Cow_452,12,9,0,0,33.8,Sunny,Field B
2022-08-11,05:00,Cow_453,11,0,5,0,33.8,Sunny,Field C
2022-08-11,05:00,Cow_454,7,2,6,0,33.8,Sunny,Field C
2022-08-11,05:00,Cow_455,0,9,8,0,33.8,Sunny,Field A
2022-08-11,05:00,Cow_456,5,7,3,0,33.8,Sunny,Field A
2022-08-11,05:00,Cow_457,4,6,5,0,33.8,Sunny,Field A
2022-08-11,05:00,Cow_458,5,7,3,0,33.8,Sunny,Field B
2022-08-11,05:00,Cow_459,11,9,0,0,33.8,Sunny,Field B
2022-08-11,05:00,Cow_460,6,9,0,0,33.8,Sunny,Field B
2022-08-11,05:00,Cow_461,10,10,0,0,33.8,Sunny,Field C
2022-08-11,05:00,Cow_462,7,0,8,0,33.8,Sunny,Field B
2022-08-11,05:00,Cow_463,8,3,4,0,33.8,Sunny,Field A
2022-08-11,05:00,Cow_464,0,0,0,15,33.8,Sunny,Field B
2022-08-11,05:00,Cow_465,8,1,6,0,33.8,Sunny,Field B
2022-08-11,05:00,Cow_466,2,6,7,0,33.8,Sunny,Field C
2022-08-11,05:00,Cow_467,4,6,5,0,33.8,Sunny,Field B
2022-08-11,05:00,Cow_468,2,8,5,0,33.8,Sunny,Field A
2022-08-11,05:00,Cow_469,11,4,0,0,33.8,Sunny,Field C
2022-08-11,05:00,Cow_470,0,10,5,0,33.8,Sunny,Field A
2022-08-11,05:00,Cow_471,6,3,6,0,33.8,Sunny,Field B
2022-08-11,05:00,Cow_472,7,2,6,0,33.8,Sunny,Field B
2022-08-11,05:00,Cow_473,2,5,8,0,33.8,Sunny,Field C
2022-08-11,05:00,Cow_474,14,0,7,0,33.8,Sunny,Field B
2022-08-11,05:00,Cow_475,6,6,3,0,33.8,Sunny,Field B
2022-08-11,05:00,Cow_476,8,0,8,0,33.8,Sunny,Field C
2022-08-11,05:00,Cow_477,5,5,5,0,33.8,Sunny,Field A
2022-08-11,05:00,Cow_478,6,6,3,0,33.8,Sunny,Field C
2022-08-11,05:00,Cow_479,7,6,2,0,33.8,Sunny,Field A
2022-08-11,05:00,Cow_480,1,6,8,0,33.8,Sunny,Field B
2022-08-11,05:00,Cow_481,10,0,6,0,33.8,Sunny,Field B
2022-08-11,05:00,Cow_482,0,8,7,0,33.8,Sunny,Field A
2022-08-11,05:00,Cow_483,6,6,3,0,33.8,Sunny,Field A
2022-08-11,05:00,Cow_484,7,3,5,0,33.8,Sunny,Field A
2022-08-11,05:00,Cow_485,5,3,7,0,33.8,Sunny,Field A
2022-08-11,05:00,Cow_486,9,6,0,0,33.8,Sunny,Field A
2022-08-11,05:00,Cow_487,12,9,0,0,33.8,Sunny,Field B
2022-08-11,05:00,Cow_488,4,5,6,0,33.8,Sunny,Field A
2022-08-11,05:00,Cow_489,8,2,5,0,33.8,Sunny,Field B
2022-08-11,05:00,Cow_490,5,4,6,0,33.8,Sunny,Field B
2022-08-11,05:00,Cow_491,13,3,0,0,33.8,Sunny,Field A
2022-08-11,05:00,Cow_492,5,7,3,0,33.8,Sunny,Field B
2022-08-11,05:00,Cow_493,0,0,0,15,33.8,Sunny,Field C
2022-08-11,05:00,Cow_494,9,6,0,0,33.8,Sunny,Field B
2022-08-11,05:00,Cow_495,11,7,0,0,33.8,Sunny,Field A
2022-08-11,05:00,Cow_496,4,7,4,0,33.8,Sunny,Field C
2022-08-11,05:00,Cow_497,3,7,5,0,33.8,Sunny,Field B
2022-08-11,05:00,Cow_498,8,0,8,0,33.8,Sunny,Field A
2022-08-11,05:00,Cow_499,13,4,0,0,33.8,Sunny,Field A
2022-08-11,05:00,Cow_500,0,0,0,15,33.8,Sunny,Field A
2022-08-11,05:15,Cow_1,12,0,6,0,24.0,Clear,Field A
2022-08-11,05:15,Cow_2,12,6,0,0,24.0,Clear,Field B
2022-08-11,05:15,Cow_3,3,6,6,0,24.0,Clear,Field A
2022-08-11,05:15,Cow_4,9,3,3,0,24.0,Clear,Field C
2022-08-11,05:15,Cow_5,13,0,3,0,24.0,Clear,Field C
2022-08-11,05:15,Cow_6,7,5,3,0,24.0,Clear,Field B
2022-08-11,05:15,Cow_7,4,7,4,0,24.0,Clear,Field C
2022-08-11,05:15,Cow_8,6,3,6,0,24.0,Clear,Field A
2022-08-11,05:15,Cow_9,6,8,1,0,24.0,Clear,Field B
2022-08-11,05:15,Cow_10,8,4,3,0,24.0,Clear,Field B
2022-08-11,05:15,Cow_11,8,1,6,0,24.0,Clear,Field C
2022-08-11,05:15,Cow_12,6,2,7,0,24.0,Clear,Field C
2022-08-11,05:15,Cow_13,11,10,0,0,24.0,Clear,Field B
2022-08-11,05:15,Cow_14,0,9,8,0,24.0,Clear,Field B
2022-08-11,05:15,Cow_15,7,4,4,0,24.0,Clear,Field A
2022-08-11,05:15,Cow_16,8,5,2,0,24.0,Clear,Field C
2022-08-11,05:15,Cow_17,13,0,6,0,24.0,Clear,Field C
2022-08-11,05:15,Cow_18,0,7,8,0,24.0,Clear,Field A
2022-08-11,05:15,Cow_19,14,0,4,0,24.0,Clear,Field C
2022-08-11,05:15,Cow_20,10,8,0,0,24.0,Clear,Field C
2022-08-11,05:15,Cow_21,14,9,0,0,24.0,Clear,Field B
2022-08-11,05:15,Cow_22,14,0,4,0,24.0,Clear,Field C
2022-08-11,05:15,Cow_23,14,0,4,0,24.0,Clear,Field C
2022-08-11,05:15,Cow_24,13,0,3,0,24.0,Clear,Field A
2022-08-11,05:15,Cow_25,9,6,0,0,24.0,Clear,Field B
2022-08-11,05:15,Cow_26,7,1,7,0,24.0,Clear,Field A
2022-08-11,05:15,Cow_27,5,3,7,0,24.0,Clear,Field A
2022-08-11,05:15,Cow_28,5,6,4,0,24.0,Clear,Field A
2022-08-11,05:15,Cow_29,9,9,0,0,24.0,Clear,Field B
2022-08-11,05:15,Cow_30,1,6,8,0,24.0,Clear,Field A
2022-08-11,05:15,Cow_31,2,3,10,0,24.0,Clear,Field B
2022-08-11,05:15,Cow_32,10,0,5,0,24.0,Clear,Field A
2022-08-11,05:15,Cow_33,0,10,6,0,24.0,Clear,Field C
2022-08-11,05:15,Cow_34,7,5,3,0,24.0,Clear,Field C
2022-08-11,05:15,Cow_35,7,7,1,0,24.0,Clear,Field A
2022-08-11,05:15,Cow_36,2,9,4,0,24.0,Clear,Field A
2022-08-11,05:15,Cow_37,6,1,8,0,24.0,Clear,Field A
2022-08-11,05:15,Cow_38,6,5,4,0,24.0,Clear,Field B
2022-08-11,05:15,Cow_39,11,0,8,0,24.0,Clear,Field A
2022-08-11,05:15,Cow_40,14,0,5,0,24.0,Clear,Field A
2022-08-11,05:15,Cow_41,6,6,3,0,24.0,Clear,Field B
2022-08-11,05:15,Cow_42,0,0,0,15,24.0,Clear,Field A
2022-08-11,05:15,Cow_43,7,8,0,0,24.0,Clear,Field A
2022-08-11,05:15,Cow_44,7,1,7,0,24.0,Clear,Field B
2022-08-11,05:15,Cow_45,10,0,5,0,24.0,Clear,Field A
2022-08-11,05:15,Cow_46,7,3,5,0,24.0,Clear,Field B
2022-08-11,05:15,Cow_47,6,6,3,0,24.0,Clear,Field B
2022-08-11,05:15,Cow_48,8,3,4,0,24.0,Clear,Field A
2022-08-11,05:15,Cow_49,0,0,0,15,24.0,Clear,Field C
2022-08-11,05:15,Cow_50,6,1,8,0,24.0,Clear,Field A
2022-08-11,05:15,Cow_51,1,10,4,0,24.0,Clear,Field C
2022-08-11,05:15,Cow_52,9,0,8,0,24.0,Clear,Field C
2022-08-11,05:15,Cow_53,6,4,5,0,24.0,Clear,Field A
2022-08-11,05:15,Cow_54,12,12,0,0,24.0,Clear,Field B
2022-08-11,05:15,Cow_55,7,9,0,0,24.0,Clear,Field B
2022-08-11,05:15,Cow_56,7,0,8,0,24.0,Clear,Field C
2022-08-11,05:15,Cow_57,9,4,2,0,24.0,Clear,Field B
2022-08-11,05:15,Cow_58,12,10,0,0,24.0,Clear,Field B
2022-08-11,05:15,Cow_59,5,5,5,0,24.0,Clear,Field A
2022-08-11,05:15,Cow_60,5,4,6,0,24.0,Clear,Field B
2022-08-11,05:15,Cow_61,5,4,6,0,24.0,Clear,Field B
2022-08-11,05:15,Cow_62,4,3,8,0,24.0,Clear,Field A
2022-08-11,05:15,Cow_63,9,11,0,0,24.0,Clear,Field C
2022-08-11,05:15,Cow_64,5,3,7,0,24.0,Clear,Field C
2022-08-11,05:15,Cow_65,8,4,3,0,24.0,Clear,Field B
2022-08-11,05:15,Cow_66,0,10,6,0,24.0,Clear,Field B
2022-08-11,05:15,Cow_67,7,9,0,0,24.0,Clear,Field C
2022-08-11,05:15,Cow_68,0,8,8,0,24.0,Clear,Field B
2022-08-11,05:15,Cow_69,0,0,0,15,24.0,Clear,Field C
2022-08-11,05:15,Cow_70,6,5,4,0,24.0,Clear,Field A
2022-08-11,05:15,Cow_71,0,9,8,0,24.0,Clear,Field C
2022-08-11,05:15,Cow_72,8,0,8,0,24.0,Clear,Field A
2022-08-11,05:15,Cow_73,14,8,0,0,24.0,Clear,Field C
2022-08-11,05:15,Cow_74,14,0,5,0,24.0,Clear,Field B
2022-08-11,05:15,Cow_75,6,4,5,0,24.0,Clear,Field B
2022-08-11,05:15,Cow_76,14,0,8,0,24.0,Clear,Field B
2022-08-11,05:15,Cow_77,5,7,3,0,24.0,Clear,Field A
2022-08-11,05:15,Cow_78,8,0,7,0,24.0,Clear,Field A
2022-08-11,05:15,Cow_79,6,6,3,0,24.0,Clear,Field A
2022-08-11,05:15,Cow_80,13,5,0,0,24.0,Clear,Field A
2022-08-11,05:15,Cow_81,6,4,5,0,24.0,Clear,Field B
2022-08-11,05:15,Cow_82,12,7,0,0,24.0,Clear,Field B
2022-08-11,05:15,Cow_83,0,0,0,15,24.0,Clear,Field C
2022-08-11,05:15,Cow_84,5,3,7,0,24.0,Clear,Field A
2022-08-11,05:15,Cow_85,1,7,7,0,24.0,Clear,Field B
2022-08-11,05:15,Cow_86,8,9,0,0,24.0,Clear,Field C
2022-08-11,05:15,Cow_87,3,9,3,0,24.0,Clear,Field C
2022-08-11,05:15,Cow_88,0,10,6,0,24.0,Clear,Field C
2022-08-11,05:15,Cow_89,1,8,6,0,24.0,Clear,Field A
2022-08-11,05:15,Cow_90,2,10,3,0,24.0,Clear,Field C
2022-08-11,05:15,Cow_91,9,7,0,0,24.0,Clear,Field A
2022-08-11,05:15,Cow_92,8,4,3,0,24.0,Clear,Field A
2022-08-11,05:15,Cow_93,6,3,6,0,24.0,Clear,Field B
2022-08-11,05:15,Cow_94,0,0,0,15,24.0,Clear,Field C
2022-08-11,05:15,Cow_95,9,3,3,0,24.0,Clear,Field C
2022-08-11,05:15,Cow_96,10,9,0,0,24.0,Clear,Field B
2022-08-11,05:15,Cow_97,0,0,0,15,24.0,Clear,Field A
2022-08-11,05:15,Cow_98,6,8,1,0,24.0,Clear,Field A
2022-08-11,05:15,Cow_99,5,6,4,0,24.0,Clear,Field A
2022-08-11,05:15,Cow_100,8,9,0,0,24.0,Clear,Field B
2022-08-11,05:15,Cow_101,10,0,6,0,24.0,Clear,Field C
2022-08-11,05:15,Cow_102,9,4,2,0,24.0,Clear,Field B
2022-08-11,05:15,Cow_103,4,8,3,0,24.0,Clear,Field B
2022-08-11,05:15,Cow_104,14,0,6,0,24.0,Clear,Field A
2022-08-11,05:15,Cow_105,13,0,5,0,24.0,Clear,Field A
2022-08-11,05:15,Cow_106,8,7,0,0,24.0,Clear,Field C
2022-08-11,05:15,Cow_107,5,4,6,0,24.0,Clear,Field C
2022-08-11,05:15,Cow_108,14,9,0,0,24.0,Clear,Field B
2022-08-11,05:15,Cow_109,6,4,5,0,24.0,Clear,Field C
2022-08-11,05:15,Cow_110,5,7,3,0,24.0,Clear,Field C
2022-08-11,05:15,Cow_111,6,6,3,0,24.0,Clear,Field B
2022-08-11,05:15,Cow_112,5,7,3,0,24.0,Clear,Field B
2022-08-11,05:15,Cow_113,1,9,5,0,24.0,Clear,Field C
2022-08-11,05:15,Cow_114,13,0,6,0,24.0,Clear,Field A
2022-08-11,05:15,Cow_115,4,3,8,0,24.0,Clear,Field A
2022-08-11,05:15,Cow_116,11,0,5,0,24.0,Clear,Field A
2022-08-11,05:15,Cow_117,5,5,5,0,24.0,Clear,Field B
2022-08-11,05:15,Cow_118,4,6,5,0,24.0,Clear,Field B
2022-08-11,05:15,Cow_119,12,6,0,0,24.0,Clear,Field B
2022-08-11,05:15,Cow_120,7,4,4,0,24.0,Clear,Field B
2022-08-11,05:15,Cow_121,14,0,4,0,24.0,Clear,Field B
2022-08-11,05:15,Cow_122,0,0,0,15,24.0,Clear,Field C
2022-08-11,05:15,Cow_123,2,10,3,0,24.0,Clear,Field A
2022-08-11,05:15,Cow_124,3,9,3,0,24.0,Clear,Field C
2022-08-11,05:15,Cow_125,13,0,4,0,24.0,Clear,Field A
2022-08-11,05:15,Cow_126,7,1,7,0,24.0,Clear,Field B
2022-08-11,05:15,Cow_127,12,0,8,0,24.0,Clear,Field A
2022-08-11,05:15,Cow_128,14,0,3,0,24.0,Clear,Field C
2022-08-11,05:15,Cow_129,0,0,0,15,24.0,Clear,Field A
2022-08-11,05:15,Cow_130,12,8,0,0,24.0,Clear,Field B
2022-08-11,05:15,Cow_131,9,3,3,0,24.0,Clear,Field C
2022-08-11,05:15,Cow_132,4,8,3,0,24.0,Clear,Field B
2022-08-11,05:15,Cow_133,6,4,5,0,24.0,Clear,Field B
2022-08-11,05:15,Cow_134,6,6,3,0,24.0,Clear,Field A
2022-08-11,05:15,Cow_135,5,10,0,0,24.0,Clear,Field A
2022-08-11,05:15,Cow_136,0,0,0,15,24.0,Clear,Field C
2022-08-11,05:15,Cow_137,9,5,1,0,24.0,Clear,Field B
2022-08-11,05:15,Cow_138,14,3,0,0,24.0,Clear,Field C
2022-08-11,05:15,Cow_139,0,0,0,15,24.0,Clear,Field B
2022-08-11,05:15,Cow_140,5,5,5,0,24.0,Clear,Field B
2022-08-11,05:15,Cow_141,10,7,0,0,24.0,Clear,Field A
2022-08-11,05:15,Cow_142,10,0,8,0,24.0,Clear,Field B
2022-08-11,05:15,Cow_143,5,4,6,0,24.0,Clear,Field A
2022-08-11,05:15,Cow_144,8,3,4,0,24.0,Clear,Field B
2022-08-11,05:15,Cow_145,6,4,5,0,24.0,Clear,Field A
2022-08-11,05:15,Cow_146,0,10,8,0,24.0,Clear,Field A
2022-08-11,05:15,Cow_147,0,10,6,0,24.0,Clear,Field A
2022-08-11,05:15,Cow_148,5,5,5,0,24.0,Clear,Field C
2022-08-11,05:15,Cow_149,0,0,0,15,24.0,Clear,Field B
2022-08-11,05:15,Cow_150,9,3,3,0,24.0,Clear,Field C
2022-08-11,05:15,Cow_151,8,7,0,0,24.0,Clear,Field A
2022-08-11,05:15,Cow_152,7,3,5,0,24.0,Clear,Field B
2022-08-11,05:15,Cow_153,8,2,5,0,24.0,Clear,Field B
2022-08-11,05:15,Cow_154,14,0,6,0,24.0,Clear,Field A
2022-08-11,05:15,Cow_155,14,0,4,0,24.0,Clear,Field A
2022-08-11,05:15,Cow_156,12,3,0,0,24.0,Clear,Field A
2022-08-11,05:15,Cow_157,7,4,4,0,24.0,Clear,Field B
2022-08-11,05:15,Cow_158,13,0,8,0,24.0,Clear,Field C
2022-08-11,05:15,Cow_159,2,5,8,0,24.0,Clear,Field B
2022-08-11,05:15,Cow_160,0,0,0,15,24.0,Clear,Field A
2022-08-11,05:15,Cow_161,5,5,5,0,24.0,Clear,Field C
2022-08-11,05:15,Cow_162,7,3,5,0,24.0,Clear,Field B
2022-08-11,05:15,Cow_163,8,0,7,0,24.0,Clear,Field B
2022-08-11,05:15,Cow_164,5,6,4,0,24.0,Clear,Field A
2022-08-11,05:15,Cow_165,7,4,4,0,24.0,Clear,Field A
2022-08-11,05:15,Cow_166,3,5,7,0,24.0,Clear,Field B
2022-08-11,05:15,Cow_167,3,8,4,0,24.0,Clear,Field C
2022-08-11,05:15,Cow_168,0,7,8,0,24.0,Clear,Field C
2022-08-11,05:15,Cow_169,7,3,5,0,24.0,Clear,Field A
2022-08-11,05:15,Cow_170,0,0,0,15,24.0,Clear,Field B
2022-08-11,05:15,Cow_171,6,3,6,0,24.0,Clear,Field A
2022-08-11,05:15,Cow_172,13,0,7,0,24.0,Clear,Field B
2022-08-11,05:15,Cow_173,6,2,7,0,24.0,Clear,Field C
2022-08-11,05:15,Cow_174,0,0,0,15,24.0,Clear,Field C
2022-08-11,05:15,Cow_175,1,10,4,0,24.0,Clear,Field B
2022-08-11,05:15,Cow_176,7,6,2,0,24.0,Clear,Field A
2022-08-11,05:15,Cow_177,9,5,1,0,24.0,Clear,Field A
2022-08-11,05:15,Cow_178,11,1,3,0,24.0,Clear,Field A
2022-08-11,05:15,Cow_179,10,9,0,0,24.0,Clear,Field A
2022-08-11,05:15,Cow_180,7,3,5,0,24.0,Clear,Field C
2022-08-11,05:15,Cow_181,5,3,7,0,24.0,Clear,Field A
2022-08-11,05:15,Cow_182,14,6,0,0,24.0,Clear,Field A
2022-08-11,05:15,Cow_183,8,3,4,0,24.0,Clear,Field B
2022-08-11,05:15,Cow_184,7,5,3,0,24.0,Clear,Field A
2022-08-11,05:15,Cow_185,12,0,6,0,24.0,Clear,Field B
2022-08-11,05:15,Cow_186,3,8,4,0,24.0,Clear,Field C
2022-08-11,05:15,Cow_187,4,4,7,0,24.0,Clear,Field B
2022-08-11,05:15,Cow_188,1,7,7,0,24.0,Clear,Field A
2022-08-11,05:15,Cow_189,0,8,8,0,24.0,Clear,Field C
2022-08-11,05:15,Cow_190,8,4,3,0,24.0,Clear,Field A
2022-08-11,05:15,Cow_191,14,5,0,0,24.0,Clear,Field A
2022-08-11,05:15,Cow_192,4,5,6,0,24.0,Clear,Field B
2022-08-11,05:15,Cow_193,9,9,0,0,24.0,Clear,Field C
2022-08-11,05:15,Cow_194,11,0,5,0,24.0,Clear,Field C
2022-08-11,05:15,Cow_195,14,5,0,0,24.0,Clear,Field B
2022-08-11,05:15,Cow_196,14,0,4,0,24.0,Clear,Field C
2022-08-11,05:15,Cow_197,10,0,5,0,24.0,Clear,Field A
2022-08-11,05:15,Cow_198,14,0,3,0,24.0,Clear,Field C
2022-08-11,05:15,Cow_199,10,6,0,0,24.0,Clear,Field B
2022-08-11,05:15,Cow_200,8,8,0,0,24.0,Clear,Field C
2022-08-11,05:15,Cow_201,5,4,6,0,24.0,Clear,Field C
2022-08-11,05:15,Cow_202,8,1,6,0,24.0,Clear,Field A
2022-08-11,05:15,Cow_203,6,6,3,0,24.0,Clear,Field A
2022-08-11,05:15,Cow_204,13,0,7,0,24.0,Clear,Field A
2022-08-11,05:15,Cow_205,0,10,7,0,24.0,Clear,Field B
2022-08-11,05:15,Cow_206,4,4,7,0,24.0,Clear,Field C
2022-08-11,05:15,Cow_207,7,2,6,0,24.0,Clear,Field B
2022-08-11,05:15,Cow_208,12,0,6,0,24.0,Clear,Field A
2022-08-11,05:15,Cow_209,8,8,0,0,24.0,Clear,Field A
2022-08-11,05:15,Cow_210,5,3,7,0,24.0,Clear,Field B
2022-08-11,05:15,Cow_211,0,9,8,0,24.0,Clear,Field A
2022-08-11,05:15,Cow_212,0,9,8,0,24.0,Clear,Field B
2022-08-11,05:15,Cow_213,9,2,4,0,24.0,Clear,Field B
2022-08-11,05:15,Cow_214,7,5,3,0,24.0,Clear,Field A
2022-08-11,05:15,Cow_215,0,10,6,0,24.0,Clear,Field C
2022-08-11,05:15,Cow_216,1,8,6,0,24.0,Clear,Field C
2022-08-11,05:15,Cow_217,7,3,5,0,24.0,Clear,Field B
2022-08-11,05:15,Cow_218,11,0,4,0,24.0,Clear,Field B
2022-08-11,05:15,Cow_219,0,0,0,15,24.0,Clear,Field B
2022-08-11,05:15,Cow_220,13,8,0,0,24.0,Clear,Field C
2022-08-11,05:15,Cow_221,9,8,0,0,24.0,Clear,Field C
2022-08-11,05:15,Cow_222,6,3,6,0,24.0,Clear,Field B
2022-08-11,05:15,Cow_223,14,0,5,0,24.0,Clear,Field B
2022-08-11,05:15,Cow_224,12,9,0,0,24.0,Clear,Field C
2022-08-11,05:15,Cow_225,8,8,0,0,24.0,Clear,Field B
2022-08-11,05:15,Cow_226,3,6,6,0,24.0,Clear,Field A
2022-08-11,05:15,Cow_227,7,3,5,0,24.0,Clear,Field A
2022-08-11,05:15,Cow_228,1,6,8,0,24.0,Clear,Field A
2022-08-11,05:15,Cow_229,13,0,3,0,24.0,Clear,Field C
2022-08-11,05:15,Cow_230,11,7,0,0,24.0,Clear,Field B
2022-08-11,05:15,Cow_231,8,9,0,0,24.0,Clear,Field B
2022-08-11,05:15,Cow_232,5,5,5,0,24.0,Clear,Field A
2022-08-11,05:15,Cow_233,8,3,4,0,24.0,Clear,Field C
2022-08-11,05:15,Cow_234,12,6,0,0,24.0,Clear,Field B
2022-08-11,05:15,Cow_235,10,6,0,0,24.0,Clear,Field C
2022-08-11,05:15,Cow_236,8,0,8,0,24.0,Clear,Field A
2022-08-11,05:15,Cow_237,3,7,5,0,24.0,Clear,Field A
2022-08-11,05:15,Cow_238,14,0,6,0,24.0,Clear,Field B
2022-08-11,05:15,Cow_239,3,8,4,0,24.0,Clear,Field B
2022-08-11,05:15,Cow_240,10,0,7,0,24.0,Clear,Field B
2022-08-11,05:15,Cow_241,12,6,0,0,24.0,Clear,Field B
2022-08-11,05:15,Cow_242,11,4,0,0,24.0,Clear,Field A
2022-08-11,05:15,Cow_243,14,6,0,0,24.0,Clear,Field A
2022-08-11,05:15,Cow_244,11,0,6,0,24.0,Clear,Field A
2022-08-11,05:15,Cow_245,9,3,3,0,24.0,Clear,Field B
2022-08-11,05:15,Cow_246,11,0,8,0,24.0,Clear,Field C
2022-08-11,05:15,Cow_247,2,6,7,0,24.0,Clear,Field B
2022-08-11,05:15,Cow_248,7,3,5,0,24.0,Clear,Field A
2022-08-11,05:15,Cow_249,0,0,0,15,24.0,Clear,Field A
2022-08-11,05:15,Cow_250,10,5,0,0,24.0,Clear,Field A
2022-08-11,05:15,Cow_251,6,3,6,0,24.0,Clear,Field A
2022-08-11,05:15,Cow_252,8,5,2,0,24.0,Clear,Field A
2022-08-11,05:15,Cow_253,3,4,8,0,24.0,Clear,Field C
2022-08-11,05:15,Cow_254,9,9,0,0,24.0,Clear,Field A
2022-08-11,05:15,Cow_255,7,5,3,0,24.0,Clear,Field B
2022-08-11,05:15,Cow_256,11,9,0,0,24.0,Clear,Field A
2022-08-11,05:15,Cow_257,14,7,0,0,24.0,Clear,Field C
2022-08-11,05:15,Cow_258,3,4,8,0,24.0,Clear,Field A
2022-08-11,05:15,Cow_259,14,0,3,0,24.0,Clear,Field C
2022-08-11,05:15,Cow_260,0,9,7,0,24.0,Clear,Field A
2022-08-11,05:15,Cow_261,0,9,7,0,24.0,Clear,Field A
2022-08-11,05:15,Cow_262,12,0,3,0,24.0,Clear,Field C
2022-08-11,05:15,Cow_263,0,0,0,15,24.0,Clear,Field A
2022-08-11,05:15,Cow_264,9,0,8,0,24.0,Clear,Field C
2022-08-11,05:15,Cow_265,11,8,0,0,24.0,Clear,Field C
2022-08-11,05:15,Cow_266,0,9,6,0,24.0,Clear,Field B
2022-08-11,05:15,Cow_267,9,3,3,0,24.0,Clear,Field C
2022-08-11,05:15,Cow_268,12,8,0,0,24.0,Clear,Field C
2022-08-11,05:15,Cow_269,11,3,1,0,24.0,Clear,Field A
2022-08-11,05:15,Cow_270,7,3,5,0,24.0,Clear,Field B
2022-08-11,05:15,Cow_271,13,3,0,0,24.0,Clear,Field A
2022-08-11,05:15,Cow_272,8,0,8,0,24.0,Clear,Field B
2022-08-11,05:15,Cow_273,2,9,4,0,24.0,Clear,Field B
2022-08-11,05:15,Cow_274,0,7,8,0,24.0,Clear,Field C
2022-08-11,05:15,Cow_275,10,3,2,0,24.0,Clear,Field B
2022-08-11,05:15,Cow_276,10,1,4,0,24.0,Clear,Field B
2022-08-11,05:15,Cow_277,12,9,0,0,24.0,Clear,Field A
2022-08-11,05:15,Cow_278,8,2,5,0,24.0,Clear,Field B
2022-08-11,05:15,Cow_279,11,9,0,0,24.0,Clear,Field C
2022-08-11,05:15,Cow_280,13,0,8,0,24.0,Clear,Field C
2022-08-11,05:15,Cow_281,10,3,2,0,24.0,Clear,Field B
2022-08-11,05:15,Cow_282,7,5,3,0,24.0,Clear,Field C
2022-08-11,05:15,Cow_283,13,0,3,0,24.0,Clear,Field B
2022-08-11,05:15,Cow_284,3,9,3,0,24.0,Clear,Field A
2022-08-11,05:15,Cow_285,13,3,0,0,24.0,Clear,Field A
2022-08-11,05:15,Cow_286,12,4,0,0,24.0,Clear,Field A
2022-08-11,05:15,Cow_287,10,2,3,0,24.0,Clear,Field C
2022-08-11,05:15,Cow_288,12,7,0,0,24.0,Clear,Field C
2022-08-11,05:15,Cow_289,9,5,1,0,24.0,Clear,Field B
2022-08-11,05:15,Cow_290,7,3,5,0,24.0,Clear,Field C
2022-08-11,05:15,Cow_291,0,0,0,15,24.0,Clear,Field C
2022-08-11,05:15,Cow_292,6,1,8,0,24.0,Clear,Field B
2022-08-11,05:15,Cow_293,15,0,8,0,24.0,Clear,Field B
2022-08-11,05:15,Cow_294,2,7,6,0,24.0,Clear,Field B
2022-08-11,05:15,Cow_295,0,10,6,0,24.0,Clear,Field C
2022-08-11,05:15,Cow_296,1,7,7,0,24.0,Clear,Field A
2022-08-11,05:15,Cow_297,4,8,3,0,24.0,Clear,Field C
2022-08-11,05:15,Cow_298,11,3,1,0,24.0,Clear,Field B
2022-08-11,05:15,Cow_299,9,10,0,0,24.0,Clear,Field B
2022-08-11,05:15,Cow_300,11,9,0,0,24.0,Clear,Field C
2022-08-11,05:15,Cow_301,0,0,0,15,24.0,Clear,Field B
2022-08-11,05:15,Cow_302,7,3,5,0,24.0,Clear,Field A
2022-08-11,05:15,Cow_303,4,7,4,0,24.0,Clear,Field B
2022-08-11,05:15,Cow_304,0,0,0,15,24.0,Clear,Field C
2022-08-11,05:15,Cow_305,13,9,0,0,24.0,Clear,Field A
2022-08-11,05:15,Cow_306,13,10,0,0,24.0,Clear,Field C
2022-08-11,05:15,Cow_307,7,7,1,0,24.0,Clear,Field C
2022-08-11,05:15,Cow_308,10,2,3,0,24.0,Clear,Field B
2022-08-11,05:15,Cow_309,13,0,4,0,24.0,Clear,Field C
2022-08-11,05:15,Cow_310,5,2,8,0,24.0,Clear,Field A
2022-08-11,05:15,Cow_311,9,0,8,0,24.0,Clear,Field C
2022-08-11,05:15,Cow_312,5,6,4,0,24.0,Clear,Field B
2022-08-11,05:15,Cow_313,7,5,3,0,24.0,Clear,Field B
2022-08-11,05:15,Cow_314,13,4,0,0,24.0,Clear,Field B
2022-08-11,05:15,Cow_315,2,7,6,0,24.0,Clear,Field A
2022-08-11,05:15,Cow_316,14,0,5,0,24.0,Clear,Field A
2022-08-11,05:15,Cow_317,13,0,4,0,24.0,Clear,Field B
2022-08-11,05:15,Cow_318,1,10,4,0,24.0,Clear,Field B
2022-08-11,05:15,Cow_319,2,6,7,0,24.0,Clear,Field B
2022-08-11,05:15,Cow_320,10,10,0,0,24.0,Clear,Field C
2022-08-11,05:15,Cow_321,0,0,0,15,24.0,Clear,Field B
2022-08-11,05:15,Cow_322,14,9,0,0,24.0,Clear,Field C
2022-08-11,05:15,Cow_323,2,5,8,0,24.0,Clear,Field C
2022-08-11,05:15,Cow_324,8,9,0,0,24.0,Clear,Field C
2022-08-11,05:15,Cow_325,6,10,0,0,24.0,Clear,Field C
2022-08-11,05:15,Cow_326,10,6,0,0,24.0,Clear,Field B
2022-08-11,05:15,Cow_327,7,1,7,0,24.0,Clear,Field B
2022-08-11,05:15,Cow_328,6,5,4,0,24.0,Clear,Field B
2022-08-11,05:15,Cow_329,3,9,3,0,24.0,Clear,Field C
2022-08-11,05:15,Cow_330,0,9,6,0,24.0,Clear,Field B
2022-08-11,05:15,Cow_331,13,0,7,0,24.0,Clear,Field C
2022-08-11,05:15,Cow_332,14,0,6,0,24.0,Clear,Field B
2022-08-11,05:15,Cow_333,9,3,3,0,24.0,Clear,Field B
2022-08-11,05:15,Cow_334,5,3,7,0,24.0,Clear,Field C
2022-08-11,05:15,Cow_335,7,5,3,0,24.0,Clear,Field C
2022-08-11,05:15,Cow_336,10,4,1,0,24.0,Clear,Field B
2022-08-11,05:15,Cow_337,13,7,0,0,24.0,Clear,Field A
2022-08-11,05:15,Cow_338,2,6,7,0,24.0,Clear,Field C
2022-08-11,05:15,Cow_339,6,4,5,0,24.0,Clear,Field C
2022-08-11,05:15,Cow_340,10,5,0,0,24.0,Clear,Field C
2022-08-11,05:15,Cow_341,0,0,0,15,24.0,Clear,Field C
2022-08-11,05:15,Cow_342,5,9,1,0,24.0,Clear,Field A
2022-08-11,05:15,Cow_343,8,0,7,0,24.0,Clear,Field C
2022-08-11,05:15,Cow_344,1,6,8,0,24.0,Clear,Field C
2022-08-11,05:15,Cow_345,0,10,8,0,24.0,Clear,Field A
2022-08-11,05:15,Cow_346,0,0,0,15,24.0,Clear,Field B
2022-08-11,05:15,Cow_347,4,8,3,0,24.0,Clear,Field B
2022-08-11,05:15,Cow_348,15,0,4,0,24.0,Clear,Field C
2022-08-11,05:15,Cow_349,6,6,3,0,24.0,Clear,Field C
2022-08-11,05:15,Cow_350,8,0,7,0,24.0,Clear,Field C
2022-08-11,05:15,Cow_351,10,2,3,0,24.0,Clear,Field A
2022-08-11,05:15,Cow_352,6,6,3,0,24.0,Clear,Field C
2022-08-11,05:15,Cow_353,10,3,2,0,24.0,Clear,Field B
2022-08-11,05:15,Cow_354,14,0,4,0,24.0,Clear,Field C
2022-08-11,05:15,Cow_355,0,0,0,15,24.0,Clear,Field C
2022-08-11,05:15,Cow_356,6,3,6,0,24.0,Clear,Field C
2022-08-11,05:15,Cow_357,6,3,6,0,24.0,Clear,Field C
2022-08-11,05:15,Cow_358,10,0,7,0,24.0,Clear,Field C
2022-08-11,05:15,Cow_359,10,8,0,0,24.0,Clear,Field C
2022-08-11,05:15,Cow_360,0,0,0,15,24.0,Clear,Field A
2022-08-11,05:15,Cow_361,14,0,5,0,24.0,Clear,Field B
2022-08-11,05:15,Cow_362,10,6,0,0,24.0,Clear,Field A
2022-08-11,05:15,Cow_363,10,0,7,0,24.0,Clear,Field B
2022-08-11,05:15,Cow_364,14,4,0,0,24.0,Clear,Field A
2022-08-11,05:15,Cow_365,13,8,0,0,24.0,Clear,Field C
2022-08-11,05:15,Cow_366,7,8,0,0,24.0,Clear,Field C
2022-08-11,05:15,Cow_367,7,10,0,0,24.0,Clear,Field C
2022-08-11,05:15,Cow_368,14,8,0,0,24.0,Clear,Field B
2022-08-11,05:15,Cow_369,2,6,7,0,24.0,Clear,Field B
2022-08-11,05:15,Cow_370,5,3,7,0,24.0,Clear,Field B
2022-08-11,05:15,Cow_371,2,9,4,0,24.0,Clear,Field C
2022-08-11,05:15,Cow_372,7,2,6,0,24.0,Clear,Field B
2022-08-11,05:15,Cow_373,5,2,8,0,24.0,Clear,Field A
2022-08-11,05:15,Cow_374,0,10,6,0,24.0,Clear,Field C
2022-08-11,05:15,Cow_375,3,7,5,0,24.0,Clear,Field B
2022-08-11,05:15,Cow_376,1,10,4,0,24.0,Clear,Field B
2022-08-11,05:15,Cow_377,5,9,1,0,24.0,Clear,Field A
2022-08-11,05:15,Cow_378,13,5,0,0,24.0,Clear,Field C
2022-08-11,05:15,Cow_379,13,0,7,0,24.0,Clear,Field A
2022-08-11,05:15,Cow_380,5,3,7,0,24.0,Clear,Field A
2022-08-11,05:15,Cow_381,10,0,8,0,24.0,Clear,Field A
2022-08-11,05:15,Cow_382,14,4,0,0,24.0,Clear,Field A
2022-08-11,05:15,Cow_383,10,7,0,0,24.0,Clear,Field A
2022-08-11,05:15,Cow_384,14,0,3,0,24.0,Clear,Field C
2022-08-11,05:15,Cow_385,5,6,4,0,24.0,Clear,Field A
2022-08-11,05:15,Cow_386,0,0,0,15,24.0,Clear,Field C
2022-08-11,05:15,Cow_387,4,8,3,0,24.0,Clear,Field B
2022-08-11,05:15,Cow_388,7,5,3,0,24.0,Clear,Field B
2022-08-11,05:15,Cow_389,6,5,4,0,24.0,Clear,Field C
2022-08-11,05:15,Cow_390,6,10,0,0,24.0,Clear,Field C
2022-08-11,05:15,Cow_391,7,4,4,0,24.0,Clear,Field A
2022-08-11,05:15,Cow_392,14,10,0,0,24.0,Clear,Field C
2022-08-11,05:15,Cow_393,12,0,5,0,24.0,Clear,Field C
2022-08-11,05:15,Cow_394,9,9,0,0,24.0,Clear,Field A
2022-08-11,05:15,Cow_395,10,3,2,0,24.0,Clear,Field A
2022-08-11,05:15,Cow_396,13,9,0,0,24.0,Clear,Field B
2022-08-11,05:15,Cow_397,13,8,0,0,24.0,Clear,Field C
2022-08-11,05:15,Cow_398,1,6,8,0,24.0,Clear,Field C
2022-08-11,05:15,Cow_399,8,4,3,0,24.0,Clear,Field C
2022-08-11,05:15,Cow_400,10,2,3,0,24.0,Clear,Field A
2022-08-11,05:15,Cow_401,6,5,4,0,24.0,Clear,Field B
2022-08-11,05:15,Cow_402,3,9,3,0,24.0,Clear,Field C
2022-08-11,05:15,Cow_403,5,7,3,0,24.0,Clear,Field A
2022-08-11,05:15,Cow_404,0,8,8,0,24.0,Clear,Field C
2022-08-11,05:15,Cow_405,8,8,0,0,24.0,Clear,Field A
2022-08-11,05:15,Cow_406,10,3,2,0,24.0,Clear,Field C
2022-08-11,05:15,Cow_407,7,3,5,0,24.0,Clear,Field C
2022-08-11,05:15,Cow_408,0,0,0,15,24.0,Clear,Field B
2022-08-11,05:15,Cow_409,8,9,0,0,24.0,Clear,Field A
2022-08-11,05:15,Cow_410,14,10,0,0,24.0,Clear,Field A
2022-08-11,05:15,Cow_411,9,3,3,0,24.0,Clear,Field B
2022-08-11,05:15,Cow_412,10,9,0,0,24.0,Clear,Field B
2022-08-11,05:15,Cow_413,7,9,0,0,24.0,Clear,Field A
2022-08-11,05:15,Cow_414,0,0,0,15,24.0,Clear,Field A
2022-08-11,05:15,Cow_415,3,5,7,0,24.0,Clear,Field A
2022-08-11,05:15,Cow_416,5,7,3,0,24.0,Clear,Field C
2022-08-11,05:15,Cow_417,3,8,4,0,24.0,Clear,Field A
2022-08-11,05:15,Cow_418,5,8,2,0,24.0,Clear,Field B
2022-08-11,05:15,Cow_419,10,9,0,0,24.0,Clear,Field A
2022-08-11,05:15,Cow_420,12,0,7,0,24.0,Clear,Field B
2022-08-11,05:15,Cow_421,14,9,0,0,24.0,Clear,Field B
2022-08-11,05:15,Cow_422,0,0,0,15,24.0,Clear,Field A
2022-08-11,05:15,Cow_423,8,0,7,0,24.0,Clear,Field B
2022-08-11,05:15,Cow_424,6,1,8,0,24.0,Clear,Field A
2022-08-11,05:15,Cow_425,7,9,0,0,24.0,Clear,Field B
2022-08-11,05:15,Cow_426,8,7,0,0,24.0,Clear,Field B
2022-08-11,05:15,Cow_427,0,12,4,0,24.0,Clear,Field B
2022-08-11,05:15,Cow_428,0,9,8,0,24.0,Clear,Field C
2022-08-11,05:15,Cow_429,12,8,0,0,24.0,Clear,Field A
2022-08-11,05:15,Cow_430,10,2,3,0,24.0,Clear,Field A
2022-08-11,05:15,Cow_431,2,6,7,0,24.0,Clear,Field C
2022-08-11,05:15,Cow_432,0,0,0,15,24.0,Clear,Field B
2022-08-11,05:15,Cow_433,11,0,4,0,24.0,Clear,Field A
2022-08-11,05:15,Cow_434,6,9,0,0,24.0,Clear,Field C
2022-08-11,05:15,Cow_435,9,5,1,0,24.0,Clear,Field C
2022-08-11,05:15,Cow_436,0,0,0,15,24.0,Clear,Field B
2022-08-11,05:15,Cow_437,8,10,0,0,24.0,Clear,Field A
2022-08-11,05:15,Cow_438,0,9,8,0,24.0,Clear,Field B
2022-08-11,05:15,Cow_439,0,0,0,15,24.0,Clear,Field A
2022-08-11,05:15,Cow_440,4,8,3,0,24.0,Clear,Field C
2022-08-11,05:15,Cow_441,12,0,6,0,24.0,Clear,Field B
2022-08-11,05:15,Cow_442,10,8,0,0,24.0,Clear,Field B
2022-08-11,05:15,Cow_443,0,0,0,15,24.0,Clear,Field C
2022-08-11,05:15,Cow_444,0,10,8,0,24.0,Clear,Field C
2022-08-11,05:15,Cow_445,2,5,8,0,24.0,Clear,Field A
2022-08-11,05:15,Cow_446,4,8,3,0,24.0,Clear,Field B
2022-08-11,05:15,Cow_447,2,9,4,0,24.0,Clear,Field A
2022-08-11,05:15,Cow_448,6,6,3,0,24.0,Clear,Field B
2022-08-11,05:15,Cow_449,8,4,3,0,24.0,Clear,Field B
2022-08-11,05:15,Cow_450,4,6,5,0,24.0,Clear,Field A
2022-08-11,05:15,Cow_451,2,5,8,0,24.0,Clear,Field B
2022-08-11,05:15,Cow_452,10,0,8,0,24.0,Clear,Field C
2022-08-11,05:15,Cow_453,6,3,6,0,24.0,Clear,Field B
2022-08-11,05:15,Cow_454,5,2,8,0,24.0,Clear,Field B
2022-08-11,05:15,Cow_455,10,4,1,0,24.0,Clear,Field B
2022-08-11,05:15,Cow_456,8,8,0,0,24.0,Clear,Field B
2022-08-11,05:15,Cow_457,5,6,4,0,24.0,Clear,Field B
2022-08-11,05:15,Cow_458,14,6,0,0,24.0,Clear,Field A
2022-08-11,05:15,Cow_459,10,6,0,0,24.0,Clear,Field B
2022-08-11,05:15,Cow_460,6,4,5,0,24.0,Clear,Field A
2022-08-11,05:15,Cow_461,11,0,7,0,24.0,Clear,Field A
2022-08-11,05:15,Cow_462,9,4,2,0,24.0,Clear,Field B
2022-08-11,05:15,Cow_463,4,8,3,0,24.0,Clear,Field B
2022-08-11,05:15,Cow_464,0,0,0,15,24.0,Clear,Field B
2022-08-11,05:15,Cow_465,0,8,8,0,24.0,Clear,Field B
2022-08-11,05:15,Cow_466,9,5,1,0,24.0,Clear,Field B
2022-08-11,05:15,Cow_467,10,5,0,0,24.0,Clear,Field C
2022-08-11,05:15,Cow_468,9,10,0,0,24.0,Clear,Field B
2022-08-11,05:15,Cow_469,12,0,4,0,24.0,Clear,Field B
2022-08-11,05:15,Cow_470,6,7,2,0,24.0,Clear,Field B
2022-08-11,05:15,Cow_471,9,0,7,0,24.0,Clear,Field B
2022-08-11,05:15,Cow_472,0,9,8,0,24.0,Clear,Field C
2022-08-11,05:15,Cow_473,1,8,6,0,24.0,Clear,Field A
2022-08-11,05:15,Cow_474,7,7,1,0,24.0,Clear,Field A
2022-08-11,05:15,Cow_475,9,3,3,0,24.0,Clear,Field B
2022-08-11,05:15,Cow_476,12,8,0,0,24.0,Clear,Field A
2022-08-11,05:15,Cow_477,10,3,2,0,24.0,Clear,Field B
2022-08-11,05:15,Cow_478,10,2,3,0,24.0,Clear,Field A
2022-08-11,05:15,Cow_479,4,5,6,0,24.0,Clear,Field A
2022-08-11,05:15,Cow_480,6,3,6,0,24.0,Clear,Field A
2022-08-11,05:15,Cow_481,1,7,7,0,24.0,Clear,Field C
2022-08-11,05:15,Cow_482,0,0,0,15,24.0,Clear,Field A
2022-08-11,05:15,Cow_483,8,3,4,0,24.0,Clear,Field A
2022-08-11,05:15,Cow_484,9,10,0,0,24.0,Clear,Field C
2022-08-11,05:15,Cow_485,10,3,2,0,24.0,Clear,Field B
2022-08-11,05:15,Cow_486,7,4,4,0,24.0,Clear,Field B
2022-08-11,05:15,Cow_487,13,9,0,0,24.0,Clear,Field C
2022-08-11,05:15,Cow_488,5,7,3,0,24.0,Clear,Field C
2022-08-11,05:15,Cow_489,10,0,5,0,24.0,Clear,Field B
2022-08-11,05:15,Cow_490,12,0,7,0,24.0,Clear,Field C
2022-08-11,05:15,Cow_491,7,7,1,0,24.0,Clear,Field B
2022-08-11,05:15,Cow_492,8,4,3,0,24.0,Clear,Field C
2022-08-11,05:15,Cow_493,12,6,0,0,24.0,Clear,Field A
2022-08-11,05:15,Cow_494,10,6,0,0,24.0,Clear,Field B
2022-08-11,05:15,Cow_495,3,6,6,0,24.0,Clear,Field C
2022-08-11,05:15,Cow_496,6,5,4,0,24.0,Clear,Field A
2022-08-11,05:15,Cow_497,8,2,5,0,24.0,Clear,Field C
2022-08-11,05:15,Cow_498,0,10,5,0,24.0,Clear,Field C
2022-08-11,05:15,Cow_499,3,4,8,0,24.0,Clear,Field B
2022-08-11,05:15,Cow_500,10,0,6,0,24.0,Clear,Field A
2022-08-11,05:30,Cow_1,10,1,4,0,34.6,Clear,Field B
2022-08-11,05:30,Cow_2,6,3,6,0,34.6,Clear,Field B
2022-08-11,05:30,Cow_3,7,3,5,0,34.6,Clear,Field A
2022-08-11,05:30,Cow_4,7,5,3,0,34.6,Clear,Field C
2022-08-11,05:30,Cow_5,4,7,4,0,34.6,Clear,Field A
2022-08-11,05:30,Cow_6,14,9,0,0,34.6,Clear,Field C
2022-08-11,05:30,Cow_7,4,6,5,0,34.6,Clear,Field C
2022-08-11,05:30,Cow_8,0,8,8,0,34.6,Clear,Field A
2022-08-11,05:30,Cow_9,11,5,0,0,34.6,Clear,Field C
2022-08-11,05:30,Cow_10,7,4,4,0,34.6,Clear,Field A
2022-08-11,05:30,Cow_11,8,9,0,0,34.6,Clear,Field A
2022-08-11,05:30,Cow_12,14,0,4,0,34.6,Clear,Field A
2022-08-11,05:30,Cow_13,0,0,0,15,34.6,Clear,Field B
2022-08-11,05:30,Cow_14,0,0,0,15,34.6,Clear,Field B
2022-08-11,05:30,Cow_15,0,0,0,15,34.6,Clear,Field B
2022-08-11,05:30,Cow_16,5,8,2,0,34.6,Clear,Field A
2022-08-11,05:30,Cow_17,10,9,0,0,34.6,Clear,Field A
2022-08-11,05:30,Cow_18,15,9,0,0,34.6,Clear,Field C
2022-08-11,05:30,Cow_19,5,6,4,0,34.6,Clear,Field C
2022-08-11,05:30,Cow_20,4,3,8,0,34.6,Clear,Field C
2022-08-11,05:30,Cow_21,9,0,10,0,34.6,Clear,Field C
2022-08-11,05:30,Cow_22,1,7,7,0,34.6,Clear,Field C
2022-08-11,05:30,Cow_23,12,9,0,0,34.6,Clear,Field B
2022-08-11,05:30,Cow_24,7,2,6,0,34.6,Clear,Field A
2022-08-11,05:30,Cow_25,0,9,8,0,34.6,Clear,Field C
2022-08-11,05:30,Cow_26,11,9,0,0,34.6,Clear,Field C
2022-08-11,05:30,Cow_27,12,0,5,0,34.6,Clear,Field C
2022-08-11,05:30,Cow_28,0,0,0,15,34.6,Clear,Field C
2022-08-11,05:30,Cow_29,13,0,4,0,34.6,Clear,Field B
2022-08-11,05:30,Cow_30,13,7,0,0,34.6,Clear,Field B
2022-08-11,05:30,Cow_31,13,8,0,0,34.6,Clear,Field C
2022-08-11,05:30,Cow_32,12,10,0,0,34.6,Clear,Field B
2022-08-11,05:30,Cow_33,3,5,7,0,34.6,Clear,Field B
2022-08-11,05:30,Cow_34,9,0,6,0,34.6,Clear,Field B
2022-08-11,05:30,Cow_35,4,6,5,0,34.6,Clear,Field C
2022-08-11,05:30,Cow_36,7,5,3,0,34.6,Clear,Field B
2022-08-11,05:30,Cow_37,9,0,6,0,34.6,Clear,Field A
2022-08-11,05:30,Cow_38,12,0,5,0,34.6,Clear,Field C
2022-08-11,05:30,Cow_39,6,6,3,0,34.6,Clear,Field A
2022-08-11,05:30,Cow_40,14,0,3,0,34.6,Clear,Field C
2022-08-11,05:30,Cow_41,0,0,0,15,34.6,Clear,Field C
2022-08-11,05:30,Cow_42,12,3,0,0,34.6,Clear,Field A
2022-08-11,05:30,Cow_43,5,2,8,0,34.6,Clear,Field C
2022-08-11,05:30,Cow_44,9,7,0,0,34.6,Clear,Field A
2022-08-11,05:30,Cow_45,4,7,4,0,34.6,Clear,Field B
2022-08-11,05:30,Cow_46,8,4,3,0,34.6,Clear,Field A
2022-08-11,05:30,Cow_47,11,0,7,0,34.6,Clear,Field A
2022-08-11,05:30,Cow_48,11,0,7,0,34.6,Clear,Field C
2022-08-11,05:30,Cow_49,12,6,0,0,34.6,Clear,Field A
2022-08-11,05:30,Cow_50,14,0,5,0,34.6,Clear,Field A
2022-08-11,05:30,Cow_51,9,3,3,0,34.6,Clear,Field A
2022-08-11,05:30,Cow_52,9,6,0,0,34.6,Clear,Field A
2022-08-11,05:30,Cow_53,9,0,7,0,34.6,Clear,Field C
2022-08-11,05:30,Cow_54,7,9,0,0,34.6,Clear,Field C
2022-08-11,05:30,Cow_55,2,9,4,0,34.6,Clear,Field B
2022-08-11,05:30,Cow_56,4,6,5,0,34.6,Clear,Field A
2022-08-11,05:30,Cow_57,5,4,6,0,34.6,Clear,Field C
2022-08-11,05:30,Cow_58,13,7,0,0,34.6,Clear,Field B
2022-08-11,05:30,Cow_59,0,9,8,0,34.6,Clear,Field C
2022-08-11,05:30,Cow_60,7,3,5,0,34.6,Clear,Field C
2022-08-11,05:30,Cow_61,12,5,0,0,34.6,Clear,Field C
2022-08-11,05:30,Cow_62,8,3,4,0,34.6,Clear,Field C
2022-08-11,05:30,Cow_63,13,0,9,0,34.6,Clear,Field A
2022-08-11,05:30,Cow_64,11,0,7,0,34.6,Clear,Field B
2022-08-11,05:30,Cow_65,3,9,3,0,34.6,Clear,Field B
2022-08-11,05:30,Cow_66,6,7,2,0,34.6,Clear,Field C
2022-08-11,05:30,Cow_67,5,5,5,0,34.6,Clear,Field B
2022-08-11,05:30,Cow_68,14,0,4,0,34.6,Clear,Field B
2022-08-11,05:30,Cow_69,11,0,8,0,34.6,Clear,Field C
2022-08-11,05:30,Cow_70,13,0,4,0,34.6,Clear,Field A
2022-08-11,05:30,Cow_71,10,4,1,0,34.6,Clear,Field A
2022-08-11,05:30,Cow_72,4,4,7,0,34.6,Clear,Field B
2022-08-11,05:30,Cow_73,3,9,3,0,34.6,Clear,Field B
2022-08-11,05:30,Cow_74,7,3,5,0,34.6,Clear,Field C
2022-08-11,05:30,Cow_75,8,5,2,0,34.6,Clear,Field B
2022-08-11,05:30,Cow_76,10,2,3,0,34.6,Clear,Field B
2022-08-11,05:30,Cow_77,0,10,7,0,34.6,Clear,Field B
2022-08-11,05:30,Cow_78,6,4,5,0,34.6,Clear,Field A
2022-08-11,05:30,Cow_79,10,6,0,0,34.6,Clear,Field A
2022-08-11,05:30,Cow_80,9,3,3,0,34.6,Clear,Field A
2022-08-11,05:30,Cow_81,9,7,0,0,34.6,Clear,Field C
2022-08-11,05:30,Cow_82,8,10,0,0,34.6,Clear,Field A
2022-08-11,05:30,Cow_83,0,0,0,15,34.6,Clear,Field B
2022-08-11,05:30,Cow_84,1,6,8,0,34.6,Clear,Field A
2022-08-11,05:30,Cow_85,0,0,0,15,34.6,Clear,Field B
2022-08-11,05:30,Cow_86,12,10,0,0,34.6,Clear,Field B
2022-08-11,05:30,Cow_87,0,10,8,0,34.6,Clear,Field A
2022-08-11,05:30,Cow_88,10,4,1,0,34.6,Clear,Field C
2022-08-11,05:30,Cow_89,0,9,6,0,34.6,Clear,Field B
2022-08-11,05:30,Cow_90,12,0,6,0,34.6,Clear,Field C
2022-08-11,05:30,Cow_91,10,8,0,0,34.6,Clear,Field B
2022-08-11,05:30,Cow_92,12,0,7,0,34.6,Clear,Field A
2022-08-11,05:30,Cow_93,9,1,5,0,34.6,Clear,Field C
2022-08-11,05:30,Cow_94,5,5,5,0,34.6,Clear,Field B
2022-08-11,05:30,Cow_95,13,5,0,0,34.6,Clear,Field A
2022-08-11,05:30,Cow_96,10,7,0,0,34.6,Clear,Field B
2022-08-11,05:30,Cow_97,10,0,5,0,34.6,Clear,Field A
2022-08-11,05:30,Cow_98,4,6,5,0,34.6,Clear,Field B
2022-08-11,05:30,Cow_99,7,5,3,0,34.6,Clear,Field C
2022-08-11,05:30,Cow_100,11,0,4,0,34.6,Clear,Field C
2022-08-11,05:30,Cow_101,0,0,0,15,34.6,Clear,Field B
2022-08-11,05:30,Cow_102,10,0,6,0,34.6,Clear,Field A
2022-08-11,05:30,Cow_103,0,10,5,0,34.6,Clear,Field C
2022-08-11,05:30,Cow_104,10,10,0,0,34.6,Clear,Field A
2022-08-11,05:30,Cow_105,14,0,5,0,34.6,Clear,Field A
2022-08-11,05:30,Cow_106,1,8,6,0,34.6,Clear,Field B
2022-08-11,05:30,Cow_107,11,7,0,0,34.6,Clear,Field A
2022-08-11,05:30,Cow_108,7,7,1,0,34.6,Clear,Field C
2022-08-11,05:30,Cow_109,4,5,6,0,34.6,Clear,Field C
2022-08-11,05:30,Cow_110,7,4,4,0,34.6,Clear,Field C
2022-08-11,05:30,Cow_111,2,10,3,0,34.6,Clear,Field B
2022-08-11,05:30,Cow_112,11,0,4,0,34.6,Clear,Field C
2022-08-11,05:30,Cow_113,3,4,8,0,34.6,Clear,Field A
2022-08-11,05:30,Cow_114,4,4,7,0,34.6,Clear,Field A
2022-08-11,05:30,Cow_115,6,10,0,0,34.6,Clear,Field C
2022-08-11,05:30,Cow_116,9,8,0,0,34.6,Clear,Field C
2022-08-11,05:30,Cow_117,7,4,4,0,34.6,Clear,Field A
2022-08-11,05:30,Cow_118,8,1,6,0,34.6,Clear,Field B
2022-08-11,05:30,Cow_119,13,5,0,0,34.6,Clear,Field A
2022-08-11,05:30,Cow_120,11,0,4,0,34.6,Clear,Field A
2022-08-11,05:30,Cow_121,7,3,5,0,34.6,Clear,Field C
2022-08-11,05:30,Cow_122,7,4,4,0,34.6,Clear,Field B
2022-08-11,05:30,Cow_123,12,0,4,0,34.6,Clear,Field C
2022-08-11,05:30,Cow_124,10,5,0,0,34.6,Clear,Field A
2022-08-11,05:30,Cow_125,0,8,8,0,34.6,Clear,Field C
2022-08-11,05:30,Cow_126,9,3,3,0,34.6,Clear,Field A
2022-08-11,05:30,Cow_127,13,0,5,0,34.6,Clear,Field B
2022-08-11,05:30,Cow_128,9,0,7,0,34.6,Clear,Field A
2022-08-11,05:30,Cow_129,1,6,8,0,34.6,Clear,Field A
2022-08-11,05:30,Cow_130,11,1,3,0,34.6,Clear,Field C
2022-08-11,05:30,Cow_131,8,4,3,0,34.6,Clear,Field B
2022-08-11,05:30,Cow_132,7,4,4,0,34.6,Clear,Field C
2022-08-11,05:30,Cow_133,7,4,4,0,34.6,Clear,Field C
2022-08-11,05:30,Cow_134,14,0,6,0,34.6,Clear,Field B
2022-08-11,05:30,Cow_135,12,0,7,0,34.6,Clear,Field B
2022-08-11,05:30,Cow_136,6,4,5,0,34.6,Clear,Field B
2022-08-11,05:30,Cow_137,13,0,4,0,34.6,Clear,Field A
2022-08-11,05:30,Cow_138,13,7,0,0,34.6,Clear,Field C
2022-08-11,05:30,Cow_139,13,0,4,0,34.6,Clear,Field C
2022-08-11,05:30,Cow_140,8,4,3,0,34.6,Clear,Field B
2022-08-11,05:30,Cow_141,13,0,3,0,34.6,Clear,Field A
2022-08-11,05:30,Cow_142,0,9,6,0,34.6,Clear,Field A
2022-08-11,05:30,Cow_143,9,0,8,0,34.6,Clear,Field C
2022-08-11,05:30,Cow_144,9,2,4,0,34.6,Clear,Field A
2022-08-11,05:30,Cow_145,0,7,8,0,34.6,Clear,Field B
2022-08-11,05:30,Cow_146,3,8,4,0,34.6,Clear,Field C
2022-08-11,05:30,Cow_147,7,8,0,0,34.6,Clear,Field C
2022-08-11,05:30,Cow_148,8,9,0,0,34.6,Clear,Field A
2022-08-11,05:30,Cow_149,12,0,3,0,34.6,Clear,Field B
2022-08-11,05:30,Cow_150,12,0,7,0,34.6,Clear,Field B
2022-08-11,05:30,Cow_151,6,6,3,0,34.6,Clear,Field B
2022-08-11,05:30,Cow_152,9,10,0,0,34.6,Clear,Field B
2022-08-11,05:30,Cow_153,10,0,5,0,34.6,Clear,Field A
2022-08-11,05:30,Cow_154,12,5,0,0,34.6,Clear,Field C
2022-08-11,05:30,Cow_155,1,6,8,0,34.6,Clear,Field B
2022-08-11,05:30,Cow_156,8,4,3,0,34.6,Clear,Field A
2022-08-11,05:30,Cow_157,7,4,4,0,34.6,Clear,Field B
2022-08-11,05:30,Cow_158,9,9,0,0,34.6,Clear,Field B
2022-08-11,05:30,Cow_159,7,9,0,0,34.6,Clear,Field C
2022-08-11,05:30,Cow_160,7,4,4,0,34.6,Clear,Field C
2022-08-11,05:30,Cow_161,12,0,4,0,34.6,Clear,Field A
2022-08-11,05:30,Cow_162,4,4,7,0,34.6,Clear,Field B
2022-08-11,05:30,Cow_163,9,2,4,0,34.6,Clear,Field B
2022-08-11,05:30,Cow_164,10,0,7,0,34.6,Clear,Field C
2022-08-11,05:30,Cow_165,0,9,8,0,34.6,Clear,Field C
2022-08-11,05:30,Cow_166,0,0,0,15,34.6,Clear,Field A
2022-08-11,05:30,Cow_167,8,4,3,0,34.6,Clear,Field A
2022-08-11,05:30,Cow_168,7,2,6,0,34.6,Clear,Field C
2022-08-11,05:30,Cow_169,0,0,0,15,34.6,Clear,Field B
2022-08-11,05:30,Cow_170,2,9,4,0,34.6,Clear,Field B
2022-08-11,05:30,Cow_171,9,2,4,0,34.6,Clear,Field B
2022-08-11,05:30,Cow_172,4,5,6,0,34.6,Clear,Field C
2022-08-11,05:30,Cow_173,2,9,4,0,34.6,Clear,Field A
2022-08-11,05:30,Cow_174,11,0,6,0,34.6,Clear,Field B
2022-08-11,05:30,Cow_175,4,3,8,0,34.6,Clear,Field A
2022-08-11,05:30,Cow_176,8,4,3,0,34.6,Clear,Field C
2022-08-11,05:30,Cow_177,0,7,8,0,34.6,Clear,Field B
2022-08-11,05:30,Cow_178,12,0,8,0,34.6,Clear,Field B
2022-08-11,05:30,Cow_179,7,3,5,0,34.6,Clear,Field C
2022-08-11,05:30,Cow_180,7,9,0,0,34.6,Clear,Field C
2022-08-11,05:30,Cow_181,10,6,0,0,34.6,Clear,Field C
2022-08-11,05:30,Cow_182,7,3,5,0,34.6,Clear,Field C
2022-08-11,05:30,Cow_183,8,4,3,0,34.6,Clear,Field B
2022-08-11,05:30,Cow_184,12,5,0,0,34.6,Clear,Field B
2022-08-11,05:30,Cow_185,14,0,6,0,34.6,Clear,Field C
2022-08-11,05:30,Cow_186,9,0,6,0,34.6,Clear,Field B
2022-08-11,05:30,Cow_187,0,0,0,15,34.6,Clear,Field C
2022-08-11,05:30,Cow_188,14,0,6,0,34.6,Clear,Field B
2022-08-11,05:30,Cow_189,0,10,7,0,34.6,Clear,Field A
2022-08-11,05:30,Cow_190,8,0,8,0,34.6,Clear,Field C
2022-08-11,05:30,Cow_191,7,4,4,0,34.6,Clear,Field C
2022-08-11,05:30,Cow_192,9,2,4,0,34.6,Clear,Field B
2022-08-11,05:30,Cow_193,3,8,4,0,34.6,Clear,Field B
2022-08-11,05:30,Cow_194,0,10,8,0,34.6,Clear,Field A
2022-08-11,05:30,Cow_195,1,8,6,0,34.6,Clear,Field C
2022-08-11,05:30,Cow_196,5,3,7,0,34.6,Clear,Field A
2022-08-11,05:30,Cow_197,10,8,0,0,34.6,Clear,Field A
2022-08-11,05:30,Cow_198,11,0,8,0,34.6,Clear,Field B
2022-08-11,05:30,Cow_199,14,7,0,0,34.6,Clear,Field B
2022-08-11,05:30,Cow_200,6,6,3,0,34.6,Clear,Field C
2022-08-11,05:30,Cow_201,10,3,2,0,34.6,Clear,Field B
2022-08-11,05:30,Cow_202,9,0,7,0,34.6,Clear,Field A
2022-08-11,05:30,Cow_203,0,10,6,0,34.6,Clear,Field C
2022-08-11,05:30,Cow_204,7,7,1,0,34.6,Clear,Field A
2022-08-11,05:30,Cow_205,13,0,3,0,34.6,Clear,Field B
2022-08-11,05:30,Cow_206,12,0,8,0,34.6,Clear,Field A
2022-08-11,05:30,Cow_207,10,1,4,0,34.6,Clear,Field B
2022-08-11,05:30,Cow_208,5,9,1,0,34.6,Clear,Field A
2022-08-11,05:30,Cow_209,1,9,5,0,34.6,Clear,Field B
2022-08-11,05:30,Cow_210,3,7,5,0,34.6,Clear,Field A
2022-08-11,05:30,Cow_211,12,0,5,0,34.6,Clear,Field C
2022-08-11,05:30,Cow_212,0,10,8,0,34.6,Clear,Field A
2022-08-11,05:30,Cow_213,6,7,2,0,34.6,Clear,Field B
2022-08-11,05:30,Cow_214,2,7,6,0,34.6,Clear,Field B
2022-08-11,05:30,Cow_215,5,3,7,0,34.6,Clear,Field B
2022-08-11,05:30,Cow_216,14,7,0,0,34.6,Clear,Field A
2022-08-11,05:30,Cow_217,2,8,5,0,34.6,Clear,Field A
2022-08-11,05:30,Cow_218,9,0,7,0,34.6,Clear,Field C
2022-08-11,05:30,Cow_219,0,10,5,0,34.6,Clear,Field C
2022-08-11,05:30,Cow_220,4,3,8,0,34.6,Clear,Field C
2022-08-11,05:30,Cow_221,8,3,4,0,34.6,Clear,Field C
2022-08-11,05:30,Cow_222,8,4,3,0,34.6,Clear,Field A
2022-08-11,05:30,Cow_223,8,9,0,0,34.6,Clear,Field C
2022-08-11,05:30,Cow_224,2,10,3,0,34.6,Clear,Field A
2022-08-11,05:30,Cow_225,2,9,4,0,34.6,Clear,Field B
2022-08-11,05:30,Cow_226,6,4,5,0,34.6,Clear,Field A
2022-08-11,05:30,Cow_227,7,5,3,0,34.6,Clear,Field A
2022-08-11,05:30,Cow_228,7,4,4,0,34.6,Clear,Field A
2022-08-11,05:30,Cow_229,11,0,7,0,34.6,Clear,Field B
2022-08-11,05:30,Cow_230,0,0,0,15,34.6,Clear,Field A
2022-08-11,05:30,Cow_231,0,8,7,0,34.6,Clear,Field C
2022-08-11,05:30,Cow_232,10,0,7,0,34.6,Clear,Field A
2022-08-11,05:30,Cow_233,10,4,1,0,34.6,Clear,Field A
2022-08-11,05:30,Cow_234,0,0,0,15,34.6,Clear,Field A
2022-08-11,05:30,Cow_235,13,0,8,0,34.6,Clear,Field C
2022-08-11,05:30,Cow_236,11,0,6,0,34.6,Clear,Field B
2022-08-11,05:30,Cow_237,8,9,0,0,34.6,Clear,Field B
2022-08-11,05:30,Cow_238,5,5,5,0,34.6,Clear,Field B
2022-08-11,05:30,Cow_239,8,4,3,0,34.6,Clear,Field B
2022-08-11,05:30,Cow_240,12,0,3,0,34.6,Clear,Field C
2022-08-11,05:30,Cow_241,6,3,6,0,34.6,Clear,Field C
2022-08-11,05:30,Cow_242,14,6,0,0,34.6,Clear,Field C
2022-08-11,05:30,Cow_243,10,5,0,0,34.6,Clear,Field A
2022-08-11,05:30,Cow_244,6,7,2,0,34.6,Clear,Field B
2022-08-11,05:30,Cow_245,6,5,4,0,34.6,Clear,Field A
2022-08-11,05:30,Cow_246,0,10,6,0,34.6,Clear,Field C
2022-08-11,05:30,Cow_247,0,9,9,0,34.6,Clear,Field A
2022-08-11,05:30,Cow_248,8,0,8,0,34.6,Clear,Field C
2022-08-11,05:30,Cow_249,10,1,4,0,34.6,Clear,Field C
2022-08-11,05:30,Cow_250,10,0,8,0,34.6,Clear,Field A
2022-08-11,05:30,Cow_251,12,0,4,0,34.6,Clear,Field C
2022-08-11,05:30,Cow_252,3,8,4,0,34.6,Clear,Field A
2022-08-11,05:30,Cow_253,4,8,3,0,34.6,Clear,Field C
2022-08-11,05:30,Cow_254,0,10,7,0,34.6,Clear,Field B
2022-08-11,05:30,Cow_255,1,7,7,0,34.6,Clear,Field C
2022-08-11,05:30,Cow_256,12,8,0,0,34.6,Clear,Field C
2022-08-11,05:30,Cow_257,13,10,0,0,34.6,Clear,Field C
2022-08-11,05:30,Cow_258,3,9,3,0,34.6,Clear,Field B
2022-08-11,05:30,Cow_259,5,6,4,0,34.6,Clear,Field C
2022-08-11,05:30,Cow_260,9,0,8,0,34.6,Clear,Field C
2022-08-11,05:30,Cow_261,5,6,4,0,34.6,Clear,Field A
2022-08-11,05:30,Cow_262,0,0,0,15,34.6,Clear,Field A
2022-08-11,05:30,Cow_263,2,8,5,0,34.6,Clear,Field C
2022-08-11,05:30,Cow_264,13,0,3,0,34.6,Clear,Field C
2022-08-11,05:30,Cow_265,10,3,2,0,34.6,Clear,Field C
2022-08-11,05:30,Cow_266,6,6,3,0,34.6,Clear,Field B
2022-08-11,05:30,Cow_267,11,0,7,0,34.6,Clear,Field C
2022-08-11,05:30,Cow_268,14,0,4,0,34.6,Clear,Field A
2022-08-11,05:30,Cow_269,13,4,0,0,34.6,Clear,Field C
2022-08-11,05:30,Cow_270,4,8,3,0,34.6,Clear,Field C
2022-08-11,05:30,Cow_271,7,3,5,0,34.6,Clear,Field C
2022-08-11,05:30,Cow_272,8,9,0,0,34.6,Clear,Field B
2022-08-11,05:30,Cow_273,5,4,6,0,34.6,Clear,Field C
2022-08-11,05:30,Cow_274,0,0,0,15,34.6,Clear,Field A
2022-08-11,05:30,Cow_275,9,7,0,0,34.6,Clear,Field B
2022-08-11,05:30,Cow_276,5,5,5,0,34.6,Clear,Field A
2022-08-11,05:30,Cow_277,2,10,3,0,34.6,Clear,Field C
2022-08-11,05:30,Cow_278,5,3,7,0,34.6,Clear,Field B
2022-08-11,05:30,Cow_279,7,7,1,0,34.6,Clear,Field A
2022-08-11,05:30,Cow_280,5,6,4,0,34.6,Clear,Field B
2022-08-11,05:30,Cow_281,14,0,8,0,34.6,Clear,Field A
2022-08-11,05:30,Cow_282,12,0,3,0,34.6,Clear,Field A
2022-08-11,05:30,Cow_283,7,3,5,0,34.6,Clear,Field C
2022-08-11,05:30,Cow_284,5,7,3,0,34.6,Clear,Field C
2022-08-11,05:30,Cow_285,4,4,7,0,34.6,Clear,Field C
2022-08-11,05:30,Cow_286,10,0,5,0,34.6,Clear,Field B
2022-08-11,05:30,Cow_287,12,5,0,0,34.6,Clear,Field A
2022-08-11,05:30,Cow_288,6,3,6,0,34.6,Clear,Field B
2022-08-11,05:30,Cow_289,13,0,5,0,34.6,Clear,Field B
2022-08-11,05:30,Cow_290,2,6,7,0,34.6,Clear,Field B
2022-08-11,05:30,Cow_291,13,0,8,0,34.6,Clear,Field C
2022-08-11,05:30,Cow_292,4,7,4,0,34.6,Clear,Field B
2022-08-11,05:30,Cow_293,0,7,10,0,34.6,Clear,Field B
2022-08-11,05:30,Cow_294,6,9,0,0,34.6,Clear,Field B
2022-08-11,05:30,Cow_295,3,6,6,0,34.6,Clear,Field B
2022-08-11,05:30,Cow_296,5,10,0,0,34.6,Clear,Field C
2022-08-11,05:30,Cow_297,11,4,0,0,34.6,Clear,Field A
2022-08-11,05:30,Cow_298,10,7,0,0,34.6,Clear,Field C
2022-08-11,05:30,Cow_299,3,8,4,0,34.6,Clear,Field C
2022-08-11,05:30,Cow_300,7,3,5,0,34.6,Clear,Field C
2022-08-11,05:30,Cow_301,8,8,0,0,34.6,Clear,Field A
2022-08-11,05:30,Cow_302,0,10,5,0,34.6,Clear,Field C
2022-08-11,05:30,Cow_303,11,0,5,0,34.6,Clear,Field B
2022-08-11,05:30,Cow_304,13,0,6,0,34.6,Clear,Field C
2022-08-11,05:30,Cow_305,13,9,0,0,34.6,Clear,Field C
2022-08-11,05:30,Cow_306,8,2,5,0,34.6,Clear,Field B
2022-08-11,05:30,Cow_307,11,10,0,0,34.6,Clear,Field B
2022-08-11,05:30,Cow_308,7,5,3,0,34.6,Clear,Field C
2022-08-11,05:30,Cow_309,7,2,6,0,34.6,Clear,Field B
2022-08-11,05:30,Cow_310,8,4,3,0,34.6,Clear,Field C
2022-08-11,05:30,Cow_311,14,10,0,0,34.6,Clear,Field B
2022-08-11,05:30,Cow_312,2,9,4,0,34.6,Clear,Field B
2022-08-11,05:30,Cow_313,11,4,0,0,34.6,Clear,Field C
2022-08-11,05:30,Cow_314,6,2,7,0,34.6,Clear,Field C
2022-08-11,05:30,Cow_315,9,6,0,0,34.6,Clear,Field C
2022-08-11,05:30,Cow_316,5,6,4,0,34.6,Clear,Field A
2022-08-11,05:30,Cow_317,0,0,0,15,34.6,Clear,Field A
2022-08-11,05:30,Cow_318,6,4,5,0,34.6,Clear,Field B
2022-08-11,05:30,Cow_319,11,6,0,0,34.6,Clear,Field C
2022-08-11,05:30,Cow_320,0,10,5,0,34.6,Clear,Field C
2022-08-11,05:30,Cow_321,8,10,0,0,34.6,Clear,Field B
2022-08-11,05:30,Cow_322,7,4,4,0,34.6,Clear,Field C
2022-08-11,05:30,Cow_323,6,2,7,0,34.6,Clear,Field A
2022-08-11,05:30,Cow_324,6,5,4,0,34.6,Clear,Field C
2022-08-11,05:30,Cow_325,5,7,3,0,34.6,Clear,Field A
2022-08-11,05:30,Cow_326,7,4,4,0,34.6,Clear,Field C
2022-08-11,05:30,Cow_327,14,3,0,0,34.6,Clear,Field C
2022-08-11,05:30,Cow_328,0,0,0,15,34.6,Clear,Field C
2022-08-11,05:30,Cow_329,1,10,4,0,34.6,Clear,Field B
2022-08-11,05:30,Cow_330,9,10,0,0,34.6,Clear,Field B
2022-08-11,05:30,Cow_331,8,4,3,0,34.6,Clear,Field B
2022-08-11,05:30,Cow_332,10,0,7,0,34.6,Clear,Field B
2022-08-11,05:30,Cow_333,10,2,3,0,34.6,Clear,Field A
2022-08-11,05:30,Cow_334,9,2,4,0,34.6,Clear,Field C
2022-08-11,05:30,Cow_335,11,6,0,0,34.6,Clear,Field C
2022-08-11,05:30,Cow_336,5,9,1,0,34.6,Clear,Field C
2022-08-11,05:30,Cow_337,1,6,8,0,34.6,Clear,Field C
2022-08-11,05:30,Cow_338,12,6,0,0,34.6,Clear,Field A
2022-08-11,05:30,Cow_339,0,0,0,15,34.6,Clear,Field A
2022-08-11,05:30,Cow_340,1,7,7,0,34.6,Clear,Field C
2022-08-11,05:30,Cow_341,10,0,8,0,34.6,Clear,Field B
2022-08-11,05:30,Cow_342,1,9,5,0,34.6,Clear,Field A
2022-08-11,05:30,Cow_343,4,3,8,0,34.6,Clear,Field C
2022-08-11,05:30,Cow_344,7,5,3,0,34.6,Clear,Field C
2022-08-11,05:30,Cow_345,0,0,0,15,34.6,Clear,Field B
2022-08-11,05:30,Cow_346,3,5,7,0,34.6,Clear,Field B
2022-08-11,05:30,Cow_347,10,0,8,0,34.6,Clear,Field C
2022-08-11,05:30,Cow_348,10,4,1,0,34.6,Clear,Field A
2022-08-11,05:30,Cow_349,9,0,7,0,34.6,Clear,Field A
2022-08-11,05:30,Cow_350,11,0,5,0,34.6,Clear,Field A
2022-08-11,05:30,Cow_351,0,8,8,0,34.6,Clear,Field C
2022-08-11,05:30,Cow_352,9,3,3,0,34.6,Clear,Field B
2022-08-11,05:30,Cow_353,6,9,0,0,34.6,Clear,Field C
2022-08-11,05:30,Cow_354,4,7,4,0,34.6,Clear,Field C
2022-08-11,05:30,Cow_355,10,0,7,0,34.6,Clear,Field A
2022-08-11,05:30,Cow_356,10,10,0,0,34.6,Clear,Field C
2022-08-11,05:30,Cow_357,4,3,8,0,34.6,Clear,Field A
2022-08-11,05:30,Cow_358,11,0,8,0,34.6,Clear,Field A
2022-08-11,05:30,Cow_359,6,0,9,0,34.6,Clear,Field B
2022-08-11,05:30,Cow_360,3,7,5,0,34.6,Clear,Field C
2022-08-11,05:30,Cow_361,13,5,0,0,34.6,Clear,Field A
2022-08-11,05:30,Cow_362,7,6,2,0,34.6,Clear,Field A
2022-08-11,05:30,Cow_363,4,6,5,0,34.6,Clear,Field B
2022-08-11,05:30,Cow_364,11,5,0,0,34.6,Clear,Field A
2022-08-11,05:30,Cow_365,6,4,5,0,34.6,Clear,Field B
2022-08-11,05:30,Cow_366,6,8,1,0,34.6,Clear,Field B
2022-08-11,05:30,Cow_367,10,0,5,0,34.6,Clear,Field C
2022-08-11,05:30,Cow_368,12,8,0,0,34.6,Clear,Field C
2022-08-11,05:30,Cow_369,7,4,4,0,34.6,Clear,Field A
2022-08-11,05:30,Cow_370,3,8,4,0,34.6,Clear,Field C
2022-08-11,05:30,Cow_371,8,3,4,0,34.6,Clear,Field B
2022-08-11,05:30,Cow_372,14,0,4,0,34.6,Clear,Field A
2022-08-11,05:30,Cow_373,6,5,4,0,34.6,Clear,Field A
2022-08-11,05:30,Cow_374,7,3,5,0,34.6,Clear,Field A
2022-08-11,05:30,Cow_375,13,8,0,0,34.6,Clear,Field A
2022-08-11,05:30,Cow_376,3,7,5,0,34.6,Clear,Field C
2022-08-11,05:30,Cow_377,0,10,8,0,34.6,Clear,Field A
2022-08-11,05:30,Cow_378,5,6,4,0,34.6,Clear,Field A
2022-08-11,05:30,Cow_379,6,4,5,0,34.6,Clear,Field A
2022-08-11,05:30,Cow_380,4,7,4,0,34.6,Clear,Field A
2022-08-11,05:30,Cow_381,15,0,8,0,34.6,Clear,Field C
2022-08-11,05:30,Cow_382,4,8,3,0,34.6,Clear,Field B
2022-08-11,05:30,Cow_383,13,0,6,0,34.6,Clear,Field B
2022-08-11,05:30,Cow_384,9,9,0,0,34.6,Clear,Field B
2022-08-11,05:30,Cow_385,11,0,4,0,34.6,Clear,Field C
2022-08-11,05:30,Cow_386,10,6,0,0,34.6,Clear,Field C
2022-08-11,05:30,Cow_387,6,6,3,0,34.6,Clear,Field C
2022-08-11,05:30,Cow_388,8,3,4,0,34.6,Clear,Field C
2022-08-11,05:30,Cow_389,10,10,0,0,34.6,Clear,Field C
2022-08-11,05:30,Cow_390,9,3,3,0,34.6,Clear,Field B
2022-08-11,05:30,Cow_391,0,10,5,0,34.6,Clear,Field C
2022-08-11,05:30,Cow_392,7,10,0,0,34.6,Clear,Field C
2022-08-11,05:30,Cow_393,3,6,6,0,34.6,Clear,Field B
2022-08-11,05:30,Cow_394,5,7,3,0,34.6,Clear,Field A
2022-08-11,05:30,Cow_395,8,0,10,0,34.6,Clear,Field B
2022-08-11,05:30,Cow_396,13,9,0,0,34.6,Clear,Field B
2022-08-11,05:30,Cow_397,6,3,6,0,34.6,Clear,Field A
2022-08-11,05:30,Cow_398,11,1,3,0,34.6,Clear,Field B
2022-08-11,05:30,Cow_399,0,8,7,0,34.6,Clear,Field B
2022-08-11,05:30,Cow_400,2,9,4,0,34.6,Clear,Field C
2022-08-11,05:30,Cow_401,11,0,6,0,34.6,Clear,Field C
2022-08-11,05:30,Cow_402,0,0,0,15,34.6,Clear,Field A
2022-08-11,05:30,Cow_403,7,1,7,0,34.6,Clear,Field C
2022-08-11,05:30,Cow_404,12,3,0,0,34.6,Clear,Field A
2022-08-11,05:30,Cow_405,9,5,1,0,34.6,Clear,Field C
2022-08-11,05:30,Cow_406,0,10,7,0,34.6,Clear,Field C
2022-08-11,05:30,Cow_407,14,0,3,0,34.6,Clear,Field A
2022-08-11,05:30,Cow_408,12,0,5,0,34.6,Clear,Field C
2022-08-11,05:30,Cow_409,5,2,8,0,34.6,Clear,Field B
2022-08-11,05:30,Cow_410,13,5,0,0,34.6,Clear,Field C
2022-08-11,05:30,Cow_411,4,3,8,0,34.6,Clear,Field B
2022-08-11,05:30,Cow_412,13,6,0,0,34.6,Clear,Field C
2022-08-11,05:30,Cow_413,8,0,8,0,34.6,Clear,Field C
2022-08-11,05:30,Cow_414,13,10,0,0,34.6,Clear,Field B
2022-08-11,05:30,Cow_415,14,0,7,0,34.6,Clear,Field A
2022-08-11,05:30,Cow_416,0,0,0,15,34.6,Clear,Field C
2022-08-11,05:30,Cow_417,5,7,3,0,34.6,Clear,Field B
2022-08-11,05:30,Cow_418,2,8,5,0,34.6,Clear,Field B
2022-08-11,05:30,Cow_419,13,0,5,0,34.6,Clear,Field B
2022-08-11,05:30,Cow_420,5,3,7,0,34.6,Clear,Field C
2022-08-11,05:30,Cow_421,4,3,8,0,34.6,Clear,Field B
2022-08-11,05:30,Cow_422,13,7,0,0,34.6,Clear,Field B
2022-08-11,05:30,Cow_423,2,7,6,0,34.6,Clear,Field B
2022-08-11,05:30,Cow_424,5,5,5,0,34.6,Clear,Field B
2022-08-11,05:30,Cow_425,9,0,7,0,34.6,Clear,Field C
2022-08-11,05:30,Cow_426,9,0,7,0,34.6,Clear,Field C
2022-08-11,05:30,Cow_427,0,11,10,0,34.6,Clear,Field A
2022-08-11,05:30,Cow_428,5,2,8,0,34.6,Clear,Field A
2022-08-11,05:30,Cow_429,5,6,4,0,34.6,Clear,Field A
2022-08-11,05:30,Cow_430,6,5,4,0,34.6,Clear,Field B
2022-08-11,05:30,Cow_431,9,7,0,0,34.6,Clear,Field C
2022-08-11,05:30,Cow_432,11,0,4,0,34.6,Clear,Field A
2022-08-11,05:30,Cow_433,5,3,7,0,34.6,Clear,Field B
2022-08-11,05:30,Cow_434,8,4,3,0,34.6,Clear,Field A
2022-08-11,05:30,Cow_435,12,0,5,0,34.6,Clear,Field C
2022-08-11,05:30,Cow_436,9,3,3,0,34.6,Clear,Field A
2022-08-11,05:30,Cow_437,0,0,0,15,34.6,Clear,Field A
2022-08-11,05:30,Cow_438,9,3,3,0,34.6,Clear,Field C
2022-08-11,05:30,Cow_439,11,0,6,0,34.6,Clear,Field C
2022-08-11,05:30,Cow_440,12,0,6,0,34.6,Clear,Field B
2022-08-11,05:30,Cow_441,2,6,7,0,34.6,Clear,Field A
2022-08-11,05:30,Cow_442,14,3,0,0,34.6,Clear,Field B
2022-08-11,05:30,Cow_443,9,0,8,0,34.6,Clear,Field C
2022-08-11,05:30,Cow_444,6,9,0,0,34.6,Clear,Field B
2022-08-11,05:30,Cow_445,8,1,6,0,34.6,Clear,Field C
2022-08-11,05:30,Cow_446,14,4,0,0,34.6,Clear,Field B
2022-08-11,05:30,Cow_447,2,9,4,0,34.6,Clear,Field B
2022-08-11,05:30,Cow_448,14,3,0,0,34.6,Clear,Field A
2022-08-11,05:30,Cow_449,5,7,3,0,34.6,Clear,Field A
2022-08-11,05:30,Cow_450,7,4,4,0,34.6,Clear,Field C
2022-08-11,05:30,Cow_451,5,2,8,0,34.6,Clear,Field A
2022-08-11,05:30,Cow_452,9,8,0,0,34.6,Clear,Field A
2022-08-11,05:30,Cow_453,7,7,1,0,34.6,Clear,Field A
2022-08-11,05:30,Cow_454,10,9,0,0,34.6,Clear,Field C
2022-08-11,05:30,Cow_455,4,5,6,0,34.6,Clear,Field B
2022-08-11,05:30,Cow_456,6,5,4,0,34.6,Clear,Field B
2022-08-11,05:30,Cow_457,5,6,4,0,34.6,Clear,Field A
2022-08-11,05:30,Cow_458,11,4,0,0,34.6,Clear,Field C
2022-08-11,05:30,Cow_459,2,5,8,0,34.6,Clear,Field A
2022-08-11,05:30,Cow_460,8,7,0,0,34.6,Clear,Field A
2022-08-11,05:30,Cow_461,13,0,6,0,34.6,Clear,Field A
2022-08-11,05:30,Cow_462,6,6,3,0,34.6,Clear,Field A
2022-08-11,05:30,Cow_463,5,3,7,0,34.6,Clear,Field C
2022-08-11,05:30,Cow_464,0,0,0,15,34.6,Clear,Field B
2022-08-11,05:30,Cow_465,5,3,7,0,34.6,Clear,Field B
2022-08-11,05:30,Cow_466,6,4,5,0,34.6,Clear,Field C
2022-08-11,05:30,Cow_467,3,8,4,0,34.6,Clear,Field A
2022-08-11,05:30,Cow_468,1,10,4,0,34.6,Clear,Field A
2022-08-11,05:30,Cow_469,11,8,0,0,34.6,Clear,Field B
2022-08-11,05:30,Cow_470,5,5,5,0,34.6,Clear,Field A
2022-08-11,05:30,Cow_471,6,3,6,0,34.6,Clear,Field B
2022-08-11,05:30,Cow_472,7,8,0,0,34.6,Clear,Field B
2022-08-11,05:30,Cow_473,6,6,3,0,34.6,Clear,Field C
2022-08-11,05:30,Cow_474,2,6,7,0,34.6,Clear,Field C
2022-08-11,05:30,Cow_475,13,8,0,0,34.6,Clear,Field C
2022-08-11,05:30,Cow_476,1,10,4,0,34.6,Clear,Field C
2022-08-11,05:30,Cow_477,6,9,0,0,34.6,Clear,Field A
2022-08-11,05:30,Cow_478,6,8,1,0,34.6,Clear,Field B
2022-08-11,05:30,Cow_479,14,3,0,0,34.6,Clear,Field A
2022-08-11,05:30,Cow_480,5,10,0,0,34.6,Clear,Field C
2022-08-11,05:30,Cow_481,11,0,6,0,34.6,Clear,Field A
2022-08-11,05:30,Cow_482,6,1,8,0,34.6,Clear,Field B
2022-08-11,05:30,Cow_483,0,0,0,15,34.6,Clear,Field B
2022-08-11,05:30,Cow_484,8,10,0,0,34.6,Clear,Field C
2022-08-11,05:30,Cow_485,10,0,7,0,34.6,Clear,Field B
2022-08-11,05:30,Cow_486,14,0,7,0,34.6,Clear,Field A
2022-08-11,05:30,Cow_487,14,6,0,0,34.6,Clear,Field A
2022-08-11,05:30,Cow_488,9,3,3,0,34.6,Clear,Field C
2022-08-11,05:30,Cow_489,14,9,0,0,34.6,Clear,Field A
2022-08-11,05:30,Cow_490,2,10,3,0,34.6,Clear,Field B
2022-08-11,05:30,Cow_491,11,1,3,0,34.6,Clear,Field C
2022-08-11,05:30,Cow_492,10,1,4,0,34.6,Clear,Field C
2022-08-11,05:30,Cow_493,14,6,0,0,34.6,Clear,Field C
2022-08-11,05:30,Cow_494,8,2,5,0,34.6,Clear,Field B
2022-08-11,05:30,Cow_495,10,0,7,0,34.6,Clear,Field B
2022-08-11,05:30,Cow_496,3,6,6,0,34.6,Clear,Field A
2022-08-11,05:30,Cow_497,9,1,5,0,34.6,Clear,Field C
2022-08-11,05:30,Cow_498,6,3,6,0,34.6,Clear,Field B
2022-08-11,05:30,Cow_499,11,0,4,0,34.6,Clear,Field A
2022-08-11,05:30,Cow_500,1,9,5,0,34.6,Clear,Field B
2022-08-11,05:45,Cow_1,14,8,0,0,25.1,Cloudy,Field C
2022-08-11,05:45,Cow_2,9,3,3,0,25.1,Cloudy,Field B
2022-08-11,05:45,Cow_3,0,9,8,0,25.1,Cloudy,Field C
2022-08-11,05:45,Cow_4,5,6,4,0,25.1,Cloudy,Field C
2022-08-11,05:45,Cow_5,1,9,5,0,25.1,Cloudy,Field B
2022-08-11,05:45,Cow_6,0,0,0,15,25.1,Cloudy,Field A
2022-08-11,05:45,Cow_7,1,7,7,0,25.1,Cloudy,Field B
2022-08-11,05:45,Cow_8,0,8,7,0,25.1,Cloudy,Field B
2022-08-11,05:45,Cow_9,2,5,8,0,25.1,Cloudy,Field A
2022-08-11,05:45,Cow_10,14,0,6,0,25.1,Cloudy,Field C
2022-08-11,05:45,Cow_11,9,2,4,0,25.1,Cloudy,Field C
2022-08-11,05:45,Cow_12,7,4,4,0,25.1,Cloudy,Field A
2022-08-11,05:45,Cow_13,1,8,6,0,25.1,Cloudy,Field B
2022-08-11,05:45,Cow_14,0,0,0,15,25.1,Cloudy,Field A
2022-08-11,05:45,Cow_15,2,8,5,0,25.1,Cloudy,Field A
2022-08-11,05:45,Cow_16,5,4,6,0,25.1,Cloudy,Field C
2022-08-11,05:45,Cow_17,2,9,4,0,25.1,Cloudy,Field B
2022-08-11,05:45,Cow_18,9,1,5,0,25.1,Cloudy,Field A
2022-08-11,05:45,Cow_19,8,3,4,0,25.1,Cloudy,Field C
2022-08-11,05:45,Cow_20,7,7,1,0,25.1,Cloudy,Field B
2022-08-11,05:45,Cow_21,10,3,2,0,25.1,Cloudy,Field C
2022-08-11,05:45,Cow_22,4,3,8,0,25.1,Cloudy,Field B
2022-08-11,05:45,Cow_23,14,0,3,0,25.1,Cloudy,Field A
2022-08-11,05:45,Cow_24,6,5,4,0,25.1,Cloudy,Field C
2022-08-11,05:45,Cow_25,6,5,4,0,25.1,Cloudy,Field B
2022-08-11,05:45,Cow_26,7,3,5,0,25.1,Cloudy,Field C
2022-08-11,05:45,Cow_27,14,0,8,0,25.1,Cloudy,Field B
2022-08-11,05:45,Cow_28,6,4,5,0,25.1,Cloudy,Field B
2022-08-11,05:45,Cow_29,14,0,5,0,25.1,Cloudy,Field B
2022-08-11,05:45,Cow_30,11,3,1,0,25.1,Cloudy,Field A
2022-08-11,05:45,Cow_31,0,9,7,0,25.1,Cloudy,Field A
2022-08-11,05:45,Cow_32,4,6,5,0,25.1,Cloudy,Field A
2022-08-11,05:45,Cow_33,3,4,8,0,25.1,Cloudy,Field B
2022-08-11,05:45,Cow_34,8,8,0,0,25.1,Cloudy,Field B
2022-08-11,05:45,Cow_35,2,10,3,0,25.1,Cloudy,Field A
2022-08-11,05:45,Cow_36,3,9,3,0,25.1,Cloudy,Field A
2022-08-11,05:45,Cow_37,12,6,0,0,25.1,Cloudy,Field B
2022-08-11,05:45,Cow_38,11,5,0,0,25.1,Cloudy,Field C
2022-08-11,05:45,Cow_39,5,7,3,0,25.1,Cloudy,Field B
2022-08-11,05:45,Cow_40,7,3,5,0,25.1,Cloudy,Field B
2022-08-11,05:45,Cow_41,12,0,5,0,25.1,Cloudy,Field A
2022-08-11,05:45,Cow_42,12,0,5,0,25.1,Cloudy,Field B
2022-08-11,05:45,Cow_43,5,7,3,0,25.1,Cloudy,Field B
2022-08-11,05:45,Cow_44,11,0,8,0,25.1,Cloudy,Field B
2022-08-11,05:45,Cow_45,5,7,3,0,25.1,Cloudy,Field C
2022-08-11,05:45,Cow_46,2,5,8,0,25.1,Cloudy,Field B
2022-08-11,05:45,Cow_47,8,3,4,0,25.1,Cloudy,Field C
2022-08-11,05:45,Cow_48,0,0,0,15,25.1,Cloudy,Field C
2022-08-11,05:45,Cow_49,0,10,7,0,25.1,Cloudy,Field B
2022-08-11,05:45,Cow_50,10,10,0,0,25.1,Cloudy,Field C
2022-08-11,05:45,Cow_51,7,5,3,0,25.1,Cloudy,Field C
2022-08-11,05:45,Cow_52,12,3,0,0,25.1,Cloudy,Field C
2022-08-11,05:45,Cow_53,8,10,0,0,25.1,Cloudy,Field C
2022-08-11,05:45,Cow_54,10,0,10,0,25.1,Cloudy,Field B
2022-08-11,05:45,Cow_55,12,4,0,0,25.1,Cloudy,Field C
2022-08-11,05:45,Cow_56,1,7,7,0,25.1,Cloudy,Field C
2022-08-11,05:45,Cow_57,8,4,3,0,25.1,Cloudy,Field A
2022-08-11,05:45,Cow_58,7,1,7,0,25.1,Cloudy,Field C
2022-08-11,05:45,Cow_59,13,9,0,0,25.1,Cloudy,Field C
2022-08-11,05:45,Cow_60,8,4,3,0,25.1,Cloudy,Field C
2022-08-11,05:45,Cow_61,6,6,3,0,25.1,Cloudy,Field A
2022-08-11,05:45,Cow_62,5,6,4,0,25.1,Cloudy,Field C
2022-08-11,05:45,Cow_63,0,0,0,15,25.1,Cloudy,Field C
2022-08-11,05:45,Cow_64,10,0,6,0,25.1,Cloudy,Field A
2022-08-11,05:45,Cow_65,12,9,0,0,25.1,Cloudy,Field B
2022-08-11,05:45,Cow_66,5,6,4,0,25.1,Cloudy,Field B
2022-08-11,05:45,Cow_67,8,10,0,0,25.1,Cloudy,Field C
2022-08-11,05:45,Cow_68,8,0,7,0,25.1,Cloudy,Field C
2022-08-11,05:45,Cow_69,7,10,0,0,25.1,Cloudy,Field C
2022-08-11,05:45,Cow_70,0,0,0,15,25.1,Cloudy,Field B
2022-08-11,05:45,Cow_71,8,3,4,0,25.1,Cloudy,Field C
2022-08-11,05:45,Cow_72,9,5,1,0,25.1,Cloudy,Field B
2022-08-11,05:45,Cow_73,10,4,1,0,25.1,Cloudy,Field C
2022-08-11,05:45,Cow_74,3,6,6,0,25.1,Cloudy,Field C
2022-08-11,05:45,Cow_75,0,0,0,15,25.1,Cloudy,Field C
2022-08-11,05:45,Cow_76,3,4,8,0,25.1,Cloudy,Field C
2022-08-11,05:45,Cow_77,8,3,4,0,25.1,Cloudy,Field B
2022-08-11,05:45,Cow_78,4,8,3,0,25.1,Cloudy,Field C
2022-08-11,05:45,Cow_79,8,4,3,0,25.1,Cloudy,Field C
2022-08-11,05:45,Cow_80,5,5,5,0,25.1,Cloudy,Field B
2022-08-11,05:45,Cow_81,13,4,0,0,25.1,Cloudy,Field A
2022-08-11,05:45,Cow_82,10,3,2,0,25.1,Cloudy,Field A
2022-08-11,05:45,Cow_83,5,5,5,0,25.1,Cloudy,Field A
2022-08-11,05:45,Cow_84,2,5,8,0,25.1,Cloudy,Field A
2022-08-11,05:45,Cow_85,5,7,3,0,25.1,Cloudy,Field C
2022-08-11,05:45,Cow_86,5,5,5,0,25.1,Cloudy,Field A
2022-08-11,05:45,Cow_87,10,0,6,0,25.1,Cloudy,Field C
2022-08-11,05:45,Cow_88,6,6,3,0,25.1,Cloudy,Field A
2022-08-11,05:45,Cow_89,11,1,3,0,25.1,Cloudy,Field B
2022-08-11,05:45,Cow_90,11,0,5,0,25.1,Cloudy,Field C
2022-08-11,05:45,Cow_91,5,5,5,0,25.1,Cloudy,Field A
2022-08-11,05:45,Cow_92,1,6,8,0,25.1,Cloudy,Field B
2022-08-11,05:45,Cow_93,4,7,4,0,25.1,Cloudy,Field B
2022-08-11,05:45,Cow_94,12,6,0,0,25.1,Cloudy,Field A
2022-08-11,05:45,Cow_95,4,7,4,0,25.1,Cloudy,Field B
2022-08-11,05:45,Cow_96,11,3,1,0,25.1,Cloudy,Field C
2022-08-11,05:45,Cow_97,0,0,0,15,25.1,Cloudy,Field A
2022-08-11,05:45,Cow_98,0,9,8,0,25.1,Cloudy,Field A
2022-08-11,05:45,Cow_99,7,5,3,0,25.1,Cloudy,Field C
2022-08-11,05:45,Cow_100,11,6,0,0,25.1,Cloudy,Field A
2022-08-11,05:45,Cow_101,8,9,0,0,25.1,Cloudy,Field A
2022-08-11,05:45,Cow_102,0,8,8,0,25.1,Cloudy,Field B
2022-08-11,05:45,Cow_103,13,5,0,0,25.1,Cloudy,Field A
2022-08-11,05:45,Cow_104,14,0,7,0,25.1,Cloudy,Field A
2022-08-11,05:45,Cow_105,7,3,5,0,25.1,Cloudy,Field C
2022-08-11,05:45,Cow_106,11,0,5,0,25.1,Cloudy,Field B
2022-08-11,05:45,Cow_107,2,9,4,0,25.1,Cloudy,Field C
2022-08-11,05:45,Cow_108,13,8,0,0,25.1,Cloudy,Field C
2022-08-11,05:45,Cow_109,4,8,3,0,25.1,Cloudy,Field A
2022-08-11,05:45,Cow_110,5,4,6,0,25.1,Cloudy,Field A
2022-08-11,05:45,Cow_111,7,4,4,0,25.1,Cloudy,Field B
2022-08-11,05:45,Cow_112,8,10,0,0,25.1,Cloudy,Field B
2022-08-11,05:45,Cow_113,10,10,0,0,25.1,Cloudy,Field C
2022-08-11,05:45,Cow_114,3,4,8,0,25.1,Cloudy,Field A
2022-08-11,05:45,Cow_115,0,0,0,15,25.1,Cloudy,Field C
2022-08-11,05:45,Cow_116,5,3,7,0,25.1,Cloudy,Field C
2022-08-11,05:45,Cow_117,7,3,5,0,25.1,Cloudy,Field B
2022-08-11,05:45,Cow_118,8,2,5,0,25.1,Cloudy,Field A
2022-08-11,05:45,Cow_119,13,0,8,0,25.1,Cloudy,Field C
2022-08-11,05:45,Cow_120,10,1,4,0,25.1,Cloudy,Field B
2022-08-11,05:45,Cow_121,6,6,3,0,25.1,Cloudy,Field A
2022-08-11,05:45,Cow_122,2,7,6,0,25.1,Cloudy,Field C
2022-08-11,05:45,Cow_123,0,0,0,15,25.1,Cloudy,Field C
2022-08-11,05:45,Cow_124,1,8,6,0,25.1,Cloudy,Field B
2022-08-11,05:45,Cow_125,5,5,5,0,25.1,Cloudy,Field A
2022-08-11,05:45,Cow_126,8,8,0,0,25.1,Cloudy,Field B
2022-08-11,05:45,Cow_127,11,4,0,0,25.1,Cloudy,Field A
2022-08-11,05:45,Cow_128,4,5,6,0,25.1,Cloudy,Field A
2022-08-11,05:45,Cow_129,14,6,0,0,25.1,Cloudy,Field A
2022-08-11,05:45,Cow_130,13,0,4,0,25.1,Cloudy,Field A
2022-08-11,05:45,Cow_131,0,0,0,15,25.1,Cloudy,Field B
2022-08-11,05:45,Cow_132,8,3,4,0,25.1,Cloudy,Field A
2022-08-11,05:45,Cow_133,5,7,3,0,25.1,Cloudy,Field C
2022-08-11,05:45,Cow_134,11,4,0,0,25.1,Cloudy,Field C
2022-08-11,05:45,Cow_135,11,4,0,0,25.1,Cloudy,Field A
2022-08-11,05:45,Cow_136,10,0,6,0,25.1,Cloudy,Field C
2022-08-11,05:45,Cow_137,2,5,8,0,25.1,Cloudy,Field C
2022-08-11,05:45,Cow_138,12,0,8,0,25.1,Cloudy,Field A
2022-08-11,05:45,Cow_139,11,0,5,0,25.1,Cloudy,Field C
2022-08-11,05:45,Cow_140,11,0,8,0,25.1,Cloudy,Field C
2022-08-11,05:45,Cow_141,4,6,5,0,25.1,Cloudy,Field C
2022-08-11,05:45,Cow_142,10,9,0,0,25.1,Cloudy,Field B
2022-08-11,05:45,Cow_143,14,0,4,0,25.1,Cloudy,Field A
2022-08-11,05:45,Cow_144,8,0,8,0,25.1,Cloudy,Field A
2022-08-11,05:45,Cow_145,6,4,5,0,25.1,Cloudy,Field B
2022-08-11,05:45,Cow_146,3,4,8,0,25.1,Cloudy,Field A
2022-08-11,05:45,Cow_147,7,8,0,0,25.1,Cloudy,Field C
2022-08-11,05:45,Cow_148,10,0,7,0,25.1,Cloudy,Field A
2022-08-11,05:45,Cow_149,10,1,4,0,25.1,Cloudy,Field C
2022-08-11,05:45,Cow_150,13,10,0,0,25.1,Cloudy,Field A
2022-08-11,05:45,Cow_151,7,6,2,0,25.1,Cloudy,Field C
2022-08-11,05:45,Cow_152,4,4,7,0,25.1,Cloudy,Field B
2022-08-11,05:45,Cow_153,5,9,1,0,25.1,Cloudy,Field A
2022-08-11,05:45,Cow_154,2,8,5,0,25.1,Cloudy,Field C
2022-08-11,05:45,Cow_155,0,0,0,15,25.1,Cloudy,Field C
2022-08-11,05:45,Cow_156,10,0,8,0,25.1,Cloudy,Field C
2022-08-11,05:45,Cow_157,8,1,6,0,25.1,Cloudy,Field B
2022-08-11,05:45,Cow_158,8,10,0,0,25.1,Cloudy,Field A
2022-08-11,05:45,Cow_159,5,5,5,0,25.1,Cloudy,Field B
2022-08-11,05:45,Cow_160,14,9,0,0,25.1,Cloudy,Field A
2022-08-11,05:45,Cow_161,8,0,8,0,25.1,Cloudy,Field A
2022-08-11,05:45,Cow_162,8,3,4,0,25.1,Cloudy,Field B
2022-08-11,05:45,Cow_163,5,7,3,0,25.1,Cloudy,Field C
2022-08-11,05:45,Cow_164,7,5,3,0,25.1,Cloudy,Field C
2022-08-11,05:45,Cow_165,14,3,0,0,25.1,Cloudy,Field A
2022-08-11,05:45,Cow_166,13,0,4,0,25.1,Cloudy,Field C
2022-08-11,05:45,Cow_167,9,0,6,0,25.1,Cloudy,Field B
2022-08-11,05:45,Cow_168,6,8,1,0,25.1,Cloudy,Field C
2022-08-11,05:45,Cow_169,13,0,6,0,25.1,Cloudy,Field A
2022-08-11,05:45,Cow_170,4,5,6,0,25.1,Cloudy,Field B
2022-08-11,05:45,Cow_171,6,6,3,0,25.1,Cloudy,Field A
2022-08-11,05:45,Cow_172,8,2,5,0,25.1,Cloudy,Field A
2022-08-11,05:45,Cow_173,0,0,0,15,25.1,Cloudy,Field C
2022-08-11,05:45,Cow_174,5,5,5,0,25.1,Cloudy,Field C
2022-08-11,05:45,Cow_175,4,5,6,0,25.1,Cloudy,Field C
2022-08-11,05:45,Cow_176,3,9,3,0,25.1,Cloudy,Field B
2022-08-11,05:45,Cow_177,4,7,4,0,25.1,Cloudy,Field B
2022-08-11,05:45,Cow_178,5,3,7,0,25.1,Cloudy,Field A
2022-08-11,05:45,Cow_179,3,8,4,0,25.1,Cloudy,Field C
2022-08-11,05:45,Cow_180,9,6,0,0,25.1,Cloudy,Field A
2022-08-11,05:45,Cow_181,8,2,5,0,25.1,Cloudy,Field B
2022-08-11,05:45,Cow_182,7,6,2,0,25.1,Cloudy,Field A
2022-08-11,05:45,Cow_183,4,3,8,0,25.1,Cloudy,Field B
2022-08-11,05:45,Cow_184,5,9,1,0,25.1,Cloudy,Field C
2022-08-11,05:45,Cow_185,13,6,0,0,25.1,Cloudy,Field B
2022-08-11,05:45,Cow_186,13,7,0,0,25.1,Cloudy,Field A
2022-08-11,05:45,Cow_187,3,4,8,0,25.1,Cloudy,Field C
2022-08-11,05:45,Cow_188,5,5,5,0,25.1,Cloudy,Field B
2022-08-11,05:45,Cow_189,8,5,2,0,25.1,Cloudy,Field C
2022-08-11,05:45,Cow_190,12,0,4,0,25.1,Cloudy,Field C
2022-08-11,05:45,Cow_191,0,10,6,0,25.1,Cloudy,Field A
2022-08-11,05:45,Cow_192,8,3,4,0,25.1,Cloudy,Field A
2022-08-11,05:45,Cow_193,13,3,0,0,25.1,Cloudy,Field B
2022-08-11,05:45,Cow_194,11,5,0,0,25.1,Cloudy,Field A
2022-08-11,05:45,Cow_195,4,8,3,0,25.1,Cloudy,Field A
2022-08-11,05:45,Cow_196,14,10,0,0,25.1,Cloudy,Field C
2022-08-11,05:45,Cow_197,0,9,6,0,25.1,Cloudy,Field B
2022-08-11,05:45,Cow_198,5,4,6,0,25.1,Cloudy,Field C
2022-08-11,05:45,Cow_199,6,9,0,0,25.1,Cloudy,Field C
2022-08-11,05:45,Cow_200,7,1,7,0,25.1,Cloudy,Field A
2022-08-11,05:45,Cow_201,5,6,4,0,25.1,Cloudy,Field C
2022-08-11,05:45,Cow_202,8,0,7,0,25.1,Cloudy,Field B
2022-08-11,05:45,Cow_203,3,5,7,0,25.1,Cloudy,Field A
2022-08-11,05:45,Cow_204,0,0,0,15,25.1,Cloudy,Field A
2022-08-11,05:45,Cow_205,8,4,3,0,25.1,Cloudy,Field B
2022-08-11,05:45,Cow_206,2,10,3,0,25.1,Cloudy,Field B
2022-08-11,05:45,Cow_207,0,0,0,15,25.1,Cloudy,Field A
2022-08-11,05:45,Cow_208,12,0,6,0,25.1,Cloudy,Field C
2022-08-11,05:45,Cow_209,4,5,6,0,25.1,Cloudy,Field A
2022-08-11,05:45,Cow_210,0,0,0,15,25.1,Cloudy,Field A
2022-08-11,05:45,Cow_211,10,8,0,0,25.1,Cloudy,Field A
2022-08-11,05:45,Cow_212,6,2,7,0,25.1,Cloudy,Field B
2022-08-11,05:45,Cow_213,1,6,8,0,25.1,Cloudy,Field A
2022-08-11,05:45,Cow_214,1,10,4,0,25.1,Cloudy,Field B
2022-08-11,05:45,Cow_215,10,2,3,0,25.1,Cloudy,Field A
2022-08-11,05:45,Cow_216,7,3,5,0,25.1,Cloudy,Field C
2022-08-11,05:45,Cow_217,11,0,6,0,25.1,Cloudy,Field B
2022-08-11,05:45,Cow_218,5,2,8,0,25.1,Cloudy,Field C
2022-08-11,05:45,Cow_219,0,0,0,15,25.1,Cloudy,Field C
2022-08-11,05:45,Cow_220,0,0,0,15,25.1,Cloudy,Field A
2022-08-11,05:45,Cow_221,10,8,0,0,25.1,Cloudy,Field A
2022-08-11,05:45,Cow_222,5,5,5,0,25.1,Cloudy,Field A
2022-08-11,05:45,Cow_223,13,9,0,0,25.1,Cloudy,Field A
2022-08-11,05:45,Cow_224,10,5,0,0,25.1,Cloudy,Field C
2022-08-11,05:45,Cow_225,11,5,0,0,25.1,Cloudy,Field C
2022-08-11,05:45,Cow_226,12,8,0,0,25.1,Cloudy,Field A
2022-08-11,05:45,Cow_227,7,3,5,0,25.1,Cloudy,Field A
2022-08-11,05:45,Cow_228,12,8,0,0,25.1,Cloudy,Field A
2022-08-11,05:45,Cow_229,7,4,4,0,25.1,Cloudy,Field B
2022-08-11,05:45,Cow_230,10,0,8,0,25.1,Cloudy,Field C
2022-08-11,05:45,Cow_231,12,4,0,0,25.1,Cloudy,Field A
2022-08-11,05:45,Cow_232,9,8,0,0,25.1,Cloudy,Field A
2022-08-11,05:45,Cow_233,11,6,0,0,25.1,Cloudy,Field C
2022-08-11,05:45,Cow_234,13,7,0,0,25.1,Cloudy,Field C
2022-08-11,05:45,Cow_235,0,8,10,0,25.1,Cloudy,Field A
2022-08-11,05:45,Cow_236,3,4,8,0,25.1,Cloudy,Field C
2022-08-11,05:45,Cow_237,0,9,8,0,25.1,Cloudy,Field B
2022-08-11,05:45,Cow_238,13,9,0,0,25.1,Cloudy,Field C
2022-08-11,05:45,Cow_239,12,0,5,0,25.1,Cloudy,Field C
2022-08-11,05:45,Cow_240,4,8,3,0,25.1,Cloudy,Field B
2022-08-11,05:45,Cow_241,4,5,6,0,25.1,Cloudy,Field B
2022-08-11,05:45,Cow_242,9,6,0,0,25.1,Cloudy,Field B
2022-08-11,05:45,Cow_243,14,5,0,0,25.1,Cloudy,Field B
2022-08-11,05:45,Cow_244,8,5,2,0,25.1,Cloudy,Field B
2022-08-11,05:45,Cow_245,14,0,6,0,25.1,Cloudy,Field A
2022-08-11,05:45,Cow_246,5,10,0,0,25.1,Cloudy,Field B
2022-08-11,05:45,Cow_247,11,1,3,0,25.1,Cloudy,Field C
2022-08-11,05:45,Cow_248,10,0,8,0,25.1,Cloudy,Field A
2022-08-11,05:45,Cow_249,14,0,8,0,25.1,Cloudy,Field C
2022-08-11,05:45,Cow_250,13,8,0,0,25.1,Cloudy,Field C
2022-08-11,05:45,Cow_251,0,10,7,0,25.1,Cloudy,Field C
2022-08-11,05:45,Cow_252,7,5,3,0,25.1,Cloudy,Field B
2022-08-11,05:45,Cow_253,9,0,6,0,25.1,Cloudy,Field A
2022-08-11,05:45,Cow_254,13,0,5,0,25.1,Cloudy,Field C
2022-08-11,05:45,Cow_255,3,9,3,0,25.1,Cloudy,Field A
2022-08-11,05:45,Cow_256,5,9,1,0,25.1,Cloudy,Field B
2022-08-11,05:45,Cow_257,14,3,0,0,25.1,Cloudy,Field C
2022-08-11,05:45,Cow_258,2,8,5,0,25.1,Cloudy,Field B
2022-08-11,05:45,Cow_259,12,0,6,0,25.1,Cloudy,Field C
2022-08-11,05:45,Cow_260,12,4,0,0,25.1,Cloudy,Field C
2022-08-11,05:45,Cow_261,0,10,7,0,25.1,Cloudy,Field A
2022-08-11,05:45,Cow_262,1,9,5,0,25.1,Cloudy,Field C
2022-08-11,05:45,Cow_263,8,2,5,0,25.1,Cloudy,Field B
2022-08-11,05:45,Cow_264,8,6,1,0,25.1,Cloudy,Field A
2022-08-11,05:45,Cow_265,4,5,6,0,25.1,Cloudy,Field A
2022-08-11,05:45,Cow_266,1,7,7,0,25.1,Cloudy,Field A
2022-08-11,05:45,Cow_267,13,0,6,0,25.1,Cloudy,Field A
2022-08-11,05:45,Cow_268,2,10,3,0,25.1,Cloudy,Field B
2022-08-11,05:45,Cow_269,4,6,5,0,25.1,Cloudy,Field C
2022-08-11,05:45,Cow_270,0,10,7,0,25.1,Cloudy,Field C
2022-08-11,05:45,Cow_271,8,2,5,0,25.1,Cloudy,Field C
2022-08-11,05:45,Cow_272,12,3,0,0,25.1,Cloudy,Field B
2022-08-11,05:45,Cow_273,14,0,8,0,25.1,Cloudy,Field A
2022-08-11,05:45,Cow_274,14,8,0,0,25.1,Cloudy,Field C
2022-08-11,05:45,Cow_275,0,9,6,0,25.1,Cloudy,Field C
2022-08-11,05:45,Cow_276,7,5,3,0,25.1,Cloudy,Field B
2022-08-11,05:45,Cow_277,0,9,6,0,25.1,Cloudy,Field B
2022-08-11,05:45,Cow_278,0,10,6,0,25.1,Cloudy,Field A
2022-08-11,05:45,Cow_279,11,9,0,0,25.1,Cloudy,Field A
2022-08-11,05:45,Cow_280,0,10,6,0,25.1,Cloudy,Field C
2022-08-11,05:45,Cow_281,9,3,3,0,25.1,Cloudy,Field A
2022-08-11,05:45,Cow_282,5,3,7,0,25.1,Cloudy,Field A
2022-08-11,05:45,Cow_283,11,5,0,0,25.1,Cloudy,Field A
2022-08-11,05:45,Cow_284,12,9,0,0,25.1,Cloudy,Field C
2022-08-11,05:45,Cow_285,10,1,4,0,25.1,Cloudy,Field C
2022-08-11,05:45,Cow_286,14,3,0,0,25.1,Cloudy,Field C
2022-08-11,05:45,Cow_287,12,0,6,0,25.1,Cloudy,Field C
2022-08-11,05:45,Cow_288,0,0,0,15,25.1,Cloudy,Field B
2022-08-11,05:45,Cow_289,3,5,7,0,25.1,Cloudy,Field A
2022-08-11,05:45,Cow_290,5,5,5,0,25.1,Cloudy,Field C
2022-08-11,05:45,Cow_291,6,10,0,0,25.1,Cloudy,Field A
2022-08-11,05:45,Cow_292,6,1,8,0,25.1,Cloudy,Field B
2022-08-11,05:45,Cow_293,14,0,9,0,25.1,Cloudy,Field B
2022-08-11,05:45,Cow_294,7,5,3,0,25.1,Cloudy,Field A
2022-08-11,05:45,Cow_295,0,8,7,0,25.1,Cloudy,Field A
2022-08-11,05:45,Cow_296,8,2,5,0,25.1,Cloudy,Field B
2022-08-11,05:45,Cow_297,8,0,8,0,25.1,Cloudy,Field A
2022-08-11,05:45,Cow_298,12,0,8,0,25.1,Cloudy,Field A
2022-08-11,05:45,Cow_299,0,8,10,0,25.1,Cloudy,Field C
2022-08-11,05:45,Cow_300,0,10,5,0,25.1,Cloudy,Field C
2022-08-11,05:45,Cow_301,9,9,0,0,25.1,Cloudy,Field A
2022-08-11,05:45,Cow_302,5,3,7,0,25.1,Cloudy,Field B
2022-08-11,05:45,Cow_303,7,3,5,0,25.1,Cloudy,Field B
2022-08-11,05:45,Cow_304,12,0,7,0,25.1,Cloudy,Field A
2022-08-11,05:45,Cow_305,0,10,5,0,25.1,Cloudy,Field C
2022-08-11,05:45,Cow_306,3,7,5,0,25.1,Cloudy,Field B
2022-08-11,05:45,Cow_307,0,9,6,0,25.1,Cloudy,Field A
2022-08-11,05:45,Cow_308,11,7,0,0,25.1,Cloudy,Field A
2022-08-11,05:45,Cow_309,6,4,5,0,25.1,Cloudy,Field C
2022-08-11,05:45,Cow_310,14,5,0,0,25.1,Cloudy,Field B
2022-08-11,05:45,Cow_311,10,5,0,0,25.1,Cloudy,Field A
2022-08-11,05:45,Cow_312,3,5,7,0,25.1,Cloudy,Field C
2022-08-11,05:45,Cow_313,5,7,3,0,25.1,Cloudy,Field A
2022-08-11,05:45,Cow_314,6,5,4,0,25.1,Cloudy,Field C
2022-08-11,05:45,Cow_315,6,3,6,0,25.1,Cloudy,Field C
2022-08-11,05:45,Cow_316,5,3,7,0,25.1,Cloudy,Field B
2022-08-11,05:45,Cow_317,0,10,7,0,25.1,Cloudy,Field A
2022-08-11,05:45,Cow_318,0,10,7,0,25.1,Cloudy,Field C
2022-08-11,05:45,Cow_319,3,7,5,0,25.1,Cloudy,Field A
2022-08-11,05:45,Cow_320,13,8,0,0,25.1,Cloudy,Field A
2022-08-11,05:45,Cow_321,1,8,6,0,25.1,Cloudy,Field A
2022-08-11,05:45,Cow_322,5,6,4,0,25.1,Cloudy,Field A
2022-08-11,05:45,Cow_323,11,1,3,0,25.1,Cloudy,Field A
2022-08-11,05:45,Cow_324,5,6,4,0,25.1,Cloudy,Field A
2022-08-11,05:45,Cow_325,6,4,5,0,25.1,Cloudy,Field A
2022-08-11,05:45,Cow_326,12,10,0,0,25.1,Cloudy,Field B
2022-08-11,05:45,Cow_327,5,7,3,0,25.1,Cloudy,Field A
2022-08-11,05:45,Cow_328,1,8,6,0,25.1,Cloudy,Field B
2022-08-11,05:45,Cow_329,7,2,6,0,25.1,Cloudy,Field B
2022-08-11,05:45,Cow_330,10,8,0,0,25.1,Cloudy,Field C
2022-08-11,05:45,Cow_331,7,5,3,0,25.1,Cloudy,Field C
2022-08-11,05:45,Cow_332,5,4,6,0,25.1,Cloudy,Field A
2022-08-11,05:45,Cow_333,3,5,7,0,25.1,Cloudy,Field B
2022-08-11,05:45,Cow_334,7,1,7,0,25.1,Cloudy,Field A
2022-08-11,05:45,Cow_335,7,4,4,0,25.1,Cloudy,Field B
2022-08-11,05:45,Cow_336,3,5,7,0,25.1,Cloudy,Field B
2022-08-11,05:45,Cow_337,7,3,5,0,25.1,Cloudy,Field B
2022-08-11,05:45,Cow_338,10,2,3,0,25.1,Cloudy,Field A
2022-08-11,05:45,Cow_339,6,2,7,0,25.1,Cloudy,Field C
2022-08-11,05:45,Cow_340,10,9,0,0,25.1,Cloudy,Field A
2022-08-11,05:45,Cow_341,11,0,6,0,25.1,Cloudy,Field C
2022-08-11,05:45,Cow_342,13,0,8,0,25.1,Cloudy,Field B
2022-08-11,05:45,Cow_343,14,5,0,0,25.1,Cloudy,Field A
2022-08-11,05:45,Cow_344,8,0,8,0,25.1,Cloudy,Field C
2022-08-11,05:45,Cow_345,3,8,4,0,25.1,Cloudy,Field C
2022-08-11,05:45,Cow_346,7,4,4,0,25.1,Cloudy,Field B
2022-08-11,05:45,Cow_347,11,8,0,0,25.1,Cloudy,Field C
2022-08-11,05:45,Cow_348,0,9,9,0,25.1,Cloudy,Field A
2022-08-11,05:45,Cow_349,12,0,6,0,25.1,Cloudy,Field C
2022-08-11,05:45,Cow_350,14,3,0,0,25.1,Cloudy,Field C
2022-08-11,05:45,Cow_351,10,5,0,0,25.1,Cloudy,Field B
2022-08-11,05:45,Cow_352,9,10,0,0,25.1,Cloudy,Field A
2022-08-11,05:45,Cow_353,3,7,5,0,25.1,Cloudy,Field B
2022-08-11,05:45,Cow_354,14,5,0,0,25.1,Cloudy,Field C
2022-08-11,05:45,Cow_355,8,2,5,0,25.1,Cloudy,Field B
2022-08-11,05:45,Cow_356,11,3,1,0,25.1,Cloudy,Field C
2022-08-11,05:45,Cow_357,10,0,5,0,25.1,Cloudy,Field C
2022-08-11,05:45,Cow_358,3,7,5,0,25.1,Cloudy,Field B
2022-08-11,05:45,Cow_359,12,0,3,0,25.1,Cloudy,Field B
2022-08-11,05:45,Cow_360,7,7,1,0,25.1,Cloudy,Field A
2022-08-11,05:45,Cow_361,11,8,0,0,25.1,Cloudy,Field B
2022-08-11,05:45,Cow_362,12,5,0,0,25.1,Cloudy,Field A
2022-08-11,05:45,Cow_363,11,1,3,0,25.1,Cloudy,Field C
2022-08-11,05:45,Cow_364,1,10,4,0,25.1,Cloudy,Field B
2022-08-11,05:45,Cow_365,6,3,6,0,25.1,Cloudy,Field B
2022-08-11,05:45,Cow_366,12,0,9,0,25.1,Cloudy,Field A
2022-08-11,05:45,Cow_367,7,5,3,0,25.1,Cloudy,Field C
2022-08-11,05:45,Cow_368,12,0,6,0,25.1,Cloudy,Field A
2022-08-11,05:45,Cow_369,9,0,6,0,25.1,Cloudy,Field C
2022-08-11,05:45,Cow_370,8,0,8,0,25.1,Cloudy,Field A
2022-08-11,05:45,Cow_371,12,0,7,0,25.1,Cloudy,Field C
2022-08-11,05:45,Cow_372,12,6,0,0,25.1,Cloudy,Field B
2022-08-11,05:45,Cow_373,9,4,2,0,25.1,Cloudy,Field A
2022-08-11,05:45,Cow_374,7,4,4,0,25.1,Cloudy,Field B
2022-08-11,05:45,Cow_375,0,0,0,15,25.1,Cloudy,Field C
2022-08-11,05:45,Cow_376,8,3,4,0,25.1,Cloudy,Field B
2022-08-11,05:45,Cow_377,5,4,6,0,25.1,Cloudy,Field C
2022-08-11,05:45,Cow_378,10,2,3,0,25.1,Cloudy,Field B
2022-08-11,05:45,Cow_379,1,7,7,0,25.1,Cloudy,Field A
2022-08-11,05:45,Cow_380,9,8,0,0,25.1,Cloudy,Field B
2022-08-11,05:45,Cow_381,0,0,0,15,25.1,Cloudy,Field A
2022-08-11,05:45,Cow_382,7,10,0,0,25.1,Cloudy,Field B
2022-08-11,05:45,Cow_383,4,7,4,0,25.1,Cloudy,Field A
2022-08-11,05:45,Cow_384,0,7,8,0,25.1,Cloudy,Field B
2022-08-11,05:45,Cow_385,7,8,0,0,25.1,Cloudy,Field A
2022-08-11,05:45,Cow_386,9,3,3,0,25.1,Cloudy,Field C
2022-08-11,05:45,Cow_387,7,10,0,0,25.1,Cloudy,Field B
2022-08-11,05:45,Cow_388,11,10,0,0,25.1,Cloudy,Field C
2022-08-11,05:45,Cow_389,6,7,2,0,25.1,Cloudy,Field A
2022-08-11,05:45,Cow_390,3,5,7,0,25.1,Cloudy,Field A
2022-08-11,05:45,Cow_391,4,3,8,0,25.1,Cloudy,Field C
2022-08-11,05:45,Cow_392,12,5,0,0,25.1,Cloudy,Field B
2022-08-11,05:45,Cow_393,5,3,7,0,25.1,Cloudy,Field A
2022-08-11,05:45,Cow_394,6,5,4,0,25.1,Cloudy,Field C
2022-08-11,05:45,Cow_395,8,6,1,0,25.1,Cloudy,Field B
2022-08-11,05:45,Cow_396,11,10,0,0,25.1,Cloudy,Field C
2022-08-11,05:45,Cow_397,0,8,8,0,25.1,Cloudy,Field C
2022-08-11,05:45,Cow_398,11,7,0,0,25.1,Cloudy,Field C
2022-08-11,05:45,Cow_399,11,0,5,0,25.1,Cloudy,Field A
2022-08-11,05:45,Cow_400,8,2,5,0,25.1,Cloudy,Field A
2022-08-11,05:45,Cow_401,13,5,0,0,25.1,Cloudy,Field C
2022-08-11,05:45,Cow_402,5,4,6,0,25.1,Cloudy,Field A
2022-08-11,05:45,Cow_403,8,2,5,0,25.1,Cloudy,Field C
2022-08-11,05:45,Cow_404,0,9,6,0,25.1,Cloudy,Field C
2022-08-11,05:45,Cow_405,4,4,7,0,25.1,Cloudy,Field B
2022-08-11,05:45,Cow_406,7,1,7,0,25.1,Cloudy,Field C
2022-08-11,05:45,Cow_407,2,8,5,0,25.1,Cloudy,Field A
2022-08-11,05:45,Cow_408,12,0,5,0,25.1,Cloudy,Field A
2022-08-11,05:45,Cow_409,3,4,8,0,25.1,Cloudy,Field B
2022-08-11,05:45,Cow_410,10,6,0,0,25.1,Cloudy,Field A
2022-08-11,05:45,Cow_411,9,3,3,0,25.1,Cloudy,Field A
2022-08-11,05:45,Cow_412,14,0,2,0,25.1,Cloudy,Field A
2022-08-11,05:45,Cow_413,13,6,0,0,25.1,Cloudy,Field A
2022-08-11,05:45,Cow_414,1,9,5,0,25.1,Cloudy,Field B
2022-08-11,05:45,Cow_415,9,3,3,0,25.1,Cloudy,Field A
2022-08-11,05:45,Cow_416,3,8,4,0,25.1,Cloudy,Field C
2022-08-11,05:45,Cow_417,7,4,4,0,25.1,Cloudy,Field B
2022-08-11,05:45,Cow_418,11,0,8,0,25.1,Cloudy,Field C
2022-08-11,05:45,Cow_419,12,3,0,0,25.1,Cloudy,Field A
2022-08-11,05:45,Cow_420,0,9,6,0,25.1,Cloudy,Field C
2022-08-11,05:45,Cow_421,14,8,0,0,25.1,Cloudy,Field A
2022-08-11,05:45,Cow_422,4,6,5,0,25.1,Cloudy,Field B
2022-08-11,05:45,Cow_423,5,9,1,0,25.1,Cloudy,Field A
2022-08-11,05:45,Cow_424,4,8,3,0,25.1,Cloudy,Field B
2022-08-11,05:45,Cow_425,5,7,3,0,25.1,Cloudy,Field C
2022-08-11,05:45,Cow_426,3,9,3,0,25.1,Cloudy,Field C
2022-08-11,05:45,Cow_427,14,4,0,0,25.1,Cloudy,Field C
2022-08-11,05:45,Cow_428,2,8,5,0,25.1,Cloudy,Field C
2022-08-11,05:45,Cow_429,2,7,6,0,25.1,Cloudy,Field B
2022-08-11,05:45,Cow_430,1,8,6,0,25.1,Cloudy,Field C
2022-08-11,05:45,Cow_431,4,3,8,0,25.1,Cloudy,Field A
2022-08-11,05:45,Cow_432,12,10,0,0,25.1,Cloudy,Field A
2022-08-11,05:45,Cow_433,8,5,2,0,25.1,Cloudy,Field C
2022-08-11,05:45,Cow_434,3,4,8,0,25.1,Cloudy,Field B
2022-08-11,05:45,Cow_435,0,0,0,15,25.1,Cloudy,Field A
2022-08-11,05:45,Cow_436,0,0,0,15,25.1,Cloudy,Field B
2022-08-11,05:45,Cow_437,6,1,8,0,25.1,Cloudy,Field C
2022-08-11,05:45,Cow_438,6,5,4,0,25.1,Cloudy,Field A
2022-08-11,05:45,Cow_439,5,4,6,0,25.1,Cloudy,Field B
2022-08-11,05:45,Cow_440,4,7,4,0,25.1,Cloudy,Field A
2022-08-11,05:45,Cow_441,8,3,4,0,25.1,Cloudy,Field A
2022-08-11,05:45,Cow_442,0,12,9,0,25.1,Cloudy,Field A
2022-08-11,05:45,Cow_443,7,3,5,0,25.1,Cloudy,Field A
2022-08-11,05:45,Cow_444,11,0,5,0,25.1,Cloudy,Field C
2022-08-11,05:45,Cow_445,10,2,3,0,25.1,Cloudy,Field C
2022-08-11,05:45,Cow_446,8,2,5,0,25.1,Cloudy,Field B
2022-08-11,05:45,Cow_447,14,5,0,0,25.1,Cloudy,Field C
2022-08-11,05:45,Cow_448,4,6,5,0,25.1,Cloudy,Field A
2022-08-11,05:45,Cow_449,11,8,0,0,25.1,Cloudy,Field A
2022-08-11,05:45,Cow_450,2,5,8,0,25.1,Cloudy,Field A
2022-08-11,05:45,Cow_451,0,0,0,15,25.1,Cloudy,Field A
2022-08-11,05:45,Cow_452,10,5,0,0,25.1,Cloudy,Field A
2022-08-11,05:45,Cow_453,14,0,4,0,25.1,Cloudy,Field B
2022-08-11,05:45,Cow_454,5,3,7,0,25.1,Cloudy,Field B
2022-08-11,05:45,Cow_455,0,9,7,0,25.1,Cloudy,Field C
2022-08-11,05:45,Cow_456,9,0,8,0,25.1,Cloudy,Field A
2022-08-11,05:45,Cow_457,6,3,6,0,25.1,Cloudy,Field B
2022-08-11,05:45,Cow_458,9,10,0,0,25.1,Cloudy,Field A
2022-08-11,05:45,Cow_459,7,1,7,0,25.1,Cloudy,Field B
2022-08-11,05:45,Cow_460,10,5,0,0,25.1,Cloudy,Field B
2022-08-11,05:45,Cow_461,0,0,0,15,25.1,Cloudy,Field B
2022-08-11,05:45,Cow_462,0,0,0,15,25.1,Cloudy,Field C
2022-08-11,05:45,Cow_463,5,5,5,0,25.1,Cloudy,Field A
2022-08-11,05:45,Cow_464,6,3,6,0,25.1,Cloudy,Field A
2022-08-11,05:45,Cow_465,9,3,3,0,25.1,Cloudy,Field A
2022-08-11,05:45,Cow_466,9,0,7,0,25.1,Cloudy,Field B
2022-08-11,05:45,Cow_467,10,3,2,0,25.1,Cloudy,Field A
2022-08-11,05:45,Cow_468,0,0,0,15,25.1,Cloudy,Field C
2022-08-11,05:45,Cow_469,12,9,0,0,25.1,Cloudy,Field C
2022-08-11,05:45,Cow_470,12,0,6,0,25.1,Cloudy,Field A
2022-08-11,05:45,Cow_471,4,5,6,0,25.1,Cloudy,Field A
2022-08-11,05:45,Cow_472,11,8,0,0,25.1,Cloudy,Field C
2022-08-11,05:45,Cow_473,2,9,4,0,25.1,Cloudy,Field B
2022-08-11,05:45,Cow_474,9,1,5,0,25.1,Cloudy,Field A
2022-08-11,05:45,Cow_475,8,9,0,0,25.1,Cloudy,Field A
2022-08-11,05:45,Cow_476,9,0,6,0,25.1,Cloudy,Field A
2022-08-11,05:45,Cow_477,10,1,4,0,25.1,Cloudy,Field C
2022-08-11,05:45,Cow_478,2,10,3,0,25.1,Cloudy,Field B
2022-08-11,05:45,Cow_479,14,7,0,0,25.1,Cloudy,Field B
2022-08-11,05:45,Cow_480,0,0,0,15,25.1,Cloudy,Field A
2022-08-11,05:45,Cow_481,9,9,0,0,25.1,Cloudy,Field C
2022-08-11,05:45,Cow_482,0,7,8,0,25.1,Cloudy,Field B
2022-08-11,05:45,Cow_483,0,0,0,15,25.1,Cloudy,Field B
2022-08-11,05:45,Cow_484,5,9,1,0,25.1,Cloudy,Field A
2022-08-11,05:45,Cow_485,8,4,3,0,25.1,Cloudy,Field B
2022-08-11,05:45,Cow_486,12,8,0,0,25.1,Cloudy,Field C
2022-08-11,05:45,Cow_487,4,5,6,0,25.1,Cloudy,Field A
2022-08-11,05:45,Cow_488,14,4,0,0,25.1,Cloudy,Field A
2022-08-11,05:45,Cow_489,6,4,5,0,25.1,Cloudy,Field A
2022-08-11,05:45,Cow_490,7,1,7,0,25.1,Cloudy,Field B
2022-08-11,05:45,Cow_491,6,5,4,0,25.1,Cloudy,Field B
2022-08-11,05:45,Cow_492,2,9,4,0,25.1,Cloudy,Field C
2022-08-11,05:45,Cow_493,2,9,4,0,25.1,Cloudy,Field B
2022-08-11,05:45,Cow_494,8,1,6,0,25.1,Cloudy,Field B
2022-08-11,05:45,Cow_495,3,6,6,0,25.1,Cloudy,Field B
2022-08-11,05:45,Cow_496,6,6,3,0,25.1,Cloudy,Field C
2022-08-11,05:45,Cow_497,9,0,6,0,25.1,Cloudy,Field C
2022-08-11,05:45,Cow_498,6,3,6,0,25.1,Cloudy,Field B
2022-08-11,05:45,Cow_499,12,0,6,0,25.1,Cloudy,Field A
2022-08-11,05:45,Cow_500,3,5,7,0,25.1,Cloudy,Field C
2022-08-11,06:00,Cow_1,0,8,7,0,31.9,Clear,Field A
2022-08-11,06:00,Cow_2,0,0,0,15,31.9,Clear,Field A
2022-08-11,06:00,Cow_3,10,5,0,0,31.9,Clear,Field C
2022-08-11,06:00,Cow_4,0,8,7,0,31.9,Clear,Field C
2022-08-11,06:00,Cow_5,11,0,8,0,31.9,Clear,Field B
2022-08-11,06:00,Cow_6,14,0,6,0,31.9,Clear,Field C
2022-08-11,06:00,Cow_7,9,9,0,0,31.9,Clear,Field B
2022-08-11,06:00,Cow_8,6,4,5,0,31.9,Clear,Field C
2022-08-11,06:00,Cow_9,4,5,6,0,31.9,Clear,Field B
2022-08-11,06:00,Cow_10,2,5,8,0,31.9,Clear,Field A
2022-08-11,06:00,Cow_11,6,4,5,0,31.9,Clear,Field A
2022-08-11,06:00,Cow_12,0,10,6,0,31.9,Clear,Field C
2022-08-11,06:00,Cow_13,13,3,0,0,31.9,Clear,Field B
2022-08-11,06:00,Cow_14,6,5,4,0,31.9,Clear,Field C
2022-08-11,06:00,Cow_15,0,7,8,0,31.9,Clear,Field C
2022-08-11,06:00,Cow_16,13,8,0,0,31.9,Clear,Field B
2022-08-11,06:00,Cow_17,0,0,0,15,31.9,Clear,Field B
2022-08-11,06:00,Cow_18,13,0,4,0,31.9,Clear,Field B
2022-08-11,06:00,Cow_19,7,6,2,0,31.9,Clear,Field B
2022-08-11,06:00,Cow_20,9,2,4,0,31.9,Clear,Field C
2022-08-11,06:00,Cow_21,12,12,0,0,31.9,Clear,Field A
2022-08-11,06:00,Cow_22,0,10,5,0,31.9,Clear,Field B
2022-08-11,06:00,Cow_23,5,7,3,0,31.9,Clear,Field B
2022-08-11,06:00,Cow_24,4,7,4,0,31.9,Clear,Field B
2022-08-11,06:00,Cow_25,1,9,5,0,31.9,Clear,Field A
2022-08-11,06:00,Cow_26,12,0,4,0,31.9,Clear,Field A
2022-08-11,06:00,Cow_27,2,9,4,0,31.9,Clear,Field B
2022-08-11,06:00,Cow_28,4,3,8,0,31.9,Clear,Field C
2022-08-11,06:00,Cow_29,9,3,3,0,31.9,Clear,Field B
2022-08-11,06:00,Cow_30,5,5,5,0,31.9,Clear,Field A
2022-08-11,06:00,Cow_31,8,3,4,0,31.9,Clear,Field C
2022-08-11,06:00,Cow_32,7,7,1,0,31.9,Clear,Field C
2022-08-11,06:00,Cow_33,13,0,7,0,31.9,Clear,Field B
2022-08-11,06:00,Cow_34,8,3,4,0,31.9,Clear,Field B
2022-08-11,06:00,Cow_35,7,5,3,0,31.9,Clear,Field A
2022-08-11,06:00,Cow_36,4,7,4,0,31.9,Clear,Field A
2022-08-11,06:00,Cow_37,0,0,0,15,31.9,Clear,Field A
2022-08-11,06:00,Cow_38,14,0,5,0,31.9,Clear,Field B
2022-08-11,06:00,Cow_39,0,0,0,15,31.9,Clear,Field A
2022-08-11,06:00,Cow_40,9,3,3,0,31.9,Clear,Field A
2022-08-11,06:00,Cow_41,9,6,0,0,31.9,Clear,Field C
2022-08-11,06:00,Cow_42,9,0,8,0,31.9,Clear,Field B
2022-08-11,06:00,Cow_43,6,3,6,0,31.9,Clear,Field A
2022-08-11,06:00,Cow_44,5,2,8,0,31.9,Clear,Field A
2022-08-11,06:00,Cow_45,13,0,8,0,31.9,Clear,Field A
2022-08-11,06:00,Cow_46,3,7,5,0,31.9,Clear,Field B
2022-08-11,06:00,Cow_47,10,0,8,0,31.9,Clear,Field A
2022-08-11,06:00,Cow_48,2,5,8,0,31.9,Clear,Field B
2022-08-11,06:00,Cow_49,13,0,7,0,31.9,Clear,Field C
2022-08-11,06:00,Cow_50,2,7,6,0,31.9,Clear,Field C
2022-08-11,06:00,Cow_51,10,3,2,0,31.9,Clear,Field B
2022-08-11,06:00,Cow_52,13,6,0,0,31.9,Clear,Field A
2022-08-11,06:00,Cow_53,6,2,7,0,31.9,Clear,Field A
2022-08-11,06:00,Cow_54,8,4,3,0,31.9,Clear,Field B
2022-08-11,06:00,Cow_55,6,9,0,0,31.9,Clear,Field B
2022-08-11,06:00,Cow_56,6,3,6,0,31.9,Clear,Field C
2022-08-11,06:00,Cow_57,6,4,5,0,31.9,Clear,Field A
2022-08-11,06:00,Cow_58,13,6,0,0,31.9,Clear,Field C
2022-08-11,06:00,Cow_59,2,8,5,0,31.9,Clear,Field B
2022-08-11,06:00,Cow_60,6,5,4,0,31.9,Clear,Field A
2022-08-11,06:00,Cow_61,6,8,1,0,31.9,Clear,Field C
2022-08-11,06:00,Cow_62,11,0,5,0,31.9,Clear,Field A
2022-08-11,06:00,Cow_63,0,9,7,0,31.9,Clear,Field B
2022-08-11,06:00,Cow_64,6,6,3,0,31.9,Clear,Field A
2022-08-11,06:00,Cow_65,0,0,0,15,31.9,Clear,Field A
2022-08-11,06:00,Cow_66,8,3,4,0,31.9,Clear,Field B
2022-08-11,06:00,Cow_67,9,3,3,0,31.9,Clear,Field A
2022-08-11,06:00,Cow_68,6,7,2,0,31.9,Clear,Field B
2022-08-11,06:00,Cow_69,6,1,8,0,31.9,Clear,Field B
2022-08-11,06:00,Cow_70,6,10,0,0,31.9,Clear,Field B
2022-08-11,06:00,Cow_71,12,0,5,0,31.9,Clear,Field B
2022-08-11,06:00,Cow_72,6,8,1,0,31.9,Clear,Field B
2022-08-11,06:00,Cow_73,9,0,7,0,31.9,Clear,Field C
2022-08-11,06:00,Cow_74,0,0,0,15,31.9,Clear,Field A
2022-08-11,06:00,Cow_75,14,6,0,0,31.9,Clear,Field B
2022-08-11,06:00,Cow_76,13,4,0,0,31.9,Clear,Field B
2022-08-11,06:00,Cow_77,4,4,7,0,31.9,Clear,Field B
2022-08-11,06:00,Cow_78,7,3,5,0,31.9,Clear,Field A
2022-08-11,06:00,Cow_79,12,6,0,0,31.9,Clear,Field A
2022-08-11,06:00,Cow_80,8,2,5,0,31.9,Clear,Field C
2022-08-11,06:00,Cow_81,0,10,6,0,31.9,Clear,Field B
2022-08-11,06:00,Cow_82,0,8,8,0,31.9,Clear,Field B
2022-08-11,06:00,Cow_83,13,6,0,0,31.9,Clear,Field A
2022-08-11,06:00,Cow_84,1,8,6,0,31.9,Clear,Field C
2022-08-11,06:00,Cow_85,12,4,0,0,31.9,Clear,Field B
2022-08-11,06:00,Cow_86,13,9,0,0,31.9,Clear,Field A
2022-08-11,06:00,Cow_87,8,2,5,0,31.9,Clear,Field C
2022-08-11,06:00,Cow_88,5,8,2,0,31.9,Clear,Field B
2022-08-11,06:00,Cow_89,9,3,3,0,31.9,Clear,Field A
2022-08-11,06:00,Cow_90,5,7,3,0,31.9,Clear,Field A
2022-08-11,06:00,Cow_91,5,4,6,0,31.9,Clear,Field C
2022-08-11,06:00,Cow_92,9,7,0,0,31.9,Clear,Field A
2022-08-11,06:00,Cow_93,14,0,7,0,31.9,Clear,Field C
2022-08-11,06:00,Cow_94,5,3,7,0,31.9,Clear,Field C
2022-08-11,06:00,Cow_95,0,0,0,15,31.9,Clear,Field C
2022-08-11,06:00,Cow_96,5,7,3,0,31.9,Clear,Field A
2022-08-11,06:00,Cow_97,0,9,6,0,31.9,Clear,Field B
2022-08-11,06:00,Cow_98,14,0,5,0,31.9,Clear,Field B
2022-08-11,06:00,Cow_99,0,10,7,0,31.9,Clear,Field B
2022-08-11,06:00,Cow_100,12,0,4,0,31.9,Clear,Field C
2022-08-11,06:00,Cow_101,13,0,6,0,31.9,Clear,Field C
2022-08-11,06:00,Cow_102,14,4,0,0,31.9,Clear,Field A
2022-08-11,06:00,Cow_103,3,9,3,0,31.9,Clear,Field A
2022-08-11,06:00,Cow_104,4,8,3,0,31.9,Clear,Field A
2022-08-11,06:00,Cow_105,11,3,1,0,31.9,Clear,Field B
2022-08-11,06:00,Cow_106,12,4,0,0,31.9,Clear,Field C
2022-08-11,06:00,Cow_107,1,6,8,0,31.9,Clear,Field A
2022-08-11,06:00,Cow_108,9,3,3,0,31.9,Clear,Field C
2022-08-11,06:00,Cow_109,1,9,5,0,31.9,Clear,Field C
2022-08-11,06:00,Cow_110,7,5,3,0,31.9,Clear,Field C
2022-08-11,06:00,Cow_111,5,5,5,0,31.9,Clear,Field B
2022-08-11,06:00,Cow_112,9,2,4,0,31.9,Clear,Field A
2022-08-11,06:00,Cow_113,5,3,7,0,31.9,Clear,Field B
2022-08-11,06:00,Cow_114,14,0,4,0,31.9,Clear,Field C
2022-08-11,06:00,Cow_115,6,6,3,0,31.9,Clear,Field B
2022-08-11,06:00,Cow_116,7,10,0,0,31.9,Clear,Field A
2022-08-11,06:00,Cow_117,1,7,7,0,31.9,Clear,Field B
2022-08-11,06:00,Cow_118,5,8,2,0,31.9,Clear,Field A
2022-08-11,06:00,Cow_119,12,3,0,0,31.9,Clear,Field B
2022-08-11,06:00,Cow_120,13,0,5,0,31.9,Clear,Field B
2022-08-11,06:00,Cow_121,13,6,0,0,31.9,Clear,Field A
2022-08-11,06:00,Cow_122,10,8,0,0,31.9,Clear,Field C
2022-08-11,06:00,Cow_123,12,4,0,0,31.9,Clear,Field C
2022-08-11,06:00,Cow_124,14,6,0,0,31.9,Clear,Field A
2022-08-11,06:00,Cow_125,1,9,5,0,31.9,Clear,Field C
2022-08-11,06:00,Cow_126,11,10,0,0,31.9,Clear,Field B
2022-08-11,06:00,Cow_127,6,8,1,0,31.9,Clear,Field A
2022-08-11,06:00,Cow_128,6,3,6,0,31.9,Clear,Field B
2022-08-11,06:00,Cow_129,10,4,1,0,31.9,Clear,Field C
2022-08-11,06:00,Cow_130,8,4,3,0,31.9,Clear,Field B
2022-08-11,06:00,Cow_131,8,8,0,0,31.9,Clear,Field C
2022-08-11,06:00,Cow_132,13,0,6,0,31.9,Clear,Field B
2022-08-11,06:00,Cow_133,5,9,1,0,31.9,Clear,Field C
2022-08-11,06:00,Cow_134,7,3,5,0,31.9,Clear,Field B
2022-08-11,06:00,Cow_135,8,4,3,0,31.9,Clear,Field C
2022-08-11,06:00,Cow_136,14,3,0,0,31.9,Clear,Field A
2022-08-11,06:00,Cow_137,4,6,5,0,31.9,Clear,Field B
2022-08-11,06:00,Cow_138,7,5,3,0,31.9,Clear,Field B
2022-08-11,06:00,Cow_139,10,4,1,0,31.9,Clear,Field A
2022-08-11,06:00,Cow_140,12,6,0,0,31.9,Clear,Field C
2022-08-11,06:00,Cow_141,14,0,7,0,31.9,Clear,Field C
2022-08-11,06:00,Cow_142,14,0,3,0,31.9,Clear,Field C
2022-08-11,06:00,Cow_143,0,0,0,15,31.9,Clear,Field B
2022-08-11,06:00,Cow_144,2,7,6,0,31.9,Clear,Field C
2022-08-11,06:00,Cow_145,10,0,8,0,31.9,Clear,Field C
2022-08-11,06:00,Cow_146,0,10,6,0,31.9,Clear,Field A
2022-08-11,06:00,Cow_147,12,0,5,0,31.9,Clear,Field C
2022-08-11,06:00,Cow_148,8,6,1,0,31.9,Clear,Field B
2022-08-11,06:00,Cow_149,12,9,0,0,31.9,Clear,Field B
2022-08-11,06:00,Cow_150,0,0,0,15,31.9,Clear,Field B
2022-08-11,06:00,Cow_151,8,6,1,0,31.9,Clear,Field C
2022-08-11,06:00,Cow_152,1,7,7,0,31.9,Clear,Field C
2022-08-11,06:00,Cow_153,4,3,8,0,31.9,Clear,Field A
2022-08-11,06:00,Cow_154,3,9,3,0,31.9,Clear,Field B
2022-08-11,06:00,Cow_155,8,3,4,0,31.9,Clear,Field A
2022-08-11,06:00,Cow_156,9,7,0,0,31.9,Clear,Field B
2022-08-11,06:00,Cow_157,0,0,0,15,31.9,Clear,Field A
2022-08-11,06:00,Cow_158,11,3,1,0,31.9,Clear,Field C
2022-08-11,06:00,Cow_159,7,0,8,0,31.9,Clear,Field B
2022-08-11,06:00,Cow_160,5,3,7,0,31.9,Clear,Field C
2022-08-11,06:00,Cow_161,6,4,5,0,31.9,Clear,Field A
2022-08-11,06:00,Cow_162,5,10,0,0,31.9,Clear,Field A
2022-08-11,06:00,Cow_163,4,8,3,0,31.9,Clear,Field C
2022-08-11,06:00,Cow_164,1,9,5,0,31.9,Clear,Field C
2022-08-11,06:00,Cow_165,5,6,4,0,31.9,Clear,Field A
2022-08-11,06:00,Cow_166,1,10,4,0,31.9,Clear,Field C
2022-08-11,06:00,Cow_167,5,6,4,0,31.9,Clear,Field C
2022-08-11,06:00,Cow_168,9,0,7,0,31.9,Clear,Field B
2022-08-11,06:00,Cow_169,14,0,7,0,31.9,Clear,Field A
2022-08-11,06:00,Cow_170,8,4,3,0,31.9,Clear,Field B
2022-08-11,06:00,Cow_171,0,0,0,15,31.9,Clear,Field A
2022-08-11,06:00,Cow_172,11,4,0,0,31.9,Clear,Field C
2022-08-11,06:00,Cow_173,14,0,6,0,31.9,Clear,Field C
2022-08-11,06:00,Cow_174,6,11,0,0,31.9,Clear,Field C
2022-08-11,06:00,Cow_175,7,1,7,0,31.9,Clear,Field B
2022-08-11,06:00,Cow_176,5,4,6,0,31.9,Clear,Field A
2022-08-11,06:00,Cow_177,14,0,4,0,31.9,Clear,Field C
2022-08-11,06:00,Cow_178,1,6,8,0,31.9,Clear,Field A
2022-08-11,06:00,Cow_179,4,7,4,0,31.9,Clear,Field A
2022-08-11,06:00,Cow_180,0,0,0,15,31.9,Clear,Field B
2022-08-11,06:00,Cow_181,8,3,4,0,31.9,Clear,Field A
2022-08-11,06:00,Cow_182,4,3,8,0,31.9,Clear,Field A
2022-08-11,06:00,Cow_183,8,0,8,0,31.9,Clear,Field A
2022-08-11,06:00,Cow_184,11,0,7,0,31.9,Clear,Field C
2022-08-11,06:00,Cow_185,14,0,6,0,31.9,Clear,Field A
2022-08-11,06:00,Cow_186,2,9,4,0,31.9,Clear,Field B
2022-08-11,06:00,Cow_187,1,7,7,0,31.9,Clear,Field A
2022-08-11,06:00,Cow_188,11,3,1,0,31.9,Clear,Field C
2022-08-11,06:00,Cow_189,0,9,7,0,31.9,Clear,Field C
2022-08-11,06:00,Cow_190,10,0,5,0,31.9,Clear,Field A
2022-08-11,06:00,Cow_191,9,1,5,0,31.9,Clear,Field B
2022-08-11,06:00,Cow_192,11,9,0,0,31.9,Clear,Field B
2022-08-11,06:00,Cow_193,5,9,1,0,31.9,Clear,Field C
2022-08-11,06:00,Cow_194,1,9,5,0,31.9,Clear,Field C
2022-08-11,06:00,Cow_195,8,9,0,0,31.9,Clear,Field A
2022-08-11,06:00,Cow_196,0,0,0,15,31.9,Clear,Field A
2022-08-11,06:00,Cow_197,0,0,0,15,31.9,Clear,Field C
2022-08-11,06:00,Cow_198,11,7,0,0,31.9,Clear,Field A
2022-08-11,06:00,Cow_199,0,10,6,0,31.9,Clear,Field B
2022-08-11,06:00,Cow_200,9,3,3,0,31.9,Clear,Field B
2022-08-11,06:00,Cow_201,11,9,0,0,31.9,Clear,Field A
2022-08-11,06:00,Cow_202,5,6,4,0,31.9,Clear,Field C
2022-08-11,06:00,Cow_203,0,0,0,15,31.9,Clear,Field B
2022-08-11,06:00,Cow_204,9,9,0,0,31.9,Clear,Field B
2022-08-11,06:00,Cow_205,4,4,7,0,31.9,Clear,Field B
2022-08-11,06:00,Cow_206,8,3,4,0,31.9,Clear,Field A
2022-08-11,06:00,Cow_207,2,7,6,0,31.9,Clear,Field C
2022-08-11,06:00,Cow_208,5,4,6,0,31.9,Clear,Field A
2022-08-11,06:00,Cow_209,6,3,6,0,31.9,Clear,Field C
2022-08-11,06:00,Cow_210,5,4,6,0,31.9,Clear,Field B
2022-08-11,06:00,Cow_211,6,10,0,0,31.9,Clear,Field A
2022-08-11,06:00,Cow_212,13,8,0,0,31.9,Clear,Field B
2022-08-11,06:00,Cow_213,6,1,8,0,31.9,Clear,Field B
2022-08-11,06:00,Cow_214,1,6,8,0,31.9,Clear,Field A
2022-08-11,06:00,Cow_215,5,6,4,0,31.9,Clear,Field A
2022-08-11,06:00,Cow_216,7,3,5,0,31.9,Clear,Field A
2022-08-11,06:00,Cow_217,3,8,4,0,31.9,Clear,Field C
2022-08-11,06:00,Cow_218,0,0,0,15,31.9,Clear,Field A
2022-08-11,06:00,Cow_219,10,2,3,0,31.9,Clear,Field A
2022-08-11,06:00,Cow_220,11,3,1,0,31.9,Clear,Field A
2022-08-11,06:00,Cow_221,7,1,7,0,31.9,Clear,Field B
2022-08-11,06:00,Cow_222,9,2,4,0,31.9,Clear,Field C
2022-08-11,06:00,Cow_223,8,2,5,0,31.9,Clear,Field A
2022-08-11,06:00,Cow_224,4,4,7,0,31.9,Clear,Field B
2022-08-11,06:00,Cow_225,0,10,5,0,31.9,Clear,Field A
2022-08-11,06:00,Cow_226,13,6,0,0,31.9,Clear,Field A
2022-08-11,06:00,Cow_227,1,9,5,0,31.9,Clear,Field C
2022-08-11,06:00,Cow_228,6,5,4,0,31.9,Clear,Field B
2022-08-11,06:00,Cow_229,0,0,0,15,31.9,Clear,Field C
2022-08-11,06:00,Cow_230,7,2,6,0,31.9,Clear,Field C
2022-08-11,06:00,Cow_231,3,6,6,0,31.9,Clear,Field A
2022-08-11,06:00,Cow_232,12,0,7,0,31.9,Clear,Field B
2022-08-11,06:00,Cow_233,13,0,3,0,31.9,Clear,Field A
2022-08-11,06:00,Cow_234,12,8,0,0,31.9,Clear,Field C
2022-08-11,06:00,Cow_235,4,5,6,0,31.9,Clear,Field C
2022-08-11,06:00,Cow_236,0,8,7,0,31.9,Clear,Field C
2022-08-11,06:00,Cow_237,14,6,0,0,31.9,Clear,Field C
2022-08-11,06:00,Cow_238,2,6,7,0,31.9,Clear,Field A
2022-08-11,06:00,Cow_239,6,6,3,0,31.9,Clear,Field C
2022-08-11,06:00,Cow_240,4,8,3,0,31.9,Clear,Field A
2022-08-11,06:00,Cow_241,11,7,0,0,31.9,Clear,Field C
2022-08-11,06:00,Cow_242,0,0,0,15,31.9,Clear,Field C
2022-08-11,06:00,Cow_243,7,4,4,0,31.9,Clear,Field C
2022-08-11,06:00,Cow_244,0,0,0,15,31.9,Clear,Field C
2022-08-11,06:00,Cow_245,8,0,7,0,31.9,Clear,Field A
2022-08-11,06:00,Cow_246,5,7,3,0,31.9,Clear,Field A
2022-08-11,06:00,Cow_247,0,7,8,0,31.9,Clear,Field C
2022-08-11,06:00,Cow_248,12,0,3,0,31.9,Clear,Field B
2022-08-11,06:00,Cow_249,10,9,0,0,31.9,Clear,Field C
2022-08-11,06:00,Cow_250,13,0,6,0,31.9,Clear,Field C
2022-08-11,06:00,Cow_251,5,4,6,0,31.9,Clear,Field A
2022-08-11,06:00,Cow_252,2,9,4,0,31.9,Clear,Field B
2022-08-11,06:00,Cow_253,14,0,4,0,31.9,Clear,Field C
2022-08-11,06:00,Cow_254,2,7,6,0,31.9,Clear,Field A
2022-08-11,06:00,Cow_255,0,0,0,15,31.9,Clear,Field B
2022-08-11,06:00,Cow_256,1,7,7,0,31.9,Clear,Field B
2022-08-11,06:00,Cow_257,2,8,5,0,31.9,Clear,Field C
2022-08-11,06:00,Cow_258,3,5,7,0,31.9,Clear,Field B
2022-08-11,06:00,Cow_259,5,4,6,0,31.9,Clear,Field C
2022-08-11,06:00,Cow_260,10,3,2,0,31.9,Clear,Field B
2022-08-11,06:00,Cow_261,0,0,0,15,31.9,Clear,Field B
2022-08-11,06:00,Cow_262,7,3,5,0,31.9,Clear,Field A
2022-08-11,06:00,Cow_263,1,8,6,0,31.9,Clear,Field B
2022-08-11,06:00,Cow_264,7,10,0,0,31.9,Clear,Field B
2022-08-11,06:00,Cow_265,9,0,8,0,31.9,Clear,Field C
2022-08-11,06:00,Cow_266,13,0,5,0,31.9,Clear,Field A
2022-08-11,06:00,Cow_267,2,7,6,0,31.9,Clear,Field C
2022-08-11,06:00,Cow_268,14,8,0,0,31.9,Clear,Field A
2022-08-11,06:00,Cow_269,14,4,0,0,31.9,Clear,Field C
2022-08-11,06:00,Cow_270,5,5,5,0,31.9,Clear,Field C
2022-08-11,06:00,Cow_271,1,9,5,0,31.9,Clear,Field A
2022-08-11,06:00,Cow_272,7,3,5,0,31.9,Clear,Field C
2022-08-11,06:00,Cow_273,14,3,0,0,31.9,Clear,Field B
2022-08-11,06:00,Cow_274,9,3,3,0,31.9,Clear,Field C
2022-08-11,06:00,Cow_275,0,10,5,0,31.9,Clear,Field A
2022-08-11,06:00,Cow_276,4,5,6,0,31.9,Clear,Field B
2022-08-11,06:00,Cow_277,9,1,5,0,31.9,Clear,Field B
2022-08-11,06:00,Cow_278,0,10,7,0,31.9,Clear,Field C
2022-08-11,06:00,Cow_279,10,6,0,0,31.9,Clear,Field B
2022-08-11,06:00,Cow_280,5,3,7,0,31.9,Clear,Field A
2022-08-11,06:00,Cow_281,1,9,5,0,31.9,Clear,Field A
2022-08-11,06:00,Cow_282,12,3,0,0,31.9,Clear,Field B
2022-08-11,06:00,Cow_283,10,0,6,0,31.9,Clear,Field B
2022-08-11,06:00,Cow_284,12,0,6,0,31.9,Clear,Field A
2022-08-11,06:00,Cow_285,14,5,0,0,31.9,Clear,Field C
2022-08-11,06:00,Cow_286,0,0,0,15,31.9,Clear,Field A
2022-08-11,06:00,Cow_287,2,6,7,0,31.9,Clear,Field C
2022-08-11,06:00,Cow_288,0,0,0,15,31.9,Clear,Field B
2022-08-11,06:00,Cow_289,0,10,7,0,31.9,Clear,Field A
2022-08-11,06:00,Cow_290,0,0,0,15,31.9,Clear,Field B
2022-08-11,06:00,Cow_291,5,10,0,0,31.9,Clear,Field C
2022-08-11,06:00,Cow_292,8,0,7,0,31.9,Clear,Field A
2022-08-11,06:00,Cow_293,9,3,3,0,31.9,Clear,Field C
2022-08-11,06:00,Cow_294,8,4,3,0,31.9,Clear,Field A
2022-08-11,06:00,Cow_295,14,10,0,0,31.9,Clear,Field B
2022-08-11,06:00,Cow_296,8,4,3,0,31.9,Clear,Field B
2022-08-11,06:00,Cow_297,8,0,8,0,31.9,Clear,Field B
2022-08-11,06:00,Cow_298,0,0,0,15,31.9,Clear,Field C
2022-08-11,06:00,Cow_299,0,12,9,0,31.9,Clear,Field A
2022-08-11,06:00,Cow_300,0,0,0,15,31.9,Clear,Field A
2022-08-11,06:00,Cow_301,13,5,0,0,31.9,Clear,Field A
2022-08-11,06:00,Cow_302,7,5,3,0,31.9,Clear,Field B
2022-08-11,06:00,Cow_303,9,3,3,0,31.9,Clear,Field A
2022-08-11,06:00,Cow_304,9,9,0,0,31.9,Clear,Field C
2022-08-11,06:00,Cow_305,3,7,5,0,31.9,Clear,Field C
2022-08-11,06:00,Cow_306,0,0,0,15,31.9,Clear,Field B
2022-08-11,06:00,Cow_307,7,0,8,0,31.9,Clear,Field A
2022-08-11,06:00,Cow_308,1,7,7,0,31.9,Clear,Field A
2022-08-11,06:00,Cow_309,11,5,0,0,31.9,Clear,Field A
2022-08-11,06:00,Cow_310,0,0,0,15,31.9,Clear,Field A
2022-08-11,06:00,Cow_311,5,4,6,0,31.9,Clear,Field C
2022-08-11,06:00,Cow_312,14,5,0,0,31.9,Clear,Field B
2022-08-11,06:00,Cow_313,13,6,0,0,31.9,Clear,Field B
2022-08-11,06:00,Cow_314,10,0,7,0,31.9,Clear,Field B
2022-08-11,06:00,Cow_315,2,6,7,0,31.9,Clear,Field A
2022-08-11,06:00,Cow_316,0,0,0,15,31.9,Clear,Field A
2022-08-11,06:00,Cow_317,14,0,6,0,31.9,Clear,Field C
2022-08-11,06:00,Cow_318,3,8,4,0,31.9,Clear,Field B
2022-08-11,06:00,Cow_319,7,5,3,0,31.9,Clear,Field B
2022-08-11,06:00,Cow_320,14,0,5,0,31.9,Clear,Field B
2022-08-11,06:00,Cow_321,10,4,1,0,31.9,Clear,Field A
2022-08-11,06:00,Cow_322,0,0,0,15,31.9,Clear,Field C
2022-08-11,06:00,Cow_323,13,4,0,0,31.9,Clear,Field C
2022-08-11,06:00,Cow_324,0,10,6,0,31.9,Clear,Field B
2022-08-11,06:00,Cow_325,11,0,7,0,31.9,Clear,Field A
2022-08-11,06:00,Cow_326,12,0,3,0,31.9,Clear,Field C
2022-08-11,06:00,Cow_327,6,5,4,0,31.9,Clear,Field A
2022-08-11,06:00,Cow_328,1,7,7,0,31.9,Clear,Field B
2022-08-11,06:00,Cow_329,9,4,2,0,31.9,Clear,Field A
2022-08-11,06:00,Cow_330,0,9,7,0,31.9,Clear,Field A
2022-08-11,06:00,Cow_331,5,9,1,0,31.9,Clear,Field A
2022-08-11,06:00,Cow_332,14,0,4,0,31.9,Clear,Field C
2022-08-11,06:00,Cow_333,7,4,4,0,31.9,Clear,Field C
2022-08-11,06:00,Cow_334,1,8,6,0,31.9,Clear,Field A
2022-08-11,06:00,Cow_335,0,0,0,15,31.9,Clear,Field C
2022-08-11,06:00,Cow_336,12,10,0,0,31.9,Clear,Field C
2022-08-11,06:00,Cow_337,6,6,3,0,31.9,Clear,Field B
2022-08-11,06:00,Cow_338,5,6,4,0,31.9,Clear,Field B
2022-08-11,06:00,Cow_339,4,5,6,0,31.9,Clear,Field B
2022-08-11,06:00,Cow_340,12,3,0,0,31.9,Clear,Field C
2022-08-11,06:00,Cow_341,7,3,5,0,31.9,Clear,Field B
2022-08-11,06:00,Cow_342,9,7,0,0,31.9,Clear,Field A
2022-08-11,06:00,Cow_343,0,0,0,15,31.9,Clear,Field C
2022-08-11,06:00,Cow_344,5,5,5,0,31.9,Clear,Field C
2022-08-11,06:00,Cow_345,2,7,6,0,31.9,Clear,Field C
2022-08-11,06:00,Cow_346,14,0,3,0,31.9,Clear,Field A
2022-08-11,06:00,Cow_347,5,6,4,0,31.9,Clear,Field C
2022-08-11,06:00,Cow_348,7,9,0,0,31.9,Clear,Field C
2022-08-11,06:00,Cow_349,3,7,5,0,31.9,Clear,Field B
2022-08-11,06:00,Cow_350,7,7,1,0,31.9,Clear,Field C
2022-08-11,06:00,Cow_351,9,3,3,0,31.9,Clear,Field A
2022-08-11,06:00,Cow_352,11,0,4,0,31.9,Clear,Field B
2022-08-11,06:00,Cow_353,7,9,0,0,31.9,Clear,Field A
2022-08-11,06:00,Cow_354,3,9,3,0,31.9,Clear,Field A
2022-08-11,06:00,Cow_355,7,8,0,0,31.9,Clear,Field B
2022-08-11,06:00,Cow_356,4,5,6,0,31.9,Clear,Field C
2022-08-11,06:00,Cow_357,5,10,0,0,31.9,Clear,Field B
2022-08-11,06:00,Cow_358,13,5,0,0,31.9,Clear,Field C
2022-08-11,06:00,Cow_359,12,8,0,0,31.9,Clear,Field A
2022-08-11,06:00,Cow_360,5,4,6,0,31.9,Clear,Field A
2022-08-11,06:00,Cow_361,7,8,0,0,31.9,Clear,Field C
2022-08-11,06:00,Cow_362,2,7,6,0,31.9,Clear,Field C
2022-08-11,06:00,Cow_363,10,0,9,0,31.9,Clear,Field C
2022-08-11,06:00,Cow_364,5,5,5,0,31.9,Clear,Field C
2022-08-11,06:00,Cow_365,12,8,0,0,31.9,Clear,Field C
2022-08-11,06:00,Cow_366,10,7,0,0,31.9,Clear,Field B
2022-08-11,06:00,Cow_367,3,5,7,0,31.9,Clear,Field B
2022-08-11,06:00,Cow_368,11,7,0,0,31.9,Clear,Field A
2022-08-11,06:00,Cow_369,8,4,3,0,31.9,Clear,Field A
2022-08-11,06:00,Cow_370,6,8,1,0,31.9,Clear,Field A
2022-08-11,06:00,Cow_371,5,7,3,0,31.9,Clear,Field C
2022-08-11,06:00,Cow_372,6,8,1,0,31.9,Clear,Field B
2022-08-11,06:00,Cow_373,8,10,0,0,31.9,Clear,Field A
2022-08-11,06:00,Cow_374,13,0,4,0,31.9,Clear,Field A
2022-08-11,06:00,Cow_375,6,5,4,0,31.9,Clear,Field C
2022-08-11,06:00,Cow_376,7,5,3,0,31.9,Clear,Field A
2022-08-11,06:00,Cow_377,7,9,0,0,31.9,Clear,Field B
2022-08-11,06:00,Cow_378,11,9,0,0,31.9,Clear,Field B
2022-08-11,06:00,Cow_379,13,0,7,0,31.9,Clear,Field C
2022-08-11,06:00,Cow_380,9,4,2,0,31.9,Clear,Field A
2022-08-11,06:00,Cow_381,10,6,0,0,31.9,Clear,Field B
2022-08-11,06:00,Cow_382,10,7,0,0,31.9,Clear,Field A
2022-08-11,06:00,Cow_383,10,8,0,0,31.9,Clear,Field B
2022-08-11,06:00,Cow_384,10,0,6,0,31.9,Clear,Field A
2022-08-11,06:00,Cow_385,13,0,4,0,31.9,Clear,Field A
2022-08-11,06:00,Cow_386,7,4,4,0,31.9,Clear,Field C
2022-08-11,06:00,Cow_387,12,10,0,0,31.9,Clear,Field A
2022-08-11,06:00,Cow_388,10,0,6,0,31.9,Clear,Field A
2022-08-11,06:00,Cow_389,12,8,0,0,31.9,Clear,Field B
2022-08-11,06:00,Cow_390,4,4,7,0,31.9,Clear,Field B
2022-08-11,06:00,Cow_391,8,3,4,0,31.9,Clear,Field A
2022-08-11,06:00,Cow_392,9,3,3,0,31.9,Clear,Field B
2022-08-11,06:00,Cow_393,10,7,0,0,31.9,Clear,Field C
2022-08-11,06:00,Cow_394,8,0,8,0,31.9,Clear,Field B
2022-08-11,06:00,Cow_395,2,4,9,0,31.9,Clear,Field A
2022-08-11,06:00,Cow_396,7,3,5,0,31.9,Clear,Field A
2022-08-11,06:00,Cow_397,10,0,7,0,31.9,Clear,Field A
2022-08-11,06:00,Cow_398,7,10,0,0,31.9,Clear,Field C
2022-08-11,06:00,Cow_399,11,9,0,0,31.9,Clear,Field A
2022-08-11,06:00,Cow_400,14,0,8,0,31.9,Clear,Field B
2022-08-11,06:00,Cow_401,5,5,5,0,31.9,Clear,Field C
2022-08-11,06:00,Cow_402,0,9,8,0,31.9,Clear,Field C
2022-08-11,06:00,Cow_403,11,10,0,0,31.9,Clear,Field C
2022-08-11,06:00,Cow_404,12,9,0,0,31.9,Clear,Field C
2022-08-11,06:00,Cow_405,9,5,1,0,31.9,Clear,Field B
2022-08-11,06:00,Cow_406,12,9,0,0,31.9,Clear,Field A
2022-08-11,06:00,Cow_407,0,9,7,0,31.9,Clear,Field A
2022-08-11,06:00,Cow_408,4,6,5,0,31.9,Clear,Field A
2022-08-11,06:00,Cow_409,4,6,5,0,31.9,Clear,Field C
2022-08-11,06:00,Cow_410,8,9,0,0,31.9,Clear,Field B
2022-08-11,06:00,Cow_411,9,0,7,0,31.9,Clear,Field C
2022-08-11,06:00,Cow_412,13,5,0,0,31.9,Clear,Field B
2022-08-11,06:00,Cow_413,5,4,6,0,31.9,Clear,Field B
2022-08-11,06:00,Cow_414,6,4,5,0,31.9,Clear,Field B
2022-08-11,06:00,Cow_415,11,7,0,0,31.9,Clear,Field B
2022-08-11,06:00,Cow_416,2,5,8,0,31.9,Clear,Field A
2022-08-11,06:00,Cow_417,9,8,0,0,31.9,Clear,Field C
2022-08-11,06:00,Cow_418,0,9,8,0,31.9,Clear,Field C
2022-08-11,06:00,Cow_419,0,10,7,0,31.9,Clear,Field B
2022-08-11,06:00,Cow_420,5,3,7,0,31.9,Clear,Field C
2022-08-11,06:00,Cow_421,5,4,6,0,31.9,Clear,Field C
2022-08-11,06:00,Cow_422,5,5,5,0,31.9,Clear,Field A
2022-08-11,06:00,Cow_423,2,6,7,0,31.9,Clear,Field B
2022-08-11,06:00,Cow_424,6,6,3,0,31.9,Clear,Field C
2022-08-11,06:00,Cow_425,1,8,6,0,31.9,Clear,Field C
2022-08-11,06:00,Cow_426,6,5,4,0,31.9,Clear,Field B
2022-08-11,06:00,Cow_427,11,12,0,0,31.9,Clear,Field A
2022-08-11,06:00,Cow_428,9,1,5,0,31.9,Clear,Field C
2022-08-11,06:00,Cow_429,5,6,4,0,31.9,Clear,Field B
2022-08-11,06:00,Cow_430,7,6,2,0,31.9,Clear,Field B
2022-08-11,06:00,Cow_431,5,3,7,0,31.9,Clear,Field A
2022-08-11,06:00,Cow_432,14,5,0,0,31.9,Clear,Field C
2022-08-11,06:00,Cow_433,0,0,0,15,31.9,Clear,Field A
2022-08-11,06:00,Cow_434,1,8,6,0,31.9,Clear,Field B
2022-08-11,06:00,Cow_435,8,4,3,0,31.9,Clear,Field A
2022-08-11,06:00,Cow_436,13,0,7,0,31.9,Clear,Field B
2022-08-11,06:00,Cow_437,12,10,0,0,31.9,Clear,Field C
2022-08-11,06:00,Cow_438,2,8,5,0,31.9,Clear,Field C
2022-08-11,06:00,Cow_439,13,7,0,0,31.9,Clear,Field C
2022-08-11,06:00,Cow_440,7,1,7,0,31.9,Clear,Field B
2022-08-11,06:00,Cow_441,0,7,8,0,31.9,Clear,Field C
2022-08-11,06:00,Cow_442,12,6,0,0,31.9,Clear,Field C
2022-08-11,06:00,Cow_443,13,0,8,0,31.9,Clear,Field C
2022-08-11,06:00,Cow_444,10,8,0,0,31.9,Clear,Field A
2022-08-11,06:00,Cow_445,0,8,7,0,31.9,Clear,Field B
2022-08-11,06:00,Cow_446,3,9,3,0,31.9,Clear,Field B
2022-08-11,06:00,Cow_447,9,0,6,0,31.9,Clear,Field C
2022-08-11,06:00,Cow_448,8,3,4,0,31.9,Clear,Field B
2022-08-11,06:00,Cow_449,7,7,1,0,31.9,Clear,Field B
2022-08-11,06:00,Cow_450,10,10,0,0,31.9,Clear,Field C
2022-08-11,06:00,Cow_451,11,0,6,0,31.9,Clear,Field B
2022-08-11,06:00,Cow_452,8,0,7,0,31.9,Clear,Field B
2022-08-11,06:00,Cow_453,11,4,0,0,31.9,Clear,Field B
2022-08-11,06:00,Cow_454,2,8,5,0,31.9,Clear,Field A
2022-08-11,06:00,Cow_455,13,7,0,0,31.9,Clear,Field B
2022-08-11,06:00,Cow_456,8,1,6,0,31.9,Clear,Field B
2022-08-11,06:00,Cow_457,5,8,2,0,31.9,Clear,Field C
2022-08-11,06:00,Cow_458,13,9,0,0,31.9,Clear,Field A
2022-08-11,06:00,Cow_459,8,4,3,0,31.9,Clear,Field C
2022-08-11,06:00,Cow_460,5,7,3,0,31.9,Clear,Field B
2022-08-11,06:00,Cow_461,12,8,0,0,31.9,Clear,Field C
2022-08-11,06:00,Cow_462,14,0,7,0,31.9,Clear,Field A
2022-08-11,06:00,Cow_463,12,8,0,0,31.9,Clear,Field B
2022-08-11,06:00,Cow_464,11,10,0,0,31.9,Clear,Field C
2022-08-11,06:00,Cow_465,11,0,8,0,31.9,Clear,Field B
2022-08-11,06:00,Cow_466,5,6,4,0,31.9,Clear,Field C
2022-08-11,06:00,Cow_467,14,3,0,0,31.9,Clear,Field B
2022-08-11,06:00,Cow_468,9,10,0,0,31.9,Clear,Field C
2022-08-11,06:00,Cow_469,7,3,5,0,31.9,Clear,Field A
2022-08-11,06:00,Cow_470,5,4,6,0,31.9,Clear,Field A
2022-08-11,06:00,Cow_471,4,6,5,0,31.9,Clear,Field A
2022-08-11,06:00,Cow_472,12,0,3,0,31.9,Clear,Field B
2022-08-11,06:00,Cow_473,12,5,0,0,31.9,Clear,Field C
2022-08-11,06:00,Cow_474,12,6,0,0,31.9,Clear,Field C
2022-08-11,06:00,Cow_475,0,0,0,15,31.9,Clear,Field A
2022-08-11,06:00,Cow_476,10,9,0,0,31.9,Clear,Field A
2022-08-11,06:00,Cow_477,5,4,6,0,31.9,Clear,Field B
2022-08-11,06:00,Cow_478,4,7,4,0,31.9,Clear,Field B
2022-08-11,06:00,Cow_479,1,4,10,0,31.9,Clear,Field B
2022-08-11,06:00,Cow_480,11,4,0,0,31.9,Clear,Field A
2022-08-11,06:00,Cow_481,1,7,7,0,31.9,Clear,Field C
2022-08-11,06:00,Cow_482,6,9,0,0,31.9,Clear,Field A
2022-08-11,06:00,Cow_483,5,8,2,0,31.9,Clear,Field A
2022-08-11,06:00,Cow_484,13,3,0,0,31.9,Clear,Field A
2022-08-11,06:00,Cow_485,4,3,8,0,31.9,Clear,Field B
2022-08-11,06:00,Cow_486,14,0,6,0,31.9,Clear,Field B
2022-08-11,06:00,Cow_487,11,8,0,0,31.9,Clear,Field A
2022-08-11,06:00,Cow_488,13,10,0,0,31.9,Clear,Field A
2022-08-11,06:00,Cow_489,9,0,6,0,31.9,Clear,Field B
2022-08-11,06:00,Cow_490,5,10,0,0,31.9,Clear,Field A
2022-08-11,06:00,Cow_491,0,0,0,15,31.9,Clear,Field B
2022-08-11,06:00,Cow_492,4,4,7,0,31.9,Clear,Field A
2022-08-11,06:00,Cow_493,11,0,4,0,31.9,Clear,Field C
2022-08-11,06:00,Cow_494,14,0,7,0,31.9,Clear,Field C
2022-08-11,06:00,Cow_495,4,4,7,0,31.9,Clear,Field B
2022-08-11,06:00,Cow_496,0,0,0,15,31.9,Clear,Field A
2022-08-11,06:00,Cow_497,5,9,1,0,31.9,Clear,Field A
2022-08-11,06:00,Cow_498,8,4,3,0,31.9,Clear,Field C
2022-08-11,06:00,Cow_499,11,9,0,0,31.9,Clear,Field B
2022-08-11,06:00,Cow_500,13,0,5,0,31.9,Clear,Field A
2022-08-11,06:15,Cow_1,10,7,0,0,36.4,Clear,Field B
2022-08-11,06:15,Cow_2,12,9,0,0,36.4,Clear,Field A
2022-08-11,06:15,Cow_3,8,0,8,0,36.4,Clear,Field B
2022-08-11,06:15,Cow_4,3,8,4,0,36.4,Clear,Field C
2022-08-11,06:15,Cow_5,14,3,0,0,36.4,Clear,Field C
2022-08-11,06:15,Cow_6,0,0,0,15,36.4,Clear,Field B
2022-08-11,06:15,Cow_7,5,5,5,0,36.4,Clear,Field B
2022-08-11,06:15,Cow_8,8,4,3,0,36.4,Clear,Field A
2022-08-11,06:15,Cow_9,12,7,0,0,36.4,Clear,Field B
2022-08-11,06:15,Cow_10,7,4,4,0,36.4,Clear,Field B
2022-08-11,06:15,Cow_11,9,9,0,0,36.4,Clear,Field C
2022-08-11,06:15,Cow_12,12,7,0,0,36.4,Clear,Field B
2022-08-11,06:15,Cow_13,8,4,3,0,36.4,Clear,Field B
2022-08-11,06:15,Cow_14,5,7,3,0,36.4,Clear,Field C
2022-08-11,06:15,Cow_15,8,8,0,0,36.4,Clear,Field B
2022-08-11,06:15,Cow_16,8,3,4,0,36.4,Clear,Field A
2022-08-11,06:15,Cow_17,10,0,6,0,36.4,Clear,Field A
2022-08-11,06:15,Cow_18,6,9,0,0,36.4,Clear,Field B
2022-08-11,06:15,Cow_19,0,10,8,0,36.4,Clear,Field C
2022-08-11,06:15,Cow_20,10,8,0,0,36.4,Clear,Field C
2022-08-11,06:15,Cow_21,14,0,9,0,36.4,Clear,Field B
2022-08-11,06:15,Cow_22,7,4,4,0,36.4,Clear,Field B
2022-08-11,06:15,Cow_23,0,0,0,15,36.4,Clear,Field B
2022-08-11,06:15,Cow_24,8,4,3,0,36.4,Clear,Field C
2022-08-11,06:15,Cow_25,12,0,5,0,36.4,Clear,Field A
2022-08-11,06:15,Cow_26,8,1,6,0,36.4,Clear,Field C
2022-08-11,06:15,Cow_27,7,4,4,0,36.4,Clear,Field C
2022-08-11,06:15,Cow_28,11,4,0,0,36.4,Clear,Field A
2022-08-11,06:15,Cow_29,7,3,5,0,36.4,Clear,Field A
2022-08-11,06:15,Cow_30,10,7,0,0,36.4,Clear,Field C
2022-08-11,06:15,Cow_31,11,12,0,0,36.4,Clear,Field C
2022-08-11,06:15,Cow_32,6,6,3,0,36.4,Clear,Field B
2022-08-11,06:15,Cow_33,2,6,7,0,36.4,Clear,Field A
2022-08-11,06:15,Cow_34,10,7,0,0,36.4,Clear,Field A
2022-08-11,06:15,Cow_35,13,8,0,0,36.4,Clear,Field C
2022-08-11,06:15,Cow_36,10,0,8,0,36.4,Clear,Field B
2022-08-11,06:15,Cow_37,6,4,5,0,36.4,Clear,Field B
2022-08-11,06:15,Cow_38,2,10,3,0,36.4,Clear,Field A
2022-08-11,06:15,Cow_39,5,3,7,0,36.4,Clear,Field B
2022-08-11,06:15,Cow_40,5,10,0,0,36.4,Clear,Field B
2022-08-11,06:15,Cow_41,0,0,0,15,36.4,Clear,Field B
2022-08-11,06:15,Cow_42,7,5,3,0,36.4,Clear,Field C
2022-08-11,06:15,Cow_43,0,10,6,0,36.4,Clear,Field C
2022-08-11,06:15,Cow_44,9,0,8,0,36.4,Clear,Field C
2022-08-11,06:15,Cow_45,2,8,5,0,36.4,Clear,Field C
2022-08-11,06:15,Cow_46,3,7,5,0,36.4,Clear,Field C
2022-08-11,06:15,Cow_47,0,0,0,15,36.4,Clear,Field B
2022-08-11,06:15,Cow_48,2,6,7,0,36.4,Clear,Field C
2022-08-11,06:15,Cow_49,7,2,6,0,36.4,Clear,Field A
2022-08-11,06:15,Cow_50,4,3,8,0,36.4,Clear,Field A
2022-08-11,06:15,Cow_51,9,0,7,0,36.4,Clear,Field B
2022-08-11,06:15,Cow_52,10,4,1,0,36.4,Clear,Field B
2022-08-11,06:15,Cow_53,7,5,3,0,36.4,Clear,Field B
2022-08-11,06:15,Cow_54,6,10,0,0,36.4,Clear,Field B
2022-08-11,06:15,Cow_55,1,9,5,0,36.4,Clear,Field A
2022-08-11,06:15,Cow_56,12,6,0,0,36.4,Clear,Field A
2022-08-11,06:15,Cow_57,10,5,0,0,36.4,Clear,Field C
2022-08-11,06:15,Cow_58,8,0,7,0,36.4,Clear,Field B
2022-08-11,06:15,Cow_59,10,7,0,0,36.4,Clear,Field B
2022-08-11,06:15,Cow_60,10,6,0,0,36.4,Clear,Field B
2022-08-11,06:15,Cow_61,5,3,7,0,36.4,Clear,Field C
2022-08-11,06:15,Cow_62,6,2,7,0,36.4,Clear,Field B
2022-08-11,06:15,Cow_63,6,5,4,0,36.4,Clear,Field A
2022-08-11,06:15,Cow_64,0,0,0,15,36.4,Clear,Field A
2022-08-11,06:15,Cow_65,13,5,0,0,36.4,Clear,Field A
2022-08-11,06:15,Cow_66,12,0,7,0,36.4,Clear,Field A
2022-08-11,06:15,Cow_67,7,5,3,0,36.4,Clear,Field A
2022-08-11,06:15,Cow_68,6,2,7,0,36.4,Clear,Field A
2022-08-11,06:15,Cow_69,4,5,6,0,36.4,Clear,Field B
2022-08-11,06:15,Cow_70,8,10,0,0,36.4,Clear,Field B
2022-08-11,06:15,Cow_71,11,0,8,0,36.4,Clear,Field B
2022-08-11,06:15,Cow_72,5,7,3,0,36.4,Clear,Field A
2022-08-11,06:15,Cow_73,6,9,0,0,36.4,Clear,Field B
2022-08-11,06:15,Cow_74,12,0,8,0,36.4,Clear,Field A
2022-08-11,06:15,Cow_75,14,5,0,0,36.4,Clear,Field A
2022-08-11,06:15,Cow_76,11,0,7,0,36.4,Clear,Field B
2022-08-11,06:15,Cow_77,7,10,0,0,36.4,Clear,Field B
2022-08-11,06:15,Cow_78,9,3,3,0,36.4,Clear,Field C
2022-08-11,06:15,Cow_79,2,9,4,0,36.4,Clear,Field B
2022-08-11,06:15,Cow_80,6,5,4,0,36.4,Clear,Field B
2022-08-11,06:15,Cow_81,4,3,8,0,36.4,Clear,Field B
2022-08-11,06:15,Cow_82,12,0,4,0,36.4,Clear,Field C
2022-08-11,06:15,Cow_83,14,0,6,0,36.4,Clear,Field B
2022-08-11,06:15,Cow_84,11,0,5,0,36.4,Clear,Field B
2022-08-11,06:15,Cow_85,8,8,0,0,36.4,Clear,Field B
2022-08-11,06:15,Cow_86,3,6,6,0,36.4,Clear,Field C
2022-08-11,06:15,Cow_87,3,6,6,0,36.4,Clear,Field C
2022-08-11,06:15,Cow_88,13,7,0,0,36.4,Clear,Field B
2022-08-11,06:15,Cow_89,12,3,0,0,36.4,Clear,Field C
2022-08-11,06:15,Cow_90,0,0,0,15,36.4,Clear,Field B
2022-08-11,06:15,Cow_91,6,3,6,0,36.4,Clear,Field A
2022-08-11,06:15,Cow_92,10,0,5,0,36.4,Clear,Field C
2022-08-11,06:15,Cow_93,6,10,0,0,36.4,Clear,Field A
2022-08-11,06:15,Cow_94,6,6,3,0,36.4,Clear,Field B
2022-08-11,06:15,Cow_95,14,0,7,0,36.4,Clear,Field C
2022-08-11,06:15,Cow_96,8,1,6,0,36.4,Clear,Field C
2022-08-11,06:15,Cow_97,8,3,4,0,36.4,Clear,Field B
2022-08-11,06:15,Cow_98,0,7,9,0,36.4,Clear,Field A
2022-08-11,06:15,Cow_99,12,6,0,0,36.4,Clear,Field B
2022-08-11,06:15,Cow_100,4,7,4,0,36.4,Clear,Field A
2022-08-11,06:15,Cow_101,8,4,3,0,36.4,Clear,Field A
2022-08-11,06:15,Cow_102,13,0,6,0,36.4,Clear,Field A
2022-08-11,06:15,Cow_103,8,6,1,0,36.4,Clear,Field B
2022-08-11,06:15,Cow_104,0,10,6,0,36.4,Clear,Field C
2022-08-11,06:15,Cow_105,2,5,8,0,36.4,Clear,Field B
2022-08-11,06:15,Cow_106,9,5,1,0,36.4,Clear,Field A
2022-08-11,06:15,Cow_107,8,3,4,0,36.4,Clear,Field C
2022-08-11,06:15,Cow_108,2,6,7,0,36.4,Clear,Field B
2022-08-11,06:15,Cow_109,9,3,3,0,36.4,Clear,Field C
2022-08-11,06:15,Cow_110,10,7,0,0,36.4,Clear,Field B
2022-08-11,06:15,Cow_111,0,9,8,0,36.4,Clear,Field B
2022-08-11,06:15,Cow_112,4,7,4,0,36.4,Clear,Field B
2022-08-11,06:15,Cow_113,13,9,0,0,36.4,Clear,Field B
2022-08-11,06:15,Cow_114,14,0,3,0,36.4,Clear,Field A
2022-08-11,06:15,Cow_115,5,3,7,0,36.4,Clear,Field B
2022-08-11,06:15,Cow_116,13,0,4,0,36.4,Clear,Field C
2022-08-11,06:15,Cow_117,11,1,3,0,36.4,Clear,Field A
2022-08-11,06:15,Cow_118,13,6,0,0,36.4,Clear,Field C
2022-08-11,06:15,Cow_119,8,10,0,0,36.4,Clear,Field A
2022-08-11,06:15,Cow_120,5,3,7,0,36.4,Clear,Field C
2022-08-11,06:15,Cow_121,7,4,4,0,36.4,Clear,Field A
2022-08-11,06:15,Cow_122,13,7,0,0,36.4,Clear,Field A
2022-08-11,06:15,Cow_123,12,5,0,0,36.4,Clear,Field C
2022-08-11,06:15,Cow_124,9,2,4,0,36.4,Clear,Field B
2022-08-11,06:15,Cow_125,5,3,7,0,36.4,Clear,Field C
2022-08-11,06:15,Cow_126,10,2,3,0,36.4,Clear,Field A
2022-08-11,06:15,Cow_127,11,8,0,0,36.4,Clear,Field C
2022-08-11,06:15,Cow_128,12,0,4,0,36.4,Clear,Field B
2022-08-11,06:15,Cow_129,5,4,6,0,36.4,Clear,Field C
2022-08-11,06:15,Cow_130,12,7,0,0,36.4,Clear,Field B
2022-08-11,06:15,Cow_131,1,8,6,0,36.4,Clear,Field B
2022-08-11,06:15,Cow_132,8,10,0,0,36.4,Clear,Field C
2022-08-11,06:15,Cow_133,11,4,0,0,36.4,Clear,Field A
2022-08-11,06:15,Cow_134,14,3,0,0,36.4,Clear,Field B
2022-08-11,06:15,Cow_135,9,0,8,0,36.4,Clear,Field A
2022-08-11,06:15,Cow_136,5,7,3,0,36.4,Clear,Field A
2022-08-11,06:15,Cow_137,2,8,5,0,36.4,Clear,Field C
2022-08-11,06:15,Cow_138,13,0,5,0,36.4,Clear,Field B
2022-08-11,06:15,Cow_139,0,8,7,0,36.4,Clear,Field A
2022-08-11,06:15,Cow_140,9,4,2,0,36.4,Clear,Field B
2022-08-11,06:15,Cow_141,0,10,7,0,36.4,Clear,Field A
2022-08-11,06:15,Cow_142,14,0,6,0,36.4,Clear,Field C
2022-08-11,06:15,Cow_143,6,2,7,0,36.4,Clear,Field B
2022-08-11,06:15,Cow_144,8,5,2,0,36.4,Clear,Field C
2022-08-11,06:15,Cow_145,6,5,4,0,36.4,Clear,Field A
2022-08-11,06:15,Cow_146,8,3,4,0,36.4,Clear,Field C
2022-08-11,06:15,Cow_147,1,7,7,0,36.4,Clear,Field C
2022-08-11,06:15,Cow_148,0,8,7,0,36.4,Clear,Field C
2022-08-11,06:15,Cow_149,0,0,0,15,36.4,Clear,Field B
2022-08-11,06:15,Cow_150,0,0,0,15,36.4,Clear,Field B
2022-08-11,06:15,Cow_151,0,10,7,0,36.4,Clear,Field B
2022-08-11,06:15,Cow_152,5,6,4,0,36.4,Clear,Field B
2022-08-11,06:15,Cow_153,8,1,6,0,36.4,Clear,Field A
2022-08-11,06:15,Cow_154,1,10,4,0,36.4,Clear,Field C
2022-08-11,06:15,Cow_155,0,0,0,15,36.4,Clear,Field C
2022-08-11,06:15,Cow_156,9,9,0,0,36.4,Clear,Field B
2022-08-11,06:15,Cow_157,2,5,8,0,36.4,Clear,Field C
2022-08-11,06:15,Cow_158,8,4,3,0,36.4,Clear,Field C
2022-08-11,06:15,Cow_159,10,0,7,0,36.4,Clear,Field A
2022-08-11,06:15,Cow_160,4,5,6,0,36.4,Clear,Field C
2022-08-11,06:15,Cow_161,8,8,0,0,36.4,Clear,Field A
2022-08-11,06:15,Cow_162,4,7,4,0,36.4,Clear,Field B
2022-08-11,06:15,Cow_163,0,7,8,0,36.4,Clear,Field B
2022-08-11,06:15,Cow_164,7,10,0,0,36.4,Clear,Field C
2022-08-11,06:15,Cow_165,9,3,3,0,36.4,Clear,Field A
2022-08-11,06:15,Cow_166,14,0,5,0,36.4,Clear,Field A
2022-08-11,06:15,Cow_167,3,6,6,0,36.4,Clear,Field B
2022-08-11,06:15,Cow_168,11,0,4,0,36.4,Clear,Field A
2022-08-11,06:15,Cow_169,13,0,8,0,36.4,Clear,Field B
2022-08-11,06:15,Cow_170,9,6,0,0,36.4,Clear,Field A
2022-08-11,06:15,Cow_171,4,4,7,0,36.4,Clear,Field A
2022-08-11,06:15,Cow_172,11,0,5,0,36.4,Clear,Field B
2022-08-11,06:15,Cow_173,0,9,8,0,36.4,Clear,Field A
2022-08-11,06:15,Cow_174,0,9,6,0,36.4,Clear,Field A
2022-08-11,06:15,Cow_175,6,9,0,0,36.4,Clear,Field B
2022-08-11,06:15,Cow_176,12,0,5,0,36.4,Clear,Field C
2022-08-11,06:15,Cow_177,3,9,3,0,36.4,Clear,Field C
2022-08-11,06:15,Cow_178,6,1,8,0,36.4,Clear,Field B
2022-08-11,06:15,Cow_179,8,5,2,0,36.4,Clear,Field B
2022-08-11,06:15,Cow_180,8,4,3,0,36.4,Clear,Field A
2022-08-11,06:15,Cow_181,2,9,4,0,36.4,Clear,Field C
2022-08-11,06:15,Cow_182,5,9,1,0,36.4,Clear,Field B
2022-08-11,06:15,Cow_183,6,10,0,0,36.4,Clear,Field B
2022-08-11,06:15,Cow_184,4,7,4,0,36.4,Clear,Field B
2022-08-11,06:15,Cow_185,12,5,0,0,36.4,Clear,Field B
2022-08-11,06:15,Cow_186,0,10,6,0,36.4,Clear,Field B
2022-08-11,06:15,Cow_187,14,4,0,0,36.4,Clear,Field A
2022-08-11,06:15,Cow_188,10,0,5,0,36.4,Clear,Field A
2022-08-11,06:15,Cow_189,0,0,0,15,36.4,Clear,Field A
2022-08-11,06:15,Cow_190,14,7,0,0,36.4,Clear,Field C
2022-08-11,06:15,Cow_191,14,0,6,0,36.4,Clear,Field A
2022-08-11,06:15,Cow_192,10,1,4,0,36.4,Clear,Field A
2022-08-11,06:15,Cow_193,13,0,7,0,36.4,Clear,Field B
2022-08-11,06:15,Cow_194,8,4,3,0,36.4,Clear,Field A
2022-08-11,06:15,Cow_195,14,5,0,0,36.4,Clear,Field B
2022-08-11,06:15,Cow_196,0,0,0,15,36.4,Clear,Field C
2022-08-11,06:15,Cow_197,3,6,6,0,36.4,Clear,Field A
2022-08-11,06:15,Cow_198,13,0,5,0,36.4,Clear,Field A
2022-08-11,06:15,Cow_199,0,0,0,15,36.4,Clear,Field B
2022-08-11,06:15,Cow_200,6,4,5,0,36.4,Clear,Field A
2022-08-11,06:15,Cow_201,12,0,4,0,36.4,Clear,Field C
2022-08-11,06:15,Cow_202,3,4,8,0,36.4,Clear,Field C
2022-08-11,06:15,Cow_203,4,7,4,0,36.4,Clear,Field C
2022-08-11,06:15,Cow_204,12,10,0,0,36.4,Clear,Field B
2022-08-11,06:15,Cow_205,12,7,0,0,36.4,Clear,Field C
2022-08-11,06:15,Cow_206,5,7,3,0,36.4,Clear,Field A
2022-08-11,06:15,Cow_207,3,7,5,0,36.4,Clear,Field B
2022-08-11,06:15,Cow_208,5,5,5,0,36.4,Clear,Field B
2022-08-11,06:15,Cow_209,6,1,8,0,36.4,Clear,Field C
2022-08-11,06:15,Cow_210,6,6,3,0,36.4,Clear,Field B
2022-08-11,06:15,Cow_211,6,5,4,0,36.4,Clear,Field C
2022-08-11,06:15,Cow_212,5,6,4,0,36.4,Clear,Field A
2022-08-11,06:15,Cow_213,14,0,7,0,36.4,Clear,Field C
2022-08-11,06:15,Cow_214,14,4,0,0,36.4,Clear,Field B
2022-08-11,06:15,Cow_215,8,4,3,0,36.4,Clear,Field B
2022-08-11,06:15,Cow_216,5,6,4,0,36.4,Clear,Field C
2022-08-11,06:15,Cow_217,5,3,7,0,36.4,Clear,Field A
2022-08-11,06:15,Cow_218,12,0,5,0,36.4,Clear,Field C
2022-08-11,06:15,Cow_219,0,0,0,15,36.4,Clear,Field C
2022-08-11,06:15,Cow_220,11,6,0,0,36.4,Clear,Field B
2022-08-11,06:15,Cow_221,11,0,5,0,36.4,Clear,Field C
2022-08-11,06:15,Cow_222,10,7,0,0,36.4,Clear,Field A
2022-08-11,06:15,Cow_223,0,10,6,0,36.4,Clear,Field C
2022-08-11,06:15,Cow_224,11,5,0,0,36.4,Clear,Field A
2022-08-11,06:15,Cow_225,7,4,4,0,36.4,Clear,Field C
2022-08-11,06:15,Cow_226,2,8,5,0,36.4,Clear,Field A
2022-08-11,06:15,Cow_227,6,4,5,0,36.4,Clear,Field B
2022-08-11,06:15,Cow_228,13,0,8,0,36.4,Clear,Field A
2022-08-11,06:15,Cow_229,12,10,0,0,36.4,Clear,Field C
2022-08-11,06:15,Cow_230,2,5,8,0,36.4,Clear,Field A
2022-08-11,06:15,Cow_231,10,4,1,0,36.4,Clear,Field B
2022-08-11,06:15,Cow_232,0,9,7,0,36.4,Clear,Field B
2022-08-11,06:15,Cow_233,9,0,6,0,36.4,Clear,Field A
2022-08-11,06:15,Cow_234,8,3,4,0,36.4,Clear,Field A
2022-08-11,06:15,Cow_235,0,0,0,15,36.4,Clear,Field C
2022-08-11,06:15,Cow_236,6,2,7,0,36.4,Clear,Field C
2022-08-11,06:15,Cow_237,5,3,7,0,36.4,Clear,Field C
2022-08-11,06:15,Cow_238,7,8,0,0,36.4,Clear,Field C
2022-08-11,06:15,Cow_239,6,8,1,0,36.4,Clear,Field B
2022-08-11,06:15,Cow_240,11,8,0,0,36.4,Clear,Field A
2022-08-11,06:15,Cow_241,11,5,0,0,36.4,Clear,Field A
2022-08-11,06:15,Cow_242,2,9,4,0,36.4,Clear,Field C
2022-08-11,06:15,Cow_243,3,6,6,0,36.4,Clear,Field B
2022-08-11,06:15,Cow_244,6,4,5,0,36.4,Clear,Field C
2022-08-11,06:15,Cow_245,9,1,5,0,36.4,Clear,Field B
2022-08-11,06:15,Cow_246,3,8,4,0,36.4,Clear,Field C
2022-08-11,06:15,Cow_247,0,12,10,0,36.4,Clear,Field A
2022-08-11,06:15,Cow_248,12,6,0,0,36.4,Clear,Field B
2022-08-11,06:15,Cow_249,11,1,3,0,36.4,Clear,Field B
2022-08-11,06:15,Cow_250,0,8,7,0,36.4,Clear,Field B
2022-08-11,06:15,Cow_251,6,1,8,0,36.4,Clear,Field B
2022-08-11,06:15,Cow_252,0,12,4,0,36.4,Clear,Field B
2022-08-11,06:15,Cow_253,6,4,5,0,36.4,Clear,Field C
2022-08-11,06:15,Cow_254,6,6,3,0,36.4,Clear,Field B
2022-08-11,06:15,Cow_255,10,2,3,0,36.4,Clear,Field B
2022-08-11,06:15,Cow_256,6,3,6,0,36.4,Clear,Field A
2022-08-11,06:15,Cow_257,5,3,7,0,36.4,Clear,Field A
2022-08-11,06:15,Cow_258,14,0,7,0,36.4,Clear,Field B
2022-08-11,06:15,Cow_259,2,8,5,0,36.4,Clear,Field A
2022-08-11,06:15,Cow_260,0,10,7,0,36.4,Clear,Field A
2022-08-11,06:15,Cow_261,0,0,0,15,36.4,Clear,Field A
2022-08-11,06:15,Cow_262,1,9,5,0,36.4,Clear,Field B
2022-08-11,06:15,Cow_263,3,9,3,0,36.4,Clear,Field A
2022-08-11,06:15,Cow_264,1,9,5,0,36.4,Clear,Field A
2022-08-11,06:15,Cow_265,6,5,4,0,36.4,Clear,Field C
2022-08-11,06:15,Cow_266,13,7,0,0,36.4,Clear,Field C
2022-08-11,06:15,Cow_267,13,10,0,0,36.4,Clear,Field B
2022-08-11,06:15,Cow_268,0,10,6,0,36.4,Clear,Field B
2022-08-11,06:15,Cow_269,14,0,3,0,36.4,Clear,Field A
2022-08-11,06:15,Cow_270,8,4,3,0,36.4,Clear,Field A
2022-08-11,06:15,Cow_271,13,7,0,0,36.4,Clear,Field B
2022-08-11,06:15,Cow_272,8,4,3,0,36.4,Clear,Field B
2022-08-11,06:15,Cow_273,3,9,3,0,36.4,Clear,Field A
2022-08-11,06:15,Cow_274,6,4,5,0,36.4,Clear,Field B
2022-08-11,06:15,Cow_275,12,0,3,0,36.4,Clear,Field A
2022-08-11,06:15,Cow_276,0,7,8,0,36.4,Clear,Field B
2022-08-11,06:15,Cow_277,0,9,8,0,36.4,Clear,Field B
2022-08-11,06:15,Cow_278,3,7,5,0,36.4,Clear,Field C
2022-08-11,06:15,Cow_279,6,1,8,0,36.4,Clear,Field C
2022-08-11,06:15,Cow_280,9,0,8,0,36.4,Clear,Field C
2022-08-11,06:15,Cow_281,8,0,8,0,36.4,Clear,Field C
2022-08-11,06:15,Cow_282,6,8,1,0,36.4,Clear,Field B
2022-08-11,06:15,Cow_283,14,0,5,0,36.4,Clear,Field A
2022-08-11,06:15,Cow_284,0,10,5,0,36.4,Clear,Field C
2022-08-11,06:15,Cow_285,7,3,5,0,36.4,Clear,Field A
2022-08-11,06:15,Cow_286,5,10,0,0,36.4,Clear,Field B
2022-08-11,06:15,Cow_287,11,0,4,0,36.4,Clear,Field B
2022-08-11,06:15,Cow_288,9,7,0,0,36.4,Clear,Field C
2022-08-11,06:15,Cow_289,7,3,5,0,36.4,Clear,Field A
2022-08-11,06:15,Cow_290,8,2,5,0,36.4,Clear,Field B
2022-08-11,06:15,Cow_291,5,5,5,0,36.4,Clear,Field A
2022-08-11,06:15,Cow_292,5,4,6,0,36.4,Clear,Field A
2022-08-11,06:15,Cow_293,8,0,7,0,36.4,Clear,Field A
2022-08-11,06:15,Cow_294,8,0,8,0,36.4,Clear,Field A
2022-08-11,06:15,Cow_295,4,5,6,0,36.4,Clear,Field A
2022-08-11,06:15,Cow_296,1,10,4,0,36.4,Clear,Field C
2022-08-11,06:15,Cow_297,11,8,0,0,36.4,Clear,Field B
2022-08-11,06:15,Cow_298,3,5,7,0,36.4,Clear,Field C
2022-08-11,06:15,Cow_299,0,9,6,0,36.4,Clear,Field B
2022-08-11,06:15,Cow_300,12,0,6,0,36.4,Clear,Field C
2022-08-11,06:15,Cow_301,14,4,0,0,36.4,Clear,Field B
2022-08-11,06:15,Cow_302,10,2,3,0,36.4,Clear,Field B
2022-08-11,06:15,Cow_303,6,2,7,0,36.4,Clear,Field A
2022-08-11,06:15,Cow_304,4,6,5,0,36.4,Clear,Field A
2022-08-11,06:15,Cow_305,1,6,8,0,36.4,Clear,Field A
2022-08-11,06:15,Cow_306,12,0,5,0,36.4,Clear,Field B
2022-08-11,06:15,Cow_307,7,3,5,0,36.4,Clear,Field B
2022-08-11,06:15,Cow_308,14,3,0,0,36.4,Clear,Field C
2022-08-11,06:15,Cow_309,10,0,8,0,36.4,Clear,Field C
2022-08-11,06:15,Cow_310,8,8,0,0,36.4,Clear,Field B
2022-08-11,06:15,Cow_311,13,0,4,0,36.4,Clear,Field B
2022-08-11,06:15,Cow_312,10,0,6,0,36.4,Clear,Field B
2022-08-11,06:15,Cow_313,8,3,4,0,36.4,Clear,Field A
2022-08-11,06:15,Cow_314,14,0,7,0,36.4,Clear,Field A
2022-08-11,06:15,Cow_315,0,9,8,0,36.4,Clear,Field C
2022-08-11,06:15,Cow_316,6,4,5,0,36.4,Clear,Field B
2022-08-11,06:15,Cow_317,7,2,6,0,36.4,Clear,Field B
2022-08-11,06:15,Cow_318,11,7,0,0,36.4,Clear,Field A
2022-08-11,06:15,Cow_319,1,10,4,0,36.4,Clear,Field B
2022-08-11,06:15,Cow_320,0,10,8,0,36.4,Clear,Field B
2022-08-11,06:15,Cow_321,10,0,8,0,36.4,Clear,Field B
2022-08-11,06:15,Cow_322,9,0,8,0,36.4,Clear,Field C
2022-08-11,06:15,Cow_323,7,9,0,0,36.4,Clear,Field A
2022-08-11,06:15,Cow_324,14,0,5,0,36.4,Clear,Field A
2022-08-11,06:15,Cow_325,7,3,5,0,36.4,Clear,Field A
2022-08-11,06:15,Cow_326,0,0,0,15,36.4,Clear,Field B
2022-08-11,06:15,Cow_327,6,3,6,0,36.4,Clear,Field A
2022-08-11,06:15,Cow_328,2,6,7,0,36.4,Clear,Field C
2022-08-11,06:15,Cow_329,0,0,0,15,36.4,Clear,Field A
2022-08-11,06:15,Cow_330,9,3,3,0,36.4,Clear,Field C
2022-08-11,06:15,Cow_331,14,0,3,0,36.4,Clear,Field B
2022-08-11,06:15,Cow_332,0,0,0,15,36.4,Clear,Field B
2022-08-11,06:15,Cow_333,6,3,6,0,36.4,Clear,Field A
2022-08-11,06:15,Cow_334,7,4,4,0,36.4,Clear,Field A
2022-08-11,06:15,Cow_335,6,3,6,0,36.4,Clear,Field A
2022-08-11,06:15,Cow_336,13,0,6,0,36.4,Clear,Field C
2022-08-11,06:15,Cow_337,14,7,0,0,36.4,Clear,Field B
2022-08-11,06:15,Cow_338,11,0,7,0,36.4,Clear,Field B
2022-08-11,06:15,Cow_339,7,8,0,0,36.4,Clear,Field B
2022-08-11,06:15,Cow_340,14,0,8,0,36.4,Clear,Field C
2022-08-11,06:15,Cow_341,14,0,6,0,36.4,Clear,Field C
2022-08-11,06:15,Cow_342,5,4,6,0,36.4,Clear,Field A
2022-08-11,06:15,Cow_343,5,7,3,0,36.4,Clear,Field C
2022-08-11,06:15,Cow_344,0,0,0,15,36.4,Clear,Field C
2022-08-11,06:15,Cow_345,4,4,7,0,36.4,Clear,Field B
2022-08-11,06:15,Cow_346,14,7,0,0,36.4,Clear,Field C
2022-08-11,06:15,Cow_347,9,2,4,0,36.4,Clear,Field A
2022-08-11,06:15,Cow_348,7,9,0,0,36.4,Clear,Field A
2022-08-11,06:15,Cow_349,2,10,3,0,36.4,Clear,Field C
2022-08-11,06:15,Cow_350,11,10,0,0,36.4,Clear,Field C
2022-08-11,06:15,Cow_351,12,0,4,0,36.4,Clear,Field C
2022-08-11,06:15,Cow_352,13,0,8,0,36.4,Clear,Field C
2022-08-11,06:15,Cow_353,2,6,7,0,36.4,Clear,Field B
2022-08-11,06:15,Cow_354,5,5,5,0,36.4,Clear,Field C
2022-08-11,06:15,Cow_355,11,9,0,0,36.4,Clear,Field A
2022-08-11,06:15,Cow_356,1,8,6,0,36.4,Clear,Field C
2022-08-11,06:15,Cow_357,9,3,3,0,36.4,Clear,Field B
2022-08-11,06:15,Cow_358,5,4,6,0,36.4,Clear,Field A
2022-08-11,06:15,Cow_359,0,10,10,0,36.4,Clear,Field A
2022-08-11,06:15,Cow_360,1,9,5,0,36.4,Clear,Field C
2022-08-11,06:15,Cow_361,13,0,4,0,36.4,Clear,Field A
2022-08-11,06:15,Cow_362,2,10,3,0,36.4,Clear,Field B
2022-08-11,06:15,Cow_363,12,0,9,0,36.4,Clear,Field A
2022-08-11,06:15,Cow_364,0,9,6,0,36.4,Clear,Field C
2022-08-11,06:15,Cow_365,7,9,0,0,36.4,Clear,Field B
2022-08-11,06:15,Cow_366,0,9,7,0,36.4,Clear,Field C
2022-08-11,06:15,Cow_367,8,3,4,0,36.4,Clear,Field B
2022-08-11,06:15,Cow_368,5,7,3,0,36.4,Clear,Field B
2022-08-11,06:15,Cow_369,8,3,4,0,36.4,Clear,Field A
2022-08-11,06:15,Cow_370,13,0,7,0,36.4,Clear,Field C
2022-08-11,06:15,Cow_371,12,0,4,0,36.4,Clear,Field B
2022-08-11,06:15,Cow_372,10,3,2,0,36.4,Clear,Field A
2022-08-11,06:15,Cow_373,6,3,6,0,36.4,Clear,Field A
2022-08-11,06:15,Cow_374,14,0,3,0,36.4,Clear,Field B
2022-08-11,06:15,Cow_375,11,0,8,0,36.4,Clear,Field A
2022-08-11,06:15,Cow_376,5,9,1,0,36.4,Clear,Field C
2022-08-11,06:15,Cow_377,14,0,3,0,36.4,Clear,Field C
2022-08-11,06:15,Cow_378,11,4,0,0,36.4,Clear,Field C
2022-08-11,06:15,Cow_379,0,0,0,15,36.4,Clear,Field A
2022-08-11,06:15,Cow_380,13,7,0,0,36.4,Clear,Field A
2022-08-11,06:15,Cow_381,13,11,0,0,36.4,Clear,Field B
2022-08-11,06:15,Cow_382,8,3,4,0,36.4,Clear,Field C
2022-08-11,06:15,Cow_383,13,0,8,0,36.4,Clear,Field C
2022-08-11,06:15,Cow_384,1,8,6,0,36.4,Clear,Field B
2022-08-11,06:15,Cow_385,10,5,0,0,36.4,Clear,Field B
2022-08-11,06:15,Cow_386,7,3,5,0,36.4,Clear,Field C
2022-08-11,06:15,Cow_387,2,7,6,0,36.4,Clear,Field B
2022-08-11,06:15,Cow_388,2,5,8,0,36.4,Clear,Field B
2022-08-11,06:15,Cow_389,6,6,3,0,36.4,Clear,Field A
2022-08-11,06:15,Cow_390,6,5,4,0,36.4,Clear,Field B
2022-08-11,06:15,Cow_391,15,0,10,0,36.4,Clear,Field A
2022-08-11,06:15,Cow_392,0,10,6,0,36.4,Clear,Field C
2022-08-11,06:15,Cow_393,11,1,3,0,36.4,Clear,Field A
2022-08-11,06:15,Cow_394,0,8,8,0,36.4,Clear,Field C
2022-08-11,06:15,Cow_395,15,12,0,0,36.4,Clear,Field A
2022-08-11,06:15,Cow_396,5,5,5,0,36.4,Clear,Field B
2022-08-11,06:15,Cow_397,5,4,6,0,36.4,Clear,Field C
2022-08-11,06:15,Cow_398,11,1,3,0,36.4,Clear,Field C
2022-08-11,06:15,Cow_399,8,3,4,0,36.4,Clear,Field B
2022-08-11,06:15,Cow_400,5,7,3,0,36.4,Clear,Field B
2022-08-11,06:15,Cow_401,8,1,6,0,36.4,Clear,Field C
2022-08-11,06:15,Cow_402,6,4,5,0,36.4,Clear,Field A
2022-08-11,06:15,Cow_403,11,0,4,0,36.4,Clear,Field B
2022-08-11,06:15,Cow_404,11,9,0,0,36.4,Clear,Field B
2022-08-11,06:15,Cow_405,13,8,0,0,36.4,Clear,Field C
2022-08-11,06:15,Cow_406,7,4,4,0,36.4,Clear,Field A
2022-08-11,06:15,Cow_407,0,10,8,0,36.4,Clear,Field C
2022-08-11,06:15,Cow_408,7,3,5,0,36.4,Clear,Field A
2022-08-11,06:15,Cow_409,13,9,0,0,36.4,Clear,Field A
2022-08-11,06:15,Cow_410,6,2,7,0,36.4,Clear,Field C
2022-08-11,06:15,Cow_411,8,0,8,0,36.4,Clear,Field C
2022-08-11,06:15,Cow_412,0,11,9,0,36.4,Clear,Field A
2022-08-11,06:15,Cow_413,11,0,6,0,36.4,Clear,Field C
2022-08-11,06:15,Cow_414,14,8,0,0,36.4,Clear,Field A
2022-08-11,06:15,Cow_415,7,3,5,0,36.4,Clear,Field B
2022-08-11,06:15,Cow_416,6,3,6,0,36.4,Clear,Field A
2022-08-11,06:15,Cow_417,5,9,1,0,36.4,Clear,Field C
2022-08-11,06:15,Cow_418,1,7,7,0,36.4,Clear,Field A
2022-08-11,06:15,Cow_419,14,0,6,0,36.4,Clear,Field A
2022-08-11,06:15,Cow_420,11,9,0,0,36.4,Clear,Field B
2022-08-11,06:15,Cow_421,9,3,3,0,36.4,Clear,Field B
2022-08-11,06:15,Cow_422,13,0,3,0,36.4,Clear,Field C
2022-08-11,06:15,Cow_423,14,5,0,0,36.4,Clear,Field A
2022-08-11,06:15,Cow_424,5,4,6,0,36.4,Clear,Field B
2022-08-11,06:15,Cow_425,8,8,0,0,36.4,Clear,Field C
2022-08-11,06:15,Cow_426,6,4,5,0,36.4,Clear,Field B
2022-08-11,06:15,Cow_427,3,9,3,0,36.4,Clear,Field C
2022-08-11,06:15,Cow_428,11,0,7,0,36.4,Clear,Field B
2022-08-11,06:15,Cow_429,5,7,3,0,36.4,Clear,Field B
2022-08-11,06:15,Cow_430,10,6,0,0,36.4,Clear,Field A
2022-08-11,06:15,Cow_431,9,7,0,0,36.4,Clear,Field C
2022-08-11,06:15,Cow_432,3,7,5,0,36.4,Clear,Field A
2022-08-11,06:15,Cow_433,9,2,4,0,36.4,Clear,Field C
2022-08-11,06:15,Cow_434,2,7,6,0,36.4,Clear,Field C
2022-08-11,06:15,Cow_435,3,9,3,0,36.4,Clear,Field B
2022-08-11,06:15,Cow_436,0,9,6,0,36.4,Clear,Field B
2022-08-11,06:15,Cow_437,12,0,3,0,36.4,Clear,Field C
2022-08-11,06:15,Cow_438,8,4,3,0,36.4,Clear,Field B
2022-08-11,06:15,Cow_439,5,4,6,0,36.4,Clear,Field A
2022-08-11,06:15,Cow_440,6,4,5,0,36.4,Clear,Field A
2022-08-11,06:15,Cow_441,0,0,0,15,36.4,Clear,Field A
2022-08-11,06:15,Cow_442,0,0,0,15,36.4,Clear,Field B
2022-08-11,06:15,Cow_443,8,8,0,0,36.4,Clear,Field A
2022-08-11,06:15,Cow_444,6,6,3,0,36.4,Clear,Field A
2022-08-11,06:15,Cow_445,6,3,6,0,36.4,Clear,Field A
2022-08-11,06:15,Cow_446,12,7,0,0,36.4,Clear,Field A
2022-08-11,06:15,Cow_447,11,0,4,0,36.4,Clear,Field C
2022-08-11,06:15,Cow_448,4,3,8,0,36.4,Clear,Field A
2022-08-11,06:15,Cow_449,11,0,7,0,36.4,Clear,Field C
2022-08-11,06:15,Cow_450,12,0,6,0,36.4,Clear,Field B
2022-08-11,06:15,Cow_451,0,0,0,15,36.4,Clear,Field A
2022-08-11,06:15,Cow_452,7,1,7,0,36.4,Clear,Field B
2022-08-11,06:15,Cow_453,14,0,6,0,36.4,Clear,Field B
2022-08-11,06:15,Cow_454,6,2,7,0,36.4,Clear,Field B
2022-08-11,06:15,Cow_455,9,3,3,0,36.4,Clear,Field B
2022-08-11,06:15,Cow_456,13,4,0,0,36.4,Clear,Field A
2022-08-11,06:15,Cow_457,6,6,3,0,36.4,Clear,Field A
2022-08-11,06:15,Cow_458,14,6,0,0,36.4,Clear,Field A
2022-08-11,06:15,Cow_459,14,0,3,0,36.4,Clear,Field C
2022-08-11,06:15,Cow_460,8,0,7,0,36.4,Clear,Field C
2022-08-11,06:15,Cow_461,12,0,7,0,36.4,Clear,Field C
2022-08-11,06:15,Cow_462,7,0,8,0,36.4,Clear,Field A
2022-08-11,06:15,Cow_463,8,4,3,0,36.4,Clear,Field A
2022-08-11,06:15,Cow_464,5,5,5,0,36.4,Clear,Field C
2022-08-11,06:15,Cow_465,10,0,8,0,36.4,Clear,Field A
2022-08-11,06:15,Cow_466,8,5,2,0,36.4,Clear,Field B
2022-08-11,06:15,Cow_467,13,0,5,0,36.4,Clear,Field A
2022-08-11,06:15,Cow_468,2,5,8,0,36.4,Clear,Field C
2022-08-11,06:15,Cow_469,9,2,4,0,36.4,Clear,Field A
2022-08-11,06:15,Cow_470,3,4,8,0,36.4,Clear,Field B
2022-08-11,06:15,Cow_471,1,9,5,0,36.4,Clear,Field A
2022-08-11,06:15,Cow_472,14,6,0,0,36.4,Clear,Field B
2022-08-11,06:15,Cow_473,0,0,0,15,36.4,Clear,Field C
2022-08-11,06:15,Cow_474,2,6,7,0,36.4,Clear,Field C
2022-08-11,06:15,Cow_475,11,10,0,0,36.4,Clear,Field C
2022-08-11,06:15,Cow_476,11,0,8,0,36.4,Clear,Field A
2022-08-11,06:15,Cow_477,5,7,3,0,36.4,Clear,Field A
2022-08-11,06:15,Cow_478,0,0,0,15,36.4,Clear,Field C
2022-08-11,06:15,Cow_479,5,7,3,0,36.4,Clear,Field A
2022-08-11,06:15,Cow_480,12,0,3,0,36.4,Clear,Field A
2022-08-11,06:15,Cow_481,0,0,0,15,36.4,Clear,Field A
2022-08-11,06:15,Cow_482,13,7,0,0,36.4,Clear,Field C
2022-08-11,06:15,Cow_483,6,8,1,0,36.4,Clear,Field A
2022-08-11,06:15,Cow_484,11,0,6,0,36.4,Clear,Field C
2022-08-11,06:15,Cow_485,2,6,7,0,36.4,Clear,Field A
2022-08-11,06:15,Cow_486,10,9,0,0,36.4,Clear,Field A
2022-08-11,06:15,Cow_487,7,4,4,0,36.4,Clear,Field A
2022-08-11,06:15,Cow_488,3,9,3,0,36.4,Clear,Field A
2022-08-11,06:15,Cow_489,0,8,7,0,36.4,Clear,Field A
2022-08-11,06:15,Cow_490,0,0,0,15,36.4,Clear,Field B
2022-08-11,06:15,Cow_491,14,0,6,0,36.4,Clear,Field B
2022-08-11,06:15,Cow_492,13,0,7,0,36.4,Clear,Field C
2022-08-11,06:15,Cow_493,12,7,0,0,36.4,Clear,Field B
2022-08-11,06:15,Cow_494,13,0,7,0,36.4,Clear,Field B
2022-08-11,06:15,Cow_495,1,9,5,0,36.4,Clear,Field B
2022-08-11,06:15,Cow_496,9,4,2,0,36.4,Clear,Field B
2022-08-11,06:15,Cow_497,14,3,0,0,36.4,Clear,Field A
2022-08-11,06:15,Cow_498,1,10,4,0,36.4,Clear,Field C
2022-08-11,06:15,Cow_499,14,0,6,0,36.4,Clear,Field C
2022-08-11,06:15,Cow_500,0,0,0,15,36.4,Clear,Field B
2022-08-11,06:30,Cow_1,14,8,0,0,31.8,Clear,Field B
2022-08-11,06:30,Cow_2,7,3,5,0,31.8,Clear,Field A
2022-08-11,06:30,Cow_3,5,8,2,0,31.8,Clear,Field B
2022-08-11,06:30,Cow_4,14,6,0,0,31.8,Clear,Field C
2022-08-11,06:30,Cow_5,9,0,8,0,31.8,Clear,Field B
2022-08-11,06:30,Cow_6,14,0,8,0,31.8,Clear,Field C
2022-08-11,06:30,Cow_7,13,3,0,0,31.8,Clear,Field C
2022-08-11,06:30,Cow_8,8,0,7,0,31.8,Clear,Field C
2022-08-11,06:30,Cow_9,7,6,2,0,31.8,Clear,Field B
2022-08-11,06:30,Cow_10,13,5,0,0,31.8,Clear,Field C
2022-08-11,06:30,Cow_11,5,7,3,0,31.8,Clear,Field A
2022-08-11,06:30,Cow_12,5,5,5,0,31.8,Clear,Field C
2022-08-11,06:30,Cow_13,7,10,0,0,31.8,Clear,Field A
2022-08-11,06:30,Cow_14,12,0,3,0,31.8,Clear,Field A
2022-08-11,06:30,Cow_15,14,9,0,0,31.8,Clear,Field B
2022-08-11,06:30,Cow_16,7,4,4,0,31.8,Clear,Field B
2022-08-11,06:30,Cow_17,12,0,8,0,31.8,Clear,Field B
2022-08-11,06:30,Cow_18,5,7,3,0,31.8,Clear,Field B
2022-08-11,06:30,Cow_19,7,5,3,0,31.8,Clear,Field C
2022-08-11,06:30,Cow_20,9,2,4,0,31.8,Clear,Field A
2022-08-11,06:30,Cow_21,15,0,7,0,31.8,Clear,Field A
2022-08-11,06:30,Cow_22,10,7,0,0,31.8,Clear,Field A
2022-08-11,06:30,Cow_23,9,1,5,0,31.8,Clear,Field C
2022-08-11,06:30,Cow_24,13,0,3,0,31.8,Clear,Field B
2022-08-11,06:30,Cow_25,10,10,0,0,31.8,Clear,Field C
2022-08-11,06:30,Cow_26,2,10,3,0,31.8,Clear,Field A
2022-08-11,06:30,Cow_27,4,6,5,0,31.8,Clear,Field C
2022-08-11,06:30,Cow_28,0,8,8,0,31.8,Clear,Field B
2022-08-11,06:30,Cow_29,6,1,8,0,31.8,Clear,Field C
2022-08-11,06:30,Cow_30,8,8,0,0,31.8,Clear,Field C
2022-08-11,06:30,Cow_31,11,5,0,0,31.8,Clear,Field A
2022-08-11,06:30,Cow_32,6,6,3,0,31.8,Clear,Field A
2022-08-11,06:30,Cow_33,6,3,6,0,31.8,Clear,Field B
2022-08-11,06:30,Cow_34,13,0,8,0,31.8,Clear,Field C
2022-08-11,06:30,Cow_35,2,7,6,0,31.8,Clear,Field B
2022-08-11,06:30,Cow_36,14,0,7,0,31.8,Clear,Field A
2022-08-11,06:30,Cow_37,7,2,6,0,31.8,Clear,Field A
2022-08-11,06:30,Cow_38,8,1,6,0,31.8,Clear,Field C
2022-08-11,06:30,Cow_39,13,0,7,0,31.8,Clear,Field B
2022-08-11,06:30,Cow_40,12,0,3,0,31.8,Clear,Field C
2022-08-11,06:30,Cow_41,0,0,0,15,31.8,Clear,Field C
2022-08-11,06:30,Cow_42,14,3,0,0,31.8,Clear,Field B
2022-08-11,06:30,Cow_43,0,9,7,0,31.8,Clear,Field A
2022-08-11,06:30,Cow_44,12,0,8,0,31.8,Clear,Field C
2022-08-11,06:30,Cow_45,6,6,3,0,31.8,Clear,Field A
2022-08-11,06:30,Cow_46,11,0,7,0,31.8,Clear,Field A
2022-08-11,06:30,Cow_47,6,6,3,0,31.8,Clear,Field C
2022-08-11,06:30,Cow_48,13,7,0,0,31.8,Clear,Field B
2022-08-11,06:30,Cow_49,11,7,0,0,31.8,Clear,Field C
2022-08-11,06:30,Cow_50,5,4,6,0,31.8,Clear,Field C
2022-08-11,06:30,Cow_51,14,0,4,0,31.8,Clear,Field C
2022-08-11,06:30,Cow_52,14,10,0,0,31.8,Clear,Field A
2022-08-11,06:30,Cow_53,9,3,3,0,31.8,Clear,Field A
2022-08-11,06:30,Cow_54,0,5,10,0,31.8,Clear,Field B
2022-08-11,06:30,Cow_55,12,9,0,0,31.8,Clear,Field C
2022-08-11,06:30,Cow_56,2,8,5,0,31.8,Clear,Field C
2022-08-11,06:30,Cow_57,0,10,8,0,31.8,Clear,Field C
2022-08-11,06:30,Cow_58,7,3,5,0,31.8,Clear,Field B
2022-08-11,06:30,Cow_59,10,2,3,0,31.8,Clear,Field A
2022-08-11,06:30,Cow_60,7,2,6,0,31.8,Clear,Field C
2022-08-11,06:30,Cow_61,6,5,4,0,31.8,Clear,Field A
2022-08-11,06:30,Cow_62,8,9,0,0,31.8,Clear,Field A
2022-08-11,06:30,Cow_63,8,9,0,0,31.8,Clear,Field B
2022-08-11,06:30,Cow_64,8,4,3,0,31.8,Clear,Field B
2022-08-11,06:30,Cow_65,4,4,7,0,31.8,Clear,Field C
2022-08-11,06:30,Cow_66,11,0,4,0,31.8,Clear,Field A
2022-08-11,06:30,Cow_67,9,1,5,0,31.8,Clear,Field C
2022-08-11,06:30,Cow_68,5,4,6,0,31.8,Clear,Field C
2022-08-11,06:30,Cow_69,3,9,3,0,31.8,Clear,Field A
2022-08-11,06:30,Cow_70,12,7,0,0,31.8,Clear,Field B
2022-08-11,06:30,Cow_71,11,0,6,0,31.8,Clear,Field B
2022-08-11,06:30,Cow_72,0,8,8,0,31.8,Clear,Field B
2022-08-11,06:30,Cow_73,5,6,4,0,31.8,Clear,Field B
2022-08-11,06:30,Cow_74,2,6,7,0,31.8,Clear,Field B
2022-08-11,06:30,Cow_75,13,11,0,0,31.8,Clear,Field C
2022-08-11,06:30,Cow_76,11,7,0,0,31.8,Clear,Field C
2022-08-11,06:30,Cow_77,1,6,8,0,31.8,Clear,Field C
2022-08-11,06:30,Cow_78,11,4,0,0,31.8,Clear,Field B
2022-08-11,06:30,Cow_79,11,5,0,0,31.8,Clear,Field A
2022-08-11,06:30,Cow_80,11,6,0,0,31.8,Clear,Field A
2022-08-11,06:30,Cow_81,1,10,4,0,31.8,Clear,Field C
2022-08-11,06:30,Cow_82,7,4,4,0,31.8,Clear,Field C
2022-08-11,06:30,Cow_83,9,4,2,0,31.8,Clear,Field B
2022-08-11,06:30,Cow_84,4,4,7,0,31.8,Clear,Field B
2022-08-11,06:30,Cow_85,1,9,5,0,31.8,Clear,Field A
2022-08-11,06:30,Cow_86,6,6,3,0,31.8,Clear,Field C
2022-08-11,06:30,Cow_87,13,0,7,0,31.8,Clear,Field B
2022-08-11,06:30,Cow_88,3,5,7,0,31.8,Clear,Field C
2022-08-11,06:30,Cow_89,13,0,5,0,31.8,Clear,Field C
2022-08-11,06:30,Cow_90,12,5,0,0,31.8,Clear,Field B
2022-08-11,06:30,Cow_91,1,10,4,0,31.8,Clear,Field C
2022-08-11,06:30,Cow_92,6,3,6,0,31.8,Clear,Field C
2022-08-11,06:30,Cow_93,5,3,7,0,31.8,Clear,Field C
2022-08-11,06:30,Cow_94,9,7,0,0,31.8,Clear,Field B
2022-08-11,06:30,Cow_95,0,10,5,0,31.8,Clear,Field C
2022-08-11,06:30,Cow_96,7,5,3,0,31.8,Clear,Field B
2022-08-11,06:30,Cow_97,14,7,0,0,31.8,Clear,Field C
2022-08-11,06:30,Cow_98,8,6,1,0,31.8,Clear,Field A
2022-08-11,06:30,Cow_99,5,4,6,0,31.8,Clear,Field A
2022-08-11,06:30,Cow_100,8,4,3,0,31.8,Clear,Field B
2022-08-11,06:30,Cow_101,5,5,5,0,31.8,Clear,Field B
2022-08-11,06:30,Cow_102,14,3,0,0,31.8,Clear,Field A
2022-08-11,06:30,Cow_103,3,4,8,0,31.8,Clear,Field A
2022-08-11,06:30,Cow_104,6,8,1,0,31.8,Clear,Field C
2022-08-11,06:30,Cow_105,7,0,8,0,31.8,Clear,Field A
2022-08-11,06:30,Cow_106,8,9,0,0,31.8,Clear,Field A
2022-08-11,06:30,Cow_107,8,7,0,0,31.8,Clear,Field B
2022-08-11,06:30,Cow_108,0,10,7,0,31.8,Clear,Field A
2022-08-11,06:30,Cow_109,8,3,4,0,31.8,Clear,Field C
2022-08-11,06:30,Cow_110,14,10,0,0,31.8,Clear,Field C
2022-08-11,06:30,Cow_111,8,7,0,0,31.8,Clear,Field B
2022-08-11,06:30,Cow_112,5,6,4,0,31.8,Clear,Field C
2022-08-11,06:30,Cow_113,8,4,3,0,31.8,Clear,Field C
2022-08-11,06:30,Cow_114,8,7,0,0,31.8,Clear,Field A
2022-08-11,06:30,Cow_115,7,5,3,0,31.8,Clear,Field B
2022-08-11,06:30,Cow_116,0,9,7,0,31.8,Clear,Field C
2022-08-11,06:30,Cow_117,8,4,3,0,31.8,Clear,Field C
2022-08-11,06:30,Cow_118,8,7,0,0,31.8,Clear,Field C
2022-08-11,06:30,Cow_119,6,1,8,0,31.8,Clear,Field B
2022-08-11,06:30,Cow_120,12,4,0,0,31.8,Clear,Field C
2022-08-11,06:30,Cow_121,7,4,4,0,31.8,Clear,Field B
2022-08-11,06:30,Cow_122,6,2,7,0,31.8,Clear,Field C
2022-08-11,06:30,Cow_123,3,7,5,0,31.8,Clear,Field B
2022-08-11,06:30,Cow_124,8,3,4,0,31.8,Clear,Field B
2022-08-11,06:30,Cow_125,13,3,0,0,31.8,Clear,Field C
2022-08-11,06:30,Cow_126,0,0,0,15,31.8,Clear,Field C
2022-08-11,06:30,Cow_127,5,5,5,0,31.8,Clear,Field A
2022-08-11,06:30,Cow_128,4,6,5,0,31.8,Clear,Field B
2022-08-11,06:30,Cow_129,13,7,0,0,31.8,Clear,Field B
2022-08-11,06:30,Cow_130,5,7,3,0,31.8,Clear,Field C
2022-08-11,06:30,Cow_131,11,10,0,0,31.8,Clear,Field A
2022-08-11,06:30,Cow_132,13,6,0,0,31.8,Clear,Field B
2022-08-11,06:30,Cow_133,1,8,6,0,31.8,Clear,Field B
2022-08-11,06:30,Cow_134,9,3,3,0,31.8,Clear,Field A
2022-08-11,06:30,Cow_135,11,10,0,0,31.8,Clear,Field C
2022-08-11,06:30,Cow_136,10,2,3,0,31.8,Clear,Field B
2022-08-11,06:30,Cow_137,10,0,5,0,31.8,Clear,Field B
2022-08-11,06:30,Cow_138,4,3,8,0,31.8,Clear,Field B
2022-08-11,06:30,Cow_139,4,4,7,0,31.8,Clear,Field B
2022-08-11,06:30,Cow_140,14,0,4,0,31.8,Clear,Field C
2022-08-11,06:30,Cow_141,10,4,1,0,31.8,Clear,Field A
2022-08-11,06:30,Cow_142,9,9,0,0,31.8,Clear,Field B
2022-08-11,06:30,Cow_143,9,4,2,0,31.8,Clear,Field B
2022-08-11,06:30,Cow_144,13,6,0,0,31.8,Clear,Field B
2022-08-11,06:30,Cow_145,0,7,8,0,31.8,Clear,Field A
2022-08-11,06:30,Cow_146,13,0,5,0,31.8,Clear,Field C
2022-08-11,06:30,Cow_147,11,3,1,0,31.8,Clear,Field A
2022-08-11,06:30,Cow_148,12,0,5,0,31.8,Clear,Field C
2022-08-11,06:30,Cow_149,6,5,4,0,31.8,Clear,Field A
2022-08-11,06:30,Cow_150,14,0,5,0,31.8,Clear,Field A
2022-08-11,06:30,Cow_151,12,3,0,0,31.8,Clear,Field B
2022-08-11,06:30,Cow_152,5,3,7,0,31.8,Clear,Field C
2022-08-11,06:30,Cow_153,7,7,1,0,31.8,Clear,Field B
2022-08-11,06:30,Cow_154,13,0,7,0,31.8,Clear,Field A
2022-08-11,06:30,Cow_155,1,10,4,0,31.8,Clear,Field B
2022-08-11,06:30,Cow_156,8,10,0,0,31.8,Clear,Field A
2022-08-11,06:30,Cow_157,13,10,0,0,31.8,Clear,Field B
2022-08-11,06:30,Cow_158,14,0,3,0,31.8,Clear,Field B
2022-08-11,06:30,Cow_159,7,8,0,0,31.8,Clear,Field B
2022-08-11,06:30,Cow_160,4,7,4,0,31.8,Clear,Field C
2022-08-11,06:30,Cow_161,10,3,2,0,31.8,Clear,Field B
2022-08-11,06:30,Cow_162,11,9,0,0,31.8,Clear,Field B
2022-08-11,06:30,Cow_163,11,8,0,0,31.8,Clear,Field C
2022-08-11,06:30,Cow_164,4,6,5,0,31.8,Clear,Field A
2022-08-11,06:30,Cow_165,5,9,1,0,31.8,Clear,Field A
2022-08-11,06:30,Cow_166,7,9,0,0,31.8,Clear,Field B
2022-08-11,06:30,Cow_167,7,5,3,0,31.8,Clear,Field C
2022-08-11,06:30,Cow_168,13,0,8,0,31.8,Clear,Field B
2022-08-11,06:30,Cow_169,0,8,8,0,31.8,Clear,Field A
2022-08-11,06:30,Cow_170,5,8,2,0,31.8,Clear,Field B
2022-08-11,06:30,Cow_171,6,1,8,0,31.8,Clear,Field C
2022-08-11,06:30,Cow_172,5,7,3,0,31.8,Clear,Field B
2022-08-11,06:30,Cow_173,8,2,5,0,31.8,Clear,Field C
2022-08-11,06:30,Cow_174,15,3,0,0,31.8,Clear,Field C
2022-08-11,06:30,Cow_175,11,0,7,0,31.8,Clear,Field C
2022-08-11,06:30,Cow_176,5,5,5,0,31.8,Clear,Field A
2022-08-11,06:30,Cow_177,1,6,8,0,31.8,Clear,Field C
2022-08-11,06:30,Cow_178,2,8,5,0,31.8,Clear,Field B
2022-08-11,06:30,Cow_179,8,4,3,0,31.8,Clear,Field A
2022-08-11,06:30,Cow_180,5,4,6,0,31.8,Clear,Field B
2022-08-11,06:30,Cow_181,11,1,3,0,31.8,Clear,Field A
2022-08-11,06:30,Cow_182,10,0,6,0,31.8,Clear,Field B
2022-08-11,06:30,Cow_183,5,9,1,0,31.8,Clear,Field C
2022-08-11,06:30,Cow_184,2,9,4,0,31.8,Clear,Field B
2022-08-11,06:30,Cow_185,10,0,5,0,31.8,Clear,Field A
2022-08-11,06:30,Cow_186,5,7,3,0,31.8,Clear,Field A
2022-08-11,06:30,Cow_187,7,5,3,0,31.8,Clear,Field C
2022-08-11,06:30,Cow_188,7,3,5,0,31.8,Clear,Field A
2022-08-11,06:30,Cow_189,7,10,0,0,31.8,Clear,Field A
2022-08-11,06:30,Cow_190,3,7,5,0,31.8,Clear,Field A
2022-08-11,06:30,Cow_191,10,0,6,0,31.8,Clear,Field C
2022-08-11,06:30,Cow_192,6,5,4,0,31.8,Clear,Field C
2022-08-11,06:30,Cow_193,0,0,0,15,31.8,Clear,Field C
2022-08-11,06:30,Cow_194,11,1,3,0,31.8,Clear,Field A
2022-08-11,06:30,Cow_195,11,0,4,0,31.8,Clear,Field C
2022-08-11,06:30,Cow_196,6,3,6,0,31.8,Clear,Field C
2022-08-11,06:30,Cow_197,7,8,0,0,31.8,Clear,Field B
2022-08-11,06:30,Cow_198,4,3,8,0,31.8,Clear,Field B
2022-08-11,06:30,Cow_199,0,8,7,0,31.8,Clear,Field B
2022-08-11,06:30,Cow_200,4,7,4,0,31.8,Clear,Field C
2022-08-11,06:30,Cow_201,6,5,4,0,31.8,Clear,Field C
2022-08-11,06:30,Cow_202,3,6,6,0,31.8,Clear,Field A
2022-08-11,06:30,Cow_203,8,8,0,0,31.8,Clear,Field A
2022-08-11,06:30,Cow_204,13,0,8,0,31.8,Clear,Field B
2022-08-11,06:30,Cow_205,4,3,8,0,31.8,Clear,Field C
2022-08-11,06:30,Cow_206,8,4,3,0,31.8,Clear,Field A
2022-08-11,06:30,Cow_207,11,7,0,0,31.8,Clear,Field C
2022-08-11,06:30,Cow_208,8,0,7,0,31.8,Clear,Field C
2022-08-11,06:30,Cow_209,5,6,4,0,31.8,Clear,Field C
2022-08-11,06:30,Cow_210,7,2,6,0,31.8,Clear,Field C
2022-08-11,06:30,Cow_211,7,3,5,0,31.8,Clear,Field A
2022-08-11,06:30,Cow_212,7,2,6,0,31.8,Clear,Field C
2022-08-11,06:30,Cow_213,0,0,0,15,31.8,Clear,Field C
2022-08-11,06:30,Cow_214,2,5,8,0,31.8,Clear,Field B
2022-08-11,06:30,Cow_215,2,9,4,0,31.8,Clear,Field A
2022-08-11,06:30,Cow_216,5,7,3,0,31.8,Clear,Field B
2022-08-11,06:30,Cow_217,6,3,6,0,31.8,Clear,Field C
2022-08-11,06:30,Cow_218,6,4,5,0,31.8,Clear,Field B
2022-08-11,06:30,Cow_219,1,10,4,0,31.8,Clear,Field A
2022-08-11,06:30,Cow_220,12,5,0,0,31.8,Clear,Field C
2022-08-11,06:30,Cow_221,11,0,5,0,31.8,Clear,Field A
2022-08-11,06:30,Cow_222,0,0,0,15,31.8,Clear,Field B
2022-08-11,06:30,Cow_223,11,0,4,0,31.8,Clear,Field A
2022-08-11,06:30,Cow_224,9,0,8,0,31.8,Clear,Field A
2022-08-11,06:30,Cow_225,3,4,8,0,31.8,Clear,Field C
2022-08-11,06:30,Cow_226,9,10,0,0,31.8,Clear,Field C
2022-08-11,06:30,Cow_227,0,0,0,15,31.8,Clear,Field C
2022-08-11,06:30,Cow_228,11,4,0,0,31.8,Clear,Field B
2022-08-11,06:30,Cow_229,0,10,7,0,31.8,Clear,Field B
2022-08-11,06:30,Cow_230,14,8,0,0,31.8,Clear,Field C
2022-08-11,06:30,Cow_231,7,5,3,0,31.8,Clear,Field B
2022-08-11,06:30,Cow_232,0,0,0,15,31.8,Clear,Field A
2022-08-11,06:30,Cow_233,3,8,4,0,31.8,Clear,Field B
2022-08-11,06:30,Cow_234,10,7,0,0,31.8,Clear,Field C
2022-08-11,06:30,Cow_235,8,3,4,0,31.8,Clear,Field B
2022-08-11,06:30,Cow_236,13,0,5,0,31.8,Clear,Field C
2022-08-11,06:30,Cow_237,5,10,0,0,31.8,Clear,Field C
2022-08-11,06:30,Cow_238,6,5,4,0,31.8,Clear,Field A
2022-08-11,06:30,Cow_239,0,0,0,15,31.8,Clear,Field A
2022-08-11,06:30,Cow_240,7,3,5,0,31.8,Clear,Field B
2022-08-11,06:30,Cow_241,14,0,4,0,31.8,Clear,Field C
2022-08-11,06:30,Cow_242,5,5,5,0,31.8,Clear,Field B
2022-08-11,06:30,Cow_243,9,4,2,0,31.8,Clear,Field C
2022-08-11,06:30,Cow_244,5,3,7,0,31.8,Clear,Field B
2022-08-11,06:30,Cow_245,5,6,4,0,31.8,Clear,Field C
2022-08-11,06:30,Cow_246,12,4,0,0,31.8,Clear,Field A
2022-08-11,06:30,Cow_247,0,11,4,0,31.8,Clear,Field C
2022-08-11,06:30,Cow_248,2,10,3,0,31.8,Clear,Field B
2022-08-11,06:30,Cow_249,7,4,4,0,31.8,Clear,Field C
2022-08-11,06:30,Cow_250,7,4,4,0,31.8,Clear,Field A
2022-08-11,06:30,Cow_251,3,4,8,0,31.8,Clear,Field B
2022-08-11,06:30,Cow_252,14,11,0,0,31.8,Clear,Field B
2022-08-11,06:30,Cow_253,14,9,0,0,31.8,Clear,Field C
2022-08-11,06:30,Cow_254,6,10,0,0,31.8,Clear,Field C
2022-08-11,06:30,Cow_255,0,0,0,15,31.8,Clear,Field A
2022-08-11,06:30,Cow_256,11,8,0,0,31.8,Clear,Field A
2022-08-11,06:30,Cow_257,6,5,4,0,31.8,Clear,Field A
2022-08-11,06:30,Cow_258,6,5,4,0,31.8,Clear,Field A
2022-08-11,06:30,Cow_259,9,3,3,0,31.8,Clear,Field A
2022-08-11,06:30,Cow_260,0,0,0,15,31.8,Clear,Field C
2022-08-11,06:30,Cow_261,2,9,4,0,31.8,Clear,Field A
2022-08-11,06:30,Cow_262,14,0,6,0,31.8,Clear,Field C
2022-08-11,06:30,Cow_263,2,6,7,0,31.8,Clear,Field A
2022-08-11,06:30,Cow_264,4,4,7,0,31.8,Clear,Field A
2022-08-11,06:30,Cow_265,9,0,6,0,31.8,Clear,Field B
2022-08-11,06:30,Cow_266,8,7,0,0,31.8,Clear,Field B
2022-08-11,06:30,Cow_267,11,0,8,0,31.8,Clear,Field A
2022-08-11,06:30,Cow_268,14,10,0,0,31.8,Clear,Field A
2022-08-11,06:30,Cow_269,5,7,3,0,31.8,Clear,Field B
2022-08-11,06:30,Cow_270,8,4,3,0,31.8,Clear,Field C
2022-08-11,06:30,Cow_271,14,0,3,0,31.8,Clear,Field A
2022-08-11,06:30,Cow_272,3,4,8,0,31.8,Clear,Field C
2022-08-11,06:30,Cow_273,8,6,1,0,31.8,Clear,Field C
2022-08-11,06:30,Cow_274,5,7,3,0,31.8,Clear,Field B
2022-08-11,06:30,Cow_275,5,7,3,0,31.8,Clear,Field A
2022-08-11,06:30,Cow_276,0,7,8,0,31.8,Clear,Field A
2022-08-11,06:30,Cow_277,5,5,5,0,31.8,Clear,Field B
2022-08-11,06:30,Cow_278,1,6,8,0,31.8,Clear,Field A
2022-08-11,06:30,Cow_279,8,0,7,0,31.8,Clear,Field C
2022-08-11,06:30,Cow_280,0,0,0,15,31.8,Clear,Field A
2022-08-11,06:30,Cow_281,2,8,5,0,31.8,Clear,Field B
2022-08-11,06:30,Cow_282,13,0,5,0,31.8,Clear,Field C
2022-08-11,06:30,Cow_283,2,7,6,0,31.8,Clear,Field C
2022-08-11,06:30,Cow_284,5,3,7,0,31.8,Clear,Field A
2022-08-11,06:30,Cow_285,12,0,5,0,31.8,Clear,Field A
2022-08-11,06:30,Cow_286,14,6,0,0,31.8,Clear,Field B
2022-08-11,06:30,Cow_287,1,6,8,0,31.8,Clear,Field B
2022-08-11,06:30,Cow_288,4,8,3,0,31.8,Clear,Field C
2022-08-11,06:30,Cow_289,5,7,3,0,31.8,Clear,Field A
2022-08-11,06:30,Cow_290,13,0,3,0,31.8,Clear,Field C
2022-08-11,06:30,Cow_291,5,5,5,0,31.8,Clear,Field A
2022-08-11,06:30,Cow_292,9,7,0,0,31.8,Clear,Field B
2022-08-11,06:30,Cow_293,6,9,0,0,31.8,Clear,Field A
2022-08-11,06:30,Cow_294,13,10,0,0,31.8,Clear,Field C
2022-08-11,06:30,Cow_295,10,5,0,0,31.8,Clear,Field A
2022-08-11,06:30,Cow_296,9,0,6,0,31.8,Clear,Field A
2022-08-11,06:30,Cow_297,5,3,7,0,31.8,Clear,Field B
2022-08-11,06:30,Cow_298,1,8,6,0,31.8,Clear,Field C
2022-08-11,06:30,Cow_299,0,0,0,15,31.8,Clear,Field C
2022-08-11,06:30,Cow_300,12,4,0,0,31.8,Clear,Field A
2022-08-11,06:30,Cow_301,3,8,4,0,31.8,Clear,Field B
2022-08-11,06:30,Cow_302,14,7,0,0,31.8,Clear,Field B
2022-08-11,06:30,Cow_303,2,8,5,0,31.8,Clear,Field B
2022-08-11,06:30,Cow_304,8,10,0,0,31.8,Clear,Field C
2022-08-11,06:30,Cow_305,11,0,7,0,31.8,Clear,Field C
2022-08-11,06:30,Cow_306,0,8,8,0,31.8,Clear,Field B
2022-08-11,06:30,Cow_307,10,0,6,0,31.8,Clear,Field B
2022-08-11,06:30,Cow_308,3,8,4,0,31.8,Clear,Field A
2022-08-11,06:30,Cow_309,8,2,5,0,31.8,Clear,Field B
2022-08-11,06:30,Cow_310,0,0,0,15,31.8,Clear,Field A
2022-08-11,06:30,Cow_311,3,7,5,0,31.8,Clear,Field B
2022-08-11,06:30,Cow_312,0,0,0,15,31.8,Clear,Field B
2022-08-11,06:30,Cow_313,12,3,0,0,31.8,Clear,Field A
2022-08-11,06:30,Cow_314,14,0,6,0,31.8,Clear,Field A
2022-08-11,06:30,Cow_315,7,3,5,0,31.8,Clear,Field C
2022-08-11,06:30,Cow_316,0,9,7,0,31.8,Clear,Field A
2022-08-11,06:30,Cow_317,6,7,2,0,31.8,Clear,Field C
2022-08-11,06:30,Cow_318,13,0,3,0,31.8,Clear,Field B
2022-08-11,06:30,Cow_319,2,8,5,0,31.8,Clear,Field C
2022-08-11,06:30,Cow_320,8,10,0,0,31.8,Clear,Field A
2022-08-11,06:30,Cow_321,11,0,7,0,31.8,Clear,Field A
2022-08-11,06:30,Cow_322,7,3,5,0,31.8,Clear,Field C
2022-08-11,06:30,Cow_323,13,7,0,0,31.8,Clear,Field A
2022-08-11,06:30,Cow_324,5,5,5,0,31.8,Clear,Field C
2022-08-11,06:30,Cow_325,10,0,7,0,31.8,Clear,Field B
2022-08-11,06:30,Cow_326,2,9,4,0,31.8,Clear,Field B
2022-08-11,06:30,Cow_327,0,0,0,15,31.8,Clear,Field B
2022-08-11,06:30,Cow_328,13,9,0,0,31.8,Clear,Field C
2022-08-11,06:30,Cow_329,8,2,5,0,31.8,Clear,Field C
2022-08-11,06:30,Cow_330,9,5,1,0,31.8,Clear,Field A
2022-08-11,06:30,Cow_331,8,5,2,0,31.8,Clear,Field A
2022-08-11,06:30,Cow_332,8,3,4,0,31.8,Clear,Field B
2022-08-11,06:30,Cow_333,1,9,5,0,31.8,Clear,Field C
2022-08-11,06:30,Cow_334,13,0,7,0,31.8,Clear,Field A
2022-08-11,06:30,Cow_335,1,9,5,0,31.8,Clear,Field B
2022-08-11,06:30,Cow_336,14,0,4,0,31.8,Clear,Field C
2022-08-11,06:30,Cow_337,6,3,6,0,31.8,Clear,Field B
2022-08-11,06:30,Cow_338,0,0,0,15,31.8,Clear,Field C
2022-08-11,06:30,Cow_339,7,0,8,0,31.8,Clear,Field C
2022-08-11,06:30,Cow_340,5,3,7,0,31.8,Clear,Field A
2022-08-11,06:30,Cow_341,6,6,3,0,31.8,Clear,Field A
2022-08-11,06:30,Cow_342,14,0,5,0,31.8,Clear,Field C
2022-08-11,06:30,Cow_343,12,0,8,0,31.8,Clear,Field B
2022-08-11,06:30,Cow_344,12,0,5,0,31.8,Clear,Field C
2022-08-11,06:30,Cow_345,8,6,1,0,31.8,Clear,Field A
2022-08-11,06:30,Cow_346,0,10,5,0,31.8,Clear,Field B
2022-08-11,06:30,Cow_347,4,8,3,0,31.8,Clear,Field A
2022-08-11,06:30,Cow_348,13,0,5,0,31.8,Clear,Field A
2022-08-11,06:30,Cow_349,5,6,4,0,31.8,Clear,Field A
2022-08-11,06:30,Cow_350,9,4,2,0,31.8,Clear,Field A
2022-08-11,06:30,Cow_351,6,3,6,0,31.8,Clear,Field B
2022-08-11,06:30,Cow_352,11,6,0,0,31.8,Clear,Field A
2022-08-11,06:30,Cow_353,9,9,0,0,31.8,Clear,Field B
2022-08-11,06:30,Cow_354,8,4,3,0,31.8,Clear,Field C
2022-08-11,06:30,Cow_355,8,3,4,0,31.8,Clear,Field A
2022-08-11,06:30,Cow_356,0,10,7,0,31.8,Clear,Field B
2022-08-11,06:30,Cow_357,1,10,4,0,31.8,Clear,Field C
2022-08-11,06:30,Cow_358,2,10,3,0,31.8,Clear,Field B
2022-08-11,06:30,Cow_359,5,5,5,0,31.8,Clear,Field C
2022-08-11,06:30,Cow_360,2,7,6,0,31.8,Clear,Field C
2022-08-11,06:30,Cow_361,0,9,8,0,31.8,Clear,Field C
2022-08-11,06:30,Cow_362,10,5,0,0,31.8,Clear,Field A
2022-08-11,06:30,Cow_363,5,7,3,0,31.8,Clear,Field A
2022-08-11,06:30,Cow_364,7,5,3,0,31.8,Clear,Field C
2022-08-11,06:30,Cow_365,8,3,4,0,31.8,Clear,Field A
2022-08-11,06:30,Cow_366,15,0,2,0,31.8,Clear,Field B
2022-08-11,06:30,Cow_367,6,4,5,0,31.8,Clear,Field A
2022-08-11,06:30,Cow_368,10,1,4,0,31.8,Clear,Field C
2022-08-11,06:30,Cow_369,6,9,0,0,31.8,Clear,Field A
2022-08-11,06:30,Cow_370,9,1,5,0,31.8,Clear,Field C
2022-08-11,06:30,Cow_371,7,1,7,0,31.8,Clear,Field B
2022-08-11,06:30,Cow_372,14,0,6,0,31.8,Clear,Field A
2022-08-11,06:30,Cow_373,13,0,6,0,31.8,Clear,Field B
2022-08-11,06:30,Cow_374,10,6,0,0,31.8,Clear,Field B
2022-08-11,06:30,Cow_375,13,0,4,0,31.8,Clear,Field A
2022-08-11,06:30,Cow_376,9,3,3,0,31.8,Clear,Field B
2022-08-11,06:30,Cow_377,14,0,5,0,31.8,Clear,Field C
2022-08-11,06:30,Cow_378,8,10,0,0,31.8,Clear,Field A
2022-08-11,06:30,Cow_379,7,10,0,0,31.8,Clear,Field C
2022-08-11,06:30,Cow_380,4,3,8,0,31.8,Clear,Field C
2022-08-11,06:30,Cow_381,11,11,0,0,31.8,Clear,Field B
2022-08-11,06:30,Cow_382,7,5,3,0,31.8,Clear,Field A
2022-08-11,06:30,Cow_383,1,6,8,0,31.8,Clear,Field C
2022-08-11,06:30,Cow_384,10,0,6,0,31.8,Clear,Field A
2022-08-11,06:30,Cow_385,6,10,0,0,31.8,Clear,Field B
2022-08-11,06:30,Cow_386,3,7,5,0,31.8,Clear,Field A
2022-08-11,06:30,Cow_387,10,5,0,0,31.8,Clear,Field C
2022-08-11,06:30,Cow_388,12,4,0,0,31.8,Clear,Field B
2022-08-11,06:30,Cow_389,7,7,1,0,31.8,Clear,Field C
2022-08-11,06:30,Cow_390,3,6,6,0,31.8,Clear,Field B
2022-08-11,06:30,Cow_391,0,8,7,0,31.8,Clear,Field C
2022-08-11,06:30,Cow_392,5,3,7,0,31.8,Clear,Field A
2022-08-11,06:30,Cow_393,5,3,7,0,31.8,Clear,Field C
2022-08-11,06:30,Cow_394,11,9,0,0,31.8,Clear,Field B
2022-08-11,06:30,Cow_395,7,2,6,0,31.8,Clear,Field B
2022-08-11,06:30,Cow_396,1,6,8,0,31.8,Clear,Field C
2022-08-11,06:30,Cow_397,14,7,0,0,31.8,Clear,Field C
2022-08-11,06:30,Cow_398,0,10,5,0,31.8,Clear,Field B
2022-08-11,06:30,Cow_399,1,7,7,0,31.8,Clear,Field B
2022-08-11,06:30,Cow_400,10,0,8,0,31.8,Clear,Field C
2022-08-11,06:30,Cow_401,5,10,0,0,31.8,Clear,Field C
2022-08-11,06:30,Cow_402,10,0,7,0,31.8,Clear,Field C
2022-08-11,06:30,Cow_403,8,2,5,0,31.8,Clear,Field B
2022-08-11,06:30,Cow_404,6,3,6,0,31.8,Clear,Field B
2022-08-11,06:30,Cow_405,6,6,3,0,31.8,Clear,Field B
2022-08-11,06:30,Cow_406,2,5,8,0,31.8,Clear,Field B
2022-08-11,06:30,Cow_407,14,5,0,0,31.8,Clear,Field C
2022-08-11,06:30,Cow_408,5,7,3,0,31.8,Clear,Field C
2022-08-11,06:30,Cow_409,12,0,7,0,31.8,Clear,Field A
2022-08-11,06:30,Cow_410,13,0,5,0,31.8,Clear,Field C
2022-08-11,06:30,Cow_411,8,2,5,0,31.8,Clear,Field C
2022-08-11,06:30,Cow_412,7,7,1,0,31.8,Clear,Field B
2022-08-11,06:30,Cow_413,7,2,6,0,31.8,Clear,Field B
2022-08-11,06:30,Cow_414,0,10,6,0,31.8,Clear,Field B
2022-08-11,06:30,Cow_415,13,0,4,0,31.8,Clear,Field B
2022-08-11,06:30,Cow_416,8,8,0,0,31.8,Clear,Field A
2022-08-11,06:30,Cow_417,12,0,6,0,31.8,Clear,Field B
2022-08-11,06:30,Cow_418,14,5,0,0,31.8,Clear,Field A
2022-08-11,06:30,Cow_419,12,10,0,0,31.8,Clear,Field A
2022-08-11,06:30,Cow_420,1,10,4,0,31.8,Clear,Field A
2022-08-11,06:30,Cow_421,2,5,8,0,31.8,Clear,Field C
2022-08-11,06:30,Cow_422,0,8,7,0,31.8,Clear,Field B
2022-08-11,06:30,Cow_423,14,0,8,0,31.8,Clear,Field C
2022-08-11,06:30,Cow_424,14,0,3,0,31.8,Clear,Field C
2022-08-11,06:30,Cow_425,14,9,0,0,31.8,Clear,Field A
2022-08-11,06:30,Cow_426,6,10,0,0,31.8,Clear,Field A
2022-08-11,06:30,Cow_427,7,6,2,0,31.8,Clear,Field A
2022-08-11,06:30,Cow_428,8,1,6,0,31.8,Clear,Field C
2022-08-11,06:30,Cow_429,7,3,5,0,31.8,Clear,Field A
2022-08-11,06:30,Cow_430,13,0,7,0,31.8,Clear,Field A
2022-08-11,06:30,Cow_431,13,8,0,0,31.8,Clear,Field C
2022-08-11,06:30,Cow_432,11,0,7,0,31.8,Clear,Field C
2022-08-11,06:30,Cow_433,2,6,7,0,31.8,Clear,Field C
2022-08-11,06:30,Cow_434,11,8,0,0,31.8,Clear,Field C
2022-08-11,06:30,Cow_435,5,3,7,0,31.8,Clear,Field A
2022-08-11,06:30,Cow_436,7,6,2,0,31.8,Clear,Field B
2022-08-11,06:30,Cow_437,0,8,7,0,31.8,Clear,Field A
2022-08-11,06:30,Cow_438,10,9,0,0,31.8,Clear,Field B
2022-08-11,06:30,Cow_439,12,5,0,0,31.8,Clear,Field B
2022-08-11,06:30,Cow_440,3,8,4,0,31.8,Clear,Field A
2022-08-11,06:30,Cow_441,3,7,5,0,31.8,Clear,Field C
2022-08-11,06:30,Cow_442,15,7,0,0,31.8,Clear,Field B
2022-08-11,06:30,Cow_443,5,6,4,0,31.8,Clear,Field B
2022-08-11,06:30,Cow_444,13,10,0,0,31.8,Clear,Field B
2022-08-11,06:30,Cow_445,14,6,0,0,31.8,Clear,Field B
2022-08-11,06:30,Cow_446,10,0,7,0,31.8,Clear,Field B
2022-08-11,06:30,Cow_447,0,10,8,0,31.8,Clear,Field A
2022-08-11,06:30,Cow_448,2,10,3,0,31.8,Clear,Field B
2022-08-11,06:30,Cow_449,3,5,7,0,31.8,Clear,Field A
2022-08-11,06:30,Cow_450,0,7,8,0,31.8,Clear,Field C
2022-08-11,06:30,Cow_451,12,6,0,0,31.8,Clear,Field A
2022-08-11,06:30,Cow_452,5,2,8,0,31.8,Clear,Field A
2022-08-11,06:30,Cow_453,7,3,5,0,31.8,Clear,Field A
2022-08-11,06:30,Cow_454,13,0,7,0,31.8,Clear,Field A
2022-08-11,06:30,Cow_455,10,2,3,0,31.8,Clear,Field A
2022-08-11,06:30,Cow_456,14,10,0,0,31.8,Clear,Field C
2022-08-11,06:30,Cow_457,4,3,8,0,31.8,Clear,Field B
2022-08-11,06:30,Cow_458,7,0,8,0,31.8,Clear,Field B
2022-08-11,06:30,Cow_459,8,4,3,0,31.8,Clear,Field C
2022-08-11,06:30,Cow_460,10,1,4,0,31.8,Clear,Field A
2022-08-11,06:30,Cow_461,12,10,0,0,31.8,Clear,Field C
2022-08-11,06:30,Cow_462,10,2,3,0,31.8,Clear,Field B
2022-08-11,06:30,Cow_463,6,3,6,0,31.8,Clear,Field A
2022-08-11,06:30,Cow_464,9,6,0,0,31.8,Clear,Field A
2022-08-11,06:30,Cow_465,5,6,4,0,31.8,Clear,Field C
2022-08-11,06:30,Cow_466,0,0,0,15,31.8,Clear,Field A
2022-08-11,06:30,Cow_467,9,3,3,0,31.8,Clear,Field B
2022-08-11,06:30,Cow_468,8,8,0,0,31.8,Clear,Field B
2022-08-11,06:30,Cow_469,13,0,6,0,31.8,Clear,Field A
2022-08-11,06:30,Cow_470,4,4,7,0,31.8,Clear,Field C
2022-08-11,06:30,Cow_471,0,9,6,0,31.8,Clear,Field C
2022-08-11,06:30,Cow_472,11,0,5,0,31.8,Clear,Field B
2022-08-11,06:30,Cow_473,7,3,5,0,31.8,Clear,Field B
2022-08-11,06:30,Cow_474,0,8,7,0,31.8,Clear,Field B
2022-08-11,06:30,Cow_475,7,9,0,0,31.8,Clear,Field C
2022-08-11,06:30,Cow_476,13,5,0,0,31.8,Clear,Field A
2022-08-11,06:30,Cow_477,6,5,4,0,31.8,Clear,Field A
2022-08-11,06:30,Cow_478,13,6,0,0,31.8,Clear,Field A
2022-08-11,06:30,Cow_479,12,0,6,0,31.8,Clear,Field A
2022-08-11,06:30,Cow_480,6,6,3,0,31.8,Clear,Field B
2022-08-11,06:30,Cow_481,7,4,4,0,31.8,Clear,Field C
2022-08-11,06:30,Cow_482,2,8,5,0,31.8,Clear,Field C
2022-08-11,06:30,Cow_483,14,0,7,0,31.8,Clear,Field A
2022-08-11,06:30,Cow_484,0,0,0,15,31.8,Clear,Field C
2022-08-11,06:30,Cow_485,7,4,4,0,31.8,Clear,Field A
2022-08-11,06:30,Cow_486,13,9,0,0,31.8,Clear,Field B
2022-08-11,06:30,Cow_487,14,4,0,0,31.8,Clear,Field A
2022-08-11,06:30,Cow_488,8,8,0,0,31.8,Clear,Field C
2022-08-11,06:30,Cow_489,13,0,4,0,31.8,Clear,Field A
2022-08-11,06:30,Cow_490,0,0,0,15,31.8,Clear,Field B
2022-08-11,06:30,Cow_491,12,0,7,0,31.8,Clear,Field A
2022-08-11,06:30,Cow_492,6,2,7,0,31.8,Clear,Field C
2022-08-11,06:30,Cow_493,6,3,6,0,31.8,Clear,Field A
2022-08-11,06:30,Cow_494,12,0,3,0,31.8,Clear,Field C
2022-08-11,06:30,Cow_495,13,7,0,0,31.8,Clear,Field B
2022-08-11,06:30,Cow_496,12,4,0,0,31.8,Clear,Field A
2022-08-11,06:30,Cow_497,1,8,6,0,31.8,Clear,Field A
2022-08-11,06:30,Cow_498,10,1,4,0,31.8,Clear,Field C
2022-08-11,06:30,Cow_499,0,0,0,15,31.8,Clear,Field B
2022-08-11,06:30,Cow_500,8,4,3,0,31.8,Clear,Field B
2022-08-11,06:45,Cow_1,2,9,4,0,24.7,Rainy,Field A
2022-08-11,06:45,Cow_2,3,4,8,0,24.7,Rainy,Field A
2022-08-11,06:45,Cow_3,10,10,0,0,24.7,Rainy,Field B
2022-08-11,06:45,Cow_4,1,9,5,0,24.7,Rainy,Field C
2022-08-11,06:45,Cow_5,8,0,8,0,24.7,Rainy,Field A
2022-08-11,06:45,Cow_6,2,10,3,0,24.7,Rainy,Field B
2022-08-11,06:45,Cow_7,0,9,7,0,24.7,Rainy,Field B
2022-08-11,06:45,Cow_8,5,5,5,0,24.7,Rainy,Field C
2022-08-11,06:45,Cow_9,5,4,6,0,24.7,Rainy,Field B
2022-08-11,06:45,Cow_10,10,0,6,0,24.7,Rainy,Field A
2022-08-11,06:45,Cow_11,8,7,0,0,24.7,Rainy,Field C
2022-08-11,06:45,Cow_12,2,8,5,0,24.7,Rainy,Field A
2022-08-11,06:45,Cow_13,0,0,0,15,24.7,Rainy,Field C
2022-08-11,06:45,Cow_14,7,4,4,0,24.7,Rainy,Field A
2022-08-11,06:45,Cow_15,12,0,5,0,24.7,Rainy,Field C
2022-08-11,06:45,Cow_16,7,5,3,0,24.7,Rainy,Field A
2022-08-11,06:45,Cow_17,0,10,7,0,24.7,Rainy,Field A
2022-08-11,06:45,Cow_18,11,11,0,0,24.7,Rainy,Field C
2022-08-11,06:45,Cow_19,7,6,2,0,24.7,Rainy,Field B
2022-08-11,06:45,Cow_20,11,10,0,0,24.7,Rainy,Field C
2022-08-11,06:45,Cow_21,7,12,0,0,24.7,Rainy,Field A
2022-08-11,06:45,Cow_22,8,4,3,0,24.7,Rainy,Field A
2022-08-11,06:45,Cow_23,11,0,5,0,24.7,Rainy,Field A
2022-08-11,06:45,Cow_24,2,10,3,0,24.7,Rainy,Field C
2022-08-11,06:45,Cow_25,13,0,3,0,24.7,Rainy,Field A
2022-08-11,06:45,Cow_26,7,7,1,0,24.7,Rainy,Field A
2022-08-11,06:45,Cow_27,11,10,0,0,24.7,Rainy,Field A
2022-08-11,06:45,Cow_28,14,0,3,0,24.7,Rainy,Field C
2022-08-11,06:45,Cow_29,1,10,4,0,24.7,Rainy,Field C
2022-08-11,06:45,Cow_30,9,0,8,0,24.7,Rainy,Field B
2022-08-11,06:45,Cow_31,11,0,7,0,24.7,Rainy,Field C
2022-08-11,06:45,Cow_32,12,0,3,0,24.7,Rainy,Field B
2022-08-11,06:45,Cow_33,7,6,2,0,24.7,Rainy,Field A
2022-08-11,06:45,Cow_34,0,0,0,15,24.7,Rainy,Field A
2022-08-11,06:45,Cow_35,5,3,7,0,24.7,Rainy,Field B
2022-08-11,06:45,Cow_36,9,0,8,0,24.7,Rainy,Field C
2022-08-11,06:45,Cow_37,9,3,3,0,24.7,Rainy,Field B
2022-08-11,06:45,Cow_38,11,0,8,0,24.7,Rainy,Field A
2022-08-11,06:45,Cow_39,11,0,5,0,24.7,Rainy,Field C
2022-08-11,06:45,Cow_40,0,9,8,0,24.7,Rainy,Field B
2022-08-11,06:45,Cow_41,5,2,8,0,24.7,Rainy,Field B
2022-08-11,06:45,Cow_42,8,4,3,0,24.7,Rainy,Field A
2022-08-11,06:45,Cow_43,10,2,3,0,24.7,Rainy,Field C
2022-08-11,06:45,Cow_44,11,0,4,0,24.7,Rainy,Field A
2022-08-11,06:45,Cow_45,9,7,0,0,24.7,Rainy,Field A
2022-08-11,06:45,Cow_46,1,7,7,0,24.7,Rainy,Field A
2022-08-11,06:45,Cow_47,3,7,5,0,24.7,Rainy,Field C
2022-08-11,06:45,Cow_48,12,9,0,0,24.7,Rainy,Field C
2022-08-11,06:45,Cow_49,8,0,7,0,24.7,Rainy,Field B
2022-08-11,06:45,Cow_50,2,7,6,0,24.7,Rainy,Field B
2022-08-11,06:45,Cow_51,12,0,8,0,24.7,Rainy,Field C
2022-08-11,06:45,Cow_52,12,7,0,0,24.7,Rainy,Field B
2022-08-11,06:45,Cow_53,8,10,0,0,24.7,Rainy,Field A
2022-08-11,06:45,Cow_54,8,4,3,0,24.7,Rainy,Field B
2022-08-11,06:45,Cow_55,14,6,0,0,24.7,Rainy,Field B
2022-08-11,06:45,Cow_56,12,4,0,0,24.7,Rainy,Field B
2022-08-11,06:45,Cow_57,9,7,0,0,24.7,Rainy,Field C
2022-08-11,06:45,Cow_58,1,7,7,0,24.7,Rainy,Field A
2022-08-11,06:45,Cow_59,5,6,4,0,24.7,Rainy,Field A
2022-08-11,06:45,Cow_60,10,7,0,0,24.7,Rainy,Field A
2022-08-11,06:45,Cow_61,3,6,6,0,24.7,Rainy,Field C
2022-08-11,06:45,Cow_62,5,7,3,0,24.7,Rainy,Field B
2022-08-11,06:45,Cow_63,8,4,3,0,24.7,Rainy,Field C
2022-08-11,06:45,Cow_64,12,0,5,0,24.7,Rainy,Field B
2022-08-11,06:45,Cow_65,7,5,3,0,24.7,Rainy,Field C
2022-08-11,06:45,Cow_66,9,2,4,0,24.7,Rainy,Field C
2022-08-11,06:45,Cow_67,7,1,7,0,24.7,Rainy,Field A
2022-08-11,06:45,Cow_68,0,0,0,15,24.7,Rainy,Field C
2022-08-11,06:45,Cow_69,6,3,6,0,24.7,Rainy,Field A
2022-08-11,06:45,Cow_70,10,6,0,0,24.7,Rainy,Field C
2022-08-11,06:45,Cow_71,5,3,7,0,24.7,Rainy,Field C
2022-08-11,06:45,Cow_72,0,10,6,0,24.7,Rainy,Field A
2022-08-11,06:45,Cow_73,5,3,7,0,24.7,Rainy,Field A
2022-08-11,06:45,Cow_74,7,3,5,0,24.7,Rainy,Field A
2022-08-11,06:45,Cow_75,11,1,3,0,24.7,Rainy,Field C
2022-08-11,06:45,Cow_76,11,1,3,0,24.7,Rainy,Field C
2022-08-11,06:45,Cow_77,0,0,0,15,24.7,Rainy,Field C
2022-08-11,06:45,Cow_78,13,8,0,0,24.7,Rainy,Field C
2022-08-11,06:45,Cow_79,9,9,0,0,24.7,Rainy,Field C
2022-08-11,06:45,Cow_80,9,7,0,0,24.7,Rainy,Field A
2022-08-11,06:45,Cow_81,5,6,4,0,24.7,Rainy,Field B
2022-08-11,06:45,Cow_82,13,0,5,0,24.7,Rainy,Field C
2022-08-11,06:45,Cow_83,12,5,0,0,24.7,Rainy,Field A
2022-08-11,06:45,Cow_84,14,0,7,0,24.7,Rainy,Field A
2022-08-11,06:45,Cow_85,9,2,4,0,24.7,Rainy,Field A
2022-08-11,06:45,Cow_86,8,6,1,0,24.7,Rainy,Field B
2022-08-11,06:45,Cow_87,9,7,0,0,24.7,Rainy,Field B
2022-08-11,06:45,Cow_88,5,3,7,0,24.7,Rainy,Field A
2022-08-11,06:45,Cow_89,8,3,4,0,24.7,Rainy,Field B
2022-08-11,06:45,Cow_90,9,0,6,0,24.7,Rainy,Field C
2022-08-11,06:45,Cow_91,14,7,0,0,24.7,Rainy,Field B
2022-08-11,06:45,Cow_92,13,0,5,0,24.7,Rainy,Field C
2022-08-11,06:45,Cow_93,0,0,0,15,24.7,Rainy,Field B
2022-08-11,06:45,Cow_94,3,5,7,0,24.7,Rainy,Field A
2022-08-11,06:45,Cow_95,10,0,7,0,24.7,Rainy,Field C
2022-08-11,06:45,Cow_96,8,1,6,0,24.7,Rainy,Field B
2022-08-11,06:45,Cow_97,8,2,5,0,24.7,Rainy,Field B
2022-08-11,06:45,Cow_98,0,8,9,0,24.7,Rainy,Field B
2022-08-11,06:45,Cow_99,11,10,0,0,24.7,Rainy,Field B
2022-08-11,06:45,Cow_100,12,5,0,0,24.7,Rainy,Field B
2022-08-11,06:45,Cow_101,14,7,0,0,24.7,Rainy,Field C
2022-08-11,06:45,Cow_102,1,10,4,0,24.7,Rainy,Field A
2022-08-11,06:45,Cow_103,10,6,0,0,24.7,Rainy,Field B
2022-08-11,06:45,Cow_104,9,3,3,0,24.7,Rainy,Field A
2022-08-11,06:45,Cow_105,2,5,8,0,24.7,Rainy,Field A
2022-08-11,06:45,Cow_106,0,9,7,0,24.7,Rainy,Field A
2022-08-11,06:45,Cow_107,6,7,2,0,24.7,Rainy,Field A
2022-08-11,06:45,Cow_108,13,3,0,0,24.7,Rainy,Field A
2022-08-11,06:45,Cow_109,14,0,3,0,24.7,Rainy,Field A
2022-08-11,06:45,Cow_110,11,5,0,0,24.7,Rainy,Field B
2022-08-11,06:45,Cow_111,6,4,5,0,24.7,Rainy,Field C
2022-08-11,06:45,Cow_112,11,0,8,0,24.7,Rainy,Field A
2022-08-11,06:45,Cow_113,6,9,0,0,24.7,Rainy,Field A
2022-08-11,06:45,Cow_114,0,10,8,0,24.7,Rainy,Field A
2022-08-11,06:45,Cow_115,0,0,0,15,24.7,Rainy,Field C
2022-08-11,06:45,Cow_116,8,5,2,0,24.7,Rainy,Field A
2022-08-11,06:45,Cow_117,5,3,7,0,24.7,Rainy,Field C
2022-08-11,06:45,Cow_118,6,1,8,0,24.7,Rainy,Field B
2022-08-11,06:45,Cow_119,5,6,4,0,24.7,Rainy,Field A
2022-08-11,06:45,Cow_120,10,0,6,0,24.7,Rainy,Field A
2022-08-11,06:45,Cow_121,6,9,0,0,24.7,Rainy,Field C
2022-08-11,06:45,Cow_122,10,9,0,0,24.7,Rainy,Field A
2022-08-11,06:45,Cow_123,3,5,7,0,24.7,Rainy,Field A
2022-08-11,06:45,Cow_124,0,0,0,15,24.7,Rainy,Field B
2022-08-11,06:45,Cow_125,3,9,3,0,24.7,Rainy,Field A
2022-08-11,06:45,Cow_126,0,9,6,0,24.7,Rainy,Field B
2022-08-11,06:45,Cow_127,12,0,5,0,24.7,Rainy,Field C
2022-08-11,06:45,Cow_128,5,6,4,0,24.7,Rainy,Field B
2022-08-11,06:45,Cow_129,4,3,8,0,24.7,Rainy,Field B
2022-08-11,06:45,Cow_130,14,0,7,0,24.7,Rainy,Field A
2022-08-11,06:45,Cow_131,10,10,0,0,24.7,Rainy,Field B
2022-08-11,06:45,Cow_132,12,0,5,0,24.7,Rainy,Field A
2022-08-11,06:45,Cow_133,9,3,3,0,24.7,Rainy,Field A
2022-08-11,06:45,Cow_134,0,0,0,15,24.7,Rainy,Field B
2022-08-11,06:45,Cow_135,7,5,3,0,24.7,Rainy,Field A
2022-08-11,06:45,Cow_136,7,3,5,0,24.7,Rainy,Field C
2022-08-11,06:45,Cow_137,8,3,4,0,24.7,Rainy,Field B
2022-08-11,06:45,Cow_138,5,4,6,0,24.7,Rainy,Field C
2022-08-11,06:45,Cow_139,3,5,7,0,24.7,Rainy,Field A
2022-08-11,06:45,Cow_140,7,4,4,0,24.7,Rainy,Field A
2022-08-11,06:45,Cow_141,14,0,5,0,24.7,Rainy,Field A
2022-08-11,06:45,Cow_142,1,7,7,0,24.7,Rainy,Field A
2022-08-11,06:45,Cow_143,11,0,4,0,24.7,Rainy,Field C
2022-08-11,06:45,Cow_144,4,6,5,0,24.7,Rainy,Field A
2022-08-11,06:45,Cow_145,12,0,5,0,24.7,Rainy,Field B
2022-08-11,06:45,Cow_146,11,4,0,0,24.7,Rainy,Field B
2022-08-11,06:45,Cow_147,4,8,3,0,24.7,Rainy,Field A
2022-08-11,06:45,Cow_148,7,7,1,0,24.7,Rainy,Field A
2022-08-11,06:45,Cow_149,4,8,3,0,24.7,Rainy,Field A
2022-08-11,06:45,Cow_150,8,4,3,0,24.7,Rainy,Field A
2022-08-11,06:45,Cow_151,11,0,6,0,24.7,Rainy,Field A
2022-08-11,06:45,Cow_152,13,10,0,0,24.7,Rainy,Field B
2022-08-11,06:45,Cow_153,8,7,0,0,24.7,Rainy,Field A
2022-08-11,06:45,Cow_154,5,10,0,0,24.7,Rainy,Field A
2022-08-11,06:45,Cow_155,2,6,7,0,24.7,Rainy,Field B
2022-08-11,06:45,Cow_156,7,9,0,0,24.7,Rainy,Field C
2022-08-11,06:45,Cow_157,0,0,0,15,24.7,Rainy,Field C
2022-08-11,06:45,Cow_158,0,10,5,0,24.7,Rainy,Field C
2022-08-11,06:45,Cow_159,8,6,1,0,24.7,Rainy,Field B
2022-08-11,06:45,Cow_160,0,8,7,0,24.7,Rainy,Field C
2022-08-11,06:45,Cow_161,13,4,0,0,24.7,Rainy,Field A
2022-08-11,06:45,Cow_162,13,0,6,0,24.7,Rainy,Field C
2022-08-11,06:45,Cow_163,3,7,5,0,24.7,Rainy,Field C
2022-08-11,06:45,Cow_164,2,10,3,0,24.7,Rainy,Field A
2022-08-11,06:45,Cow_165,0,0,0,15,24.7,Rainy,Field B
2022-08-11,06:45,Cow_166,7,5,3,0,24.7,Rainy,Field B
2022-08-11,06:45,Cow_167,14,0,8,0,24.7,Rainy,Field A
2022-08-11,06:45,Cow_168,3,8,4,0,24.7,Rainy,Field B
2022-08-11,06:45,Cow_169,12,0,7,0,24.7,Rainy,Field C
2022-08-11,06:45,Cow_170,9,0,8,0,24.7,Rainy,Field A
2022-08-11,06:45,Cow_171,8,7,0,0,24.7,Rainy,Field C
2022-08-11,06:45,Cow_172,14,0,8,0,24.7,Rainy,Field C
2022-08-11,06:45,Cow_173,8,9,0,0,24.7,Rainy,Field A
2022-08-11,06:45,Cow_174,13,0,8,0,24.7,Rainy,Field B
2022-08-11,06:45,Cow_175,9,7,0,0,24.7,Rainy,Field B
2022-08-11,06:45,Cow_176,7,5,3,0,24.7,Rainy,Field A
2022-08-11,06:45,Cow_177,10,9,0,0,24.7,Rainy,Field A
2022-08-11,06:45,Cow_178,12,0,7,0,24.7,Rainy,Field B
2022-08-11,06:45,Cow_179,6,5,4,0,24.7,Rainy,Field A
2022-08-11,06:45,Cow_180,14,0,3,0,24.7,Rainy,Field A
2022-08-11,06:45,Cow_181,14,4,0,0,24.7,Rainy,Field C
2022-08-11,06:45,Cow_182,0,0,0,15,24.7,Rainy,Field A
2022-08-11,06:45,Cow_183,12,0,3,0,24.7,Rainy,Field A
2022-08-11,06:45,Cow_184,1,8,6,0,24.7,Rainy,Field B
2022-08-11,06:45,Cow_185,7,4,4,0,24.7,Rainy,Field A
2022-08-11,06:45,Cow_186,8,8,0,0,24.7,Rainy,Field A
2022-08-11,06:45,Cow_187,8,7,0,0,24.7,Rainy,Field B
2022-08-11,06:45,Cow_188,3,6,6,0,24.7,Rainy,Field C
2022-08-11,06:45,Cow_189,5,5,5,0,24.7,Rainy,Field A
2022-08-11,06:45,Cow_190,14,0,6,0,24.7,Rainy,Field A
2022-08-11,06:45,Cow_191,0,10,6,0,24.7,Rainy,Field C
2022-08-11,06:45,Cow_192,8,4,3,0,24.7,Rainy,Field B
2022-08-11,06:45,Cow_193,6,3,6,0,24.7,Rainy,Field C
2022-08-11,06:45,Cow_194,3,5,7,0,24.7,Rainy,Field B
2022-08-11,06:45,Cow_195,13,0,6,0,24.7,Rainy,Field C
2022-08-11,06:45,Cow_196,6,7,2,0,24.7,Rainy,Field B
2022-08-11,06:45,Cow_197,3,6,6,0,24.7,Rainy,Field B
2022-08-11,06:45,Cow_198,7,4,4,0,24.7,Rainy,Field A
2022-08-11,06:45,Cow_199,12,0,6,0,24.7,Rainy,Field C
2022-08-11,06:45,Cow_200,0,0,0,15,24.7,Rainy,Field C
2022-08-11,06:45,Cow_201,7,5,3,0,24.7,Rainy,Field B
2022-08-11,06:45,Cow_202,0,0,0,15,24.7,Rainy,Field B
2022-08-11,06:45,Cow_203,7,3,5,0,24.7,Rainy,Field B
2022-08-11,06:45,Cow_204,12,7,0,0,24.7,Rainy,Field A
2022-08-11,06:45,Cow_205,13,0,4,0,24.7,Rainy,Field B
2022-08-11,06:45,Cow_206,1,6,8,0,24.7,Rainy,Field B
2022-08-11,06:45,Cow_207,5,7,3,0,24.7,Rainy,Field B
2022-08-11,06:45,Cow_208,12,0,8,0,24.7,Rainy,Field B
2022-08-11,06:45,Cow_209,14,6,0,0,24.7,Rainy,Field A
2022-08-11,06:45,Cow_210,0,10,5,0,24.7,Rainy,Field C
2022-08-11,06:45,Cow_211,4,4,7,0,24.7,Rainy,Field B
2022-08-11,06:45,Cow_212,3,5,7,0,24.7,Rainy,Field B
2022-08-11,06:45,Cow_213,8,10,0,0,24.7,Rainy,Field A
2022-08-11,06:45,Cow_214,14,6,0,0,24.7,Rainy,Field B
2022-08-11,06:45,Cow_215,13,3,0,0,24.7,Rainy,Field C
2022-08-11,06:45,Cow_216,1,10,4,0,24.7,Rainy,Field B
2022-08-11,06:45,Cow_217,6,6,3,0,24.7,Rainy,Field B
2022-08-11,06:45,Cow_218,8,4,3,0,24.7,Rainy,Field C
2022-08-11,06:45,Cow_219,7,3,5,0,24.7,Rainy,Field C
2022-08-11,06:45,Cow_220,6,1,8,0,24.7,Rainy,Field A
2022-08-11,06:45,Cow_221,14,4,0,0,24.7,Rainy,Field A
2022-08-11,06:45,Cow_222,0,0,0,15,24.7,Rainy,Field B
2022-08-11,06:45,Cow_223,13,10,0,0,24.7,Rainy,Field B
2022-08-11,06:45,Cow_224,0,0,0,15,24.7,Rainy,Field A
2022-08-11,06:45,Cow_225,13,3,0,0,24.7,Rainy,Field B
2022-08-11,06:45,Cow_226,2,8,5,0,24.7,Rainy,Field A
2022-08-11,06:45,Cow_227,9,2,4,0,24.7,Rainy,Field A
2022-08-11,06:45,Cow_228,8,10,0,0,24.7,Rainy,Field C
2022-08-11,06:45,Cow_229,8,9,0,0,24.7,Rainy,Field A
2022-08-11,06:45,Cow_230,0,0,0,15,24.7,Rainy,Field C
2022-08-11,06:45,Cow_231,0,0,0,15,24.7,Rainy,Field C
2022-08-11,06:45,Cow_232,14,3,0,0,24.7,Rainy,Field B
2022-08-11,06:45,Cow_233,0,9,8,0,24.7,Rainy,Field B
2022-08-11,06:45,Cow_234,0,9,8,0,24.7,Rainy,Field A
2022-08-11,06:45,Cow_235,9,0,7,0,24.7,Rainy,Field B
2022-08-11,06:45,Cow_236,5,4,6,0,24.7,Rainy,Field B
2022-08-11,06:45,Cow_237,6,3,6,0,24.7,Rainy,Field B
2022-08-11,06:45,Cow_238,6,10,0,0,24.7,Rainy,Field B
2022-08-11,06:45,Cow_239,8,0,7,0,24.7,Rainy,Field B
2022-08-11,06:45,Cow_240,8,3,4,0,24.7,Rainy,Field C
2022-08-11,06:45,Cow_241,0,0,0,15,24.7,Rainy,Field B
2022-08-11,06:45,Cow_242,13,4,0,0,24.7,Rainy,Field C
2022-08-11,06:45,Cow_243,8,4,3,0,24.7,Rainy,Field A
2022-08-11,06:45,Cow_244,0,10,5,0,24.7,Rainy,Field A
2022-08-11,06:45,Cow_245,0,10,8,0,24.7,Rainy,Field B
2022-08-11,06:45,Cow_246,0,0,0,15,24.7,Rainy,Field A
2022-08-11,06:45,Cow_247,9,11,0,0,24.7,Rainy,Field B
2022-08-11,06:45,Cow_248,12,0,6,0,24.7,Rainy,Field A
2022-08-11,06:45,Cow_249,6,7,2,0,24.7,Rainy,Field A
2022-08-11,06:45,Cow_250,3,6,6,0,24.7,Rainy,Field A
2022-08-11,06:45,Cow_251,5,5,5,0,24.7,Rainy,Field C
2022-08-11,06:45,Cow_252,10,8,0,0,24.7,Rainy,Field C
2022-08-11,06:45,Cow_253,5,6,4,0,24.7,Rainy,Field A
2022-08-11,06:45,Cow_254,0,8,8,0,24.7,Rainy,Field C
2022-08-11,06:45,Cow_255,7,4,4,0,24.7,Rainy,Field B
2022-08-11,06:45,Cow_256,0,10,7,0,24.7,Rainy,Field B
2022-08-11,06:45,Cow_257,14,0,7,0,24.7,Rainy,Field C
2022-08-11,06:45,Cow_258,7,4,4,0,24.7,Rainy,Field B
2022-08-11,06:45,Cow_259,5,8,2,0,24.7,Rainy,Field B
2022-08-11,06:45,Cow_260,7,4,4,0,24.7,Rainy,Field C
2022-08-11,06:45,Cow_261,4,7,4,0,24.7,Rainy,Field B
2022-08-11,06:45,Cow_262,6,6,3,0,24.7,Rainy,Field B
2022-08-11,06:45,Cow_263,8,9,0,0,24.7,Rainy,Field C
2022-08-11,06:45,Cow_264,0,9,7,0,24.7,Rainy,Field A
2022-08-11,06:45,Cow_265,14,0,7,0,24.7,Rainy,Field C
2022-08-11,06:45,Cow_266,14,7,0,0,24.7,Rainy,Field A
2022-08-11,06:45,Cow_267,4,5,6,0,24.7,Rainy,Field C
2022-08-11,06:45,Cow_268,10,0,6,0,24.7,Rainy,Field B
2022-08-11,06:45,Cow_269,14,0,8,0,24.7,Rainy,Field A
2022-08-11,06:45,Cow_270,10,4,1,0,24.7,Rainy,Field C
2022-08-11,06:45,Cow_271,8,8,0,0,24.7,Rainy,Field A
2022-08-11,06:45,Cow_272,6,5,4,0,24.7,Rainy,Field C
2022-08-11,06:45,Cow_273,0,0,0,15,24.7,Rainy,Field C
2022-08-11,06:45,Cow_274,4,6,5,0,24.7,Rainy,Field C
2022-08-11,06:45,Cow_275,0,10,8,0,24.7,Rainy,Field A
2022-08-11,06:45,Cow_276,13,0,8,0,24.7,Rainy,Field B
2022-08-11,06:45,Cow_277,0,7,8,0,24.7,Rainy,Field B
2022-08-11,06:45,Cow_278,9,3,3,0,24.7,Rainy,Field A
2022-08-11,06:45,Cow_279,6,10,0,0,24.7,Rainy,Field C
2022-08-11,06:45,Cow_280,11,0,4,0,24.7,Rainy,Field B
2022-08-11,06:45,Cow_281,14,0,5,0,24.7,Rainy,Field C
2022-08-11,06:45,Cow_282,7,3,5,0,24.7,Rainy,Field A
2022-08-11,06:45,Cow_283,0,7,8,0,24.7,Rainy,Field C
2022-08-11,06:45,Cow_284,2,8,5,0,24.7,Rainy,Field B
2022-08-11,06:45,Cow_285,0,0,0,15,24.7,Rainy,Field C
2022-08-11,06:45,Cow_286,0,10,7,0,24.7,Rainy,Field A
2022-08-11,06:45,Cow_287,7,9,0,0,24.7,Rainy,Field A
2022-08-11,06:45,Cow_288,14,9,0,0,24.7,Rainy,Field C
2022-08-11,06:45,Cow_289,0,0,0,15,24.7,Rainy,Field A
2022-08-11,06:45,Cow_290,9,2,4,0,24.7,Rainy,Field C
2022-08-11,06:45,Cow_291,1,7,7,0,24.7,Rainy,Field B
2022-08-11,06:45,Cow_292,8,3,4,0,24.7,Rainy,Field A
2022-08-11,06:45,Cow_293,10,3,2,0,24.7,Rainy,Field A
2022-08-11,06:45,Cow_294,9,0,8,0,24.7,Rainy,Field C
2022-08-11,06:45,Cow_295,4,5,6,0,24.7,Rainy,Field B
2022-08-11,06:45,Cow_296,4,4,7,0,24.7,Rainy,Field A
2022-08-11,06:45,Cow_297,5,5,5,0,24.7,Rainy,Field B
2022-08-11,06:45,Cow_298,2,5,8,0,24.7,Rainy,Field C
2022-08-11,06:45,Cow_299,7,4,4,0,24.7,Rainy,Field A
2022-08-11,06:45,Cow_300,12,3,0,0,24.7,Rainy,Field A
2022-08-11,06:45,Cow_301,14,9,0,0,24.7,Rainy,Field C
2022-08-11,06:45,Cow_302,11,3,1,0,24.7,Rainy,Field B
2022-08-11,06:45,Cow_303,10,0,6,0,24.7,Rainy,Field B
2022-08-11,06:45,Cow_304,0,9,7,0,24.7,Rainy,Field B
2022-08-11,06:45,Cow_305,11,0,8,0,24.7,Rainy,Field C
2022-08-11,06:45,Cow_306,7,0,8,0,24.7,Rainy,Field A
2022-08-11,06:45,Cow_307,9,1,5,0,24.7,Rainy,Field B
2022-08-11,06:45,Cow_308,5,7,3,0,24.7,Rainy,Field B
2022-08-11,06:45,Cow_309,2,9,4,0,24.7,Rainy,Field A
2022-08-11,06:45,Cow_310,0,0,0,15,24.7,Rainy,Field A
2022-08-11,06:45,Cow_311,6,6,3,0,24.7,Rainy,Field C
2022-08-11,06:45,Cow_312,11,5,0,0,24.7,Rainy,Field C
2022-08-11,06:45,Cow_313,10,2,3,0,24.7,Rainy,Field B
2022-08-11,06:45,Cow_314,4,7,4,0,24.7,Rainy,Field B
2022-08-11,06:45,Cow_315,12,4,0,0,24.7,Rainy,Field B
2022-08-11,06:45,Cow_316,3,5,7,0,24.7,Rainy,Field A
2022-08-11,06:45,Cow_317,6,4,5,0,24.7,Rainy,Field C
2022-08-11,06:45,Cow_318,3,6,6,0,24.7,Rainy,Field B
2022-08-11,06:45,Cow_319,12,0,4,0,24.7,Rainy,Field B
2022-08-11,06:45,Cow_320,1,6,8,0,24.7,Rainy,Field B
2022-08-11,06:45,Cow_321,6,4,5,0,24.7,Rainy,Field A
2022-08-11,06:45,Cow_322,3,7,5,0,24.7,Rainy,Field B
2022-08-11,06:45,Cow_323,9,3,3,0,24.7,Rainy,Field A
2022-08-11,06:45,Cow_324,4,3,8,0,24.7,Rainy,Field C
2022-08-11,06:45,Cow_325,5,4,6,0,24.7,Rainy,Field B
2022-08-11,06:45,Cow_326,12,4,0,0,24.7,Rainy,Field A
2022-08-11,06:45,Cow_327,1,8,6,0,24.7,Rainy,Field B
2022-08-11,06:45,Cow_328,3,9,3,0,24.7,Rainy,Field B
2022-08-11,06:45,Cow_329,10,9,0,0,24.7,Rainy,Field A
2022-08-11,06:45,Cow_330,0,10,8,0,24.7,Rainy,Field A
2022-08-11,06:45,Cow_331,0,10,5,0,24.7,Rainy,Field A
2022-08-11,06:45,Cow_332,1,8,6,0,24.7,Rainy,Field B
2022-08-11,06:45,Cow_333,13,0,7,0,24.7,Rainy,Field C
2022-08-11,06:45,Cow_334,8,3,4,0,24.7,Rainy,Field A
2022-08-11,06:45,Cow_335,5,7,3,0,24.7,Rainy,Field A
2022-08-11,06:45,Cow_336,14,0,8,0,24.7,Rainy,Field C
2022-08-11,06:45,Cow_337,14,0,5,0,24.7,Rainy,Field A
2022-08-11,06:45,Cow_338,0,0,0,15,24.7,Rainy,Field A
2022-08-11,06:45,Cow_339,8,6,1,0,24.7,Rainy,Field C
2022-08-11,06:45,Cow_340,5,6,4,0,24.7,Rainy,Field C
2022-08-11,06:45,Cow_341,10,0,7,0,24.7,Rainy,Field C
2022-08-11,06:45,Cow_342,13,0,3,0,24.7,Rainy,Field C
2022-08-11,06:45,Cow_343,11,0,4,0,24.7,Rainy,Field B
2022-08-11,06:45,Cow_344,6,6,3,0,24.7,Rainy,Field A
2022-08-11,06:45,Cow_345,0,10,5,0,24.7,Rainy,Field C
2022-08-11,06:45,Cow_346,4,6,5,0,24.7,Rainy,Field B
2022-08-11,06:45,Cow_347,5,6,4,0,24.7,Rainy,Field A
2022-08-11,06:45,Cow_348,15,0,7,0,24.7,Rainy,Field B
2022-08-11,06:45,Cow_349,11,4,0,0,24.7,Rainy,Field C
2022-08-11,06:45,Cow_350,0,9,7,0,24.7,Rainy,Field B
2022-08-11,06:45,Cow_351,0,10,7,0,24.7,Rainy,Field C
2022-08-11,06:45,Cow_352,7,4,4,0,24.7,Rainy,Field C
2022-08-11,06:45,Cow_353,5,7,3,0,24.7,Rainy,Field C
2022-08-11,06:45,Cow_354,5,7,3,0,24.7,Rainy,Field C
2022-08-11,06:45,Cow_355,11,3,1,0,24.7,Rainy,Field B
2022-08-11,06:45,Cow_356,5,7,3,0,24.7,Rainy,Field B
2022-08-11,06:45,Cow_357,12,5,0,0,24.7,Rainy,Field B
2022-08-11,06:45,Cow_358,8,7,0,0,24.7,Rainy,Field A
2022-08-11,06:45,Cow_359,12,5,0,0,24.7,Rainy,Field B
2022-08-11,06:45,Cow_360,4,8,3,0,24.7,Rainy,Field A
2022-08-11,06:45,Cow_361,13,0,8,0,24.7,Rainy,Field C
2022-08-11,06:45,Cow_362,7,5,3,0,24.7,Rainy,Field A
2022-08-11,06:45,Cow_363,0,7,9,0,24.7,Rainy,Field A
2022-08-11,06:45,Cow_364,0,10,8,0,24.7,Rainy,Field A
2022-08-11,06:45,Cow_365,14,9,0,0,24.7,Rainy,Field C
2022-08-11,06:45,Cow_366,11,0,10,0,24.7,Rainy,Field C
2022-08-11,06:45,Cow_367,8,2,5,0,24.7,Rainy,Field B
2022-08-11,06:45,Cow_368,12,7,0,0,24.7,Rainy,Field C
2022-08-11,06:45,Cow_369,1,10,4,0,24.7,Rainy,Field A
2022-08-11,06:45,Cow_370,0,0,0,15,24.7,Rainy,Field C
2022-08-11,06:45,Cow_371,1,7,7,0,24.7,Rainy,Field C
2022-08-11,06:45,Cow_372,9,3,3,0,24.7,Rainy,Field C
2022-08-11,06:45,Cow_373,14,4,0,0,24.7,Rainy,Field C
2022-08-11,06:45,Cow_374,10,6,0,0,24.7,Rainy,Field A
2022-08-11,06:45,Cow_375,0,0,0,15,24.7,Rainy,Field A
2022-08-11,06:45,Cow_376,6,4,5,0,24.7,Rainy,Field B
2022-08-11,06:45,Cow_377,6,5,4,0,24.7,Rainy,Field B
2022-08-11,06:45,Cow_378,7,0,8,0,24.7,Rainy,Field A
2022-08-11,06:45,Cow_379,8,10,0,0,24.7,Rainy,Field B
2022-08-11,06:45,Cow_380,6,6,3,0,24.7,Rainy,Field C
2022-08-11,06:45,Cow_381,0,0,0,15,24.7,Rainy,Field B
2022-08-11,06:45,Cow_382,5,3,7,0,24.7,Rainy,Field C
2022-08-11,06:45,Cow_383,14,3,0,0,24.7,Rainy,Field C
2022-08-11,06:45,Cow_384,8,4,3,0,24.7,Rainy,Field A
2022-08-11,06:45,Cow_385,2,8,5,0,24.7,Rainy,Field B
2022-08-11,06:45,Cow_386,1,9,5,0,24.7,Rainy,Field A
2022-08-11,06:45,Cow_387,0,10,6,0,24.7,Rainy,Field A
2022-08-11,06:45,Cow_388,0,10,8,0,24.7,Rainy,Field A
2022-08-11,06:45,Cow_389,12,0,5,0,24.7,Rainy,Field C
2022-08-11,06:45,Cow_390,0,10,6,0,24.7,Rainy,Field C
2022-08-11,06:45,Cow_391,12,0,5,0,24.7,Rainy,Field C
2022-08-11,06:45,Cow_392,8,4,3,0,24.7,Rainy,Field B
2022-08-11,06:45,Cow_393,5,5,5,0,24.7,Rainy,Field C
2022-08-11,06:45,Cow_394,8,4,3,0,24.7,Rainy,Field C
2022-08-11,06:45,Cow_395,1,8,6,0,24.7,Rainy,Field C
2022-08-11,06:45,Cow_396,10,1,4,0,24.7,Rainy,Field C
2022-08-11,06:45,Cow_397,1,6,8,0,24.7,Rainy,Field C
2022-08-11,06:45,Cow_398,12,0,5,0,24.7,Rainy,Field C
2022-08-11,06:45,Cow_399,11,6,0,0,24.7,Rainy,Field A
2022-08-11,06:45,Cow_400,7,6,2,0,24.7,Rainy,Field C
2022-08-11,06:45,Cow_401,5,7,3,0,24.7,Rainy,Field C
2022-08-11,06:45,Cow_402,9,10,0,0,24.7,Rainy,Field B
2022-08-11,06:45,Cow_403,0,0,0,15,24.7,Rainy,Field B
2022-08-11,06:45,Cow_404,8,6,1,0,24.7,Rainy,Field C
2022-08-11,06:45,Cow_405,0,0,0,15,24.7,Rainy,Field B
2022-08-11,06:45,Cow_406,0,0,0,15,24.7,Rainy,Field A
2022-08-11,06:45,Cow_407,14,0,7,0,24.7,Rainy,Field B
2022-08-11,06:45,Cow_408,7,3,5,0,24.7,Rainy,Field A
2022-08-11,06:45,Cow_409,1,8,6,0,24.7,Rainy,Field B
2022-08-11,06:45,Cow_410,5,3,7,0,24.7,Rainy,Field A
2022-08-11,06:45,Cow_411,14,10,0,0,24.7,Rainy,Field C
2022-08-11,06:45,Cow_412,12,7,0,0,24.7,Rainy,Field B
2022-08-11,06:45,Cow_413,14,7,0,0,24.7,Rainy,Field B
2022-08-11,06:45,Cow_414,5,3,7,0,24.7,Rainy,Field C
2022-08-11,06:45,Cow_415,0,10,6,0,24.7,Rainy,Field C
2022-08-11,06:45,Cow_416,8,2,5,0,24.7,Rainy,Field C
2022-08-11,06:45,Cow_417,11,0,5,0,24.7,Rainy,Field C
2022-08-11,06:45,Cow_418,5,3,7,0,24.7,Rainy,Field B
2022-08-11,06:45,Cow_419,0,10,7,0,24.7,Rainy,Field B
2022-08-11,06:45,Cow_420,7,3,5,0,24.7,Rainy,Field C
2022-08-11,06:45,Cow_421,3,6,6,0,24.7,Rainy,Field B
2022-08-11,06:45,Cow_422,3,8,4,0,24.7,Rainy,Field B
2022-08-11,06:45,Cow_423,0,10,5,0,24.7,Rainy,Field A
2022-08-11,06:45,Cow_424,14,0,8,0,24.7,Rainy,Field A
2022-08-11,06:45,Cow_425,11,7,0,0,24.7,Rainy,Field C
2022-08-11,06:45,Cow_426,7,10,0,0,24.7,Rainy,Field B
2022-08-11,06:45,Cow_427,14,0,6,0,24.7,Rainy,Field C
2022-08-11,06:45,Cow_428,3,6,6,0,24.7,Rainy,Field A
2022-08-11,06:45,Cow_429,10,5,0,0,24.7,Rainy,Field A
2022-08-11,06:45,Cow_430,0,9,7,0,24.7,Rainy,Field C
2022-08-11,06:45,Cow_431,8,1,6,0,24.7,Rainy,Field B
2022-08-11,06:45,Cow_432,4,5,6,0,24.7,Rainy,Field B
2022-08-11,06:45,Cow_433,5,5,5,0,24.7,Rainy,Field C
2022-08-11,06:45,Cow_434,8,0,8,0,24.7,Rainy,Field C
2022-08-11,06:45,Cow_435,8,4,3,0,24.7,Rainy,Field A
2022-08-11,06:45,Cow_436,4,8,3,0,24.7,Rainy,Field A
2022-08-11,06:45,Cow_437,1,8,6,0,24.7,Rainy,Field C
2022-08-11,06:45,Cow_438,4,8,3,0,24.7,Rainy,Field A
2022-08-11,06:45,Cow_439,11,0,5,0,24.7,Rainy,Field B
2022-08-11,06:45,Cow_440,5,7,3,0,24.7,Rainy,Field A
2022-08-11,06:45,Cow_441,8,7,0,0,24.7,Rainy,Field B
2022-08-11,06:45,Cow_442,0,0,0,15,24.7,Rainy,Field B
2022-08-11,06:45,Cow_443,0,0,0,15,24.7,Rainy,Field B
2022-08-11,06:45,Cow_444,8,2,5,0,24.7,Rainy,Field A
2022-08-11,06:45,Cow_445,13,10,0,0,24.7,Rainy,Field A
2022-08-11,06:45,Cow_446,0,10,7,0,24.7,Rainy,Field A
2022-08-11,06:45,Cow_447,0,0,0,15,24.7,Rainy,Field C
2022-08-11,06:45,Cow_448,11,4,0,0,24.7,Rainy,Field B
2022-08-11,06:45,Cow_449,10,10,0,0,24.7,Rainy,Field B
2022-08-11,06:45,Cow_450,0,7,8,0,24.7,Rainy,Field A
2022-08-11,06:45,Cow_451,5,7,3,0,24.7,Rainy,Field A
2022-08-11,06:45,Cow_452,3,4,8,0,24.7,Rainy,Field C
2022-08-11,06:45,Cow_453,3,9,3,0,24.7,Rainy,Field A
2022-08-11,06:45,Cow_454,9,0,6,0,24.7,Rainy,Field A
2022-08-11,06:45,Cow_455,8,3,4,0,24.7,Rainy,Field A
2022-08-11,06:45,Cow_456,3,4,8,0,24.7,Rainy,Field A
2022-08-11,06:45,Cow_457,11,10,0,0,24.7,Rainy,Field B
2022-08-11,06:45,Cow_458,1,9,5,0,24.7,Rainy,Field A
2022-08-11,06:45,Cow_459,12,0,3,0,24.7,Rainy,Field A
2022-08-11,06:45,Cow_460,7,2,6,0,24.7,Rainy,Field B
2022-08-11,06:45,Cow_461,5,5,5,0,24.7,Rainy,Field C
2022-08-11,06:45,Cow_462,0,0,0,15,24.7,Rainy,Field B
2022-08-11,06:45,Cow_463,3,4,8,0,24.7,Rainy,Field B
2022-08-11,06:45,Cow_464,0,0,0,15,24.7,Rainy,Field A
2022-08-11,06:45,Cow_465,1,7,7,0,24.7,Rainy,Field C
2022-08-11,06:45,Cow_466,10,0,6,0,24.7,Rainy,Field C
2022-08-11,06:45,Cow_467,6,6,3,0,24.7,Rainy,Field B
2022-08-11,06:45,Cow_468,6,5,4,0,24.7,Rainy,Field A
2022-08-11,06:45,Cow_469,11,7,0,0,24.7,Rainy,Field B
2022-08-11,06:45,Cow_470,5,5,5,0,24.7,Rainy,Field C
2022-08-11,06:45,Cow_471,14,0,8,0,24.7,Rainy,Field B
2022-08-11,06:45,Cow_472,1,7,7,0,24.7,Rainy,Field B
2022-08-11,06:45,Cow_473,8,3,4,0,24.7,Rainy,Field B
2022-08-11,06:45,Cow_474,10,0,8,0,24.7,Rainy,Field B
2022-08-11,06:45,Cow_475,9,3,3,0,24.7,Rainy,Field B
2022-08-11,06:45,Cow_476,12,0,8,0,24.7,Rainy,Field B
2022-08-11,06:45,Cow_477,8,3,4,0,24.7,Rainy,Field C
2022-08-11,06:45,Cow_478,5,6,4,0,24.7,Rainy,Field C
2022-08-11,06:45,Cow_479,13,0,4,0,24.7,Rainy,Field A
2022-08-11,06:45,Cow_480,11,0,7,0,24.7,Rainy,Field A
2022-08-11,06:45,Cow_481,2,10,3,0,24.7,Rainy,Field A
2022-08-11,06:45,Cow_482,6,9,0,0,24.7,Rainy,Field C
2022-08-11,06:45,Cow_483,8,3,4,0,24.7,Rainy,Field A
2022-08-11,06:45,Cow_484,6,4,5,0,24.7,Rainy,Field B
2022-08-11,06:45,Cow_485,10,0,8,0,24.7,Rainy,Field A
2022-08-11,06:45,Cow_486,6,4,5,0,24.7,Rainy,Field A
2022-08-11,06:45,Cow_487,4,6,5,0,24.7,Rainy,Field A
2022-08-11,06:45,Cow_488,3,5,7,0,24.7,Rainy,Field A
2022-08-11,06:45,Cow_489,8,1,6,0,24.7,Rainy,Field B
2022-08-11,06:45,Cow_490,5,3,7,0,24.7,Rainy,Field C
2022-08-11,06:45,Cow_491,14,0,4,0,24.7,Rainy,Field C
2022-08-11,06:45,Cow_492,5,10,0,0,24.7,Rainy,Field C
2022-08-11,06:45,Cow_493,11,0,7,0,24.7,Rainy,Field B
2022-08-11,06:45,Cow_494,0,0,0,15,24.7,Rainy,Field A
2022-08-11,06:45,Cow_495,9,2,4,0,24.7,Rainy,Field C
2022-08-11,06:45,Cow_496,0,0,0,15,24.7,Rainy,Field A
2022-08-11,06:45,Cow_497,5,8,2,0,24.7,Rainy,Field B
2022-08-11,06:45,Cow_498,6,7,2,0,24.7,Rainy,Field C
2022-08-11,06:45,Cow_499,9,5,1,0,24.7,Rainy,Field A
2022-08-11,06:45,Cow_500,0,10,8,0,24.7,Rainy,Field B
2022-08-11,07:00,Cow_1,2,6,7,0,30.7,Rainy,Field A
2022-08-11,07:00,Cow_2,6,1,8,0,30.7,Rainy,Field A
2022-08-11,07:00,Cow_3,14,0,4,0,30.7,Rainy,Field C
2022-08-11,07:00,Cow_4,14,9,0,0,30.7,Rainy,Field A
2022-08-11,07:00,Cow_5,10,0,7,0,30.7,Rainy,Field A
2022-08-11,07:00,Cow_6,6,1,8,0,30.7,Rainy,Field A
2022-08-11,07:00,Cow_7,0,0,0,15,30.7,Rainy,Field C
2022-08-11,07:00,Cow_8,14,0,7,0,30.7,Rainy,Field C
2022-08-11,07:00,Cow_9,14,8,0,0,30.7,Rainy,Field B
2022-08-11,07:00,Cow_10,6,4,5,0,30.7,Rainy,Field B
2022-08-11,07:00,Cow_11,6,4,5,0,30.7,Rainy,Field A
2022-08-11,07:00,Cow_12,0,0,0,15,30.7,Rainy,Field B
2022-08-11,07:00,Cow_13,6,4,5,0,30.7,Rainy,Field C
2022-08-11,07:00,Cow_14,5,3,7,0,30.7,Rainy,Field C
2022-08-11,07:00,Cow_15,12,0,6,0,30.7,Rainy,Field C
2022-08-11,07:00,Cow_16,5,5,5,0,30.7,Rainy,Field B
2022-08-11,07:00,Cow_17,13,4,0,0,30.7,Rainy,Field B
2022-08-11,07:00,Cow_18,11,0,10,0,30.7,Rainy,Field A
2022-08-11,07:00,Cow_19,14,0,5,0,30.7,Rainy,Field C
2022-08-11,07:00,Cow_20,11,0,8,0,30.7,Rainy,Field C
2022-08-11,07:00,Cow_21,7,12,0,0,30.7,Rainy,Field A
2022-08-11,07:00,Cow_22,8,0,8,0,30.7,Rainy,Field B
2022-08-11,07:00,Cow_23,10,7,0,0,30.7,Rainy,Field C
2022-08-11,07:00,Cow_24,0,9,6,0,30.7,Rainy,Field B
2022-08-11,07:00,Cow_25,3,7,5,0,30.7,Rainy,Field C
2022-08-11,07:00,Cow_26,5,3,7,0,30.7,Rainy,Field A
2022-08-11,07:00,Cow_27,1,6,8,0,30.7,Rainy,Field C
2022-08-11,07:00,Cow_28,0,9,8,0,30.7,Rainy,Field B
2022-08-11,07:00,Cow_29,6,3,6,0,30.7,Rainy,Field A
2022-08-11,07:00,Cow_30,12,0,7,0,30.7,Rainy,Field B
2022-08-11,07:00,Cow_31,7,1,7,0,30.7,Rainy,Field C
2022-08-11,07:00,Cow_32,14,0,6,0,30.7,Rainy,Field A
2022-08-11,07:00,Cow_33,0,10,6,0,30.7,Rainy,Field B
2022-08-11,07:00,Cow_34,14,6,0,0,30.7,Rainy,Field C
2022-08-11,07:00,Cow_35,6,6,3,0,30.7,Rainy,Field B
2022-08-11,07:00,Cow_36,4,4,7,0,30.7,Rainy,Field A
2022-08-11,07:00,Cow_37,0,0,0,15,30.7,Rainy,Field C
2022-08-11,07:00,Cow_38,12,0,8,0,30.7,Rainy,Field A
2022-08-11,07:00,Cow_39,7,1,7,0,30.7,Rainy,Field B
2022-08-11,07:00,Cow_40,13,6,0,0,30.7,Rainy,Field C
2022-08-11,07:00,Cow_41,3,7,5,0,30.7,Rainy,Field A
2022-08-11,07:00,Cow_42,10,0,7,0,30.7,Rainy,Field B
2022-08-11,07:00,Cow_43,13,0,3,0,30.7,Rainy,Field B
2022-08-11,07:00,Cow_44,9,4,2,0,30.7,Rainy,Field C
2022-08-11,07:00,Cow_45,2,9,4,0,30.7,Rainy,Field C
2022-08-11,07:00,Cow_46,0,9,7,0,30.7,Rainy,Field C
2022-08-11,07:00,Cow_47,11,0,6,0,30.7,Rainy,Field C
2022-08-11,07:00,Cow_48,8,2,5,0,30.7,Rainy,Field B
2022-08-11,07:00,Cow_49,14,8,0,0,30.7,Rainy,Field C
2022-08-11,07:00,Cow_50,5,3,7,0,30.7,Rainy,Field A
2022-08-11,07:00,Cow_51,4,3,8,0,30.7,Rainy,Field B
2022-08-11,07:00,Cow_52,14,6,0,0,30.7,Rainy,Field B
2022-08-11,07:00,Cow_53,2,9,4,0,30.7,Rainy,Field A
2022-08-11,07:00,Cow_54,1,11,3,0,30.7,Rainy,Field B
2022-08-11,07:00,Cow_55,14,9,0,0,30.7,Rainy,Field B
2022-08-11,07:00,Cow_56,6,9,0,0,30.7,Rainy,Field A
2022-08-11,07:00,Cow_57,5,4,6,0,30.7,Rainy,Field C
2022-08-11,07:00,Cow_58,3,7,5,0,30.7,Rainy,Field C
2022-08-11,07:00,Cow_59,13,0,5,0,30.7,Rainy,Field B
2022-08-11,07:00,Cow_60,14,7,0,0,30.7,Rainy,Field B
2022-08-11,07:00,Cow_61,11,3,1,0,30.7,Rainy,Field C
2022-08-11,07:00,Cow_62,5,6,4,0,30.7,Rainy,Field C
2022-08-11,07:00,Cow_63,13,0,5,0,30.7,Rainy,Field A
2022-08-11,07:00,Cow_64,13,4,0,0,30.7,Rainy,Field A
2022-08-11,07:00,Cow_65,0,7,8,0,30.7,Rainy,Field A
2022-08-11,07:00,Cow_66,5,10,0,0,30.7,Rainy,Field B
2022-08-11,07:00,Cow_67,5,7,3,0,30.7,Rainy,Field B
2022-08-11,07:00,Cow_68,8,9,0,0,30.7,Rainy,Field C
2022-08-11,07:00,Cow_69,6,10,0,0,30.7,Rainy,Field B
2022-08-11,07:00,Cow_70,9,2,4,0,30.7,Rainy,Field A
2022-08-11,07:00,Cow_71,4,7,4,0,30.7,Rainy,Field C
2022-08-11,07:00,Cow_72,8,3,4,0,30.7,Rainy,Field C
2022-08-11,07:00,Cow_73,13,0,7,0,30.7,Rainy,Field C
2022-08-11,07:00,Cow_74,8,7,0,0,30.7,Rainy,Field A
2022-08-11,07:00,Cow_75,12,0,8,0,30.7,Rainy,Field C
2022-08-11,07:00,Cow_76,12,0,5,0,30.7,Rainy,Field B
2022-08-11,07:00,Cow_77,6,5,4,0,30.7,Rainy,Field A
2022-08-11,07:00,Cow_78,11,1,3,0,30.7,Rainy,Field A
2022-08-11,07:00,Cow_79,14,0,5,0,30.7,Rainy,Field A
2022-08-11,07:00,Cow_80,4,5,6,0,30.7,Rainy,Field B
2022-08-11,07:00,Cow_81,10,7,0,0,30.7,Rainy,Field C
2022-08-11,07:00,Cow_82,11,0,6,0,30.7,Rainy,Field B
2022-08-11,07:00,Cow_83,0,0,0,15,30.7,Rainy,Field C
2022-08-11,07:00,Cow_84,11,0,4,0,30.7,Rainy,Field C
2022-08-11,07:00,Cow_85,12,6,0,0,30.7,Rainy,Field A
2022-08-11,07:00,Cow_86,0,0,0,15,30.7,Rainy,Field A
2022-08-11,07:00,Cow_87,14,4,0,0,30.7,Rainy,Field A
2022-08-11,07:00,Cow_88,14,6,0,0,30.7,Rainy,Field A
2022-08-11,07:00,Cow_89,12,0,7,0,30.7,Rainy,Field B
2022-08-11,07:00,Cow_90,10,9,0,0,30.7,Rainy,Field B
2022-08-11,07:00,Cow_91,13,9,0,0,30.7,Rainy,Field C
2022-08-11,07:00,Cow_92,7,7,1,0,30.7,Rainy,Field C
2022-08-11,07:00,Cow_93,9,3,3,0,30.7,Rainy,Field A
2022-08-11,07:00,Cow_94,5,3,7,0,30.7,Rainy,Field B
2022-08-11,07:00,Cow_95,14,7,0,0,30.7,Rainy,Field C
2022-08-11,07:00,Cow_96,7,0,8,0,30.7,Rainy,Field A
2022-08-11,07:00,Cow_97,10,0,7,0,30.7,Rainy,Field B
2022-08-11,07:00,Cow_98,14,0,9,0,30.7,Rainy,Field A
2022-08-11,07:00,Cow_99,6,8,1,0,30.7,Rainy,Field A
2022-08-11,07:00,Cow_100,1,10,4,0,30.7,Rainy,Field A
2022-08-11,07:00,Cow_101,8,0,8,0,30.7,Rainy,Field B
2022-08-11,07:00,Cow_102,13,8,0,0,30.7,Rainy,Field C
2022-08-11,07:00,Cow_103,0,9,8,0,30.7,Rainy,Field A
2022-08-11,07:00,Cow_104,7,5,3,0,30.7,Rainy,Field B
2022-08-11,07:00,Cow_105,0,8,8,0,30.7,Rainy,Field C
2022-08-11,07:00,Cow_106,6,3,6,0,30.7,Rainy,Field C
2022-08-11,07:00,Cow_107,13,0,7,0,30.7,Rainy,Field A
2022-08-11,07:00,Cow_108,14,0,4,0,30.7,Rainy,Field C
2022-08-11,07:00,Cow_109,10,9,0,0,30.7,Rainy,Field A
2022-08-11,07:00,Cow_110,10,0,6,0,30.7,Rainy,Field A
2022-08-11,07:00,Cow_111,6,3,6,0,30.7,Rainy,Field A
2022-08-11,07:00,Cow_112,5,3,7,0,30.7,Rainy,Field C
2022-08-11,07:00,Cow_113,7,4,4,0,30.7,Rainy,Field C
2022-08-11,07:00,Cow_114,7,9,0,0,30.7,Rainy,Field C
2022-08-11,07:00,Cow_115,0,10,8,0,30.7,Rainy,Field A
2022-08-11,07:00,Cow_116,14,6,0,0,30.7,Rainy,Field B
2022-08-11,07:00,Cow_117,0,8,8,0,30.7,Rainy,Field A
2022-08-11,07:00,Cow_118,14,3,0,0,30.7,Rainy,Field C
2022-08-11,07:00,Cow_119,7,0,8,0,30.7,Rainy,Field A
2022-08-11,07:00,Cow_120,0,0,0,15,30.7,Rainy,Field A
2022-08-11,07:00,Cow_121,13,0,5,0,30.7,Rainy,Field B
2022-08-11,07:00,Cow_122,9,2,4,0,30.7,Rainy,Field A
2022-08-11,07:00,Cow_123,2,10,3,0,30.7,Rainy,Field B
2022-08-11,07:00,Cow_124,0,0,0,15,30.7,Rainy,Field A
2022-08-11,07:00,Cow_125,0,0,0,15,30.7,Rainy,Field A
2022-08-11,07:00,Cow_126,0,0,0,15,30.7,Rainy,Field A
2022-08-11,07:00,Cow_127,6,5,4,0,30.7,Rainy,Field B
2022-08-11,07:00,Cow_128,8,0,7,0,30.7,Rainy,Field B
2022-08-11,07:00,Cow_129,6,1,8,0,30.7,Rainy,Field B
2022-08-11,07:00,Cow_130,7,4,4,0,30.7,Rainy,Field A
2022-08-11,07:00,Cow_131,5,5,5,0,30.7,Rainy,Field B
2022-08-11,07:00,Cow_132,6,5,4,0,30.7,Rainy,Field B
2022-08-11,07:00,Cow_133,13,0,8,0,30.7,Rainy,Field A
2022-08-11,07:00,Cow_134,12,0,5,0,30.7,Rainy,Field C
2022-08-11,07:00,Cow_135,2,10,3,0,30.7,Rainy,Field A
2022-08-11,07:00,Cow_136,7,7,1,0,30.7,Rainy,Field A
2022-08-11,07:00,Cow_137,11,6,0,0,30.7,Rainy,Field B
2022-08-11,07:00,Cow_138,13,6,0,0,30.7,Rainy,Field A
2022-08-11,07:00,Cow_139,6,3,6,0,30.7,Rainy,Field B
2022-08-11,07:00,Cow_140,11,6,0,0,30.7,Rainy,Field B
2022-08-11,07:00,Cow_141,0,0,0,15,30.7,Rainy,Field A
2022-08-11,07:00,Cow_142,14,0,5,0,30.7,Rainy,Field B
2022-08-11,07:00,Cow_143,8,2,5,0,30.7,Rainy,Field A
2022-08-11,07:00,Cow_144,6,4,5,0,30.7,Rainy,Field A
2022-08-11,07:00,Cow_145,1,9,5,0,30.7,Rainy,Field B
2022-08-11,07:00,Cow_146,10,8,0,0,30.7,Rainy,Field C
2022-08-11,07:00,Cow_147,10,1,4,0,30.7,Rainy,Field B
2022-08-11,07:00,Cow_148,5,7,3,0,30.7,Rainy,Field B
2022-08-11,07:00,Cow_149,11,10,0,0,30.7,Rainy,Field C
2022-08-11,07:00,Cow_150,1,10,4,0,30.7,Rainy,Field C
2022-08-11,07:00,Cow_151,14,0,3,0,30.7,Rainy,Field C
2022-08-11,07:00,Cow_152,10,8,0,0,30.7,Rainy,Field B
2022-08-11,07:00,Cow_153,6,3,6,0,30.7,Rainy,Field C
2022-08-11,07:00,Cow_154,12,9,0,0,30.7,Rainy,Field A
2022-08-11,07:00,Cow_155,3,5,7,0,30.7,Rainy,Field A
2022-08-11,07:00,Cow_156,2,7,6,0,30.7,Rainy,Field A
2022-08-11,07:00,Cow_157,12,10,0,0,30.7,Rainy,Field A
2022-08-11,07:00,Cow_158,0,9,8,0,30.7,Rainy,Field B
2022-08-11,07:00,Cow_159,5,3,7,0,30.7,Rainy,Field A
2022-08-11,07:00,Cow_160,9,0,8,0,30.7,Rainy,Field A
2022-08-11,07:00,Cow_161,8,8,0,0,30.7,Rainy,Field A
2022-08-11,07:00,Cow_162,5,3,7,0,30.7,Rainy,Field B
2022-08-11,07:00,Cow_163,8,5,2,0,30.7,Rainy,Field C
2022-08-11,07:00,Cow_164,14,4,0,0,30.7,Rainy,Field C
2022-08-11,07:00,Cow_165,8,0,7,0,30.7,Rainy,Field B
2022-08-11,07:00,Cow_166,1,8,6,0,30.7,Rainy,Field A
2022-08-11,07:00,Cow_167,0,10,6,0,30.7,Rainy,Field B
2022-08-11,07:00,Cow_168,14,0,6,0,30.7,Rainy,Field B
2022-08-11,07:00,Cow_169,3,8,4,0,30.7,Rainy,Field B
2022-08-11,07:00,Cow_170,4,4,7,0,30.7,Rainy,Field B
2022-08-11,07:00,Cow_171,9,5,1,0,30.7,Rainy,Field B
2022-08-11,07:00,Cow_172,12,6,0,0,30.7,Rainy,Field A
2022-08-11,07:00,Cow_173,6,4,5,0,30.7,Rainy,Field B
2022-08-11,07:00,Cow_174,9,4,2,0,30.7,Rainy,Field C
2022-08-11,07:00,Cow_175,8,4,3,0,30.7,Rainy,Field A
2022-08-11,07:00,Cow_176,0,9,6,0,30.7,Rainy,Field C
2022-08-11,07:00,Cow_177,3,6,6,0,30.7,Rainy,Field C
2022-08-11,07:00,Cow_178,2,9,4,0,30.7,Rainy,Field B
2022-08-11,07:00,Cow_179,5,9,1,0,30.7,Rainy,Field B
2022-08-11,07:00,Cow_180,13,5,0,0,30.7,Rainy,Field B
2022-08-11,07:00,Cow_181,3,4,8,0,30.7,Rainy,Field C
2022-08-11,07:00,Cow_182,4,7,4,0,30.7,Rainy,Field C
2022-08-11,07:00,Cow_183,14,7,0,0,30.7,Rainy,Field A
2022-08-11,07:00,Cow_184,10,0,5,0,30.7,Rainy,Field C
2022-08-11,07:00,Cow_185,0,0,0,15,30.7,Rainy,Field B
2022-08-11,07:00,Cow_186,5,7,3,0,30.7,Rainy,Field A
2022-08-11,07:00,Cow_187,11,6,0,0,30.7,Rainy,Field C
2022-08-11,07:00,Cow_188,5,6,4,0,30.7,Rainy,Field B
2022-08-11,07:00,Cow_189,8,4,3,0,30.7,Rainy,Field C
2022-08-11,07:00,Cow_190,13,0,6,0,30.7,Rainy,Field B
2022-08-11,07:00,Cow_191,1,10,4,0,30.7,Rainy,Field B
2022-08-11,07:00,Cow_192,12,0,6,0,30.7,Rainy,Field A
2022-08-11,07:00,Cow_193,11,6,0,0,30.7,Rainy,Field C
2022-08-11,07:00,Cow_194,0,10,6,0,30.7,Rainy,Field C
2022-08-11,07:00,Cow_195,5,6,4,0,30.7,Rainy,Field C
2022-08-11,07:00,Cow_196,5,6,4,0,30.7,Rainy,Field B
2022-08-11,07:00,Cow_197,7,3,5,0,30.7,Rainy,Field A
2022-08-11,07:00,Cow_198,11,0,6,0,30.7,Rainy,Field C
2022-08-11,07:00,Cow_199,7,1,7,0,30.7,Rainy,Field B
2022-08-11,07:00,Cow_200,12,5,0,0,30.7,Rainy,Field C
2022-08-11,07:00,Cow_201,4,8,3,0,30.7,Rainy,Field A
2022-08-11,07:00,Cow_202,6,4,5,0,30.7,Rainy,Field A
2022-08-11,07:00,Cow_203,10,7,0,0,30.7,Rainy,Field B
2022-08-11,07:00,Cow_204,5,6,4,0,30.7,Rainy,Field B
2022-08-11,07:00,Cow_205,12,0,7,0,30.7,Rainy,Field C
2022-08-11,07:00,Cow_206,8,7,0,0,30.7,Rainy,Field A
2022-08-11,07:00,Cow_207,13,0,6,0,30.7,Rainy,Field A
2022-08-11,07:00,Cow_208,5,4,6,0,30.7,Rainy,Field B
2022-08-11,07:00,Cow_209,8,3,4,0,30.7,Rainy,Field B
2022-08-11,07:00,Cow_210,0,9,6,0,30.7,Rainy,Field C
2022-08-11,07:00,Cow_211,13,5,0,0,30.7,Rainy,Field C
2022-08-11,07:00,Cow_212,14,8,0,0,30.7,Rainy,Field C
2022-08-11,07:00,Cow_213,11,10,0,0,30.7,Rainy,Field C
2022-08-11,07:00,Cow_214,14,9,0,0,30.7,Rainy,Field B
2022-08-11,07:00,Cow_215,8,3,4,0,30.7,Rainy,Field C
2022-08-11,07:00,Cow_216,8,7,0,0,30.7,Rainy,Field B
2022-08-11,07:00,Cow_217,11,6,0,0,30.7,Rainy,Field B
2022-08-11,07:00,Cow_218,0,0,0,15,30.7,Rainy,Field B
2022-08-11,07:00,Cow_219,5,6,4,0,30.7,Rainy,Field B
2022-08-11,07:00,Cow_220,0,0,0,15,30.7,Rainy,Field C
2022-08-11,07:00,Cow_221,0,10,6,0,30.7,Rainy,Field A
2022-08-11,07:00,Cow_222,8,1,6,0,30.7,Rainy,Field A
2022-08-11,07:00,Cow_223,13,0,5,0,30.7,Rainy,Field B
2022-08-11,07:00,Cow_224,6,6,3,0,30.7,Rainy,Field B
2022-08-11,07:00,Cow_225,14,0,5,0,30.7,Rainy,Field A
2022-08-11,07:00,Cow_226,3,7,5,0,30.7,Rainy,Field A
2022-08-11,07:00,Cow_227,2,10,3,0,30.7,Rainy,Field C
2022-08-11,07:00,Cow_228,8,1,6,0,30.7,Rainy,Field B
2022-08-11,07:00,Cow_229,12,7,0,0,30.7,Rainy,Field A
2022-08-11,07:00,Cow_230,5,7,3,0,30.7,Rainy,Field A
2022-08-11,07:00,Cow_231,9,0,6,0,30.7,Rainy,Field C
2022-08-11,07:00,Cow_232,7,7,1,0,30.7,Rainy,Field C
2022-08-11,07:00,Cow_233,14,0,5,0,30.7,Rainy,Field A
2022-08-11,07:00,Cow_234,9,0,8,0,30.7,Rainy,Field A
2022-08-11,07:00,Cow_235,0,0,0,15,30.7,Rainy,Field B
2022-08-11,07:00,Cow_236,7,3,5,0,30.7,Rainy,Field C
2022-08-11,07:00,Cow_237,5,6,4,0,30.7,Rainy,Field A
2022-08-11,07:00,Cow_238,9,9,0,0,30.7,Rainy,Field C
2022-08-11,07:00,Cow_239,7,0,8,0,30.7,Rainy,Field B
2022-08-11,07:00,Cow_240,1,10,4,0,30.7,Rainy,Field B
2022-08-11,07:00,Cow_241,2,6,7,0,30.7,Rainy,Field B
2022-08-11,07:00,Cow_242,0,0,0,15,30.7,Rainy,Field B
2022-08-11,07:00,Cow_243,2,7,6,0,30.7,Rainy,Field A
2022-08-11,07:00,Cow_244,7,3,5,0,30.7,Rainy,Field C
2022-08-11,07:00,Cow_245,7,2,6,0,30.7,Rainy,Field A
2022-08-11,07:00,Cow_246,2,5,8,0,30.7,Rainy,Field C
2022-08-11,07:00,Cow_247,11,0,10,0,30.7,Rainy,Field A
2022-08-11,07:00,Cow_248,13,0,8,0,30.7,Rainy,Field A
2022-08-11,07:00,Cow_249,9,1,5,0,30.7,Rainy,Field A
2022-08-11,07:00,Cow_250,8,10,0,0,30.7,Rainy,Field C
2022-08-11,07:00,Cow_251,14,8,0,0,30.7,Rainy,Field A
2022-08-11,07:00,Cow_252,10,3,2,0,30.7,Rainy,Field C
2022-08-11,07:00,Cow_253,12,0,6,0,30.7,Rainy,Field B
2022-08-11,07:00,Cow_254,7,9,0,0,30.7,Rainy,Field A
2022-08-11,07:00,Cow_255,5,5,5,0,30.7,Rainy,Field A
2022-08-11,07:00,Cow_256,5,5,5,0,30.7,Rainy,Field A
2022-08-11,07:00,Cow_257,12,0,5,0,30.7,Rainy,Field A
2022-08-11,07:00,Cow_258,0,10,5,0,30.7,Rainy,Field B
2022-08-11,07:00,Cow_259,12,0,8,0,30.7,Rainy,Field B
2022-08-11,07:00,Cow_260,9,6,0,0,30.7,Rainy,Field A
2022-08-11,07:00,Cow_261,9,4,2,0,30.7,Rainy,Field A
2022-08-11,07:00,Cow_262,5,7,3,0,30.7,Rainy,Field A
2022-08-11,07:00,Cow_263,8,7,0,0,30.7,Rainy,Field B
2022-08-11,07:00,Cow_264,0,10,7,0,30.7,Rainy,Field B
2022-08-11,07:00,Cow_265,8,4,3,0,30.7,Rainy,Field C
2022-08-11,07:00,Cow_266,4,4,7,0,30.7,Rainy,Field A
2022-08-11,07:00,Cow_267,6,5,4,0,30.7,Rainy,Field B
2022-08-11,07:00,Cow_268,4,4,7,0,30.7,Rainy,Field B
2022-08-11,07:00,Cow_269,12,0,6,0,30.7,Rainy,Field A
2022-08-11,07:00,Cow_270,7,0,8,0,30.7,Rainy,Field A
2022-08-11,07:00,Cow_271,14,10,0,0,30.7,Rainy,Field B
2022-08-11,07:00,Cow_272,6,5,4,0,30.7,Rainy,Field A
2022-08-11,07:00,Cow_273,12,0,8,0,30.7,Rainy,Field B
2022-08-11,07:00,Cow_274,7,2,6,0,30.7,Rainy,Field C
2022-08-11,07:00,Cow_275,11,3,1,0,30.7,Rainy,Field C
2022-08-11,07:00,Cow_276,11,8,0,0,30.7,Rainy,Field B
2022-08-11,07:00,Cow_277,5,6,4,0,30.7,Rainy,Field A
2022-08-11,07:00,Cow_278,13,10,0,0,30.7,Rainy,Field B
2022-08-11,07:00,Cow_279,0,10,7,0,30.7,Rainy,Field B
2022-08-11,07:00,Cow_280,3,8,4,0,30.7,Rainy,Field B
2022-08-11,07:00,Cow_281,2,5,8,0,30.7,Rainy,Field A
2022-08-11,07:00,Cow_282,9,1,5,0,30.7,Rainy,Field C
2022-08-11,07:00,Cow_283,12,9,0,0,30.7,Rainy,Field B
2022-08-11,07:00,Cow_284,14,0,7,0,30.7,Rainy,Field A
2022-08-11,07:00,Cow_285,0,0,0,15,30.7,Rainy,Field B
2022-08-11,07:00,Cow_286,0,7,8,0,30.7,Rainy,Field B
2022-08-11,07:00,Cow_287,14,7,0,0,30.7,Rainy,Field A
2022-08-11,07:00,Cow_288,3,7,5,0,30.7,Rainy,Field A
2022-08-11,07:00,Cow_289,12,5,0,0,30.7,Rainy,Field A
2022-08-11,07:00,Cow_290,11,9,0,0,30.7,Rainy,Field B
2022-08-11,07:00,Cow_291,6,8,1,0,30.7,Rainy,Field C
2022-08-11,07:00,Cow_292,11,0,5,0,30.7,Rainy,Field A
2022-08-11,07:00,Cow_293,8,4,3,0,30.7,Rainy,Field C
2022-08-11,07:00,Cow_294,14,9,0,0,30.7,Rainy,Field A
2022-08-11,07:00,Cow_295,6,6,3,0,30.7,Rainy,Field C
2022-08-11,07:00,Cow_296,8,3,4,0,30.7,Rainy,Field A
2022-08-11,07:00,Cow_297,8,4,3,0,30.7,Rainy,Field A
2022-08-11,07:00,Cow_298,3,8,4,0,30.7,Rainy,Field C
2022-08-11,07:00,Cow_299,1,12,2,0,30.7,Rainy,Field B
2022-08-11,07:00,Cow_300,0,0,0,15,30.7,Rainy,Field A
2022-08-11,07:00,Cow_301,0,0,0,15,30.7,Rainy,Field B
2022-08-11,07:00,Cow_302,0,0,0,15,30.7,Rainy,Field B
2022-08-11,07:00,Cow_303,14,9,0,0,30.7,Rainy,Field B
2022-08-11,07:00,Cow_304,10,8,0,0,30.7,Rainy,Field B
2022-08-11,07:00,Cow_305,5,3,7,0,30.7,Rainy,Field C
2022-08-11,07:00,Cow_306,7,0,8,0,30.7,Rainy,Field C
2022-08-11,07:00,Cow_307,4,6,5,0,30.7,Rainy,Field B
2022-08-11,07:00,Cow_308,5,9,1,0,30.7,Rainy,Field A
2022-08-11,07:00,Cow_309,4,8,3,0,30.7,Rainy,Field C
2022-08-11,07:00,Cow_310,0,0,0,15,30.7,Rainy,Field A
2022-08-11,07:00,Cow_311,8,2,5,0,30.7,Rainy,Field C
2022-08-11,07:00,Cow_312,8,8,0,0,30.7,Rainy,Field B
2022-08-11,07:00,Cow_313,7,7,1,0,30.7,Rainy,Field A
2022-08-11,07:00,Cow_314,12,0,3,0,30.7,Rainy,Field A
2022-08-11,07:00,Cow_315,12,4,0,0,30.7,Rainy,Field C
2022-08-11,07:00,Cow_316,12,5,0,0,30.7,Rainy,Field A
2022-08-11,07:00,Cow_317,8,1,6,0,30.7,Rainy,Field A
2022-08-11,07:00,Cow_318,0,9,8,0,30.7,Rainy,Field A
2022-08-11,07:00,Cow_319,3,5,7,0,30.7,Rainy,Field C
2022-08-11,07:00,Cow_320,5,5,5,0,30.7,Rainy,Field A
2022-08-11,07:00,Cow_321,7,1,7,0,30.7,Rainy,Field B
2022-08-11,07:00,Cow_322,9,4,2,0,30.7,Rainy,Field A
2022-08-11,07:00,Cow_323,9,0,7,0,30.7,Rainy,Field C
2022-08-11,07:00,Cow_324,8,4,3,0,30.7,Rainy,Field B
2022-08-11,07:00,Cow_325,5,7,3,0,30.7,Rainy,Field C
2022-08-11,07:00,Cow_326,11,0,8,0,30.7,Rainy,Field B
2022-08-11,07:00,Cow_327,5,4,6,0,30.7,Rainy,Field A
2022-08-11,07:00,Cow_328,6,3,6,0,30.7,Rainy,Field C
2022-08-11,07:00,Cow_329,7,2,6,0,30.7,Rainy,Field B
2022-08-11,07:00,Cow_330,5,4,6,0,30.7,Rainy,Field B
2022-08-11,07:00,Cow_331,0,0,0,15,30.7,Rainy,Field C
2022-08-11,07:00,Cow_332,10,1,4,0,30.7,Rainy,Field C
2022-08-11,07:00,Cow_333,5,8,2,0,30.7,Rainy,Field A
2022-08-11,07:00,Cow_334,5,3,7,0,30.7,Rainy,Field C
2022-08-11,07:00,Cow_335,14,5,0,0,30.7,Rainy,Field C
2022-08-11,07:00,Cow_336,6,4,5,0,30.7,Rainy,Field A
2022-08-11,07:00,Cow_337,10,0,5,0,30.7,Rainy,Field B
2022-08-11,07:00,Cow_338,8,4,3,0,30.7,Rainy,Field C
2022-08-11,07:00,Cow_339,13,0,4,0,30.7,Rainy,Field A
2022-08-11,07:00,Cow_340,0,0,0,15,30.7,Rainy,Field B
2022-08-11,07:00,Cow_341,13,0,7,0,30.7,Rainy,Field C
2022-08-11,07:00,Cow_342,14,9,0,0,30.7,Rainy,Field C
2022-08-11,07:00,Cow_343,10,0,6,0,30.7,Rainy,Field B
2022-08-11,07:00,Cow_344,11,10,0,0,30.7,Rainy,Field B
2022-08-11,07:00,Cow_345,10,0,7,0,30.7,Rainy,Field A
2022-08-11,07:00,Cow_346,5,9,1,0,30.7,Rainy,Field C
2022-08-11,07:00,Cow_347,4,6,5,0,30.7,Rainy,Field A
2022-08-11,07:00,Cow_348,10,6,0,0,30.7,Rainy,Field A
2022-08-11,07:00,Cow_349,14,7,0,0,30.7,Rainy,Field A
2022-08-11,07:00,Cow_350,7,10,0,0,30.7,Rainy,Field B
2022-08-11,07:00,Cow_351,3,6,6,0,30.7,Rainy,Field B
2022-08-11,07:00,Cow_352,12,8,0,0,30.7,Rainy,Field A
2022-08-11,07:00,Cow_353,9,8,0,0,30.7,Rainy,Field C
2022-08-11,07:00,Cow_354,10,3,2,0,30.7,Rainy,Field B
2022-08-11,07:00,Cow_355,14,5,0,0,30.7,Rainy,Field C
2022-08-11,07:00,Cow_356,12,7,0,0,30.7,Rainy,Field C
2022-08-11,07:00,Cow_357,7,4,4,0,30.7,Rainy,Field C
2022-08-11,07:00,Cow_358,11,10,0,0,30.7,Rainy,Field C
2022-08-11,07:00,Cow_359,14,8,0,0,30.7,Rainy,Field C
2022-08-11,07:00,Cow_360,8,6,1,0,30.7,Rainy,Field C
2022-08-11,07:00,Cow_361,7,0,8,0,30.7,Rainy,Field C
2022-08-11,07:00,Cow_362,6,5,4,0,30.7,Rainy,Field C
2022-08-11,07:00,Cow_363,4,8,3,0,30.7,Rainy,Field C
2022-08-11,07:00,Cow_364,7,4,4,0,30.7,Rainy,Field B
2022-08-11,07:00,Cow_365,9,3,3,0,30.7,Rainy,Field B
2022-08-11,07:00,Cow_366,0,0,0,15,30.7,Rainy,Field B
2022-08-11,07:00,Cow_367,5,5,5,0,30.7,Rainy,Field B
2022-08-11,07:00,Cow_368,5,6,4,0,30.7,Rainy,Field C
2022-08-11,07:00,Cow_369,1,10,4,0,30.7,Rainy,Field B
2022-08-11,07:00,Cow_370,6,9,0,0,30.7,Rainy,Field A
2022-08-11,07:00,Cow_371,10,1,4,0,30.7,Rainy,Field A
2022-08-11,07:00,Cow_372,0,7,8,0,30.7,Rainy,Field C
2022-08-11,07:00,Cow_373,5,4,6,0,30.7,Rainy,Field B
2022-08-11,07:00,Cow_374,8,0,7,0,30.7,Rainy,Field C
2022-08-11,07:00,Cow_375,14,0,6,0,30.7,Rainy,Field A
2022-08-11,07:00,Cow_376,8,10,0,0,30.7,Rainy,Field A
2022-08-11,07:00,Cow_377,3,7,5,0,30.7,Rainy,Field A
2022-08-11,07:00,Cow_378,8,3,4,0,30.7,Rainy,Field B
2022-08-11,07:00,Cow_379,5,9,1,0,30.7,Rainy,Field C
2022-08-11,07:00,Cow_380,7,3,5,0,30.7,Rainy,Field B
2022-08-11,07:00,Cow_381,9,3,3,0,30.7,Rainy,Field A
2022-08-11,07:00,Cow_382,14,0,6,0,30.7,Rainy,Field C
2022-08-11,07:00,Cow_383,0,0,0,15,30.7,Rainy,Field B
2022-08-11,07:00,Cow_384,0,0,0,15,30.7,Rainy,Field A
2022-08-11,07:00,Cow_385,5,7,3,0,30.7,Rainy,Field A
2022-08-11,07:00,Cow_386,6,3,6,0,30.7,Rainy,Field C
2022-08-11,07:00,Cow_387,0,0,0,15,30.7,Rainy,Field B
2022-08-11,07:00,Cow_388,9,1,5,0,30.7,Rainy,Field A
2022-08-11,07:00,Cow_389,12,8,0,0,30.7,Rainy,Field B
2022-08-11,07:00,Cow_390,13,0,6,0,30.7,Rainy,Field B
2022-08-11,07:00,Cow_391,10,0,8,0,30.7,Rainy,Field A
2022-08-11,07:00,Cow_392,1,8,6,0,30.7,Rainy,Field B
2022-08-11,07:00,Cow_393,7,5,3,0,30.7,Rainy,Field C
2022-08-11,07:00,Cow_394,4,4,7,0,30.7,Rainy,Field C
2022-08-11,07:00,Cow_395,8,3,4,0,30.7,Rainy,Field B
2022-08-11,07:00,Cow_396,0,10,6,0,30.7,Rainy,Field C
2022-08-11,07:00,Cow_397,3,9,3,0,30.7,Rainy,Field B
2022-08-11,07:00,Cow_398,10,4,1,0,30.7,Rainy,Field C
2022-08-11,07:00,Cow_399,10,3,2,0,30.7,Rainy,Field A
2022-08-11,07:00,Cow_400,0,10,6,0,30.7,Rainy,Field C
2022-08-11,07:00,Cow_401,14,8,0,0,30.7,Rainy,Field B
2022-08-11,07:00,Cow_402,10,5,0,0,30.7,Rainy,Field C
2022-08-11,07:00,Cow_403,9,2,4,0,30.7,Rainy,Field B
2022-08-11,07:00,Cow_404,8,3,4,0,30.7,Rainy,Field C
2022-08-11,07:00,Cow_405,5,5,5,0,30.7,Rainy,Field B
2022-08-11,07:00,Cow_406,5,7,3,0,30.7,Rainy,Field A
2022-08-11,07:00,Cow_407,5,7,3,0,30.7,Rainy,Field B
2022-08-11,07:00,Cow_408,5,3,7,0,30.7,Rainy,Field B
2022-08-11,07:00,Cow_409,6,6,3,0,30.7,Rainy,Field B
2022-08-11,07:00,Cow_410,6,5,4,0,30.7,Rainy,Field B
2022-08-11,07:00,Cow_411,0,0,0,15,30.7,Rainy,Field B
2022-08-11,07:00,Cow_412,10,3,2,0,30.7,Rainy,Field B
2022-08-11,07:00,Cow_413,11,0,4,0,30.7,Rainy,Field C
2022-08-11,07:00,Cow_414,6,5,4,0,30.7,Rainy,Field C
2022-08-11,07:00,Cow_415,8,8,0,0,30.7,Rainy,Field C
2022-08-11,07:00,Cow_416,7,3,5,0,30.7,Rainy,Field B
2022-08-11,07:00,Cow_417,7,7,1,0,30.7,Rainy,Field B
2022-08-11,07:00,Cow_418,14,6,0,0,30.7,Rainy,Field A
2022-08-11,07:00,Cow_419,0,8,8,0,30.7,Rainy,Field A
2022-08-11,07:00,Cow_420,0,0,0,15,30.7,Rainy,Field B
2022-08-11,07:00,Cow_421,7,9,0,0,30.7,Rainy,Field C
2022-08-11,07:00,Cow_422,12,4,0,0,30.7,Rainy,Field A
2022-08-11,07:00,Cow_423,0,7,8,0,30.7,Rainy,Field A
2022-08-11,07:00,Cow_424,5,9,1,0,30.7,Rainy,Field A
2022-08-11,07:00,Cow_425,7,5,3,0,30.7,Rainy,Field A
2022-08-11,07:00,Cow_426,14,0,3,0,30.7,Rainy,Field B
2022-08-11,07:00,Cow_427,14,0,8,0,30.7,Rainy,Field A
2022-08-11,07:00,Cow_428,7,10,0,0,30.7,Rainy,Field A
2022-08-11,07:00,Cow_429,7,4,4,0,30.7,Rainy,Field C
2022-08-11,07:00,Cow_430,12,4,0,0,30.7,Rainy,Field B
2022-08-11,07:00,Cow_431,6,4,5,0,30.7,Rainy,Field A
2022-08-11,07:00,Cow_432,10,9,0,0,30.7,Rainy,Field B
2022-08-11,07:00,Cow_433,9,4,2,0,30.7,Rainy,Field B
2022-08-11,07:00,Cow_434,9,3,3,0,30.7,Rainy,Field B
2022-08-11,07:00,Cow_435,6,4,5,0,30.7,Rainy,Field A
2022-08-11,07:00,Cow_436,11,5,0,0,30.7,Rainy,Field C
2022-08-11,07:00,Cow_437,10,4,1,0,30.7,Rainy,Field C
2022-08-11,07:00,Cow_438,8,9,0,0,30.7,Rainy,Field B
2022-08-11,07:00,Cow_439,8,3,4,0,30.7,Rainy,Field B
2022-08-11,07:00,Cow_440,0,9,7,0,30.7,Rainy,Field C
2022-08-11,07:00,Cow_441,13,0,7,0,30.7,Rainy,Field B
2022-08-11,07:00,Cow_442,12,3,0,0,30.7,Rainy,Field A
2022-08-11,07:00,Cow_443,10,1,4,0,30.7,Rainy,Field B
2022-08-11,07:00,Cow_444,1,6,8,0,30.7,Rainy,Field A
2022-08-11,07:00,Cow_445,3,4,8,0,30.7,Rainy,Field C
2022-08-11,07:00,Cow_446,0,10,6,0,30.7,Rainy,Field B
2022-08-11,07:00,Cow_447,0,0,0,15,30.7,Rainy,Field B
2022-08-11,07:00,Cow_448,7,2,6,0,30.7,Rainy,Field C
2022-08-11,07:00,Cow_449,10,0,7,0,30.7,Rainy,Field C
2022-08-11,07:00,Cow_450,6,5,4,0,30.7,Rainy,Field B
2022-08-11,07:00,Cow_451,5,6,4,0,30.7,Rainy,Field C
2022-08-11,07:00,Cow_452,12,7,0,0,30.7,Rainy,Field B
2022-08-11,07:00,Cow_453,6,3,6,0,30.7,Rainy,Field B
2022-08-11,07:00,Cow_454,14,0,6,0,30.7,Rainy,Field C
2022-08-11,07:00,Cow_455,13,0,6,0,30.7,Rainy,Field B
2022-08-11,07:00,Cow_456,7,5,3,0,30.7,Rainy,Field A
2022-08-11,07:00,Cow_457,13,0,7,0,30.7,Rainy,Field B
2022-08-11,07:00,Cow_458,0,0,0,15,30.7,Rainy,Field A
2022-08-11,07:00,Cow_459,6,3,6,0,30.7,Rainy,Field A
2022-08-11,07:00,Cow_460,5,10,0,0,30.7,Rainy,Field B
2022-08-11,07:00,Cow_461,6,5,4,0,30.7,Rainy,Field A
2022-08-11,07:00,Cow_462,12,6,0,0,30.7,Rainy,Field A
2022-08-11,07:00,Cow_463,14,0,7,0,30.7,Rainy,Field B
2022-08-11,07:00,Cow_464,11,9,0,0,30.7,Rainy,Field C
2022-08-11,07:00,Cow_465,8,2,5,0,30.7,Rainy,Field A
2022-08-11,07:00,Cow_466,14,0,3,0,30.7,Rainy,Field B
2022-08-11,07:00,Cow_467,0,9,6,0,30.7,Rainy,Field A
2022-08-11,07:00,Cow_468,3,9,3,0,30.7,Rainy,Field B
2022-08-11,07:00,Cow_469,5,5,5,0,30.7,Rainy,Field C
2022-08-11,07:00,Cow_470,13,0,4,0,30.7,Rainy,Field A
2022-08-11,07:00,Cow_471,0,9,7,0,30.7,Rainy,Field C
2022-08-11,07:00,Cow_472,5,7,3,0,30.7,Rainy,Field B
2022-08-11,07:00,Cow_473,10,10,0,0,30.7,Rainy,Field B
2022-08-11,07:00,Cow_474,6,7,2,0,30.7,Rainy,Field A
2022-08-11,07:00,Cow_475,6,6,3,0,30.7,Rainy,Field C
2022-08-11,07:00,Cow_476,7,4,4,0,30.7,Rainy,Field A
2022-08-11,07:00,Cow_477,13,3,0,0,30.7,Rainy,Field B
2022-08-11,07:00,Cow_478,3,6,6,0,30.7,Rainy,Field C
2022-08-11,07:00,Cow_479,5,2,8,0,30.7,Rainy,Field B
2022-08-11,07:00,Cow_480,13,0,8,0,30.7,Rainy,Field C
2022-08-11,07:00,Cow_481,3,9,3,0,30.7,Rainy,Field C
2022-08-11,07:00,Cow_482,5,7,3,0,30.7,Rainy,Field A
2022-08-11,07:00,Cow_483,3,7,5,0,30.7,Rainy,Field B
2022-08-11,07:00,Cow_484,14,0,7,0,30.7,Rainy,Field A
2022-08-11,07:00,Cow_485,3,7,5,0,30.7,Rainy,Field B
2022-08-11,07:00,Cow_486,0,0,0,15,30.7,Rainy,Field B
2022-08-11,07:00,Cow_487,7,4,4,0,30.7,Rainy,Field B
2022-08-11,07:00,Cow_488,7,1,7,0,30.7,Rainy,Field B
2022-08-11,07:00,Cow_489,4,8,3,0,30.7,Rainy,Field C
2022-08-11,07:00,Cow_490,13,0,8,0,30.7,Rainy,Field A
2022-08-11,07:00,Cow_491,3,7,5,0,30.7,Rainy,Field C
2022-08-11,07:00,Cow_492,9,0,8,0,30.7,Rainy,Field A
2022-08-11,07:00,Cow_493,6,4,5,0,30.7,Rainy,Field C
2022-08-11,07:00,Cow_494,7,3,5,0,30.7,Rainy,Field A
2022-08-11,07:00,Cow_495,10,7,0,0,30.7,Rainy,Field C
2022-08-11,07:00,Cow_496,13,0,6,0,30.7,Rainy,Field A
2022-08-11,07:00,Cow_497,10,5,0,0,30.7,Rainy,Field B
2022-08-11,07:00,Cow_498,12,3,0,0,30.7,Rainy,Field C
2022-08-11,07:00,Cow_499,10,8,0,0,30.7,Rainy,Field B
2022-08-11,07:00,Cow_500,5,6,4,0,30.7,Rainy,Field C
2022-08-11,07:15,Cow_1,7,7,1,0,26.7,Cloudy,Field B
2022-08-11,07:15,Cow_2,4,3,8,0,26.7,Cloudy,Field B
2022-08-11,07:15,Cow_3,12,6,0,0,26.7,Cloudy,Field C
2022-08-11,07:15,Cow_4,5,6,4,0,26.7,Cloudy,Field C
2022-08-11,07:15,Cow_5,0,0,0,15,26.7,Cloudy,Field C
2022-08-11,07:15,Cow_6,1,7,7,0,26.7,Cloudy,Field B
2022-08-11,07:15,Cow_7,10,2,3,0,26.7,Cloudy,Field B
2022-08-11,07:15,Cow_8,12,0,3,0,26.7,Cloudy,Field C
2022-08-11,07:15,Cow_9,6,3,6,0,26.7,Cloudy,Field A
2022-08-11,07:15,Cow_10,4,6,5,0,26.7,Cloudy,Field A
2022-08-11,07:15,Cow_11,13,4,0,0,26.7,Cloudy,Field A
2022-08-11,07:15,Cow_12,9,0,6,0,26.7,Cloudy,Field A
2022-08-11,07:15,Cow_13,0,10,7,0,26.7,Cloudy,Field B
2022-08-11,07:15,Cow_14,8,4,3,0,26.7,Cloudy,Field C
2022-08-11,07:15,Cow_15,8,3,4,0,26.7,Cloudy,Field A
2022-08-11,07:15,Cow_16,10,9,0,0,26.7,Cloudy,Field C
2022-08-11,07:15,Cow_17,13,0,7,0,26.7,Cloudy,Field A
2022-08-11,07:15,Cow_18,9,3,3,0,26.7,Cloudy,Field A
2022-08-11,07:15,Cow_19,7,2,6,0,26.7,Cloudy,Field C
2022-08-11,07:15,Cow_20,12,0,6,0,26.7,Cloudy,Field C
2022-08-11,07:15,Cow_21,15,12,0,0,26.7,Cloudy,Field A
2022-08-11,07:15,Cow_22,10,0,6,0,26.7,Cloudy,Field B
2022-08-11,07:15,Cow_23,13,4,0,0,26.7,Cloudy,Field A
2022-08-11,07:15,Cow_24,0,0,0,15,26.7,Cloudy,Field C
2022-08-11,07:15,Cow_25,6,4,5,0,26.7,Cloudy,Field C
2022-08-11,07:15,Cow_26,5,7,3,0,26.7,Cloudy,Field C
2022-08-11,07:15,Cow_27,13,0,5,0,26.7,Cloudy,Field B
2022-08-11,07:15,Cow_28,6,3,6,0,26.7,Cloudy,Field A
2022-08-11,07:15,Cow_29,6,4,5,0,26.7,Cloudy,Field B
2022-08-11,07:15,Cow_30,12,6,0,0,26.7,Cloudy,Field C
2022-08-11,07:15,Cow_31,14,3,0,0,26.7,Cloudy,Field C
2022-08-11,07:15,Cow_32,0,0,0,15,26.7,Cloudy,Field A
2022-08-11,07:15,Cow_33,11,0,5,0,26.7,Cloudy,Field C
2022-08-11,07:15,Cow_34,12,0,5,0,26.7,Cloudy,Field A
2022-08-11,07:15,Cow_35,14,0,8,0,26.7,Cloudy,Field A
2022-08-11,07:15,Cow_36,3,5,7,0,26.7,Cloudy,Field C
2022-08-11,07:15,Cow_37,7,8,0,0,26.7,Cloudy,Field C
2022-08-11,07:15,Cow_38,10,4,1,0,26.7,Cloudy,Field B
2022-08-11,07:15,Cow_39,6,2,7,0,26.7,Cloudy,Field A
2022-08-11,07:15,Cow_40,11,10,0,0,26.7,Cloudy,Field C
2022-08-11,07:15,Cow_41,5,4,6,0,26.7,Cloudy,Field A
2022-08-11,07:15,Cow_42,4,6,5,0,26.7,Cloudy,Field A
2022-08-11,07:15,Cow_43,4,4,7,0,26.7,Cloudy,Field B
2022-08-11,07:15,Cow_44,3,9,3,0,26.7,Cloudy,Field C
2022-08-11,07:15,Cow_45,7,0,8,0,26.7,Cloudy,Field B
2022-08-11,07:15,Cow_46,9,3,3,0,26.7,Cloudy,Field A
2022-08-11,07:15,Cow_47,5,7,3,0,26.7,Cloudy,Field B
2022-08-11,07:15,Cow_48,4,3,8,0,26.7,Cloudy,Field A
2022-08-11,07:15,Cow_49,14,0,3,0,26.7,Cloudy,Field B
2022-08-11,07:15,Cow_50,14,7,0,0,26.7,Cloudy,Field C
2022-08-11,07:15,Cow_51,14,0,3,0,26.7,Cloudy,Field C
2022-08-11,07:15,Cow_52,10,6,0,0,26.7,Cloudy,Field C
2022-08-11,07:15,Cow_53,8,1,6,0,26.7,Cloudy,Field C
2022-08-11,07:15,Cow_54,7,12,0,0,26.7,Cloudy,Field A
2022-08-11,07:15,Cow_55,4,5,6,0,26.7,Cloudy,Field A
2022-08-11,07:15,Cow_56,11,1,3,0,26.7,Cloudy,Field B
2022-08-11,07:15,Cow_57,11,0,7,0,26.7,Cloudy,Field C
2022-08-11,07:15,Cow_58,5,4,6,0,26.7,Cloudy,Field A
2022-08-11,07:15,Cow_59,5,7,3,0,26.7,Cloudy,Field B
2022-08-11,07:15,Cow_60,12,4,0,0,26.7,Cloudy,Field B
2022-08-11,07:15,Cow_61,3,7,5,0,26.7,Cloudy,Field B
2022-08-11,07:15,Cow_62,9,3,3,0,26.7,Cloudy,Field A
2022-08-11,07:15,Cow_63,0,10,5,0,26.7,Cloudy,Field C
2022-08-11,07:15,Cow_64,6,8,1,0,26.7,Cloudy,Field A
2022-08-11,07:15,Cow_65,10,0,8,0,26.7,Cloudy,Field C
2022-08-11,07:15,Cow_66,13,9,0,0,26.7,Cloudy,Field A
2022-08-11,07:15,Cow_67,10,0,5,0,26.7,Cloudy,Field B
2022-08-11,07:15,Cow_68,9,1,5,0,26.7,Cloudy,Field B
2022-08-11,07:15,Cow_69,7,5,3,0,26.7,Cloudy,Field B
2022-08-11,07:15,Cow_70,13,0,5,0,26.7,Cloudy,Field C
2022-08-11,07:15,Cow_71,0,10,6,0,26.7,Cloudy,Field B
2022-08-11,07:15,Cow_72,11,1,3,0,26.7,Cloudy,Field B
2022-08-11,07:15,Cow_73,14,0,4,0,26.7,Cloudy,Field A
2022-08-11,07:15,Cow_74,7,0,8,0,26.7,Cloudy,Field B
2022-08-11,07:15,Cow_75,15,0,5,0,26.7,Cloudy,Field A
2022-08-11,07:15,Cow_76,10,0,8,0,26.7,Cloudy,Field B
2022-08-11,07:15,Cow_77,13,0,3,0,26.7,Cloudy,Field A
2022-08-11,07:15,Cow_78,13,3,0,0,26.7,Cloudy,Field C
2022-08-11,07:15,Cow_79,0,10,5,0,26.7,Cloudy,Field A
2022-08-11,07:15,Cow_80,12,8,0,0,26.7,Cloudy,Field A
2022-08-11,07:15,Cow_81,8,4,3,0,26.7,Cloudy,Field A
2022-08-11,07:15,Cow_82,1,9,5,0,26.7,Cloudy,Field B
2022-08-11,07:15,Cow_83,14,0,6,0,26.7,Cloudy,Field B
2022-08-11,07:15,Cow_84,0,9,8,0,26.7,Cloudy,Field C
2022-08-11,07:15,Cow_85,14,0,6,0,26.7,Cloudy,Field B
2022-08-11,07:15,Cow_86,3,7,5,0,26.7,Cloudy,Field A
2022-08-11,07:15,Cow_87,13,0,4,0,26.7,Cloudy,Field B
2022-08-11,07:15,Cow_88,11,0,5,0,26.7,Cloudy,Field C
2022-08-11,07:15,Cow_89,8,0,8,0,26.7,Cloudy,Field B
2022-08-11,07:15,Cow_90,1,10,4,0,26.7,Cloudy,Field A
2022-08-11,07:15,Cow_91,8,3,4,0,26.7,Cloudy,Field B
2022-08-11,07:15,Cow_92,3,7,5,0,26.7,Cloudy,Field C
2022-08-11,07:15,Cow_93,10,1,4,0,26.7,Cloudy,Field A
2022-08-11,07:15,Cow_94,7,2,6,0,26.7,Cloudy,Field A
2022-08-11,07:15,Cow_95,6,4,5,0,26.7,Cloudy,Field A
2022-08-11,07:15,Cow_96,7,5,3,0,26.7,Cloudy,Field C
2022-08-11,07:15,Cow_97,6,4,5,0,26.7,Cloudy,Field C
2022-08-11,07:15,Cow_98,7,12,0,0,26.7,Cloudy,Field A
2022-08-11,07:15,Cow_99,9,2,4,0,26.7,Cloudy,Field B
2022-08-11,07:15,Cow_100,11,0,7,0,26.7,Cloudy,Field C
2022-08-11,07:15,Cow_101,13,0,6,0,26.7,Cloudy,Field A
2022-08-11,07:15,Cow_102,14,0,4,0,26.7,Cloudy,Field C
2022-08-11,07:15,Cow_103,9,9,0,0,26.7,Cloudy,Field A
2022-08-11,07:15,Cow_104,5,10,0,0,26.7,Cloudy,Field A
2022-08-11,07:15,Cow_105,11,4,0,0,26.7,Cloudy,Field B
2022-08-11,07:15,Cow_106,2,7,6,0,26.7,Cloudy,Field C
2022-08-11,07:15,Cow_107,6,8,1,0,26.7,Cloudy,Field B
2022-08-11,07:15,Cow_108,13,0,3,0,26.7,Cloudy,Field C
2022-08-11,07:15,Cow_109,0,10,8,0,26.7,Cloudy,Field A
2022-08-11,07:15,Cow_110,7,4,4,0,26.7,Cloudy,Field B
2022-08-11,07:15,Cow_111,7,8,0,0,26.7,Cloudy,Field C
2022-08-11,07:15,Cow_112,14,0,3,0,26.7,Cloudy,Field C
2022-08-11,07:15,Cow_113,0,10,8,0,26.7,Cloudy,Field C
2022-08-11,07:15,Cow_114,0,10,7,0,26.7,Cloudy,Field C
2022-08-11,07:15,Cow_115,12,9,0,0,26.7,Cloudy,Field A
2022-08-11,07:15,Cow_116,1,10,4,0,26.7,Cloudy,Field C
2022-08-11,07:15,Cow_117,11,6,0,0,26.7,Cloudy,Field A
2022-08-11,07:15,Cow_118,0,0,0,15,26.7,Cloudy,Field C
2022-08-11,07:15,Cow_119,0,0,0,15,26.7,Cloudy,Field A
2022-08-11,07:15,Cow_120,9,9,0,0,26.7,Cloudy,Field B
2022-08-11,07:15,Cow_121,8,4,3,0,26.7,Cloudy,Field C
2022-08-11,07:15,Cow_122,1,8,6,0,26.7,Cloudy,Field A
2022-08-11,07:15,Cow_123,10,7,0,0,26.7,Cloudy,Field C
2022-08-11,07:15,Cow_124,8,1,6,0,26.7,Cloudy,Field B
2022-08-11,07:15,Cow_125,4,6,5,0,26.7,Cloudy,Field C
2022-08-11,07:15,Cow_126,2,10,3,0,26.7,Cloudy,Field A
2022-08-11,07:15,Cow_127,5,7,3,0,26.7,Cloudy,Field B
2022-08-11,07:15,Cow_128,10,8,0,0,26.7,Cloudy,Field B
2022-08-11,07:15,Cow_129,6,3,6,0,26.7,Cloudy,Field C
2022-08-11,07:15,Cow_130,7,0,8,0,26.7,Cloudy,Field C
2022-08-11,07:15,Cow_131,5,7,3,0,26.7,Cloudy,Field A
2022-08-11,07:15,Cow_132,1,6,8,0,26.7,Cloudy,Field A
2022-08-11,07:15,Cow_133,5,4,6,0,26.7,Cloudy,Field B
2022-08-11,07:15,Cow_134,8,2,5,0,26.7,Cloudy,Field C
2022-08-11,07:15,Cow_135,14,3,0,0,26.7,Cloudy,Field C
2022-08-11,07:15,Cow_136,10,2,3,0,26.7,Cloudy,Field A
2022-08-11,07:15,Cow_137,11,9,0,0,26.7,Cloudy,Field C
2022-08-11,07:15,Cow_138,13,0,4,0,26.7,Cloudy,Field B
2022-08-11,07:15,Cow_139,14,6,0,0,26.7,Cloudy,Field C
2022-08-11,07:15,Cow_140,10,6,0,0,26.7,Cloudy,Field A
2022-08-11,07:15,Cow_141,6,4,5,0,26.7,Cloudy,Field B
2022-08-11,07:15,Cow_142,7,1,7,0,26.7,Cloudy,Field C
2022-08-11,07:15,Cow_143,6,3,6,0,26.7,Cloudy,Field B
2022-08-11,07:15,Cow_144,11,4,0,0,26.7,Cloudy,Field A
2022-08-11,07:15,Cow_145,13,8,0,0,26.7,Cloudy,Field C
2022-08-11,07:15,Cow_146,13,8,0,0,26.7,Cloudy,Field A
2022-08-11,07:15,Cow_147,12,4,0,0,26.7,Cloudy,Field C
2022-08-11,07:15,Cow_148,8,10,0,0,26.7,Cloudy,Field C
2022-08-11,07:15,Cow_149,3,5,7,0,26.7,Cloudy,Field B
2022-08-11,07:15,Cow_150,9,3,3,0,26.7,Cloudy,Field A
2022-08-11,07:15,Cow_151,14,9,0,0,26.7,Cloudy,Field A
2022-08-11,07:15,Cow_152,5,6,4,0,26.7,Cloudy,Field A
2022-08-11,07:15,Cow_153,11,0,8,0,26.7,Cloudy,Field C
2022-08-11,07:15,Cow_154,10,8,0,0,26.7,Cloudy,Field B
2022-08-11,07:15,Cow_155,0,9,7,0,26.7,Cloudy,Field C
2022-08-11,07:15,Cow_156,11,9,0,0,26.7,Cloudy,Field A
2022-08-11,07:15,Cow_157,0,9,8,0,26.7,Cloudy,Field B
2022-08-11,07:15,Cow_158,13,0,4,0,26.7,Cloudy,Field B
2022-08-11,07:15,Cow_159,2,7,6,0,26.7,Cloudy,Field C
2022-08-11,07:15,Cow_160,9,5,1,0,26.7,Cloudy,Field C
2022-08-11,07:15,Cow_161,9,3,3,0,26.7,Cloudy,Field C
2022-08-11,07:15,Cow_162,13,10,0,0,26.7,Cloudy,Field B
2022-08-11,07:15,Cow_163,6,4,5,0,26.7,Cloudy,Field C
2022-08-11,07:15,Cow_164,0,0,0,15,26.7,Cloudy,Field C
2022-08-11,07:15,Cow_165,4,4,7,0,26.7,Cloudy,Field C
2022-08-11,07:15,Cow_166,14,0,5,0,26.7,Cloudy,Field A
2022-08-11,07:15,Cow_167,13,0,6,0,26.7,Cloudy,Field B
2022-08-11,07:15,Cow_168,12,5,0,0,26.7,Cloudy,Field A
2022-08-11,07:15,Cow_169,0,8,7,0,26.7,Cloudy,Field C
2022-08-11,07:15,Cow_170,0,0,0,15,26.7,Cloudy,Field A
2022-08-11,07:15,Cow_171,4,8,3,0,26.7,Cloudy,Field C
2022-08-11,07:15,Cow_172,9,4,2,0,26.7,Cloudy,Field B
2022-08-11,07:15,Cow_173,4,6,5,0,26.7,Cloudy,Field C
2022-08-11,07:15,Cow_174,12,0,4,0,26.7,Cloudy,Field A
2022-08-11,07:15,Cow_175,8,8,0,0,26.7,Cloudy,Field C
2022-08-11,07:15,Cow_176,4,8,3,0,26.7,Cloudy,Field C
2022-08-11,07:15,Cow_177,4,7,4,0,26.7,Cloudy,Field B
2022-08-11,07:15,Cow_178,11,4,0,0,26.7,Cloudy,Field B
2022-08-11,07:15,Cow_179,9,2,4,0,26.7,Cloudy,Field A
2022-08-11,07:15,Cow_180,6,5,4,0,26.7,Cloudy,Field A
2022-08-11,07:15,Cow_181,10,0,7,0,26.7,Cloudy,Field B
2022-08-11,07:15,Cow_182,13,8,0,0,26.7,Cloudy,Field B
2022-08-11,07:15,Cow_183,12,7,0,0,26.7,Cloudy,Field C
2022-08-11,07:15,Cow_184,3,5,7,0,26.7,Cloudy,Field B
2022-08-11,07:15,Cow_185,3,8,4,0,26.7,Cloudy,Field C
2022-08-11,07:15,Cow_186,6,10,0,0,26.7,Cloudy,Field A
2022-08-11,07:15,Cow_187,8,1,6,0,26.7,Cloudy,Field A
2022-08-11,07:15,Cow_188,7,1,7,0,26.7,Cloudy,Field C
2022-08-11,07:15,Cow_189,7,7,1,0,26.7,Cloudy,Field A
2022-08-11,07:15,Cow_190,6,6,3,0,26.7,Cloudy,Field C
2022-08-11,07:15,Cow_191,12,6,0,0,26.7,Cloudy,Field C
2022-08-11,07:15,Cow_192,14,0,8,0,26.7,Cloudy,Field C
2022-08-11,07:15,Cow_193,7,8,0,0,26.7,Cloudy,Field B
2022-08-11,07:15,Cow_194,2,6,7,0,26.7,Cloudy,Field C
2022-08-11,07:15,Cow_195,10,2,3,0,26.7,Cloudy,Field B
2022-08-11,07:15,Cow_196,1,7,7,0,26.7,Cloudy,Field A
2022-08-11,07:15,Cow_197,14,4,0,0,26.7,Cloudy,Field A
2022-08-11,07:15,Cow_198,13,9,0,0,26.7,Cloudy,Field A
2022-08-11,07:15,Cow_199,0,0,0,15,26.7,Cloudy,Field C
2022-08-11,07:15,Cow_200,13,0,3,0,26.7,Cloudy,Field A
2022-08-11,07:15,Cow_201,0,0,0,15,26.7,Cloudy,Field C
2022-08-11,07:15,Cow_202,9,0,8,0,26.7,Cloudy,Field C
2022-08-11,07:15,Cow_203,1,8,6,0,26.7,Cloudy,Field C
2022-08-11,07:15,Cow_204,6,5,4,0,26.7,Cloudy,Field C
2022-08-11,07:15,Cow_205,10,3,2,0,26.7,Cloudy,Field C
2022-08-11,07:15,Cow_206,13,4,0,0,26.7,Cloudy,Field C
2022-08-11,07:15,Cow_207,9,0,8,0,26.7,Cloudy,Field B
2022-08-11,07:15,Cow_208,12,0,5,0,26.7,Cloudy,Field C
2022-08-11,07:15,Cow_209,8,9,0,0,26.7,Cloudy,Field A
2022-08-11,07:15,Cow_210,6,3,6,0,26.7,Cloudy,Field A
2022-08-11,07:15,Cow_211,13,0,4,0,26.7,Cloudy,Field A
2022-08-11,07:15,Cow_212,3,6,6,0,26.7,Cloudy,Field C
2022-08-11,07:15,Cow_213,9,9,0,0,26.7,Cloudy,Field A
2022-08-11,07:15,Cow_214,2,6,7,0,26.7,Cloudy,Field A
2022-08-11,07:15,Cow_215,2,10,3,0,26.7,Cloudy,Field A
2022-08-11,07:15,Cow_216,3,8,4,0,26.7,Cloudy,Field B
2022-08-11,07:15,Cow_217,5,2,8,0,26.7,Cloudy,Field B
2022-08-11,07:15,Cow_218,10,0,5,0,26.7,Cloudy,Field B
2022-08-11,07:15,Cow_219,8,6,1,0,26.7,Cloudy,Field A
2022-08-11,07:15,Cow_220,0,8,8,0,26.7,Cloudy,Field C
2022-08-11,07:15,Cow_221,2,7,6,0,26.7,Cloudy,Field A
2022-08-11,07:15,Cow_222,12,7,0,0,26.7,Cloudy,Field B
2022-08-11,07:15,Cow_223,7,5,3,0,26.7,Cloudy,Field C
2022-08-11,07:15,Cow_224,0,0,0,15,26.7,Cloudy,Field C
2022-08-11,07:15,Cow_225,0,9,6,0,26.7,Cloudy,Field A
2022-08-11,07:15,Cow_226,13,9,0,0,26.7,Cloudy,Field B
2022-08-11,07:15,Cow_227,7,7,1,0,26.7,Cloudy,Field B
2022-08-11,07:15,Cow_228,4,8,3,0,26.7,Cloudy,Field C
2022-08-11,07:15,Cow_229,11,3,1,0,26.7,Cloudy,Field C
2022-08-11,07:15,Cow_230,0,10,6,0,26.7,Cloudy,Field B
2022-08-11,07:15,Cow_231,1,10,4,0,26.7,Cloudy,Field B
2022-08-11,07:15,Cow_232,8,4,3,0,26.7,Cloudy,Field B
2022-08-11,07:15,Cow_233,12,0,4,0,26.7,Cloudy,Field A
2022-08-11,07:15,Cow_234,14,10,0,0,26.7,Cloudy,Field C
2022-08-11,07:15,Cow_235,9,0,9,0,26.7,Cloudy,Field B
2022-08-11,07:15,Cow_236,0,0,0,15,26.7,Cloudy,Field B
2022-08-11,07:15,Cow_237,10,6,0,0,26.7,Cloudy,Field C
2022-08-11,07:15,Cow_238,9,9,0,0,26.7,Cloudy,Field B
2022-08-11,07:15,Cow_239,6,4,5,0,26.7,Cloudy,Field A
2022-08-11,07:15,Cow_240,1,8,6,0,26.7,Cloudy,Field A
2022-08-11,07:15,Cow_241,7,5,3,0,26.7,Cloudy,Field C
2022-08-11,07:15,Cow_242,4,4,7,0,26.7,Cloudy,Field B
2022-08-11,07:15,Cow_243,6,4,5,0,26.7,Cloudy,Field C
2022-08-11,07:15,Cow_244,0,0,0,15,26.7,Cloudy,Field A
2022-08-11,07:15,Cow_245,6,4,5,0,26.7,Cloudy,Field A
2022-08-11,07:15,Cow_246,13,6,0,0,26.7,Cloudy,Field A
2022-08-11,07:15,Cow_247,7,3,5,0,26.7,Cloudy,Field A
2022-08-11,07:15,Cow_248,8,4,3,0,26.7,Cloudy,Field A
2022-08-11,07:15,Cow_249,13,8,0,0,26.7,Cloudy,Field A
2022-08-11,07:15,Cow_250,2,10,3,0,26.7,Cloudy,Field A
2022-08-11,07:15,Cow_251,14,8,0,0,26.7,Cloudy,Field B
2022-08-11,07:15,Cow_252,15,10,0,0,26.7,Cloudy,Field A
2022-08-11,07:15,Cow_253,5,7,3,0,26.7,Cloudy,Field B
2022-08-11,07:15,Cow_254,2,9,4,0,26.7,Cloudy,Field A
2022-08-11,07:15,Cow_255,4,5,6,0,26.7,Cloudy,Field B
2022-08-11,07:15,Cow_256,5,2,8,0,26.7,Cloudy,Field A
2022-08-11,07:15,Cow_257,3,6,6,0,26.7,Cloudy,Field A
2022-08-11,07:15,Cow_258,12,5,0,0,26.7,Cloudy,Field B
2022-08-11,07:15,Cow_259,0,0,0,15,26.7,Cloudy,Field A
2022-08-11,07:15,Cow_260,6,8,1,0,26.7,Cloudy,Field B
2022-08-11,07:15,Cow_261,0,0,0,15,26.7,Cloudy,Field B
2022-08-11,07:15,Cow_262,11,0,5,0,26.7,Cloudy,Field A
2022-08-11,07:15,Cow_263,14,0,3,0,26.7,Cloudy,Field C
2022-08-11,07:15,Cow_264,5,7,3,0,26.7,Cloudy,Field C
2022-08-11,07:15,Cow_265,5,7,3,0,26.7,Cloudy,Field B
2022-08-11,07:15,Cow_266,14,9,0,0,26.7,Cloudy,Field C
2022-08-11,07:15,Cow_267,3,5,7,0,26.7,Cloudy,Field B
2022-08-11,07:15,Cow_268,13,9,0,0,26.7,Cloudy,Field B
2022-08-11,07:15,Cow_269,5,2,8,0,26.7,Cloudy,Field B
2022-08-11,07:15,Cow_270,14,5,0,0,26.7,Cloudy,Field C
2022-08-11,07:15,Cow_271,13,9,0,0,26.7,Cloudy,Field B
2022-08-11,07:15,Cow_272,0,9,7,0,26.7,Cloudy,Field A
2022-08-11,07:15,Cow_273,12,0,3,0,26.7,Cloudy,Field C
2022-08-11,07:15,Cow_274,13,0,3,0,26.7,Cloudy,Field C
2022-08-11,07:15,Cow_275,3,8,4,0,26.7,Cloudy,Field B
2022-08-11,07:15,Cow_276,14,0,8,0,26.7,Cloudy,Field A
2022-08-11,07:15,Cow_277,7,7,1,0,26.7,Cloudy,Field A
2022-08-11,07:15,Cow_278,11,0,6,0,26.7,Cloudy,Field C
2022-08-11,07:15,Cow_279,5,2,8,0,26.7,Cloudy,Field A
2022-08-11,07:15,Cow_280,6,4,5,0,26.7,Cloudy,Field B
2022-08-11,07:15,Cow_281,10,8,0,0,26.7,Cloudy,Field B
2022-08-11,07:15,Cow_282,14,9,0,0,26.7,Cloudy,Field B
2022-08-11,07:15,Cow_283,14,0,5,0,26.7,Cloudy,Field A
2022-08-11,07:15,Cow_284,5,6,4,0,26.7,Cloudy,Field A
2022-08-11,07:15,Cow_285,6,5,4,0,26.7,Cloudy,Field A
2022-08-11,07:15,Cow_286,8,3,4,0,26.7,Cloudy,Field A
2022-08-11,07:15,Cow_287,10,0,6,0,26.7,Cloudy,Field C
2022-08-11,07:15,Cow_288,3,9,3,0,26.7,Cloudy,Field B
2022-08-11,07:15,Cow_289,7,3,5,0,26.7,Cloudy,Field A
2022-08-11,07:15,Cow_290,7,0,8,0,26.7,Cloudy,Field B
2022-08-11,07:15,Cow_291,0,10,6,0,26.7,Cloudy,Field C
2022-08-11,07:15,Cow_292,7,3,5,0,26.7,Cloudy,Field A
2022-08-11,07:15,Cow_293,1,7,7,0,26.7,Cloudy,Field A
2022-08-11,07:15,Cow_294,11,0,8,0,26.7,Cloudy,Field B
2022-08-11,07:15,Cow_295,9,6,0,0,26.7,Cloudy,Field A
2022-08-11,07:15,Cow_296,4,8,3,0,26.7,Cloudy,Field A
2022-08-11,07:15,Cow_297,2,8,5,0,26.7,Cloudy,Field C
2022-08-11,07:15,Cow_298,3,5,7,0,26.7,Cloudy,Field B
2022-08-11,07:15,Cow_299,10,7,0,0,26.7,Cloudy,Field C
2022-08-11,07:15,Cow_300,12,0,8,0,26.7,Cloudy,Field A
2022-08-11,07:15,Cow_301,8,3,4,0,26.7,Cloudy,Field A
2022-08-11,07:15,Cow_302,6,8,1,0,26.7,Cloudy,Field C
2022-08-11,07:15,Cow_303,4,7,4,0,26.7,Cloudy,Field C
2022-08-11,07:15,Cow_304,0,9,6,0,26.7,Cloudy,Field C
2022-08-11,07:15,Cow_305,12,10,0,0,26.7,Cloudy,Field C
2022-08-11,07:15,Cow_306,7,5,3,0,26.7,Cloudy,Field B
2022-08-11,07:15,Cow_307,13,0,6,0,26.7,Cloudy,Field B
2022-08-11,07:15,Cow_308,8,3,4,0,26.7,Cloudy,Field B
2022-08-11,07:15,Cow_309,13,5,0,0,26.7,Cloudy,Field A
2022-08-11,07:15,Cow_310,6,3,6,0,26.7,Cloudy,Field B
2022-08-11,07:15,Cow_311,8,0,7,0,26.7,Cloudy,Field A
2022-08-11,07:15,Cow_312,10,0,5,0,26.7,Cloudy,Field A
2022-08-11,07:15,Cow_313,2,8,5,0,26.7,Cloudy,Field B
2022-08-11,07:15,Cow_314,4,5,6,0,26.7,Cloudy,Field C
2022-08-11,07:15,Cow_315,0,9,8,0,26.7,Cloudy,Field B
2022-08-11,07:15,Cow_316,5,8,2,0,26.7,Cloudy,Field C
2022-08-11,07:15,Cow_317,8,0,8,0,26.7,Cloudy,Field B
2022-08-11,07:15,Cow_318,12,5,0,0,26.7,Cloudy,Field C
2022-08-11,07:15,Cow_319,5,8,2,0,26.7,Cloudy,Field C
2022-08-11,07:15,Cow_320,0,9,8,0,26.7,Cloudy,Field C
2022-08-11,07:15,Cow_321,3,8,4,0,26.7,Cloudy,Field C
2022-08-11,07:15,Cow_322,10,3,2,0,26.7,Cloudy,Field C
2022-08-11,07:15,Cow_323,9,7,0,0,26.7,Cloudy,Field A
2022-08-11,07:15,Cow_324,6,6,3,0,26.7,Cloudy,Field B
2022-08-11,07:15,Cow_325,6,4,5,0,26.7,Cloudy,Field A
2022-08-11,07:15,Cow_326,5,3,7,0,26.7,Cloudy,Field B
2022-08-11,07:15,Cow_327,11,0,5,0,26.7,Cloudy,Field A
2022-08-11,07:15,Cow_328,11,6,0,0,26.7,Cloudy,Field B
2022-08-11,07:15,Cow_329,10,9,0,0,26.7,Cloudy,Field A
2022-08-11,07:15,Cow_330,5,8,2,0,26.7,Cloudy,Field A
2022-08-11,07:15,Cow_331,14,9,0,0,26.7,Cloudy,Field C
2022-08-11,07:15,Cow_332,9,3,3,0,26.7,Cloudy,Field C
2022-08-11,07:15,Cow_333,5,5,5,0,26.7,Cloudy,Field A
2022-08-11,07:15,Cow_334,12,0,4,0,26.7,Cloudy,Field A
2022-08-11,07:15,Cow_335,14,9,0,0,26.7,Cloudy,Field A
2022-08-11,07:15,Cow_336,2,6,7,0,26.7,Cloudy,Field C
2022-08-11,07:15,Cow_337,6,6,3,0,26.7,Cloudy,Field C
2022-08-11,07:15,Cow_338,14,0,3,0,26.7,Cloudy,Field B
2022-08-11,07:15,Cow_339,5,6,4,0,26.7,Cloudy,Field A
2022-08-11,07:15,Cow_340,8,7,0,0,26.7,Cloudy,Field A
2022-08-11,07:15,Cow_341,9,0,6,0,26.7,Cloudy,Field A
2022-08-11,07:15,Cow_342,8,7,0,0,26.7,Cloudy,Field C
2022-08-11,07:15,Cow_343,5,4,6,0,26.7,Cloudy,Field A
2022-08-11,07:15,Cow_344,9,0,8,0,26.7,Cloudy,Field A
2022-08-11,07:15,Cow_345,9,9,0,0,26.7,Cloudy,Field C
2022-08-11,07:15,Cow_346,11,0,4,0,26.7,Cloudy,Field B
2022-08-11,07:15,Cow_347,5,7,3,0,26.7,Cloudy,Field A
2022-08-11,07:15,Cow_348,0,6,10,0,26.7,Cloudy,Field B
2022-08-11,07:15,Cow_349,0,0,0,15,26.7,Cloudy,Field C
2022-08-11,07:15,Cow_350,5,7,3,0,26.7,Cloudy,Field B
2022-08-11,07:15,Cow_351,7,4,4,0,26.7,Cloudy,Field B
2022-08-11,07:15,Cow_352,3,9,3,0,26.7,Cloudy,Field A
2022-08-11,07:15,Cow_353,14,0,4,0,26.7,Cloudy,Field C
2022-08-11,07:15,Cow_354,3,4,8,0,26.7,Cloudy,Field B
2022-08-11,07:15,Cow_355,6,5,4,0,26.7,Cloudy,Field C
2022-08-11,07:15,Cow_356,7,3,5,0,26.7,Cloudy,Field C
2022-08-11,07:15,Cow_357,11,0,7,0,26.7,Cloudy,Field C
2022-08-11,07:15,Cow_358,8,0,7,0,26.7,Cloudy,Field B
2022-08-11,07:15,Cow_359,6,6,3,0,26.7,Cloudy,Field A
2022-08-11,07:15,Cow_360,0,0,0,15,26.7,Cloudy,Field A
2022-08-11,07:15,Cow_361,1,10,4,0,26.7,Cloudy,Field B
2022-08-11,07:15,Cow_362,5,6,4,0,26.7,Cloudy,Field B
2022-08-11,07:15,Cow_363,6,7,2,0,26.7,Cloudy,Field A
2022-08-11,07:15,Cow_364,5,4,6,0,26.7,Cloudy,Field C
2022-08-11,07:15,Cow_365,7,0,8,0,26.7,Cloudy,Field C
2022-08-11,07:15,Cow_366,9,0,6,0,26.7,Cloudy,Field C
2022-08-11,07:15,Cow_367,1,6,8,0,26.7,Cloudy,Field C
2022-08-11,07:15,Cow_368,10,4,1,0,26.7,Cloudy,Field C
2022-08-11,07:15,Cow_369,5,5,5,0,26.7,Cloudy,Field B
2022-08-11,07:15,Cow_370,7,10,0,0,26.7,Cloudy,Field A
2022-08-11,07:15,Cow_371,5,3,7,0,26.7,Cloudy,Field B
2022-08-11,07:15,Cow_372,2,10,3,0,26.7,Cloudy,Field B
2022-08-11,07:15,Cow_373,9,0,6,0,26.7,Cloudy,Field B
2022-08-11,07:15,Cow_374,12,5,0,0,26.7,Cloudy,Field B
2022-08-11,07:15,Cow_375,6,6,3,0,26.7,Cloudy,Field A
2022-08-11,07:15,Cow_376,12,0,4,0,26.7,Cloudy,Field B
2022-08-11,07:15,Cow_377,6,9,0,0,26.7,Cloudy,Field C
2022-08-11,07:15,Cow_378,11,4,0,0,26.7,Cloudy,Field A
2022-08-11,07:15,Cow_379,8,3,4,0,26.7,Cloudy,Field A
2022-08-11,07:15,Cow_380,13,9,0,0,26.7,Cloudy,Field A
2022-08-11,07:15,Cow_381,10,2,3,0,26.7,Cloudy,Field C
2022-08-11,07:15,Cow_382,9,3,3,0,26.7,Cloudy,Field A
2022-08-11,07:15,Cow_383,2,6,7,0,26.7,Cloudy,Field C
2022-08-11,07:15,Cow_384,0,0,0,15,26.7,Cloudy,Field B
2022-08-11,07:15,Cow_385,5,4,6,0,26.7,Cloudy,Field C
2022-08-11,07:15,Cow_386,7,4,4,0,26.7,Cloudy,Field B
2022-08-11,07:15,Cow_387,5,4,6,0,26.7,Cloudy,Field C
2022-08-11,07:15,Cow_388,11,8,0,0,26.7,Cloudy,Field A
2022-08-11,07:15,Cow_389,10,2,3,0,26.7,Cloudy,Field A
2022-08-11,07:15,Cow_390,6,3,6,0,26.7,Cloudy,Field B
2022-08-11,07:15,Cow_391,15,11,0,0,26.7,Cloudy,Field A
2022-08-11,07:15,Cow_392,4,4,7,0,26.7,Cloudy,Field C
2022-08-11,07:15,Cow_393,8,4,3,0,26.7,Cloudy,Field B
2022-08-11,07:15,Cow_394,0,0,0,15,26.7,Cloudy,Field A
2022-08-11,07:15,Cow_395,11,0,5,0,26.7,Cloudy,Field B
2022-08-11,07:15,Cow_396,6,4,5,0,26.7,Cloudy,Field C
2022-08-11,07:15,Cow_397,9,2,4,0,26.7,Cloudy,Field B
2022-08-11,07:15,Cow_398,11,0,6,0,26.7,Cloudy,Field B
2022-08-11,07:15,Cow_399,8,2,5,0,26.7,Cloudy,Field A
2022-08-11,07:15,Cow_400,5,7,3,0,26.7,Cloudy,Field B
2022-08-11,07:15,Cow_401,5,6,4,0,26.7,Cloudy,Field A
2022-08-11,07:15,Cow_402,13,10,0,0,26.7,Cloudy,Field C
2022-08-11,07:15,Cow_403,7,4,4,0,26.7,Cloudy,Field C
2022-08-11,07:15,Cow_404,8,4,3,0,26.7,Cloudy,Field C
2022-08-11,07:15,Cow_405,2,6,7,0,26.7,Cloudy,Field C
2022-08-11,07:15,Cow_406,10,0,8,0,26.7,Cloudy,Field B
2022-08-11,07:15,Cow_407,14,0,4,0,26.7,Cloudy,Field C
2022-08-11,07:15,Cow_408,0,0,0,15,26.7,Cloudy,Field C
2022-08-11,07:15,Cow_409,9,9,0,0,26.7,Cloudy,Field B
2022-08-11,07:15,Cow_410,7,8,0,0,26.7,Cloudy,Field A
2022-08-11,07:15,Cow_411,14,0,5,0,26.7,Cloudy,Field A
2022-08-11,07:15,Cow_412,13,0,8,0,26.7,Cloudy,Field B
2022-08-11,07:15,Cow_413,13,0,8,0,26.7,Cloudy,Field C
2022-08-11,07:15,Cow_414,2,10,3,0,26.7,Cloudy,Field A
2022-08-11,07:15,Cow_415,8,4,3,0,26.7,Cloudy,Field B
2022-08-11,07:15,Cow_416,11,8,0,0,26.7,Cloudy,Field A
2022-08-11,07:15,Cow_417,0,0,0,15,26.7,Cloudy,Field B
2022-08-11,07:15,Cow_418,4,6,5,0,26.7,Cloudy,Field C
2022-08-11,07:15,Cow_419,0,8,8,0,26.7,Cloudy,Field B
2022-08-11,07:15,Cow_420,0,0,0,15,26.7,Cloudy,Field C
2022-08-11,07:15,Cow_421,6,4,5,0,26.7,Cloudy,Field C
2022-08-11,07:15,Cow_422,5,2,8,0,26.7,Cloudy,Field B
2022-08-11,07:15,Cow_423,0,0,0,15,26.7,Cloudy,Field C
2022-08-11,07:15,Cow_424,6,2,7,0,26.7,Cloudy,Field B
2022-08-11,07:15,Cow_425,9,8,0,0,26.7,Cloudy,Field A
2022-08-11,07:15,Cow_426,14,0,6,0,26.7,Cloudy,Field A
2022-08-11,07:15,Cow_427,5,12,0,0,26.7,Cloudy,Field B
2022-08-11,07:15,Cow_428,13,9,0,0,26.7,Cloudy,Field A
2022-08-11,07:15,Cow_429,5,10,0,0,26.7,Cloudy,Field A
2022-08-11,07:15,Cow_430,0,0,0,15,26.7,Cloudy,Field C
2022-08-11,07:15,Cow_431,0,0,0,15,26.7,Cloudy,Field A
2022-08-11,07:15,Cow_432,6,7,2,0,26.7,Cloudy,Field A
2022-08-11,07:15,Cow_433,0,10,5,0,26.7,Cloudy,Field B
2022-08-11,07:15,Cow_434,7,3,5,0,26.7,Cloudy,Field A
2022-08-11,07:15,Cow_435,10,10,0,0,26.7,Cloudy,Field B
2022-08-11,07:15,Cow_436,7,5,3,0,26.7,Cloudy,Field B
2022-08-11,07:15,Cow_437,6,4,5,0,26.7,Cloudy,Field C
2022-08-11,07:15,Cow_438,0,10,8,0,26.7,Cloudy,Field A
2022-08-11,07:15,Cow_439,5,3,7,0,26.7,Cloudy,Field C
2022-08-11,07:15,Cow_440,11,3,1,0,26.7,Cloudy,Field C
2022-08-11,07:15,Cow_441,12,9,0,0,26.7,Cloudy,Field A
2022-08-11,07:15,Cow_442,14,4,0,0,26.7,Cloudy,Field C
2022-08-11,07:15,Cow_443,11,5,0,0,26.7,Cloudy,Field A
2022-08-11,07:15,Cow_444,9,1,5,0,26.7,Cloudy,Field A
2022-08-11,07:15,Cow_445,4,3,8,0,26.7,Cloudy,Field C
2022-08-11,07:15,Cow_446,6,8,1,0,26.7,Cloudy,Field A
2022-08-11,07:15,Cow_447,10,0,8,0,26.7,Cloudy,Field C
2022-08-11,07:15,Cow_448,0,7,8,0,26.7,Cloudy,Field C
2022-08-11,07:15,Cow_449,12,3,0,0,26.7,Cloudy,Field C
2022-08-11,07:15,Cow_450,0,10,6,0,26.7,Cloudy,Field A
2022-08-11,07:15,Cow_451,7,8,0,0,26.7,Cloudy,Field C
2022-08-11,07:15,Cow_452,11,0,7,0,26.7,Cloudy,Field B
2022-08-11,07:15,Cow_453,9,7,0,0,26.7,Cloudy,Field A
2022-08-11,07:15,Cow_454,1,6,8,0,26.7,Cloudy,Field B
2022-08-11,07:15,Cow_455,13,0,6,0,26.7,Cloudy,Field B
2022-08-11,07:15,Cow_456,2,10,3,0,26.7,Cloudy,Field A
2022-08-11,07:15,Cow_457,0,0,0,15,26.7,Cloudy,Field A
2022-08-11,07:15,Cow_458,13,7,0,0,26.7,Cloudy,Field C
2022-08-11,07:15,Cow_459,8,6,1,0,26.7,Cloudy,Field C
2022-08-11,07:15,Cow_460,10,7,0,0,26.7,Cloudy,Field B
2022-08-11,07:15,Cow_461,8,7,0,0,26.7,Cloudy,Field C
2022-08-11,07:15,Cow_462,5,10,0,0,26.7,Cloudy,Field C
2022-08-11,07:15,Cow_463,10,0,6,0,26.7,Cloudy,Field A
2022-08-11,07:15,Cow_464,10,0,7,0,26.7,Cloudy,Field A
2022-08-11,07:15,Cow_465,0,0,0,15,26.7,Cloudy,Field A
2022-08-11,07:15,Cow_466,0,0,0,15,26.7,Cloudy,Field A
2022-08-11,07:15,Cow_467,12,7,0,0,26.7,Cloudy,Field B
2022-08-11,07:15,Cow_468,13,0,6,0,26.7,Cloudy,Field A
2022-08-11,07:15,Cow_469,13,3,0,0,26.7,Cloudy,Field C
2022-08-11,07:15,Cow_470,11,1,3,0,26.7,Cloudy,Field B
2022-08-11,07:15,Cow_471,5,2,8,0,26.7,Cloudy,Field C
2022-08-11,07:15,Cow_472,5,7,3,0,26.7,Cloudy,Field A
2022-08-11,07:15,Cow_473,6,5,4,0,26.7,Cloudy,Field A
2022-08-11,07:15,Cow_474,13,0,3,0,26.7,Cloudy,Field A
2022-08-11,07:15,Cow_475,3,6,6,0,26.7,Cloudy,Field A
2022-08-11,07:15,Cow_476,8,4,3,0,26.7,Cloudy,Field B
2022-08-11,07:15,Cow_477,1,8,6,0,26.7,Cloudy,Field B
2022-08-11,07:15,Cow_478,10,9,0,0,26.7,Cloudy,Field B
2022-08-11,07:15,Cow_479,7,4,4,0,26.7,Cloudy,Field C
2022-08-11,07:15,Cow_480,0,0,0,15,26.7,Cloudy,Field A
2022-08-11,07:15,Cow_481,2,6,7,0,26.7,Cloudy,Field A
2022-08-11,07:15,Cow_482,5,3,7,0,26.7,Cloudy,Field C
2022-08-11,07:15,Cow_483,9,3,3,0,26.7,Cloudy,Field A
2022-08-11,07:15,Cow_484,2,9,4,0,26.7,Cloudy,Field A
2022-08-11,07:15,Cow_485,6,6,3,0,26.7,Cloudy,Field A
2022-08-11,07:15,Cow_486,10,7,0,0,26.7,Cloudy,Field A
2022-08-11,07:15,Cow_487,0,9,7,0,26.7,Cloudy,Field C
2022-08-11,07:15,Cow_488,2,8,5,0,26.7,Cloudy,Field C
2022-08-11,07:15,Cow_489,6,4,5,0,26.7,Cloudy,Field B
2022-08-11,07:15,Cow_490,5,7,3,0,26.7,Cloudy,Field C
2022-08-11,07:15,Cow_491,11,8,0,0,26.7,Cloudy,Field A
2022-08-11,07:15,Cow_492,1,9,5,0,26.7,Cloudy,Field C
2022-08-11,07:15,Cow_493,7,10,0,0,26.7,Cloudy,Field A
2022-08-11,07:15,Cow_494,13,6,0,0,26.7,Cloudy,Field C
2022-08-11,07:15,Cow_495,0,0,0,15,26.7,Cloudy,Field C
2022-08-11,07:15,Cow_496,13,4,0,0,26.7,Cloudy,Field C
2022-08-11,07:15,Cow_497,5,6,4,0,26.7,Cloudy,Field C
2022-08-11,07:15,Cow_498,10,0,8,0,26.7,Cloudy,Field C
2022-08-11,07:15,Cow_499,0,10,8,0,26.7,Cloudy,Field A
2022-08-11,07:15,Cow_500,3,6,6,0,26.7,Cloudy,Field C
2022-08-11,07:30,Cow_1,8,10,0,0,28.2,Cloudy,Field B
2022-08-11,07:30,Cow_2,5,3,7,0,28.2,Cloudy,Field B
2022-08-11,07:30,Cow_3,3,7,5,0,28.2,Cloudy,Field A
2022-08-11,07:30,Cow_4,7,3,5,0,28.2,Cloudy,Field C
2022-08-11,07:30,Cow_5,6,3,6,0,28.2,Cloudy,Field A
2022-08-11,07:30,Cow_6,8,4,3,0,28.2,Cloudy,Field C
2022-08-11,07:30,Cow_7,14,10,0,0,28.2,Cloudy,Field B
2022-08-11,07:30,Cow_8,6,3,6,0,28.2,Cloudy,Field A
2022-08-11,07:30,Cow_9,0,0,0,15,28.2,Cloudy,Field C
2022-08-11,07:30,Cow_10,10,8,0,0,28.2,Cloudy,Field B
2022-08-11,07:30,Cow_11,0,0,0,15,28.2,Cloudy,Field B
2022-08-11,07:30,Cow_12,11,0,8,0,28.2,Cloudy,Field C
2022-08-11,07:30,Cow_13,1,8,6,0,28.2,Cloudy,Field A
2022-08-11,07:30,Cow_14,12,0,7,0,28.2,Cloudy,Field C
2022-08-11,07:30,Cow_15,10,0,5,0,28.2,Cloudy,Field B
2022-08-11,07:30,Cow_16,8,0,7,0,28.2,Cloudy,Field A
2022-08-11,07:30,Cow_17,11,0,5,0,28.2,Cloudy,Field A
2022-08-11,07:30,Cow_18,6,0,10,0,28.2,Cloudy,Field A
2022-08-11,07:30,Cow_19,13,0,6,0,28.2,Cloudy,Field A
2022-08-11,07:30,Cow_20,3,7,5,0,28.2,Cloudy,Field A
2022-08-11,07:30,Cow_21,0,8,8,0,28.2,Cloudy,Field A
2022-08-11,07:30,Cow_22,8,1,6,0,28.2,Cloudy,Field C
2022-08-11,07:30,Cow_23,8,0,7,0,28.2,Cloudy,Field A
2022-08-11,07:30,Cow_24,4,7,4,0,28.2,Cloudy,Field B
2022-08-11,07:30,Cow_25,3,9,3,0,28.2,Cloudy,Field A
2022-08-11,07:30,Cow_26,11,9,0,0,28.2,Cloudy,Field B
2022-08-11,07:30,Cow_27,9,3,3,0,28.2,Cloudy,Field B
2022-08-11,07:30,Cow_28,5,6,4,0,28.2,Cloudy,Field C
2022-08-11,07:30,Cow_29,9,0,6,0,28.2,Cloudy,Field A
2022-08-11,07:30,Cow_30,8,8,0,0,28.2,Cloudy,Field C
2022-08-11,07:30,Cow_31,9,5,1,0,28.2,Cloudy,Field C
2022-08-11,07:30,Cow_32,7,8,0,0,28.2,Cloudy,Field C
2022-08-11,07:30,Cow_33,0,0,0,15,28.2,Cloudy,Field A
2022-08-11,07:30,Cow_34,6,3,6,0,28.2,Cloudy,Field A
2022-08-11,07:30,Cow_35,9,3,3,0,28.2,Cloudy,Field A
2022-08-11,07:30,Cow_36,0,0,0,15,28.2,Cloudy,Field B
2022-08-11,07:30,Cow_37,10,0,8,0,28.2,Cloudy,Field C
2022-08-11,07:30,Cow_38,12,0,7,0,28.2,Cloudy,Field B
2022-08-11,07:30,Cow_39,12,8,0,0,28.2,Cloudy,Field C
2022-08-11,07:30,Cow_40,10,3,2,0,28.2,Cloudy,Field A
2022-08-11,07:30,Cow_41,0,8,7,0,28.2,Cloudy,Field C
2022-08-11,07:30,Cow_42,6,6,3,0,28.2,Cloudy,Field C
2022-08-11,07:30,Cow_43,2,7,6,0,28.2,Cloudy,Field A
2022-08-11,07:30,Cow_44,2,5,8,0,28.2,Cloudy,Field C
2022-08-11,07:30,Cow_45,7,9,0,0,28.2,Cloudy,Field B
2022-08-11,07:30,Cow_46,1,8,6,0,28.2,Cloudy,Field C
2022-08-11,07:30,Cow_47,9,3,3,0,28.2,Cloudy,Field A
2022-08-11,07:30,Cow_48,9,3,3,0,28.2,Cloudy,Field A
2022-08-11,07:30,Cow_49,5,6,4,0,28.2,Cloudy,Field B
2022-08-11,07:30,Cow_50,2,9,4,0,28.2,Cloudy,Field A
2022-08-11,07:30,Cow_51,0,10,8,0,28.2,Cloudy,Field C
2022-08-11,07:30,Cow_52,1,7,7,0,28.2,Cloudy,Field C
2022-08-11,07:30,Cow_53,0,0,0,15,28.2,Cloudy,Field B
2022-08-11,07:30,Cow_54,5,0,10,0,28.2,Cloudy,Field B
2022-08-11,07:30,Cow_55,5,4,6,0,28.2,Cloudy,Field A
2022-08-11,07:30,Cow_56,2,9,4,0,28.2,Cloudy,Field C
2022-08-11,07:30,Cow_57,8,3,4,0,28.2,Cloudy,Field A
2022-08-11,07:30,Cow_58,5,3,7,0,28.2,Cloudy,Field A
2022-08-11,07:30,Cow_59,3,6,6,0,28.2,Cloudy,Field C
2022-08-11,07:30,Cow_60,12,0,6,0,28.2,Cloudy,Field C
2022-08-11,07:30,Cow_61,8,4,3,0,28.2,Cloudy,Field C
2022-08-11,07:30,Cow_62,5,4,6,0,28.2,Cloudy,Field B
2022-08-11,07:30,Cow_63,15,0,3,0,28.2,Cloudy,Field A
2022-08-11,07:30,Cow_64,0,10,8,0,28.2,Cloudy,Field C
2022-08-11,07:30,Cow_65,8,7,0,0,28.2,Cloudy,Field A
2022-08-11,07:30,Cow_66,9,0,7,0,28.2,Cloudy,Field B
2022-08-11,07:30,Cow_67,7,1,7,0,28.2,Cloudy,Field A
2022-08-11,07:30,Cow_68,8,0,8,0,28.2,Cloudy,Field A
2022-08-11,07:30,Cow_69,5,4,6,0,28.2,Cloudy,Field A
2022-08-11,07:30,Cow_70,12,0,5,0,28.2,Cloudy,Field B
2022-08-11,07:30,Cow_71,0,0,0,15,28.2,Cloudy,Field B
2022-08-11,07:30,Cow_72,4,5,6,0,28.2,Cloudy,Field B
2022-08-11,07:30,Cow_73,8,4,3,0,28.2,Cloudy,Field C
2022-08-11,07:30,Cow_74,5,3,7,0,28.2,Cloudy,Field A
2022-08-11,07:30,Cow_75,1,8,6,0,28.2,Cloudy,Field B
2022-08-11,07:30,Cow_76,12,0,8,0,28.2,Cloudy,Field B
2022-08-11,07:30,Cow_77,1,9,5,0,28.2,Cloudy,Field C
2022-08-11,07:30,Cow_78,5,6,4,0,28.2,Cloudy,Field B
2022-08-11,07:30,Cow_79,11,10,0,0,28.2,Cloudy,Field C
2022-08-11,07:30,Cow_80,6,4,5,0,28.2,Cloudy,Field B
2022-08-11,07:30,Cow_81,0,0,0,15,28.2,Cloudy,Field A
2022-08-11,07:30,Cow_82,13,3,0,0,28.2,Cloudy,Field A
2022-08-11,07:30,Cow_83,11,9,0,0,28.2,Cloudy,Field C
2022-08-11,07:30,Cow_84,1,9,5,0,28.2,Cloudy,Field B
2022-08-11,07:30,Cow_85,2,6,7,0,28.2,Cloudy,Field A
2022-08-11,07:30,Cow_86,14,4,0,0,28.2,Cloudy,Field A
2022-08-11,07:30,Cow_87,14,0,4,0,28.2,Cloudy,Field B
2022-08-11,07:30,Cow_88,5,3,7,0,28.2,Cloudy,Field C
2022-08-11,07:30,Cow_89,6,4,5,0,28.2,Cloudy,Field A
2022-08-11,07:30,Cow_90,8,3,4,0,28.2,Cloudy,Field C
2022-08-11,07:30,Cow_91,7,3,5,0,28.2,Cloudy,Field A
2022-08-11,07:30,Cow_92,1,8,6,0,28.2,Cloudy,Field A
2022-08-11,07:30,Cow_93,7,3,5,0,28.2,Cloudy,Field A
2022-08-11,07:30,Cow_94,5,6,4,0,28.2,Cloudy,Field C
2022-08-11,07:30,Cow_95,5,5,5,0,28.2,Cloudy,Field B
2022-08-11,07:30,Cow_96,13,10,0,0,28.2,Cloudy,Field B
2022-08-11,07:30,Cow_97,4,3,8,0,28.2,Cloudy,Field B
2022-08-11,07:30,Cow_98,4,4,7,0,28.2,Cloudy,Field C
2022-08-11,07:30,Cow_99,6,3,6,0,28.2,Cloudy,Field C
2022-08-11,07:30,Cow_100,4,3,8,0,28.2,Cloudy,Field B
2022-08-11,07:30,Cow_101,0,0,0,15,28.2,Cloudy,Field B
2022-08-11,07:30,Cow_102,2,9,4,0,28.2,Cloudy,Field C
2022-08-11,07:30,Cow_103,11,10,0,0,28.2,Cloudy,Field C
2022-08-11,07:30,Cow_104,3,4,8,0,28.2,Cloudy,Field C
2022-08-11,07:30,Cow_105,7,1,7,0,28.2,Cloudy,Field B
2022-08-11,07:30,Cow_106,0,0,0,15,28.2,Cloudy,Field B
2022-08-11,07:30,Cow_107,0,7,8,0,28.2,Cloudy,Field B
2022-08-11,07:30,Cow_108,9,3,3,0,28.2,Cloudy,Field C
2022-08-11,07:30,Cow_109,9,4,2,0,28.2,Cloudy,Field A
2022-08-11,07:30,Cow_110,1,9,5,0,28.2,Cloudy,Field A
2022-08-11,07:30,Cow_111,2,7,6,0,28.2,Cloudy,Field A
2022-08-11,07:30,Cow_112,14,4,0,0,28.2,Cloudy,Field B
2022-08-11,07:30,Cow_113,5,4,6,0,28.2,Cloudy,Field A
2022-08-11,07:30,Cow_114,5,5,5,0,28.2,Cloudy,Field B
2022-08-11,07:30,Cow_115,0,8,7,0,28.2,Cloudy,Field B
2022-08-11,07:30,Cow_116,0,0,0,15,28.2,Cloudy,Field A
2022-08-11,07:30,Cow_117,0,0,0,15,28.2,Cloudy,Field B
2022-08-11,07:30,Cow_118,13,7,0,0,28.2,Cloudy,Field A
2022-08-11,07:30,Cow_119,10,9,0,0,28.2,Cloudy,Field B
2022-08-11,07:30,Cow_120,6,5,4,0,28.2,Cloudy,Field B
2022-08-11,07:30,Cow_121,14,5,0,0,28.2,Cloudy,Field C
2022-08-11,07:30,Cow_122,3,6,6,0,28.2,Cloudy,Field C
2022-08-11,07:30,Cow_123,12,0,7,0,28.2,Cloudy,Field B
2022-08-11,07:30,Cow_124,14,0,7,0,28.2,Cloudy,Field A
2022-08-11,07:30,Cow_125,1,10,4,0,28.2,Cloudy,Field C
2022-08-11,07:30,Cow_126,6,9,0,0,28.2,Cloudy,Field B
2022-08-11,07:30,Cow_127,5,10,0,0,28.2,Cloudy,Field C
2022-08-11,07:30,Cow_128,0,0,0,15,28.2,Cloudy,Field B
2022-08-11,07:30,Cow_129,11,5,0,0,28.2,Cloudy,Field A
2022-08-11,07:30,Cow_130,6,10,0,0,28.2,Cloudy,Field B
2022-08-11,07:30,Cow_131,14,3,0,0,28.2,Cloudy,Field C
2022-08-11,07:30,Cow_132,0,0,0,15,28.2,Cloudy,Field C
2022-08-11,07:30,Cow_133,13,0,6,0,28.2,Cloudy,Field C
2022-08-11,07:30,Cow_134,0,9,8,0,28.2,Cloudy,Field C
2022-08-11,07:30,Cow_135,0,9,6,0,28.2,Cloudy,Field C
2022-08-11,07:30,Cow_136,6,3,6,0,28.2,Cloudy,Field A
2022-08-11,07:30,Cow_137,12,0,6,0,28.2,Cloudy,Field A
2022-08-11,07:30,Cow_138,12,0,3,0,28.2,Cloudy,Field A
2022-08-11,07:30,Cow_139,8,4,3,0,28.2,Cloudy,Field A
2022-08-11,07:30,Cow_140,10,5,0,0,28.2,Cloudy,Field A
2022-08-11,07:30,Cow_141,1,10,4,0,28.2,Cloudy,Field A
2022-08-11,07:30,Cow_142,12,0,4,0,28.2,Cloudy,Field B
2022-08-11,07:30,Cow_143,7,4,4,0,28.2,Cloudy,Field A
2022-08-11,07:30,Cow_144,9,0,6,0,28.2,Cloudy,Field B
2022-08-11,07:30,Cow_145,0,0,0,15,28.2,Cloudy,Field B
2022-08-11,07:30,Cow_146,11,7,0,0,28.2,Cloudy,Field A
2022-08-11,07:30,Cow_147,6,5,4,0,28.2,Cloudy,Field C
2022-08-11,07:30,Cow_148,1,7,7,0,28.2,Cloudy,Field B
2022-08-11,07:30,Cow_149,8,4,3,0,28.2,Cloudy,Field A
2022-08-11,07:30,Cow_150,9,3,3,0,28.2,Cloudy,Field B
2022-08-11,07:30,Cow_151,5,3,7,0,28.2,Cloudy,Field B
2022-08-11,07:30,Cow_152,7,3,5,0,28.2,Cloudy,Field A
2022-08-11,07:30,Cow_153,12,8,0,0,28.2,Cloudy,Field C
2022-08-11,07:30,Cow_154,14,0,7,0,28.2,Cloudy,Field B
2022-08-11,07:30,Cow_155,2,9,4,0,28.2,Cloudy,Field B
2022-08-11,07:30,Cow_156,0,8,8,0,28.2,Cloudy,Field A
2022-08-11,07:30,Cow_157,13,10,0,0,28.2,Cloudy,Field B
2022-08-11,07:30,Cow_158,4,3,8,0,28.2,Cloudy,Field C
2022-08-11,07:30,Cow_159,13,9,0,0,28.2,Cloudy,Field B
2022-08-11,07:30,Cow_160,8,1,6,0,28.2,Cloudy,Field B
2022-08-11,07:30,Cow_161,1,6,8,0,28.2,Cloudy,Field C
2022-08-11,07:30,Cow_162,7,3,5,0,28.2,Cloudy,Field C
2022-08-11,07:30,Cow_163,6,6,3,0,28.2,Cloudy,Field C
2022-08-11,07:30,Cow_164,9,0,7,0,28.2,Cloudy,Field B
2022-08-11,07:30,Cow_165,8,1,6,0,28.2,Cloudy,Field A
2022-08-11,07:30,Cow_166,9,5,1,0,28.2,Cloudy,Field B
2022-08-11,07:30,Cow_167,13,0,7,0,28.2,Cloudy,Field C
2022-08-11,07:30,Cow_168,11,0,7,0,28.2,Cloudy,Field B
2022-08-11,07:30,Cow_169,13,3,0,0,28.2,Cloudy,Field C
2022-08-11,07:30,Cow_170,2,7,6,0,28.2,Cloudy,Field C
2022-08-11,07:30,Cow_171,12,0,4,0,28.2,Cloudy,Field B
2022-08-11,07:30,Cow_172,0,9,8,0,28.2,Cloudy,Field A
2022-08-11,07:30,Cow_173,1,7,7,0,28.2,Cloudy,Field C
2022-08-11,07:30,Cow_174,5,2,8,0,28.2,Cloudy,Field A
2022-08-11,07:30,Cow_175,0,0,0,15,28.2,Cloudy,Field B
2022-08-11,07:30,Cow_176,11,8,0,0,28.2,Cloudy,Field C
2022-08-11,07:30,Cow_177,9,2,4,0,28.2,Cloudy,Field C
2022-08-11,07:30,Cow_178,7,5,3,0,28.2,Cloudy,Field A
2022-08-11,07:30,Cow_179,11,0,6,0,28.2,Cloudy,Field C
2022-08-11,07:30,Cow_180,7,0,8,0,28.2,Cloudy,Field B
2022-08-11,07:30,Cow_181,10,6,0,0,28.2,Cloudy,Field C
2022-08-11,07:30,Cow_182,8,3,4,0,28.2,Cloudy,Field A
2022-08-11,07:30,Cow_183,4,5,6,0,28.2,Cloudy,Field C
2022-08-11,07:30,Cow_184,8,0,8,0,28.2,Cloudy,Field A
2022-08-11,07:30,Cow_185,14,0,8,0,28.2,Cloudy,Field B
2022-08-11,07:30,Cow_186,12,0,6,0,28.2,Cloudy,Field B
2022-08-11,07:30,Cow_187,8,0,7,0,28.2,Cloudy,Field C
2022-08-11,07:30,Cow_188,11,4,0,0,28.2,Cloudy,Field A
2022-08-11,07:30,Cow_189,0,0,0,15,28.2,Cloudy,Field B
2022-08-11,07:30,Cow_190,12,3,0,0,28.2,Cloudy,Field C
2022-08-11,07:30,Cow_191,10,0,5,0,28.2,Cloudy,Field C
2022-08-11,07:30,Cow_192,10,2,3,0,28.2,Cloudy,Field C
2022-08-11,07:30,Cow_193,14,8,0,0,28.2,Cloudy,Field A
2022-08-11,07:30,Cow_194,11,3,1,0,28.2,Cloudy,Field C
2022-08-11,07:30,Cow_195,6,10,0,0,28.2,Cloudy,Field C
2022-08-11,07:30,Cow_196,9,8,0,0,28.2,Cloudy,Field A
2022-08-11,07:30,Cow_197,4,5,6,0,28.2,Cloudy,Field A
2022-08-11,07:30,Cow_198,7,5,3,0,28.2,Cloudy,Field C
2022-08-11,07:30,Cow_199,6,5,4,0,28.2,Cloudy,Field C
2022-08-11,07:30,Cow_200,8,8,0,0,28.2,Cloudy,Field C
2022-08-11,07:30,Cow_201,10,8,0,0,28.2,Cloudy,Field C
2022-08-11,07:30,Cow_202,2,6,7,0,28.2,Cloudy,Field A
2022-08-11,07:30,Cow_203,5,6,4,0,28.2,Cloudy,Field C
2022-08-11,07:30,Cow_204,7,7,1,0,28.2,Cloudy,Field B
2022-08-11,07:30,Cow_205,0,10,7,0,28.2,Cloudy,Field A
2022-08-11,07:30,Cow_206,2,9,4,0,28.2,Cloudy,Field A
2022-08-11,07:30,Cow_207,6,2,7,0,28.2,Cloudy,Field B
2022-08-11,07:30,Cow_208,6,8,1,0,28.2,Cloudy,Field C
2022-08-11,07:30,Cow_209,1,7,7,0,28.2,Cloudy,Field A
2022-08-11,07:30,Cow_210,0,0,0,15,28.2,Cloudy,Field A
2022-08-11,07:30,Cow_211,12,0,6,0,28.2,Cloudy,Field B
2022-08-11,07:30,Cow_212,13,0,4,0,28.2,Cloudy,Field A
2022-08-11,07:30,Cow_213,4,8,3,0,28.2,Cloudy,Field B
2022-08-11,07:30,Cow_214,13,0,3,0,28.2,Cloudy,Field B
2022-08-11,07:30,Cow_215,13,8,0,0,28.2,Cloudy,Field C
2022-08-11,07:30,Cow_216,10,0,8,0,28.2,Cloudy,Field C
2022-08-11,07:30,Cow_217,13,5,0,0,28.2,Cloudy,Field B
2022-08-11,07:30,Cow_218,6,5,4,0,28.2,Cloudy,Field C
2022-08-11,07:30,Cow_219,4,6,5,0,28.2,Cloudy,Field A
2022-08-11,07:30,Cow_220,0,0,0,15,28.2,Cloudy,Field A
2022-08-11,07:30,Cow_221,1,9,5,0,28.2,Cloudy,Field A
2022-08-11,07:30,Cow_222,5,5,5,0,28.2,Cloudy,Field A
2022-08-11,07:30,Cow_223,14,10,0,0,28.2,Cloudy,Field C
2022-08-11,07:30,Cow_224,9,0,8,0,28.2,Cloudy,Field B
2022-08-11,07:30,Cow_225,0,0,0,15,28.2,Cloudy,Field A
2022-08-11,07:30,Cow_226,12,0,5,0,28.2,Cloudy,Field B
2022-08-11,07:30,Cow_227,14,8,0,0,28.2,Cloudy,Field A
2022-08-11,07:30,Cow_228,12,5,0,0,28.2,Cloudy,Field B
2022-08-11,07:30,Cow_229,0,9,6,0,28.2,Cloudy,Field C
2022-08-11,07:30,Cow_230,8,3,4,0,28.2,Cloudy,Field C
2022-08-11,07:30,Cow_231,13,0,4,0,28.2,Cloudy,Field A
2022-08-11,07:30,Cow_232,2,7,6,0,28.2,Cloudy,Field A
2022-08-11,07:30,Cow_233,9,3,3,0,28.2,Cloudy,Field B
2022-08-11,07:30,Cow_234,12,0,5,0,28.2,Cloudy,Field A
2022-08-11,07:30,Cow_235,14,0,7,0,28.2,Cloudy,Field B
2022-08-11,07:30,Cow_236,13,10,0,0,28.2,Cloudy,Field B
2022-08-11,07:30,Cow_237,8,0,7,0,28.2,Cloudy,Field C
2022-08-11,07:30,Cow_238,1,10,4,0,28.2,Cloudy,Field A
2022-08-11,07:30,Cow_239,7,3,5,0,28.2,Cloudy,Field C
2022-08-11,07:30,Cow_240,8,1,6,0,28.2,Cloudy,Field B
2022-08-11,07:30,Cow_241,0,0,0,15,28.2,Cloudy,Field C
2022-08-11,07:30,Cow_242,5,6,4,0,28.2,Cloudy,Field A
2022-08-11,07:30,Cow_243,14,0,5,0,28.2,Cloudy,Field B
2022-08-11,07:30,Cow_244,13,4,0,0,28.2,Cloudy,Field A
2022-08-11,07:30,Cow_245,0,10,5,0,28.2,Cloudy,Field A
2022-08-11,07:30,Cow_246,9,9,0,0,28.2,Cloudy,Field A
2022-08-11,07:30,Cow_247,5,8,2,0,28.2,Cloudy,Field B
2022-08-11,07:30,Cow_248,13,7,0,0,28.2,Cloudy,Field C
2022-08-11,07:30,Cow_249,14,0,7,0,28.2,Cloudy,Field A
2022-08-11,07:30,Cow_250,4,6,5,0,28.2,Cloudy,Field A
2022-08-11,07:30,Cow_251,6,3,6,0,28.2,Cloudy,Field A
2022-08-11,07:30,Cow_252,9,5,1,0,28.2,Cloudy,Field A
2022-08-11,07:30,Cow_253,11,0,6,0,28.2,Cloudy,Field C
2022-08-11,07:30,Cow_254,10,6,0,0,28.2,Cloudy,Field B
2022-08-11,07:30,Cow_255,4,5,6,0,28.2,Cloudy,Field A
2022-08-11,07:30,Cow_256,0,0,0,15,28.2,Cloudy,Field A
2022-08-11,07:30,Cow_257,11,5,0,0,28.2,Cloudy,Field A
2022-08-11,07:30,Cow_258,8,1,6,0,28.2,Cloudy,Field A
2022-08-11,07:30,Cow_259,12,5,0,0,28.2,Cloudy,Field B
2022-08-11,07:30,Cow_260,4,4,7,0,28.2,Cloudy,Field C
2022-08-11,07:30,Cow_261,6,3,6,0,28.2,Cloudy,Field A
2022-08-11,07:30,Cow_262,8,4,3,0,28.2,Cloudy,Field C
2022-08-11,07:30,Cow_263,0,0,0,15,28.2,Cloudy,Field B
2022-08-11,07:30,Cow_264,6,4,5,0,28.2,Cloudy,Field C
2022-08-11,07:30,Cow_265,5,7,3,0,28.2,Cloudy,Field B
2022-08-11,07:30,Cow_266,7,4,4,0,28.2,Cloudy,Field B
2022-08-11,07:30,Cow_267,11,1,3,0,28.2,Cloudy,Field C
2022-08-11,07:30,Cow_268,10,8,0,0,28.2,Cloudy,Field A
2022-08-11,07:30,Cow_269,9,5,1,0,28.2,Cloudy,Field B
2022-08-11,07:30,Cow_270,11,0,8,0,28.2,Cloudy,Field A
2022-08-11,07:30,Cow_271,12,3,0,0,28.2,Cloudy,Field A
2022-08-11,07:30,Cow_272,1,6,8,0,28.2,Cloudy,Field B
2022-08-11,07:30,Cow_273,14,3,0,0,28.2,Cloudy,Field B
2022-08-11,07:30,Cow_274,8,5,2,0,28.2,Cloudy,Field B
2022-08-11,07:30,Cow_275,11,6,0,0,28.2,Cloudy,Field A
2022-08-11,07:30,Cow_276,6,10,0,0,28.2,Cloudy,Field C
2022-08-11,07:30,Cow_277,12,6,0,0,28.2,Cloudy,Field A
2022-08-11,07:30,Cow_278,7,3,5,0,28.2,Cloudy,Field B
2022-08-11,07:30,Cow_279,2,9,4,0,28.2,Cloudy,Field C
2022-08-11,07:30,Cow_280,11,1,3,0,28.2,Cloudy,Field C
2022-08-11,07:30,Cow_281,5,10,0,0,28.2,Cloudy,Field C
2022-08-11,07:30,Cow_282,5,4,6,0,28.2,Cloudy,Field A
2022-08-11,07:30,Cow_283,10,4,1,0,28.2,Cloudy,Field B
2022-08-11,07:30,Cow_284,13,7,0,0,28.2,Cloudy,Field A
2022-08-11,07:30,Cow_285,4,6,5,0,28.2,Cloudy,Field B
2022-08-11,07:30,Cow_286,6,5,4,0,28.2,Cloudy,Field B
2022-08-11,07:30,Cow_287,4,8,3,0,28.2,Cloudy,Field B
2022-08-11,07:30,Cow_288,11,1,3,0,28.2,Cloudy,Field A
2022-08-11,07:30,Cow_289,0,0,0,15,28.2,Cloudy,Field B
2022-08-11,07:30,Cow_290,11,3,1,0,28.2,Cloudy,Field C
2022-08-11,07:30,Cow_291,5,4,6,0,28.2,Cloudy,Field C
2022-08-11,07:30,Cow_292,11,3,1,0,28.2,Cloudy,Field C
2022-08-11,07:30,Cow_293,0,0,0,15,28.2,Cloudy,Field A
2022-08-11,07:30,Cow_294,9,3,3,0,28.2,Cloudy,Field C
2022-08-11,07:30,Cow_295,14,6,0,0,28.2,Cloudy,Field B
2022-08-11,07:30,Cow_296,0,10,5,0,28.2,Cloudy,Field A
2022-08-11,07:30,Cow_297,13,8,0,0,28.2,Cloudy,Field A
2022-08-11,07:30,Cow_298,7,5,3,0,28.2,Cloudy,Field B
2022-08-11,07:30,Cow_299,9,0,10,0,28.2,Cloudy,Field B
2022-08-11,07:30,Cow_300,9,0,8,0,28.2,Cloudy,Field C
2022-08-11,07:30,Cow_301,2,7,6,0,28.2,Cloudy,Field A
2022-08-11,07:30,Cow_302,5,4,6,0,28.2,Cloudy,Field C
2022-08-11,07:30,Cow_303,13,0,5,0,28.2,Cloudy,Field B
2022-08-11,07:30,Cow_304,0,10,6,0,28.2,Cloudy,Field C
2022-08-11,07:30,Cow_305,0,0,0,15,28.2,Cloudy,Field C
2022-08-11,07:30,Cow_306,14,3,0,0,28.2,Cloudy,Field A
2022-08-11,07:30,Cow_307,6,2,7,0,28.2,Cloudy,Field C
2022-08-11,07:30,Cow_308,7,8,0,0,28.2,Cloudy,Field C
2022-08-11,07:30,Cow_309,7,5,3,0,28.2,Cloudy,Field A
2022-08-11,07:30,Cow_310,3,8,4,0,28.2,Cloudy,Field A
2022-08-11,07:30,Cow_311,7,0,8,0,28.2,Cloudy,Field B
2022-08-11,07:30,Cow_312,6,3,6,0,28.2,Cloudy,Field C
2022-08-11,07:30,Cow_313,13,0,5,0,28.2,Cloudy,Field A
2022-08-11,07:30,Cow_314,8,10,0,0,28.2,Cloudy,Field B
2022-08-11,07:30,Cow_315,8,8,0,0,28.2,Cloudy,Field C
2022-08-11,07:30,Cow_316,0,0,0,15,28.2,Cloudy,Field A
2022-08-11,07:30,Cow_317,9,3,3,0,28.2,Cloudy,Field B
2022-08-11,07:30,Cow_318,0,10,6,0,28.2,Cloudy,Field C
2022-08-11,07:30,Cow_319,9,0,6,0,28.2,Cloudy,Field C
2022-08-11,07:30,Cow_320,14,9,0,0,28.2,Cloudy,Field A
2022-08-11,07:30,Cow_321,0,0,0,15,28.2,Cloudy,Field B
2022-08-11,07:30,Cow_322,6,9,0,0,28.2,Cloudy,Field C
2022-08-11,07:30,Cow_323,13,10,0,0,28.2,Cloudy,Field B
2022-08-11,07:30,Cow_324,9,9,0,0,28.2,Cloudy,Field C
2022-08-11,07:30,Cow_325,14,9,0,0,28.2,Cloudy,Field C
2022-08-11,07:30,Cow_326,7,7,1,0,28.2,Cloudy,Field C
2022-08-11,07:30,Cow_327,12,0,3,0,28.2,Cloudy,Field A
2022-08-11,07:30,Cow_328,0,0,0,15,28.2,Cloudy,Field C
2022-08-11,07:30,Cow_329,5,6,4,0,28.2,Cloudy,Field A
2022-08-11,07:30,Cow_330,5,4,6,0,28.2,Cloudy,Field A
2022-08-11,07:30,Cow_331,10,9,0,0,28.2,Cloudy,Field B
2022-08-11,07:30,Cow_332,6,3,6,0,28.2,Cloudy,Field A
2022-08-11,07:30,Cow_333,5,4,6,0,28.2,Cloudy,Field B
2022-08-11,07:30,Cow_334,6,8,1,0,28.2,Cloudy,Field A
2022-08-11,07:30,Cow_335,5,3,7,0,28.2,Cloudy,Field B
2022-08-11,07:30,Cow_336,4,3,8,0,28.2,Cloudy,Field A
2022-08-11,07:30,Cow_337,14,0,3,0,28.2,Cloudy,Field A
2022-08-11,07:30,Cow_338,5,6,4,0,28.2,Cloudy,Field B
2022-08-11,07:30,Cow_339,11,0,5,0,28.2,Cloudy,Field A
2022-08-11,07:30,Cow_340,3,5,7,0,28.2,Cloudy,Field A
2022-08-11,07:30,Cow_341,10,4,1,0,28.2,Cloudy,Field B
2022-08-11,07:30,Cow_342,5,4,6,0,28.2,Cloudy,Field C
2022-08-11,07:30,Cow_343,14,5,0,0,28.2,Cloudy,Field C
2022-08-11,07:30,Cow_344,3,4,8,0,28.2,Cloudy,Field B
2022-08-11,07:30,Cow_345,12,0,3,0,28.2,Cloudy,Field B
2022-08-11,07:30,Cow_346,0,0,0,15,28.2,Cloudy,Field B
2022-08-11,07:30,Cow_347,13,0,6,0,28.2,Cloudy,Field C
2022-08-11,07:30,Cow_348,0,0,0,15,28.2,Cloudy,Field A
2022-08-11,07:30,Cow_349,9,0,6,0,28.2,Cloudy,Field C
2022-08-11,07:30,Cow_350,2,5,8,0,28.2,Cloudy,Field A
2022-08-11,07:30,Cow_351,5,4,6,0,28.2,Cloudy,Field B
2022-08-11,07:30,Cow_352,11,0,8,0,28.2,Cloudy,Field C
2022-08-11,07:30,Cow_353,4,3,8,0,28.2,Cloudy,Field A
2022-08-11,07:30,Cow_354,13,0,3,0,28.2,Cloudy,Field C
2022-08-11,07:30,Cow_355,14,7,0,0,28.2,Cloudy,Field B
2022-08-11,07:30,Cow_356,6,3,6,0,28.2,Cloudy,Field A
2022-08-11,07:30,Cow_357,11,4,0,0,28.2,Cloudy,Field B
2022-08-11,07:30,Cow_358,6,4,5,0,28.2,Cloudy,Field C
2022-08-11,07:30,Cow_359,0,0,0,15,28.2,Cloudy,Field A
2022-08-11,07:30,Cow_360,12,7,0,0,28.2,Cloudy,Field A
2022-08-11,07:30,Cow_361,11,6,0,0,28.2,Cloudy,Field B
2022-08-11,07:30,Cow_362,2,10,3,0,28.2,Cloudy,Field C
2022-08-11,07:30,Cow_363,11,12,0,0,28.2,Cloudy,Field B
2022-08-11,07:30,Cow_364,5,6,4,0,28.2,Cloudy,Field B
2022-08-11,07:30,Cow_365,8,2,5,0,28.2,Cloudy,Field C
2022-08-11,07:30,Cow_366,14,10,0,0,28.2,Cloudy,Field C
2022-08-11,07:30,Cow_367,9,7,0,0,28.2,Cloudy,Field B
2022-08-11,07:30,Cow_368,2,8,5,0,28.2,Cloudy,Field A
2022-08-11,07:30,Cow_369,1,10,4,0,28.2,Cloudy,Field C
2022-08-11,07:30,Cow_370,5,3,7,0,28.2,Cloudy,Field C
2022-08-11,07:30,Cow_371,6,3,6,0,28.2,Cloudy,Field B
2022-08-11,07:30,Cow_372,13,8,0,0,28.2,Cloudy,Field B
2022-08-11,07:30,Cow_373,3,9,3,0,28.2,Cloudy,Field B
2022-08-11,07:30,Cow_374,6,8,1,0,28.2,Cloudy,Field C
2022-08-11,07:30,Cow_375,5,5,5,0,28.2,Cloudy,Field C
2022-08-11,07:30,Cow_376,0,0,0,15,28.2,Cloudy,Field A
2022-08-11,07:30,Cow_377,3,5,7,0,28.2,Cloudy,Field A
2022-08-11,07:30,Cow_378,7,8,0,0,28.2,Cloudy,Field A
2022-08-11,07:30,Cow_379,12,10,0,0,28.2,Cloudy,Field A
2022-08-11,07:30,Cow_380,0,0,0,15,28.2,Cloudy,Field A
2022-08-11,07:30,Cow_381,2,5,8,0,28.2,Cloudy,Field C
2022-08-11,07:30,Cow_382,0,0,0,15,28.2,Cloudy,Field B
2022-08-11,07:30,Cow_383,14,0,3,0,28.2,Cloudy,Field C
2022-08-11,07:30,Cow_384,10,0,8,0,28.2,Cloudy,Field B
2022-08-11,07:30,Cow_385,8,2,5,0,28.2,Cloudy,Field B
2022-08-11,07:30,Cow_386,10,0,5,0,28.2,Cloudy,Field C
2022-08-11,07:30,Cow_387,5,6,4,0,28.2,Cloudy,Field A
2022-08-11,07:30,Cow_388,8,4,3,0,28.2,Cloudy,Field B
2022-08-11,07:30,Cow_389,14,0,8,0,28.2,Cloudy,Field B
2022-08-11,07:30,Cow_390,5,7,3,0,28.2,Cloudy,Field B
2022-08-11,07:30,Cow_391,13,12,0,0,28.2,Cloudy,Field A
2022-08-11,07:30,Cow_392,10,9,0,0,28.2,Cloudy,Field A
2022-08-11,07:30,Cow_393,5,3,7,0,28.2,Cloudy,Field B
2022-08-11,07:30,Cow_394,14,7,0,0,28.2,Cloudy,Field B
2022-08-11,07:30,Cow_395,2,7,6,0,28.2,Cloudy,Field A
2022-08-11,07:30,Cow_396,5,7,3,0,28.2,Cloudy,Field C
2022-08-11,07:30,Cow_397,0,8,8,0,28.2,Cloudy,Field C
2022-08-11,07:30,Cow_398,14,5,0,0,28.2,Cloudy,Field A
2022-08-11,07:30,Cow_399,5,4,6,0,28.2,Cloudy,Field C
2022-08-11,07:30,Cow_400,2,8,5,0,28.2,Cloudy,Field B
2022-08-11,07:30,Cow_401,5,8,2,0,28.2,Cloudy,Field C
2022-08-11,07:30,Cow_402,10,2,3,0,28.2,Cloudy,Field B
2022-08-11,07:30,Cow_403,6,5,4,0,28.2,Cloudy,Field B
2022-08-11,07:30,Cow_404,6,10,0,0,28.2,Cloudy,Field A
2022-08-11,07:30,Cow_405,6,6,3,0,28.2,Cloudy,Field B
2022-08-11,07:30,Cow_406,6,5,4,0,28.2,Cloudy,Field C
2022-08-11,07:30,Cow_407,6,6,3,0,28.2,Cloudy,Field C
2022-08-11,07:30,Cow_408,13,10,0,0,28.2,Cloudy,Field A
2022-08-11,07:30,Cow_409,4,3,8,0,28.2,Cloudy,Field C
2022-08-11,07:30,Cow_410,7,3,5,0,28.2,Cloudy,Field A
2022-08-11,07:30,Cow_411,7,6,2,0,28.2,Cloudy,Field C
2022-08-11,07:30,Cow_412,13,0,4,0,28.2,Cloudy,Field C
2022-08-11,07:30,Cow_413,11,0,4,0,28.2,Cloudy,Field B
2022-08-11,07:30,Cow_414,2,8,5,0,28.2,Cloudy,Field A
2022-08-11,07:30,Cow_415,13,4,0,0,28.2,Cloudy,Field C
2022-08-11,07:30,Cow_416,8,4,3,0,28.2,Cloudy,Field C
2022-08-11,07:30,Cow_417,4,7,4,0,28.2,Cloudy,Field A
2022-08-11,07:30,Cow_418,1,7,7,0,28.2,Cloudy,Field A
2022-08-11,07:30,Cow_419,4,7,4,0,28.2,Cloudy,Field C
2022-08-11,07:30,Cow_420,7,5,3,0,28.2,Cloudy,Field C
2022-08-11,07:30,Cow_421,4,6,5,0,28.2,Cloudy,Field B
2022-08-11,07:30,Cow_422,8,4,3,0,28.2,Cloudy,Field A
2022-08-11,07:30,Cow_423,14,0,3,0,28.2,Cloudy,Field A
2022-08-11,07:30,Cow_424,12,7,0,0,28.2,Cloudy,Field C
2022-08-11,07:30,Cow_425,12,5,0,0,28.2,Cloudy,Field A
2022-08-11,07:30,Cow_426,1,9,5,0,28.2,Cloudy,Field B
2022-08-11,07:30,Cow_427,0,5,10,0,28.2,Cloudy,Field C
2022-08-11,07:30,Cow_428,5,4,6,0,28.2,Cloudy,Field A
2022-08-11,07:30,Cow_429,7,7,1,0,28.2,Cloudy,Field B
2022-08-11,07:30,Cow_430,5,4,6,0,28.2,Cloudy,Field A
2022-08-11,07:30,Cow_431,6,3,6,0,28.2,Cloudy,Field B
2022-08-11,07:30,Cow_432,6,6,3,0,28.2,Cloudy,Field B
2022-08-11,07:30,Cow_433,9,0,7,0,28.2,Cloudy,Field C
2022-08-11,07:30,Cow_434,11,0,4,0,28.2,Cloudy,Field C
2022-08-11,07:30,Cow_435,0,0,0,15,28.2,Cloudy,Field A
2022-08-11,07:30,Cow_436,7,4,4,0,28.2,Cloudy,Field A
2022-08-11,07:30,Cow_437,6,4,5,0,28.2,Cloudy,Field B
2022-08-11,07:30,Cow_438,9,4,2,0,28.2,Cloudy,Field C
2022-08-11,07:30,Cow_439,0,0,0,15,28.2,Cloudy,Field B
2022-08-11,07:30,Cow_440,2,7,6,0,28.2,Cloudy,Field B
2022-08-11,07:30,Cow_441,11,0,7,0,28.2,Cloudy,Field A
2022-08-11,07:30,Cow_442,5,12,0,0,28.2,Cloudy,Field C
2022-08-11,07:30,Cow_443,9,9,0,0,28.2,Cloudy,Field C
2022-08-11,07:30,Cow_444,0,10,6,0,28.2,Cloudy,Field B
2022-08-11,07:30,Cow_445,5,6,4,0,28.2,Cloudy,Field C
2022-08-11,07:30,Cow_446,13,7,0,0,28.2,Cloudy,Field C
2022-08-11,07:30,Cow_447,11,5,0,0,28.2,Cloudy,Field B
2022-08-11,07:30,Cow_448,13,0,7,0,28.2,Cloudy,Field A
2022-08-11,07:30,Cow_449,14,0,4,0,28.2,Cloudy,Field B
2022-08-11,07:30,Cow_450,7,2,6,0,28.2,Cloudy,Field C
2022-08-11,07:30,Cow_451,8,8,0,0,28.2,Cloudy,Field B
2022-08-11,07:30,Cow_452,8,0,7,0,28.2,Cloudy,Field C
2022-08-11,07:30,Cow_453,2,7,6,0,28.2,Cloudy,Field B
2022-08-11,07:30,Cow_454,5,4,6,0,28.2,Cloudy,Field B
2022-08-11,07:30,Cow_455,12,0,8,0,28.2,Cloudy,Field C
2022-08-11,07:30,Cow_456,0,0,0,15,28.2,Cloudy,Field A
2022-08-11,07:30,Cow_457,13,5,0,0,28.2,Cloudy,Field B
2022-08-11,07:30,Cow_458,8,4,3,0,28.2,Cloudy,Field B
2022-08-11,07:30,Cow_459,5,7,3,0,28.2,Cloudy,Field C
2022-08-11,07:30,Cow_460,0,0,0,15,28.2,Cloudy,Field B
2022-08-11,07:30,Cow_461,7,5,3,0,28.2,Cloudy,Field B
2022-08-11,07:30,Cow_462,12,0,4,0,28.2,Cloudy,Field B
2022-08-11,07:30,Cow_463,6,5,4,0,28.2,Cloudy,Field C
2022-08-11,07:30,Cow_464,14,4,0,0,28.2,Cloudy,Field B
2022-08-11,07:30,Cow_465,14,3,0,0,28.2,Cloudy,Field A
2022-08-11,07:30,Cow_466,0,8,7,0,28.2,Cloudy,Field B
2022-08-11,07:30,Cow_467,13,10,0,0,28.2,Cloudy,Field C
2022-08-11,07:30,Cow_468,10,5,0,0,28.2,Cloudy,Field C
2022-08-11,07:30,Cow_469,5,3,7,0,28.2,Cloudy,Field A
2022-08-11,07:30,Cow_470,14,9,0,0,28.2,Cloudy,Field C
2022-08-11,07:30,Cow_471,10,10,0,0,28.2,Cloudy,Field A
2022-08-11,07:30,Cow_472,3,7,5,0,28.2,Cloudy,Field C
2022-08-11,07:30,Cow_473,5,3,7,0,28.2,Cloudy,Field B
2022-08-11,07:30,Cow_474,7,1,7,0,28.2,Cloudy,Field B
2022-08-11,07:30,Cow_475,0,9,6,0,28.2,Cloudy,Field A
2022-08-11,07:30,Cow_476,13,8,0,0,28.2,Cloudy,Field C
2022-08-11,07:30,Cow_477,13,0,5,0,28.2,Cloudy,Field A
2022-08-11,07:30,Cow_478,7,5,3,0,28.2,Cloudy,Field A
2022-08-11,07:30,Cow_479,13,3,0,0,28.2,Cloudy,Field A
2022-08-11,07:30,Cow_480,8,4,3,0,28.2,Cloudy,Field A
2022-08-11,07:30,Cow_481,5,6,4,0,28.2,Cloudy,Field B
2022-08-11,07:30,Cow_482,4,3,8,0,28.2,Cloudy,Field C
2022-08-11,07:30,Cow_483,0,9,6,0,28.2,Cloudy,Field C
2022-08-11,07:30,Cow_484,13,0,4,0,28.2,Cloudy,Field C
2022-08-11,07:30,Cow_485,11,7,0,0,28.2,Cloudy,Field B
2022-08-11,07:30,Cow_486,14,0,7,0,28.2,Cloudy,Field C
2022-08-11,07:30,Cow_487,5,4,6,0,28.2,Cloudy,Field B
2022-08-11,07:30,Cow_488,8,3,4,0,28.2,Cloudy,Field C
2022-08-11,07:30,Cow_489,10,0,8,0,28.2,Cloudy,Field A
2022-08-11,07:30,Cow_490,8,4,3,0,28.2,Cloudy,Field B
2022-08-11,07:30,Cow_491,8,10,0,0,28.2,Cloudy,Field C
2022-08-11,07:30,Cow_492,6,5,4,0,28.2,Cloudy,Field B
2022-08-11,07:30,Cow_493,0,9,8,0,28.2,Cloudy,Field B
2022-08-11,07:30,Cow_494,4,3,8,0,28.2,Cloudy,Field A
2022-08-11,07:30,Cow_495,1,6,8,0,28.2,Cloudy,Field A
2022-08-11,07:30,Cow_496,9,8,0,0,28.2,Cloudy,Field B
2022-08-11,07:30,Cow_497,0,8,7,0,28.2,Cloudy,Field C
2022-08-11,07:30,Cow_498,0,9,8,0,28.2,Cloudy,Field B
2022-08-11,07:30,Cow_499,6,2,7,0,28.2,Cloudy,Field A
2022-08-11,07:30,Cow_500,9,3,3,0,28.2,Cloudy,Field B
2022-08-11,07:45,Cow_1,10,7,0,0,32.3,Clear,Field C
2022-08-11,07:45,Cow_2,9,10,0,0,32.3,Clear,Field A
2022-08-11,07:45,Cow_3,6,4,5,0,32.3,Clear,Field C
2022-08-11,07:45,Cow_4,0,9,8,0,32.3,Clear,Field B
2022-08-11,07:45,Cow_5,10,2,3,0,32.3,Clear,Field B
2022-08-11,07:45,Cow_6,11,7,0,0,32.3,Clear,Field B
2022-08-11,07:45,Cow_7,8,4,3,0,32.3,Clear,Field C
2022-08-11,07:45,Cow_8,12,0,8,0,32.3,Clear,Field C
2022-08-11,07:45,Cow_9,5,3,7,0,32.3,Clear,Field B
2022-08-11,07:45,Cow_10,9,3,3,0,32.3,Clear,Field C
2022-08-11,07:45,Cow_11,11,4,0,0,32.3,Clear,Field A
2022-08-11,07:45,Cow_12,11,10,0,0,32.3,Clear,Field C
2022-08-11,07:45,Cow_13,7,4,4,0,32.3,Clear,Field A
2022-08-11,07:45,Cow_14,3,7,5,0,32.3,Clear,Field A
2022-08-11,07:45,Cow_15,8,0,7,0,32.3,Clear,Field A
2022-08-11,07:45,Cow_16,1,7,7,0,32.3,Clear,Field C
2022-08-11,07:45,Cow_17,13,0,3,0,32.3,Clear,Field C
2022-08-11,07:45,Cow_18,2,7,6,0,32.3,Clear,Field B
2022-08-11,07:45,Cow_19,12,8,0,0,32.3,Clear,Field A
2022-08-11,07:45,Cow_20,14,0,7,0,32.3,Clear,Field A
2022-08-11,07:45,Cow_21,0,0,0,15,32.3,Clear,Field A
2022-08-11,07:45,Cow_22,2,5,8,0,32.3,Clear,Field A
2022-08-11,07:45,Cow_23,6,5,4,0,32.3,Clear,Field C
2022-08-11,07:45,Cow_24,13,0,3,0,32.3,Clear,Field B
2022-08-11,07:45,Cow_25,7,4,4,0,32.3,Clear,Field A
2022-08-11,07:45,Cow_26,0,9,6,0,32.3,Clear,Field A
2022-08-11,07:45,Cow_27,14,7,0,0,32.3,Clear,Field B
2022-08-11,07:45,Cow_28,5,7,3,0,32.3,Clear,Field C
2022-08-11,07:45,Cow_29,12,3,0,0,32.3,Clear,Field C
2022-08-11,07:45,Cow_30,4,4,7,0,32.3,Clear,Field C
2022-08-11,07:45,Cow_31,5,8,2,0,32.3,Clear,Field B
2022-08-11,07:45,Cow_32,9,5,1,0,32.3,Clear,Field B
2022-08-11,07:45,Cow_33,8,4,3,0,32.3,Clear,Field C
2022-08-11,07:45,Cow_34,8,2,5,0,32.3,Clear,Field C
2022-08-11,07:45,Cow_35,0,0,0,15,32.3,Clear,Field A
2022-08-11,07:45,Cow_36,10,0,5,0,32.3,Clear,Field C
2022-08-11,07:45,Cow_37,2,9,4,0,32.3,Clear,Field B
2022-08-11,07:45,Cow_38,0,0,0,15,32.3,Clear,Field A
2022-08-11,07:45,Cow_39,12,5,0,0,32.3,Clear,Field C
2022-08-11,07:45,Cow_40,6,5,4,0,32.3,Clear,Field A
2022-08-11,07:45,Cow_41,12,0,4,0,32.3,Clear,Field B
2022-08-11,07:45,Cow_42,5,4,6,0,32.3,Clear,Field A
2022-08-11,07:45,Cow_43,9,0,7,0,32.3,Clear,Field B
2022-08-11,07:45,Cow_44,0,8,7,0,32.3,Clear,Field C
2022-08-11,07:45,Cow_45,0,0,0,15,32.3,Clear,Field C
2022-08-11,07:45,Cow_46,11,0,8,0,32.3,Clear,Field B
2022-08-11,07:45,Cow_47,5,6,4,0,32.3,Clear,Field C
2022-08-11,07:45,Cow_48,5,6,4,0,32.3,Clear,Field B
2022-08-11,07:45,Cow_49,7,4,4,0,32.3,Clear,Field B
2022-08-11,07:45,Cow_50,11,4,0,0,32.3,Clear,Field C
2022-08-11,07:45,Cow_51,0,9,6,0,32.3,Clear,Field C
2022-08-11,07:45,Cow_52,9,3,3,0,32.3,Clear,Field A
2022-08-11,07:45,Cow_53,10,1,4,0,32.3,Clear,Field C
2022-08-11,07:45,Cow_54,2,10,3,0,32.3,Clear,Field A
2022-08-11,07:45,Cow_55,5,4,6,0,32.3,Clear,Field C
2022-08-11,07:45,Cow_56,10,7,0,0,32.3,Clear,Field C
2022-08-11,07:45,Cow_57,9,9,0,0,32.3,Clear,Field C
2022-08-11,07:45,Cow_58,0,9,6,0,32.3,Clear,Field C
2022-08-11,07:45,Cow_59,5,7,3,0,32.3,Clear,Field B
2022-08-11,07:45,Cow_60,0,0,0,15,32.3,Clear,Field B
2022-08-11,07:45,Cow_61,9,2,4,0,32.3,Clear,Field A
2022-08-11,07:45,Cow_62,5,4,6,0,32.3,Clear,Field A
2022-08-11,07:45,Cow_63,4,7,4,0,32.3,Clear,Field B
2022-08-11,07:45,Cow_64,6,6,3,0,32.3,Clear,Field A
2022-08-11,07:45,Cow_65,6,2,7,0,32.3,Clear,Field B
2022-08-11,07:45,Cow_66,11,1,3,0,32.3,Clear,Field B
2022-08-11,07:45,Cow_67,12,5,0,0,32.3,Clear,Field A
2022-08-11,07:45,Cow_68,10,9,0,0,32.3,Clear,Field B
2022-08-11,07:45,Cow_69,8,3,4,0,32.3,Clear,Field A
2022-08-11,07:45,Cow_70,10,1,4,0,32.3,Clear,Field B
2022-08-11,07:45,Cow_71,12,0,4,0,32.3,Clear,Field C
2022-08-11,07:45,Cow_72,10,8,0,0,32.3,Clear,Field B
2022-08-11,07:45,Cow_73,10,1,4,0,32.3,Clear,Field C
2022-08-11,07:45,Cow_74,10,8,0,0,32.3,Clear,Field C
2022-08-11,07:45,Cow_75,12,12,0,0,32.3,Clear,Field A
2022-08-11,07:45,Cow_76,13,4,0,0,32.3,Clear,Field A
2022-08-11,07:45,Cow_77,3,9,3,0,32.3,Clear,Field B
2022-08-11,07:45,Cow_78,1,7,7,0,32.3,Clear,Field A
2022-08-11,07:45,Cow_79,8,3,4,0,32.3,Clear,Field B
2022-08-11,07:45,Cow_80,10,0,7,0,32.3,Clear,Field C
2022-08-11,07:45,Cow_81,12,0,4,0,32.3,Clear,Field A
2022-08-11,07:45,Cow_82,4,6,5,0,32.3,Clear,Field C
2022-08-11,07:45,Cow_83,0,10,6,0,32.3,Clear,Field C
2022-08-11,07:45,Cow_84,0,9,6,0,32.3,Clear,Field B
2022-08-11,07:45,Cow_85,12,0,8,0,32.3,Clear,Field B
2022-08-11,07:45,Cow_86,14,0,4,0,32.3,Clear,Field A
2022-08-11,07:45,Cow_87,8,3,4,0,32.3,Clear,Field A
2022-08-11,07:45,Cow_88,5,9,1,0,32.3,Clear,Field A
2022-08-11,07:45,Cow_89,0,0,0,15,32.3,Clear,Field A
2022-08-11,07:45,Cow_90,6,4,5,0,32.3,Clear,Field B
2022-08-11,07:45,Cow_91,7,3,5,0,32.3,Clear,Field C
2022-08-11,07:45,Cow_92,2,8,5,0,32.3,Clear,Field A
2022-08-11,07:45,Cow_93,9,2,4,0,32.3,Clear,Field A
2022-08-11,07:45,Cow_94,8,7,0,0,32.3,Clear,Field A
2022-08-11,07:45,Cow_95,13,10,0,0,32.3,Clear,Field A
2022-08-11,07:45,Cow_96,9,3,3,0,32.3,Clear,Field A
2022-08-11,07:45,Cow_97,6,2,7,0,32.3,Clear,Field C
2022-08-11,07:45,Cow_98,1,10,4,0,32.3,Clear,Field C
2022-08-11,07:45,Cow_99,14,0,6,0,32.3,Clear,Field C
2022-08-11,07:45,Cow_100,11,0,5,0,32.3,Clear,Field C
2022-08-11,07:45,Cow_101,6,3,6,0,32.3,Clear,Field B
2022-08-11,07:45,Cow_102,6,4,5,0,32.3,Clear,Field C
2022-08-11,07:45,Cow_103,0,0,0,15,32.3,Clear,Field A
2022-08-11,07:45,Cow_104,7,4,4,0,32.3,Clear,Field A
2022-08-11,07:45,Cow_105,4,4,7,0,32.3,Clear,Field C
2022-08-11,07:45,Cow_106,3,9,3,0,32.3,Clear,Field B
2022-08-11,07:45,Cow_107,8,8,0,0,32.3,Clear,Field C
2022-08-11,07:45,Cow_108,8,4,3,0,32.3,Clear,Field B
2022-08-11,07:45,Cow_109,7,6,2,0,32.3,Clear,Field C
2022-08-11,07:45,Cow_110,5,10,0,0,32.3,Clear,Field A
2022-08-11,07:45,Cow_111,9,6,0,0,32.3,Clear,Field A
2022-08-11,07:45,Cow_112,8,4,3,0,32.3,Clear,Field A
2022-08-11,07:45,Cow_113,5,7,3,0,32.3,Clear,Field B
2022-08-11,07:45,Cow_114,11,0,8,0,32.3,Clear,Field B
2022-08-11,07:45,Cow_115,0,10,8,0,32.3,Clear,Field B
2022-08-11,07:45,Cow_116,7,4,4,0,32.3,Clear,Field B
2022-08-11,07:45,Cow_117,12,0,4,0,32.3,Clear,Field A
2022-08-11,07:45,Cow_118,12,0,5,0,32.3,Clear,Field C
2022-08-11,07:45,Cow_119,11,9,0,0,32.3,Clear,Field B
2022-08-11,07:45,Cow_120,9,6,0,0,32.3,Clear,Field A
2022-08-11,07:45,Cow_121,9,1,5,0,32.3,Clear,Field C
2022-08-11,07:45,Cow_122,8,3,4,0,32.3,Clear,Field A
2022-08-11,07:45,Cow_123,0,9,7,0,32.3,Clear,Field A
2022-08-11,07:45,Cow_124,9,2,4,0,32.3,Clear,Field A
2022-08-11,07:45,Cow_125,10,0,7,0,32.3,Clear,Field A
2022-08-11,07:45,Cow_126,7,0,8,0,32.3,Clear,Field C
2022-08-11,07:45,Cow_127,1,6,8,0,32.3,Clear,Field A
2022-08-11,07:45,Cow_128,0,0,0,15,32.3,Clear,Field C
2022-08-11,07:45,Cow_129,5,6,4,0,32.3,Clear,Field C
2022-08-11,07:45,Cow_130,6,10,0,0,32.3,Clear,Field C
2022-08-11,07:45,Cow_131,0,10,5,0,32.3,Clear,Field A
2022-08-11,07:45,Cow_132,0,0,0,15,32.3,Clear,Field C
2022-08-11,07:45,Cow_133,3,6,6,0,32.3,Clear,Field C
2022-08-11,07:45,Cow_134,12,9,0,0,32.3,Clear,Field C
2022-08-11,07:45,Cow_135,2,10,3,0,32.3,Clear,Field B
2022-08-11,07:45,Cow_136,7,3,5,0,32.3,Clear,Field B
2022-08-11,07:45,Cow_137,2,8,5,0,32.3,Clear,Field C
2022-08-11,07:45,Cow_138,9,0,8,0,32.3,Clear,Field C
2022-08-11,07:45,Cow_139,4,3,8,0,32.3,Clear,Field B
2022-08-11,07:45,Cow_140,10,4,1,0,32.3,Clear,Field A
2022-08-11,07:45,Cow_141,14,0,8,0,32.3,Clear,Field B
2022-08-11,07:45,Cow_142,6,5,4,0,32.3,Clear,Field C
2022-08-11,07:45,Cow_143,14,8,0,0,32.3,Clear,Field C
2022-08-11,07:45,Cow_144,9,4,2,0,32.3,Clear,Field C
2022-08-11,07:45,Cow_145,9,3,3,0,32.3,Clear,Field A
2022-08-11,07:45,Cow_146,9,8,0,0,32.3,Clear,Field C
2022-08-11,07:45,Cow_147,8,6,1,0,32.3,Clear,Field C
2022-08-11,07:45,Cow_148,1,6,8,0,32.3,Clear,Field A
2022-08-11,07:45,Cow_149,7,4,4,0,32.3,Clear,Field A
2022-08-11,07:45,Cow_150,5,7,3,0,32.3,Clear,Field B
2022-08-11,07:45,Cow_151,0,0,0,15,32.3,Clear,Field B
2022-08-11,07:45,Cow_152,8,10,0,0,32.3,Clear,Field B
2022-08-11,07:45,Cow_153,9,3,3,0,32.3,Clear,Field B
2022-08-11,07:45,Cow_154,0,8,7,0,32.3,Clear,Field C
2022-08-11,07:45,Cow_155,8,2,5,0,32.3,Clear,Field A
2022-08-11,07:45,Cow_156,13,10,0,0,32.3,Clear,Field B
2022-08-11,07:45,Cow_157,10,0,6,0,32.3,Clear,Field B
2022-08-11,07:45,Cow_158,12,3,0,0,32.3,Clear,Field C
2022-08-11,07:45,Cow_159,4,5,6,0,32.3,Clear,Field B
2022-08-11,07:45,Cow_160,5,8,2,0,32.3,Clear,Field B
2022-08-11,07:45,Cow_161,8,4,3,0,32.3,Clear,Field B
2022-08-11,07:45,Cow_162,8,1,6,0,32.3,Clear,Field A
2022-08-11,07:45,Cow_163,12,7,0,0,32.3,Clear,Field B
2022-08-11,07:45,Cow_164,8,0,7,0,32.3,Clear,Field A
2022-08-11,07:45,Cow_165,12,0,7,0,32.3,Clear,Field B
2022-08-11,07:45,Cow_166,7,3,5,0,32.3,Clear,Field A
2022-08-11,07:45,Cow_167,6,3,6,0,32.3,Clear,Field B
2022-08-11,07:45,Cow_168,8,3,4,0,32.3,Clear,Field B
2022-08-11,07:45,Cow_169,11,0,4,0,32.3,Clear,Field C
2022-08-11,07:45,Cow_170,10,0,6,0,32.3,Clear,Field C
2022-08-11,07:45,Cow_171,9,9,0,0,32.3,Clear,Field C
2022-08-11,07:45,Cow_172,5,8,2,0,32.3,Clear,Field B
2022-08-11,07:45,Cow_173,14,0,6,0,32.3,Clear,Field A
2022-08-11,07:45,Cow_174,10,8,0,0,32.3,Clear,Field C
2022-08-11,07:45,Cow_175,2,6,7,0,32.3,Clear,Field B
2022-08-11,07:45,Cow_176,0,10,8,0,32.3,Clear,Field C
2022-08-11,07:45,Cow_177,14,0,8,0,32.3,Clear,Field B
2022-08-11,07:45,Cow_178,6,1,8,0,32.3,Clear,Field C
2022-08-11,07:45,Cow_179,0,8,8,0,32.3,Clear,Field C
2022-08-11,07:45,Cow_180,9,3,3,0,32.3,Clear,Field A
2022-08-11,07:45,Cow_181,11,0,7,0,32.3,Clear,Field A
2022-08-11,07:45,Cow_182,4,3,8,0,32.3,Clear,Field C
2022-08-11,07:45,Cow_183,13,0,4,0,32.3,Clear,Field C
2022-08-11,07:45,Cow_184,5,7,3,0,32.3,Clear,Field A
2022-08-11,07:45,Cow_185,7,5,3,0,32.3,Clear,Field C
2022-08-11,07:45,Cow_186,6,7,2,0,32.3,Clear,Field C
2022-08-11,07:45,Cow_187,0,0,0,15,32.3,Clear,Field A
2022-08-11,07:45,Cow_188,13,0,8,0,32.3,Clear,Field A
2022-08-11,07:45,Cow_189,7,5,3,0,32.3,Clear,Field A
2022-08-11,07:45,Cow_190,0,9,8,0,32.3,Clear,Field C
2022-08-11,07:45,Cow_191,9,10,0,0,32.3,Clear,Field C
2022-08-11,07:45,Cow_192,5,8,2,0,32.3,Clear,Field A
2022-08-11,07:45,Cow_193,9,0,8,0,32.3,Clear,Field B
2022-08-11,07:45,Cow_194,4,6,5,0,32.3,Clear,Field C
2022-08-11,07:45,Cow_195,12,0,8,0,32.3,Clear,Field B
2022-08-11,07:45,Cow_196,5,5,5,0,32.3,Clear,Field C
2022-08-11,07:45,Cow_197,8,4,3,0,32.3,Clear,Field A
2022-08-11,07:45,Cow_198,11,1,3,0,32.3,Clear,Field B
2022-08-11,07:45,Cow_199,9,9,0,0,32.3,Clear,Field A
2022-08-11,07:45,Cow_200,13,4,0,0,32.3,Clear,Field C
2022-08-11,07:45,Cow_201,1,10,4,0,32.3,Clear,Field B
2022-08-11,07:45,Cow_202,0,7,8,0,32.3,Clear,Field A
2022-08-11,07:45,Cow_203,1,6,8,0,32.3,Clear,Field B
2022-08-11,07:45,Cow_204,6,3,6,0,32.3,Clear,Field C
2022-08-11,07:45,Cow_205,12,0,8,0,32.3,Clear,Field B
2022-08-11,07:45,Cow_206,14,0,6,0,32.3,Clear,Field B
2022-08-11,07:45,Cow_207,2,5,8,0,32.3,Clear,Field A
2022-08-11,07:45,Cow_208,6,3,6,0,32.3,Clear,Field C
2022-08-11,07:45,Cow_209,13,8,0,0,32.3,Clear,Field A
2022-08-11,07:45,Cow_210,2,9,4,0,32.3,Clear,Field C
2022-08-11,07:45,Cow_211,2,9,4,0,32.3,Clear,Field B
2022-08-11,07:45,Cow_212,13,0,3,0,32.3,Clear,Field C
2022-08-11,07:45,Cow_213,0,10,6,0,32.3,Clear,Field C
2022-08-11,07:45,Cow_214,10,8,0,0,32.3,Clear,Field A
2022-08-11,07:45,Cow_215,7,6,2,0,32.3,Clear,Field C
2022-08-11,07:45,Cow_216,13,0,4,0,32.3,Clear,Field A
2022-08-11,07:45,Cow_217,5,3,7,0,32.3,Clear,Field B
2022-08-11,07:45,Cow_218,13,9,0,0,32.3,Clear,Field A
2022-08-11,07:45,Cow_219,4,6,5,0,32.3,Clear,Field A
2022-08-11,07:45,Cow_220,11,0,7,0,32.3,Clear,Field C
2022-08-11,07:45,Cow_221,9,0,7,0,32.3,Clear,Field A
2022-08-11,07:45,Cow_222,14,0,3,0,32.3,Clear,Field B
2022-08-11,07:45,Cow_223,0,0,0,15,32.3,Clear,Field B
2022-08-11,07:45,Cow_224,8,5,2,0,32.3,Clear,Field C
2022-08-11,07:45,Cow_225,9,3,3,0,32.3,Clear,Field A
2022-08-11,07:45,Cow_226,6,3,6,0,32.3,Clear,Field C
2022-08-11,07:45,Cow_227,0,8,7,0,32.3,Clear,Field A
2022-08-11,07:45,Cow_228,7,5,3,0,32.3,Clear,Field C
2022-08-11,07:45,Cow_229,5,8,2,0,32.3,Clear,Field B
2022-08-11,07:45,Cow_230,9,2,4,0,32.3,Clear,Field B
2022-08-11,07:45,Cow_231,4,3,8,0,32.3,Clear,Field B
2022-08-11,07:45,Cow_232,11,0,4,0,32.3,Clear,Field C
2022-08-11,07:45,Cow_233,6,3,6,0,32.3,Clear,Field A
2022-08-11,07:45,Cow_234,14,5,0,0,32.3,Clear,Field A
2022-08-11,07:45,Cow_235,0,11,9,0,32.3,Clear,Field C
2022-08-11,07:45,Cow_236,2,5,8,0,32.3,Clear,Field C
2022-08-11,07:45,Cow_237,8,6,1,0,32.3,Clear,Field A
2022-08-11,07:45,Cow_238,5,10,0,0,32.3,Clear,Field C
2022-08-11,07:45,Cow_239,5,4,6,0,32.3,Clear,Field A
2022-08-11,07:45,Cow_240,9,2,4,0,32.3,Clear,Field C
2022-08-11,07:45,Cow_241,7,5,3,0,32.3,Clear,Field B
2022-08-11,07:45,Cow_242,0,0,0,15,32.3,Clear,Field A
2022-08-11,07:45,Cow_243,6,3,6,0,32.3,Clear,Field A
2022-08-11,07:45,Cow_244,5,3,7,0,32.3,Clear,Field C
2022-08-11,07:45,Cow_245,8,9,0,0,32.3,Clear,Field A
2022-08-11,07:45,Cow_246,9,8,0,0,32.3,Clear,Field C
2022-08-11,07:45,Cow_247,0,10,9,0,32.3,Clear,Field B
2022-08-11,07:45,Cow_248,12,8,0,0,32.3,Clear,Field A
2022-08-11,07:45,Cow_249,11,3,1,0,32.3,Clear,Field B
2022-08-11,07:45,Cow_250,6,4,5,0,32.3,Clear,Field A
2022-08-11,07:45,Cow_251,6,5,4,0,32.3,Clear,Field C
2022-08-11,07:45,Cow_252,11,10,0,0,32.3,Clear,Field A
2022-08-11,07:45,Cow_253,11,6,0,0,32.3,Clear,Field A
2022-08-11,07:45,Cow_254,13,0,5,0,32.3,Clear,Field B
2022-08-11,07:45,Cow_255,14,7,0,0,32.3,Clear,Field B
2022-08-11,07:45,Cow_256,9,2,4,0,32.3,Clear,Field B
2022-08-11,07:45,Cow_257,12,8,0,0,32.3,Clear,Field B
2022-08-11,07:45,Cow_258,13,6,0,0,32.3,Clear,Field C
2022-08-11,07:45,Cow_259,5,7,3,0,32.3,Clear,Field B
2022-08-11,07:45,Cow_260,11,10,0,0,32.3,Clear,Field B
2022-08-11,07:45,Cow_261,10,2,3,0,32.3,Clear,Field C
2022-08-11,07:45,Cow_262,6,5,4,0,32.3,Clear,Field A
2022-08-11,07:45,Cow_263,10,9,0,0,32.3,Clear,Field A
2022-08-11,07:45,Cow_264,3,9,3,0,32.3,Clear,Field C
2022-08-11,07:45,Cow_265,3,8,4,0,32.3,Clear,Field A
2022-08-11,07:45,Cow_266,11,7,0,0,32.3,Clear,Field C
2022-08-11,07:45,Cow_267,1,10,4,0,32.3,Clear,Field A
2022-08-11,07:45,Cow_268,13,0,4,0,32.3,Clear,Field B
2022-08-11,07:45,Cow_269,10,6,0,0,32.3,Clear,Field B
2022-08-11,07:45,Cow_270,13,5,0,0,32.3,Clear,Field B
2022-08-11,07:45,Cow_271,6,3,6,0,32.3,Clear,Field C
2022-08-11,07:45,Cow_272,6,10,0,0,32.3,Clear,Field B
2022-08-11,07:45,Cow_273,0,10,6,0,32.3,Clear,Field B
2022-08-11,07:45,Cow_274,10,2,3,0,32.3,Clear,Field C
2022-08-11,07:45,Cow_275,0,9,7,0,32.3,Clear,Field B
2022-08-11,07:45,Cow_276,8,3,4,0,32.3,Clear,Field B
2022-08-11,07:45,Cow_277,7,1,7,0,32.3,Clear,Field A
2022-08-11,07:45,Cow_278,0,0,0,15,32.3,Clear,Field B
2022-08-11,07:45,Cow_279,5,6,4,0,32.3,Clear,Field C
2022-08-11,07:45,Cow_280,9,4,2,0,32.3,Clear,Field A
2022-08-11,07:45,Cow_281,5,3,7,0,32.3,Clear,Field C
2022-08-11,07:45,Cow_282,3,7,5,0,32.3,Clear,Field C
2022-08-11,07:45,Cow_283,4,8,3,0,32.3,Clear,Field C
2022-08-11,07:45,Cow_284,2,6,7,0,32.3,Clear,Field C
2022-08-11,07:45,Cow_285,0,10,7,0,32.3,Clear,Field B
2022-08-11,07:45,Cow_286,0,0,0,15,32.3,Clear,Field A
2022-08-11,07:45,Cow_287,0,0,0,15,32.3,Clear,Field B
2022-08-11,07:45,Cow_288,11,0,6,0,32.3,Clear,Field A
2022-08-11,07:45,Cow_289,3,4,8,0,32.3,Clear,Field C
2022-08-11,07:45,Cow_290,0,9,6,0,32.3,Clear,Field A
2022-08-11,07:45,Cow_291,13,3,0,0,32.3,Clear,Field C
2022-08-11,07:45,Cow_292,4,7,4,0,32.3,Clear,Field C
2022-08-11,07:45,Cow_293,12,0,5,0,32.3,Clear,Field B
2022-08-11,07:45,Cow_294,13,0,4,0,32.3,Clear,Field A
2022-08-11,07:45,Cow_295,0,9,7,0,32.3,Clear,Field C
2022-08-11,07:45,Cow_296,11,3,1,0,32.3,Clear,Field B
2022-08-11,07:45,Cow_297,8,3,4,0,32.3,Clear,Field A
2022-08-11,07:45,Cow_298,10,3,2,0,32.3,Clear,Field A
2022-08-11,07:45,Cow_299,15,0,4,0,32.3,Clear,Field C
2022-08-11,07:45,Cow_300,8,0,8,0,32.3,Clear,Field C
2022-08-11,07:45,Cow_301,0,7,8,0,32.3,Clear,Field A
2022-08-11,07:45,Cow_302,7,3,5,0,32.3,Clear,Field C
2022-08-11,07:45,Cow_303,12,0,8,0,32.3,Clear,Field A
2022-08-11,07:45,Cow_304,10,0,8,0,32.3,Clear,Field B
2022-08-11,07:45,Cow_305,11,6,0,0,32.3,Clear,Field B
2022-08-11,07:45,Cow_306,8,6,1,0,32.3,Clear,Field C
2022-08-11,07:45,Cow_307,6,4,5,0,32.3,Clear,Field C
2022-08-11,07:45,Cow_308,10,0,8,0,32.3,Clear,Field A
2022-08-11,07:45,Cow_309,14,0,5,0,32.3,Clear,Field A
2022-08-11,07:45,Cow_310,6,6,3,0,32.3,Clear,Field A
2022-08-11,07:45,Cow_311,13,6,0,0,32.3,Clear,Field C
2022-08-11,07:45,Cow_312,4,7,4,0,32.3,Clear,Field C
2022-08-11,07:45,Cow_313,9,8,0,0,32.3,Clear,Field A
2022-08-11,07:45,Cow_314,12,0,7,0,32.3,Clear,Field B
2022-08-11,07:45,Cow_315,8,2,5,0,32.3,Clear,Field A
2022-08-11,07:45,Cow_316,10,7,0,0,32.3,Clear,Field B
2022-08-11,07:45,Cow_317,8,9,0,0,32.3,Clear,Field B
2022-08-11,07:45,Cow_318,14,0,4,0,32.3,Clear,Field A
2022-08-11,07:45,Cow_319,8,4,3,0,32.3,Clear,Field B
2022-08-11,07:45,Cow_320,7,4,4,0,32.3,Clear,Field B
2022-08-11,07:45,Cow_321,6,7,2,0,32.3,Clear,Field A
2022-08-11,07:45,Cow_322,13,0,6,0,32.3,Clear,Field B
2022-08-11,07:45,Cow_323,11,9,0,0,32.3,Clear,Field C
2022-08-11,07:45,Cow_324,8,1,6,0,32.3,Clear,Field A
2022-08-11,07:45,Cow_325,9,3,3,0,32.3,Clear,Field B
2022-08-11,07:45,Cow_326,8,0,8,0,32.3,Clear,Field B
2022-08-11,07:45,Cow_327,11,0,4,0,32.3,Clear,Field B
2022-08-11,07:45,Cow_328,11,1,3,0,32.3,Clear,Field A
2022-08-11,07:45,Cow_329,6,5,4,0,32.3,Clear,Field A
2022-08-11,07:45,Cow_330,0,0,0,15,32.3,Clear,Field B
2022-08-11,07:45,Cow_331,5,6,4,0,32.3,Clear,Field A
2022-08-11,07:45,Cow_332,7,4,4,0,32.3,Clear,Field A
2022-08-11,07:45,Cow_333,0,10,5,0,32.3,Clear,Field A
2022-08-11,07:45,Cow_334,10,0,5,0,32.3,Clear,Field A
2022-08-11,07:45,Cow_335,8,3,4,0,32.3,Clear,Field C
2022-08-11,07:45,Cow_336,7,3,5,0,32.3,Clear,Field B
2022-08-11,07:45,Cow_337,5,6,4,0,32.3,Clear,Field C
2022-08-11,07:45,Cow_338,0,10,6,0,32.3,Clear,Field B
2022-08-11,07:45,Cow_339,9,2,4,0,32.3,Clear,Field B
2022-08-11,07:45,Cow_340,7,4,4,0,32.3,Clear,Field C
2022-08-11,07:45,Cow_341,0,9,7,0,32.3,Clear,Field C
2022-08-11,07:45,Cow_342,4,7,4,0,32.3,Clear,Field B
2022-08-11,07:45,Cow_343,2,8,5,0,32.3,Clear,Field C
2022-08-11,07:45,Cow_344,3,4,8,0,32.3,Clear,Field B
2022-08-11,07:45,Cow_345,13,6,0,0,32.3,Clear,Field B
2022-08-11,07:45,Cow_346,10,10,0,0,32.3,Clear,Field B
2022-08-11,07:45,Cow_347,14,6,0,0,32.3,Clear,Field A
2022-08-11,07:45,Cow_348,0,0,0,15,32.3,Clear,Field A
2022-08-11,07:45,Cow_349,7,8,0,0,32.3,Clear,Field C
2022-08-11,07:45,Cow_350,10,9,0,0,32.3,Clear,Field A
2022-08-11,07:45,Cow_351,5,8,2,0,32.3,Clear,Field A
2022-08-11,07:45,Cow_352,10,0,7,0,32.3,Clear,Field C
2022-08-11,07:45,Cow_353,7,9,0,0,32.3,Clear,Field B
2022-08-11,07:45,Cow_354,10,8,0,0,32.3,Clear,Field A
2022-08-11,07:45,Cow_355,2,6,7,0,32.3,Clear,Field A
2022-08-11,07:45,Cow_356,0,0,0,15,32.3,Clear,Field B
2022-08-11,07:45,Cow_357,5,3,7,0,32.3,Clear,Field C
2022-08-11,07:45,Cow_358,9,0,6,0,32.3,Clear,Field B
2022-08-11,07:45,Cow_359,5,12,0,0,32.3,Clear,Field A
2022-08-11,07:45,Cow_360,8,0,7,0,32.3,Clear,Field B
2022-08-11,07:45,Cow_361,0,10,7,0,32.3,Clear,Field B
2022-08-11,07:45,Cow_362,7,9,0,0,32.3,Clear,Field B
2022-08-11,07:45,Cow_363,15,6,0,0,32.3,Clear,Field C
2022-08-11,07:45,Cow_364,6,5,4,0,32.3,Clear,Field B
2022-08-11,07:45,Cow_365,11,8,0,0,32.3,Clear,Field A
2022-08-11,07:45,Cow_366,6,3,6,0,32.3,Clear,Field B
2022-08-11,07:45,Cow_367,13,0,7,0,32.3,Clear,Field A
2022-08-11,07:45,Cow_368,8,3,4,0,32.3,Clear,Field B
2022-08-11,07:45,Cow_369,11,0,6,0,32.3,Clear,Field B
2022-08-11,07:45,Cow_370,13,8,0,0,32.3,Clear,Field A
2022-08-11,07:45,Cow_371,6,4,5,0,32.3,Clear,Field C
2022-08-11,07:45,Cow_372,7,5,3,0,32.3,Clear,Field C
2022-08-11,07:45,Cow_373,4,5,6,0,32.3,Clear,Field A
2022-08-11,07:45,Cow_374,1,9,5,0,32.3,Clear,Field B
2022-08-11,07:45,Cow_375,4,5,6,0,32.3,Clear,Field C
2022-08-11,07:45,Cow_376,0,10,8,0,32.3,Clear,Field A
2022-08-11,07:45,Cow_377,10,0,6,0,32.3,Clear,Field C
2022-08-11,07:45,Cow_378,1,9,5,0,32.3,Clear,Field A
2022-08-11,07:45,Cow_379,5,4,6,0,32.3,Clear,Field A
2022-08-11,07:45,Cow_380,7,7,1,0,32.3,Clear,Field B
2022-08-11,07:45,Cow_381,14,0,2,0,32.3,Clear,Field A
2022-08-11,07:45,Cow_382,14,0,8,0,32.3,Clear,Field C
2022-08-11,07:45,Cow_383,10,1,4,0,32.3,Clear,Field C
2022-08-11,07:45,Cow_384,0,9,6,0,32.3,Clear,Field B
2022-08-11,07:45,Cow_385,6,3,6,0,32.3,Clear,Field C
2022-08-11,07:45,Cow_386,13,0,4,0,32.3,Clear,Field C
2022-08-11,07:45,Cow_387,0,9,7,0,32.3,Clear,Field B
2022-08-11,07:45,Cow_388,1,7,7,0,32.3,Clear,Field C
2022-08-11,07:45,Cow_389,0,10,6,0,32.3,Clear,Field B
2022-08-11,07:45,Cow_390,5,6,4,0,32.3,Clear,Field A
2022-08-11,07:45,Cow_391,14,0,6,0,32.3,Clear,Field A
2022-08-11,07:45,Cow_392,12,0,7,0,32.3,Clear,Field C
2022-08-11,07:45,Cow_393,10,0,8,0,32.3,Clear,Field B
2022-08-11,07:45,Cow_394,5,10,0,0,32.3,Clear,Field C
2022-08-11,07:45,Cow_395,10,2,3,0,32.3,Clear,Field C
2022-08-11,07:45,Cow_396,9,0,7,0,32.3,Clear,Field A
2022-08-11,07:45,Cow_397,5,2,8,0,32.3,Clear,Field B
2022-08-11,07:45,Cow_398,4,3,8,0,32.3,Clear,Field B
2022-08-11,07:45,Cow_399,0,10,7,0,32.3,Clear,Field C
2022-08-11,07:45,Cow_400,10,0,7,0,32.3,Clear,Field B
2022-08-11,07:45,Cow_401,0,8,7,0,32.3,Clear,Field B
2022-08-11,07:45,Cow_402,10,5,0,0,32.3,Clear,Field A
2022-08-11,07:45,Cow_403,0,0,0,15,32.3,Clear,Field B
2022-08-11,07:45,Cow_404,10,1,4,0,32.3,Clear,Field B
2022-08-11,07:45,Cow_405,13,0,8,0,32.3,Clear,Field C
2022-08-11,07:45,Cow_406,11,7,0,0,32.3,Clear,Field C
2022-08-11,07:45,Cow_407,10,4,1,0,32.3,Clear,Field C
2022-08-11,07:45,Cow_408,0,8,8,0,32.3,Clear,Field C
2022-08-11,07:45,Cow_409,0,9,8,0,32.3,Clear,Field C
2022-08-11,07:45,Cow_410,3,8,4,0,32.3,Clear,Field A
2022-08-11,07:45,Cow_411,13,9,0,0,32.3,Clear,Field B
2022-08-11,07:45,Cow_412,10,8,0,0,32.3,Clear,Field B
2022-08-11,07:45,Cow_413,7,4,4,0,32.3,Clear,Field A
2022-08-11,07:45,Cow_414,2,7,6,0,32.3,Clear,Field B
2022-08-11,07:45,Cow_415,10,9,0,0,32.3,Clear,Field A
2022-08-11,07:45,Cow_416,14,5,0,0,32.3,Clear,Field B
2022-08-11,07:45,Cow_417,7,5,3,0,32.3,Clear,Field B
2022-08-11,07:45,Cow_418,9,0,8,0,32.3,Clear,Field B
2022-08-11,07:45,Cow_419,10,6,0,0,32.3,Clear,Field A
2022-08-11,07:45,Cow_420,11,1,3,0,32.3,Clear,Field C
2022-08-11,07:45,Cow_421,0,8,7,0,32.3,Clear,Field A
2022-08-11,07:45,Cow_422,3,6,6,0,32.3,Clear,Field B
2022-08-11,07:45,Cow_423,0,0,0,15,32.3,Clear,Field C
2022-08-11,07:45,Cow_424,8,10,0,0,32.3,Clear,Field A
2022-08-11,07:45,Cow_425,3,4,8,0,32.3,Clear,Field C
2022-08-11,07:45,Cow_426,14,10,0,0,32.3,Clear,Field A
2022-08-11,07:45,Cow_427,5,4,6,0,32.3,Clear,Field C
2022-08-11,07:45,Cow_428,5,3,7,0,32.3,Clear,Field A
2022-08-11,07:45,Cow_429,3,9,3,0,32.3,Clear,Field C
2022-08-11,07:45,Cow_430,8,3,4,0,32.3,Clear,Field B
2022-08-11,07:45,Cow_431,5,4,6,0,32.3,Clear,Field B
2022-08-11,07:45,Cow_432,13,7,0,0,32.3,Clear,Field C
2022-08-11,07:45,Cow_433,10,4,1,0,32.3,Clear,Field B
2022-08-11,07:45,Cow_434,13,0,8,0,32.3,Clear,Field A
2022-08-11,07:45,Cow_435,8,3,4,0,32.3,Clear,Field C
2022-08-11,07:45,Cow_436,12,9,0,0,32.3,Clear,Field C
2022-08-11,07:45,Cow_437,6,5,4,0,32.3,Clear,Field A
2022-08-11,07:45,Cow_438,14,4,0,0,32.3,Clear,Field C
2022-08-11,07:45,Cow_439,6,3,6,0,32.3,Clear,Field A
2022-08-11,07:45,Cow_440,13,0,3,0,32.3,Clear,Field A
2022-08-11,07:45,Cow_441,8,4,3,0,32.3,Clear,Field C
2022-08-11,07:45,Cow_442,7,2,6,0,32.3,Clear,Field A
2022-08-11,07:45,Cow_443,9,0,7,0,32.3,Clear,Field B
2022-08-11,07:45,Cow_444,7,5,3,0,32.3,Clear,Field A
2022-08-11,07:45,Cow_445,13,0,7,0,32.3,Clear,Field B
2022-08-11,07:45,Cow_446,10,0,7,0,32.3,Clear,Field A
2022-08-11,07:45,Cow_447,14,9,0,0,32.3,Clear,Field C
2022-08-11,07:45,Cow_448,2,6,7,0,32.3,Clear,Field A
2022-08-11,07:45,Cow_449,12,10,0,0,32.3,Clear,Field B
2022-08-11,07:45,Cow_450,7,4,4,0,32.3,Clear,Field B
2022-08-11,07:45,Cow_451,4,4,7,0,32.3,Clear,Field A
2022-08-11,07:45,Cow_452,9,10,0,0,32.3,Clear,Field C
2022-08-11,07:45,Cow_453,14,0,7,0,32.3,Clear,Field B
2022-08-11,07:45,Cow_454,14,0,5,0,32.3,Clear,Field B
2022-08-11,07:45,Cow_455,8,4,3,0,32.3,Clear,Field C
2022-08-11,07:45,Cow_456,12,9,0,0,32.3,Clear,Field B
2022-08-11,07:45,Cow_457,12,0,6,0,32.3,Clear,Field A
2022-08-11,07:45,Cow_458,4,5,6,0,32.3,Clear,Field A
2022-08-11,07:45,Cow_459,1,7,7,0,32.3,Clear,Field B
2022-08-11,07:45,Cow_460,8,4,3,0,32.3,Clear,Field B
2022-08-11,07:45,Cow_461,6,6,3,0,32.3,Clear,Field C
2022-08-11,07:45,Cow_462,0,7,8,0,32.3,Clear,Field C
2022-08-11,07:45,Cow_463,4,7,4,0,32.3,Clear,Field B
2022-08-11,07:45,Cow_464,8,3,4,0,32.3,Clear,Field C
2022-08-11,07:45,Cow_465,13,0,5,0,32.3,Clear,Field B
2022-08-11,07:45,Cow_466,8,3,4,0,32.3,Clear,Field C
2022-08-11,07:45,Cow_467,14,9,0,0,32.3,Clear,Field B
2022-08-11,07:45,Cow_468,3,4,8,0,32.3,Clear,Field A
2022-08-11,07:45,Cow_469,12,10,0,0,32.3,Clear,Field A
2022-08-11,07:45,Cow_470,5,7,3,0,32.3,Clear,Field C
2022-08-11,07:45,Cow_471,12,0,8,0,32.3,Clear,Field B
2022-08-11,07:45,Cow_472,5,2,8,0,32.3,Clear,Field A
2022-08-11,07:45,Cow_473,9,1,5,0,32.3,Clear,Field A
2022-08-11,07:45,Cow_474,6,6,3,0,32.3,Clear,Field A
2022-08-11,07:45,Cow_475,14,0,3,0,32.3,Clear,Field C
2022-08-11,07:45,Cow_476,7,9,0,0,32.3,Clear,Field B
2022-08-11,07:45,Cow_477,11,0,8,0,32.3,Clear,Field C
2022-08-11,07:45,Cow_478,4,3,8,0,32.3,Clear,Field A
2022-08-11,07:45,Cow_479,11,0,5,0,32.3,Clear,Field C
2022-08-11,07:45,Cow_480,11,7,0,0,32.3,Clear,Field C
2022-08-11,07:45,Cow_481,12,8,0,0,32.3,Clear,Field A
2022-08-11,07:45,Cow_482,10,10,0,0,32.3,Clear,Field A
2022-08-11,07:45,Cow_483,11,8,0,0,32.3,Clear,Field A
2022-08-11,07:45,Cow_484,14,0,4,0,32.3,Clear,Field B
2022-08-11,07:45,Cow_485,0,0,0,15,32.3,Clear,Field C
2022-08-11,07:45,Cow_486,2,9,4,0,32.3,Clear,Field C
2022-08-11,07:45,Cow_487,6,4,5,0,32.3,Clear,Field B
2022-08-11,07:45,Cow_488,6,5,4,0,32.3,Clear,Field C
2022-08-11,07:45,Cow_489,0,0,0,15,32.3,Clear,Field C
2022-08-11,07:45,Cow_490,9,10,0,0,32.3,Clear,Field B
2022-08-11,07:45,Cow_491,9,3,3,0,32.3,Clear,Field A
2022-08-11,07:45,Cow_492,3,7,5,0,32.3,Clear,Field A
2022-08-11,07:45,Cow_493,0,0,0,15,32.3,Clear,Field B
2022-08-11,07:45,Cow_494,5,3,7,0,32.3,Clear,Field B
2022-08-11,07:45,Cow_495,6,6,3,0,32.3,Clear,Field B
2022-08-11,07:45,Cow_496,8,4,3,0,32.3,Clear,Field B
2022-08-11,07:45,Cow_497,6,3,6,0,32.3,Clear,Field C
2022-08-11,07:45,Cow_498,5,2,8,0,32.3,Clear,Field C
2022-08-11,07:45,Cow_499,4,5,6,0,32.3,Clear,Field C
2022-08-11,07:45,Cow_500,2,8,5,0,32.3,Clear,Field C
2022-08-11,08:00,Cow_1,6,4,5,0,29.9,Clear,Field B
2022-08-11,08:00,Cow_2,0,10,7,0,29.9,Clear,Field B
2022-08-11,08:00,Cow_3,7,9,0,0,29.9,Clear,Field C
2022-08-11,08:00,Cow_4,5,4,6,0,29.9,Clear,Field B
2022-08-11,08:00,Cow_5,1,9,5,0,29.9,Clear,Field C
2022-08-11,08:00,Cow_6,0,9,7,0,29.9,Clear,Field C
2022-08-11,08:00,Cow_7,9,0,6,0,29.9,Clear,Field C
2022-08-11,08:00,Cow_8,9,0,7,0,29.9,Clear,Field C
2022-08-11,08:00,Cow_9,1,7,7,0,29.9,Clear,Field C
2022-08-11,08:00,Cow_10,5,3,7,0,29.9,Clear,Field C
2022-08-11,08:00,Cow_11,8,0,7,0,29.9,Clear,Field B
2022-08-11,08:00,Cow_12,6,9,0,0,29.9,Clear,Field A
2022-08-11,08:00,Cow_13,1,9,5,0,29.9,Clear,Field A
2022-08-11,08:00,Cow_14,11,6,0,0,29.9,Clear,Field C
2022-08-11,08:00,Cow_15,5,6,4,0,29.9,Clear,Field A
2022-08-11,08:00,Cow_16,0,0,0,15,29.9,Clear,Field C
2022-08-11,08:00,Cow_17,12,6,0,0,29.9,Clear,Field B
2022-08-11,08:00,Cow_18,10,12,0,0,29.9,Clear,Field A
2022-08-11,08:00,Cow_19,0,0,0,15,29.9,Clear,Field B
2022-08-11,08:00,Cow_20,3,6,6,0,29.9,Clear,Field B
2022-08-11,08:00,Cow_21,0,10,9,0,29.9,Clear,Field B
2022-08-11,08:00,Cow_22,13,0,4,0,29.9,Clear,Field C
2022-08-11,08:00,Cow_23,7,6,2,0,29.9,Clear,Field A
2022-08-11,08:00,Cow_24,0,0,0,15,29.9,Clear,Field C
2022-08-11,08:00,Cow_25,14,8,0,0,29.9,Clear,Field B
2022-08-11,08:00,Cow_26,5,3,7,0,29.9,Clear,Field B
2022-08-11,08:00,Cow_27,12,0,4,0,29.9,Clear,Field A
2022-08-11,08:00,Cow_28,8,4,3,0,29.9,Clear,Field B
2022-08-11,08:00,Cow_29,12,0,8,0,29.9,Clear,Field C
2022-08-11,08:00,Cow_30,5,4,6,0,29.9,Clear,Field B
2022-08-11,08:00,Cow_31,14,4,0,0,29.9,Clear,Field C
2022-08-11,08:00,Cow_32,4,7,4,0,29.9,Clear,Field B
2022-08-11,08:00,Cow_33,8,9,0,0,29.9,Clear,Field A
2022-08-11,08:00,Cow_34,0,10,5,0,29.9,Clear,Field B
2022-08-11,08:00,Cow_35,14,8,0,0,29.9,Clear,Field A
2022-08-11,08:00,Cow_36,2,6,7,0,29.9,Clear,Field A
2022-08-11,08:00,Cow_37,2,5,8,0,29.9,Clear,Field C
2022-08-11,08:00,Cow_38,10,0,6,0,29.9,Clear,Field A
2022-08-11,08:00,Cow_39,6,2,7,0,29.9,Clear,Field A
2022-08-11,08:00,Cow_40,9,3,3,0,29.9,Clear,Field A
2022-08-11,08:00,Cow_41,5,9,1,0,29.9,Clear,Field B
2022-08-11,08:00,Cow_42,5,4,6,0,29.9,Clear,Field B
2022-08-11,08:00,Cow_43,14,3,0,0,29.9,Clear,Field A
2022-08-11,08:00,Cow_44,10,0,8,0,29.9,Clear,Field A
2022-08-11,08:00,Cow_45,5,3,7,0,29.9,Clear,Field C
2022-08-11,08:00,Cow_46,5,2,8,0,29.9,Clear,Field C
2022-08-11,08:00,Cow_47,5,6,4,0,29.9,Clear,Field B
2022-08-11,08:00,Cow_48,0,0,0,15,29.9,Clear,Field A
2022-08-11,08:00,Cow_49,14,0,7,0,29.9,Clear,Field B
2022-08-11,08:00,Cow_50,0,0,0,15,29.9,Clear,Field B
2022-08-11,08:00,Cow_51,10,0,5,0,29.9,Clear,Field C
2022-08-11,08:00,Cow_52,5,5,5,0,29.9,Clear,Field B
2022-08-11,08:00,Cow_53,6,5,4,0,29.9,Clear,Field A
2022-08-11,08:00,Cow_54,11,2,2,0,29.9,Clear,Field C
2022-08-11,08:00,Cow_55,7,4,4,0,29.9,Clear,Field B
2022-08-11,08:00,Cow_56,14,10,0,0,29.9,Clear,Field B
2022-08-11,08:00,Cow_57,8,6,1,0,29.9,Clear,Field C
2022-08-11,08:00,Cow_58,0,0,0,15,29.9,Clear,Field C
2022-08-11,08:00,Cow_59,10,0,6,0,29.9,Clear,Field C
2022-08-11,08:00,Cow_60,8,0,7,0,29.9,Clear,Field B
2022-08-11,08:00,Cow_61,14,7,0,0,29.9,Clear,Field C
2022-08-11,08:00,Cow_62,12,4,0,0,29.9,Clear,Field C
2022-08-11,08:00,Cow_63,10,5,0,0,29.9,Clear,Field A
2022-08-11,08:00,Cow_64,4,4,7,0,29.9,Clear,Field A
2022-08-11,08:00,Cow_65,2,8,5,0,29.9,Clear,Field A
2022-08-11,08:00,Cow_66,10,5,0,0,29.9,Clear,Field B
2022-08-11,08:00,Cow_67,5,4,6,0,29.9,Clear,Field A
2022-08-11,08:00,Cow_68,8,3,4,0,29.9,Clear,Field B
2022-08-11,08:00,Cow_69,6,5,4,0,29.9,Clear,Field B
2022-08-11,08:00,Cow_70,0,0,0,15,29.9,Clear,Field C
2022-08-11,08:00,Cow_71,14,9,0,0,29.9,Clear,Field C
2022-08-11,08:00,Cow_72,10,8,0,0,29.9,Clear,Field A
2022-08-11,08:00,Cow_73,7,5,3,0,29.9,Clear,Field B
2022-08-11,08:00,Cow_74,9,3,3,0,29.9,Clear,Field B
2022-08-11,08:00,Cow_75,14,11,0,0,29.9,Clear,Field B
2022-08-11,08:00,Cow_76,13,7,0,0,29.9,Clear,Field C
2022-08-11,08:00,Cow_77,5,3,7,0,29.9,Clear,Field C
2022-08-11,08:00,Cow_78,7,9,0,0,29.9,Clear,Field C
2022-08-11,08:00,Cow_79,8,5,2,0,29.9,Clear,Field C
2022-08-11,08:00,Cow_80,13,0,3,0,29.9,Clear,Field B
2022-08-11,08:00,Cow_81,5,6,4,0,29.9,Clear,Field B
2022-08-11,08:00,Cow_82,9,0,8,0,29.9,Clear,Field A
2022-08-11,08:00,Cow_83,13,0,6,0,29.9,Clear,Field B
2022-08-11,08:00,Cow_84,13,0,8,0,29.9,Clear,Field C
2022-08-11,08:00,Cow_85,0,9,7,0,29.9,Clear,Field B
2022-08-11,08:00,Cow_86,13,8,0,0,29.9,Clear,Field A
2022-08-11,08:00,Cow_87,3,8,4,0,29.9,Clear,Field A
2022-08-11,08:00,Cow_88,7,10,0,0,29.9,Clear,Field B
2022-08-11,08:00,Cow_89,3,5,7,0,29.9,Clear,Field B
2022-08-11,08:00,Cow_90,8,3,4,0,29.9,Clear,Field A
2022-08-11,08:00,Cow_91,12,0,3,0,29.9,Clear,Field A
2022-08-11,08:00,Cow_92,4,7,4,0,29.9,Clear,Field A
2022-08-11,08:00,Cow_93,11,4,0,0,29.9,Clear,Field C
2022-08-11,08:00,Cow_94,10,1,4,0,29.9,Clear,Field A
2022-08-11,08:00,Cow_95,12,0,8,0,29.9,Clear,Field A
2022-08-11,08:00,Cow_96,3,5,7,0,29.9,Clear,Field A
2022-08-11,08:00,Cow_97,10,9,0,0,29.9,Clear,Field C
2022-08-11,08:00,Cow_98,4,6,5,0,29.9,Clear,Field C
2022-08-11,08:00,Cow_99,4,4,7,0,29.9,Clear,Field A
2022-08-11,08:00,Cow_100,13,3,0,0,29.9,Clear,Field A
2022-08-11,08:00,Cow_101,5,5,5,0,29.9,Clear,Field C
2022-08-11,08:00,Cow_102,12,6,0,0,29.9,Clear,Field A
2022-08-11,08:00,Cow_103,4,7,4,0,29.9,Clear,Field B
2022-08-11,08:00,Cow_104,10,0,7,0,29.9,Clear,Field A
2022-08-11,08:00,Cow_105,14,0,5,0,29.9,Clear,Field C
2022-08-11,08:00,Cow_106,5,7,3,0,29.9,Clear,Field C
2022-08-11,08:00,Cow_107,1,7,7,0,29.9,Clear,Field B
2022-08-11,08:00,Cow_108,6,1,8,0,29.9,Clear,Field B
2022-08-11,08:00,Cow_109,11,0,7,0,29.9,Clear,Field A
2022-08-11,08:00,Cow_110,7,3,5,0,29.9,Clear,Field B
2022-08-11,08:00,Cow_111,13,0,5,0,29.9,Clear,Field A
2022-08-11,08:00,Cow_112,9,4,2,0,29.9,Clear,Field C
2022-08-11,08:00,Cow_113,12,4,0,0,29.9,Clear,Field B
2022-08-11,08:00,Cow_114,7,5,3,0,29.9,Clear,Field A
2022-08-11,08:00,Cow_115,4,5,6,0,29.9,Clear,Field C
2022-08-11,08:00,Cow_116,11,0,6,0,29.9,Clear,Field C
2022-08-11,08:00,Cow_117,0,10,5,0,29.9,Clear,Field A
2022-08-11,08:00,Cow_118,11,6,0,0,29.9,Clear,Field B
2022-08-11,08:00,Cow_119,7,3,5,0,29.9,Clear,Field B
2022-08-11,08:00,Cow_120,0,7,8,0,29.9,Clear,Field A
2022-08-11,08:00,Cow_121,6,4,5,0,29.9,Clear,Field A
2022-08-11,08:00,Cow_122,1,8,6,0,29.9,Clear,Field B
2022-08-11,08:00,Cow_123,7,3,5,0,29.9,Clear,Field C
2022-08-11,08:00,Cow_124,11,1,3,0,29.9,Clear,Field B
2022-08-11,08:00,Cow_125,11,0,7,0,29.9,Clear,Field A
2022-08-11,08:00,Cow_126,12,0,8,0,29.9,Clear,Field A
2022-08-11,08:00,Cow_127,0,9,8,0,29.9,Clear,Field A
2022-08-11,08:00,Cow_128,6,3,6,0,29.9,Clear,Field B
2022-08-11,08:00,Cow_129,13,0,7,0,29.9,Clear,Field C
2022-08-11,08:00,Cow_130,13,8,0,0,29.9,Clear,Field A
2022-08-11,08:00,Cow_131,12,0,6,0,29.9,Clear,Field B
2022-08-11,08:00,Cow_132,7,7,1,0,29.9,Clear,Field C
2022-08-11,08:00,Cow_133,11,4,0,0,29.9,Clear,Field C
2022-08-11,08:00,Cow_134,4,5,6,0,29.9,Clear,Field C
2022-08-11,08:00,Cow_135,7,7,1,0,29.9,Clear,Field A
2022-08-11,08:00,Cow_136,7,8,0,0,29.9,Clear,Field A
2022-08-11,08:00,Cow_137,7,2,6,0,29.9,Clear,Field B
2022-08-11,08:00,Cow_138,5,10,0,0,29.9,Clear,Field B
2022-08-11,08:00,Cow_139,9,7,0,0,29.9,Clear,Field B
2022-08-11,08:00,Cow_140,8,2,5,0,29.9,Clear,Field C
2022-08-11,08:00,Cow_141,8,1,6,0,29.9,Clear,Field B
2022-08-11,08:00,Cow_142,0,0,0,15,29.9,Clear,Field A
2022-08-11,08:00,Cow_143,4,8,3,0,29.9,Clear,Field B
2022-08-11,08:00,Cow_144,12,0,5,0,29.9,Clear,Field B
2022-08-11,08:00,Cow_145,12,0,6,0,29.9,Clear,Field C
2022-08-11,08:00,Cow_146,8,2,5,0,29.9,Clear,Field C
2022-08-11,08:00,Cow_147,5,4,6,0,29.9,Clear,Field C
2022-08-11,08:00,Cow_148,10,5,0,0,29.9,Clear,Field A
2022-08-11,08:00,Cow_149,11,10,0,0,29.9,Clear,Field B
2022-08-11,08:00,Cow_150,14,0,4,0,29.9,Clear,Field C
2022-08-11,08:00,Cow_151,9,3,3,0,29.9,Clear,Field A
2022-08-11,08:00,Cow_152,12,0,6,0,29.9,Clear,Field C
2022-08-11,08:00,Cow_153,9,0,8,0,29.9,Clear,Field C
2022-08-11,08:00,Cow_154,5,8,2,0,29.9,Clear,Field B
2022-08-11,08:00,Cow_155,8,3,4,0,29.9,Clear,Field B
2022-08-11,08:00,Cow_156,14,5,0,0,29.9,Clear,Field B
2022-08-11,08:00,Cow_157,14,10,0,0,29.9,Clear,Field C
2022-08-11,08:00,Cow_158,4,7,4,0,29.9,Clear,Field A
2022-08-11,08:00,Cow_159,7,7,1,0,29.9,Clear,Field A
2022-08-11,08:00,Cow_160,9,4,2,0,29.9,Clear,Field B
2022-08-11,08:00,Cow_161,6,6,3,0,29.9,Clear,Field B
2022-08-11,08:00,Cow_162,11,0,5,0,29.9,Clear,Field B
2022-08-11,08:00,Cow_163,2,9,4,0,29.9,Clear,Field A
2022-08-11,08:00,Cow_164,7,5,3,0,29.9,Clear,Field C
2022-08-11,08:00,Cow_165,10,6,0,0,29.9,Clear,Field B
2022-08-11,08:00,Cow_166,0,0,0,15,29.9,Clear,Field B
2022-08-11,08:00,Cow_167,0,0,0,15,29.9,Clear,Field A
2022-08-11,08:00,Cow_168,0,9,6,0,29.9,Clear,Field B
2022-08-11,08:00,Cow_169,0,10,5,0,29.9,Clear,Field C
2022-08-11,08:00,Cow_170,14,8,0,0,29.9,Clear,Field C
2022-08-11,08:00,Cow_171,14,10,0,0,29.9,Clear,Field C
2022-08-11,08:00,Cow_172,10,0,5,0,29.9,Clear,Field B
2022-08-11,08:00,Cow_173,8,4,3,0,29.9,Clear,Field B
2022-08-11,08:00,Cow_174,13,0,9,0,29.9,Clear,Field A
2022-08-11,08:00,Cow_175,7,3,5,0,29.9,Clear,Field B
2022-08-11,08:00,Cow_176,8,0,7,0,29.9,Clear,Field B
2022-08-11,08:00,Cow_177,14,10,0,0,29.9,Clear,Field A
2022-08-11,08:00,Cow_178,14,7,0,0,29.9,Clear,Field C
2022-08-11,08:00,Cow_179,5,4,6,0,29.9,Clear,Field B
2022-08-11,08:00,Cow_180,2,7,6,0,29.9,Clear,Field C
2022-08-11,08:00,Cow_181,12,0,6,0,29.9,Clear,Field C
2022-08-11,08:00,Cow_182,14,0,8,0,29.9,Clear,Field B
2022-08-11,08:00,Cow_183,10,2,3,0,29.9,Clear,Field A
2022-08-11,08:00,Cow_184,2,10,3,0,29.9,Clear,Field B
2022-08-11,08:00,Cow_185,12,9,0,0,29.9,Clear,Field A
2022-08-11,08:00,Cow_186,12,0,4,0,29.9,Clear,Field B
2022-08-11,08:00,Cow_187,0,10,8,0,29.9,Clear,Field A
2022-08-11,08:00,Cow_188,2,5,8,0,29.9,Clear,Field C
2022-08-11,08:00,Cow_189,6,3,6,0,29.9,Clear,Field B
2022-08-11,08:00,Cow_190,6,6,3,0,29.9,Clear,Field C
2022-08-11,08:00,Cow_191,3,8,4,0,29.9,Clear,Field C
2022-08-11,08:00,Cow_192,6,5,4,0,29.9,Clear,Field A
2022-08-11,08:00,Cow_193,12,9,0,0,29.9,Clear,Field C
2022-08-11,08:00,Cow_194,4,3,8,0,29.9,Clear,Field A
2022-08-11,08:00,Cow_195,3,8,4,0,29.9,Clear,Field A
2022-08-11,08:00,Cow_196,11,1,3,0,29.9,Clear,Field A
2022-08-11,08:00,Cow_197,7,5,3,0,29.9,Clear,Field C
2022-08-11,08:00,Cow_198,8,2,5,0,29.9,Clear,Field C
2022-08-11,08:00,Cow_199,6,4,5,0,29.9,Clear,Field B
2022-08-11,08:00,Cow_200,1,6,8,0,29.9,Clear,Field C
2022-08-11,08:00,Cow_201,7,10,0,0,29.9,Clear,Field B
2022-08-11,08:00,Cow_202,11,0,4,0,29.9,Clear,Field B
2022-08-11,08:00,Cow_203,0,8,7,0,29.9,Clear,Field A
2022-08-11,08:00,Cow_204,13,7,0,0,29.9,Clear,Field C
2022-08-11,08:00,Cow_205,9,6,0,0,29.9,Clear,Field A
2022-08-11,08:00,Cow_206,10,6,0,0,29.9,Clear,Field C
2022-08-11,08:00,Cow_207,9,0,6,0,29.9,Clear,Field B
2022-08-11,08:00,Cow_208,6,4,5,0,29.9,Clear,Field B
2022-08-11,08:00,Cow_209,3,7,5,0,29.9,Clear,Field C
2022-08-11,08:00,Cow_210,6,9,0,0,29.9,Clear,Field B
2022-08-11,08:00,Cow_211,4,5,6,0,29.9,Clear,Field B
2022-08-11,08:00,Cow_212,0,0,0,15,29.9,Clear,Field A
2022-08-11,08:00,Cow_213,0,7,8,0,29.9,Clear,Field A
2022-08-11,08:00,Cow_214,0,0,0,15,29.9,Clear,Field C
2022-08-11,08:00,Cow_215,1,7,7,0,29.9,Clear,Field B
2022-08-11,08:00,Cow_216,6,5,4,0,29.9,Clear,Field B
2022-08-11,08:00,Cow_217,14,8,0,0,29.9,Clear,Field C
2022-08-11,08:00,Cow_218,10,5,0,0,29.9,Clear,Field C
2022-08-11,08:00,Cow_219,10,0,7,0,29.9,Clear,Field B
2022-08-11,08:00,Cow_220,2,7,6,0,29.9,Clear,Field B
2022-08-11,08:00,Cow_221,14,6,0,0,29.9,Clear,Field C
2022-08-11,08:00,Cow_222,5,7,3,0,29.9,Clear,Field B
2022-08-11,08:00,Cow_223,14,0,5,0,29.9,Clear,Field B
2022-08-11,08:00,Cow_224,14,5,0,0,29.9,Clear,Field C
2022-08-11,08:00,Cow_225,0,10,7,0,29.9,Clear,Field A
2022-08-11,08:00,Cow_226,7,4,4,0,29.9,Clear,Field B
2022-08-11,08:00,Cow_227,1,8,6,0,29.9,Clear,Field B
2022-08-11,08:00,Cow_228,6,2,7,0,29.9,Clear,Field C
2022-08-11,08:00,Cow_229,0,8,7,0,29.9,Clear,Field B
2022-08-11,08:00,Cow_230,11,9,0,0,29.9,Clear,Field A
2022-08-11,08:00,Cow_231,14,8,0,0,29.9,Clear,Field A
2022-08-11,08:00,Cow_232,13,3,0,0,29.9,Clear,Field C
2022-08-11,08:00,Cow_233,11,7,0,0,29.9,Clear,Field A
2022-08-11,08:00,Cow_234,14,7,0,0,29.9,Clear,Field A
2022-08-11,08:00,Cow_235,0,10,7,0,29.9,Clear,Field B
2022-08-11,08:00,Cow_236,7,5,3,0,29.9,Clear,Field A
2022-08-11,08:00,Cow_237,6,6,3,0,29.9,Clear,Field A
2022-08-11,08:00,Cow_238,14,0,6,0,29.9,Clear,Field C
2022-08-11,08:00,Cow_239,5,8,2,0,29.9,Clear,Field C
2022-08-11,08:00,Cow_240,6,3,6,0,29.9,Clear,Field C
2022-08-11,08:00,Cow_241,7,1,7,0,29.9,Clear,Field C
2022-08-11,08:00,Cow_242,7,5,3,0,29.9,Clear,Field B
2022-08-11,08:00,Cow_243,7,5,3,0,29.9,Clear,Field A
2022-08-11,08:00,Cow_244,7,9,0,0,29.9,Clear,Field C
2022-08-11,08:00,Cow_245,0,0,0,15,29.9,Clear,Field B
2022-08-11,08:00,Cow_246,1,7,7,0,29.9,Clear,Field B
2022-08-11,08:00,Cow_247,2,5,8,0,29.9,Clear,Field B
2022-08-11,08:00,Cow_248,14,0,3,0,29.9,Clear,Field B
2022-08-11,08:00,Cow_249,6,9,0,0,29.9,Clear,Field C
2022-08-11,08:00,Cow_250,7,4,4,0,29.9,Clear,Field A
2022-08-11,08:00,Cow_251,5,9,1,0,29.9,Clear,Field A
2022-08-11,08:00,Cow_252,14,0,7,0,29.9,Clear,Field C
2022-08-11,08:00,Cow_253,9,3,3,0,29.9,Clear,Field A
2022-08-11,08:00,Cow_254,14,0,4,0,29.9,Clear,Field A
2022-08-11,08:00,Cow_255,1,8,6,0,29.9,Clear,Field C
2022-08-11,08:00,Cow_256,9,3,3,0,29.9,Clear,Field C
2022-08-11,08:00,Cow_257,0,8,8,0,29.9,Clear,Field C
2022-08-11,08:00,Cow_258,11,5,0,0,29.9,Clear,Field C
2022-08-11,08:00,Cow_259,10,5,0,0,29.9,Clear,Field B
2022-08-11,08:00,Cow_260,2,9,4,0,29.9,Clear,Field B
2022-08-11,08:00,Cow_261,5,6,4,0,29.9,Clear,Field B
2022-08-11,08:00,Cow_262,5,6,4,0,29.9,Clear,Field A
2022-08-11,08:00,Cow_263,8,4,3,0,29.9,Clear,Field C
2022-08-11,08:00,Cow_264,14,5,0,0,29.9,Clear,Field A
2022-08-11,08:00,Cow_265,0,10,8,0,29.9,Clear,Field C
2022-08-11,08:00,Cow_266,0,0,0,15,29.9,Clear,Field C
2022-08-11,08:00,Cow_267,0,7,8,0,29.9,Clear,Field C
2022-08-11,08:00,Cow_268,8,4,3,0,29.9,Clear,Field C
2022-08-11,08:00,Cow_269,0,10,8,0,29.9,Clear,Field A
2022-08-11,08:00,Cow_270,2,7,6,0,29.9,Clear,Field C
2022-08-11,08:00,Cow_271,0,0,0,15,29.9,Clear,Field A
2022-08-11,08:00,Cow_272,11,0,5,0,29.9,Clear,Field B
2022-08-11,08:00,Cow_273,8,4,3,0,29.9,Clear,Field B
2022-08-11,08:00,Cow_274,5,5,5,0,29.9,Clear,Field C
2022-08-11,08:00,Cow_275,14,0,3,0,29.9,Clear,Field C
2022-08-11,08:00,Cow_276,10,10,0,0,29.9,Clear,Field C
2022-08-11,08:00,Cow_277,7,5,3,0,29.9,Clear,Field B
2022-08-11,08:00,Cow_278,14,4,0,0,29.9,Clear,Field B
2022-08-11,08:00,Cow_279,7,5,3,0,29.9,Clear,Field B
2022-08-11,08:00,Cow_280,6,6,3,0,29.9,Clear,Field B
2022-08-11,08:00,Cow_281,5,4,6,0,29.9,Clear,Field C
2022-08-11,08:00,Cow_282,6,4,5,0,29.9,Clear,Field A
2022-08-11,08:00,Cow_283,0,0,0,15,29.9,Clear,Field C
2022-08-11,08:00,Cow_284,9,7,0,0,29.9,Clear,Field A
2022-08-11,08:00,Cow_285,5,6,4,0,29.9,Clear,Field C
2022-08-11,08:00,Cow_286,0,10,7,0,29.9,Clear,Field C
2022-08-11,08:00,Cow_287,3,7,5,0,29.9,Clear,Field C
2022-08-11,08:00,Cow_288,5,4,6,0,29.9,Clear,Field C
2022-08-11,08:00,Cow_289,8,8,0,0,29.9,Clear,Field C
2022-08-11,08:00,Cow_290,6,5,4,0,29.9,Clear,Field C
2022-08-11,08:00,Cow_291,9,0,6,0,29.9,Clear,Field C
2022-08-11,08:00,Cow_292,6,6,3,0,29.9,Clear,Field B
2022-08-11,08:00,Cow_293,6,3,6,0,29.9,Clear,Field B
2022-08-11,08:00,Cow_294,7,3,5,0,29.9,Clear,Field B
2022-08-11,08:00,Cow_295,12,0,3,0,29.9,Clear,Field B
2022-08-11,08:00,Cow_296,10,4,1,0,29.9,Clear,Field A
2022-08-11,08:00,Cow_297,7,2,6,0,29.9,Clear,Field A
2022-08-11,08:00,Cow_298,11,3,1,0,29.9,Clear,Field B
2022-08-11,08:00,Cow_299,8,4,3,0,29.9,Clear,Field A
2022-08-11,08:00,Cow_300,6,4,5,0,29.9,Clear,Field A
2022-08-11,08:00,Cow_301,0,0,0,15,29.9,Clear,Field B
2022-08-11,08:00,Cow_302,9,0,8,0,29.9,Clear,Field A
2022-08-11,08:00,Cow_303,0,10,6,0,29.9,Clear,Field B
2022-08-11,08:00,Cow_304,14,3,0,0,29.9,Clear,Field B
2022-08-11,08:00,Cow_305,0,0,0,15,29.9,Clear,Field A
2022-08-11,08:00,Cow_306,6,6,3,0,29.9,Clear,Field B
2022-08-11,08:00,Cow_307,14,9,0,0,29.9,Clear,Field B
2022-08-11,08:00,Cow_308,7,9,0,0,29.9,Clear,Field B
2022-08-11,08:00,Cow_309,12,5,0,0,29.9,Clear,Field C
2022-08-11,08:00,Cow_310,5,7,3,0,29.9,Clear,Field A
2022-08-11,08:00,Cow_311,6,10,0,0,29.9,Clear,Field A
2022-08-11,08:00,Cow_312,6,2,7,0,29.9,Clear,Field C
2022-08-11,08:00,Cow_313,5,2,8,0,29.9,Clear,Field A
2022-08-11,08:00,Cow_314,0,10,8,0,29.9,Clear,Field B
2022-08-11,08:00,Cow_315,7,5,3,0,29.9,Clear,Field C
2022-08-11,08:00,Cow_316,6,4,5,0,29.9,Clear,Field B
2022-08-11,08:00,Cow_317,8,10,0,0,29.9,Clear,Field C
2022-08-11,08:00,Cow_318,9,6,0,0,29.9,Clear,Field B
2022-08-11,08:00,Cow_319,9,9,0,0,29.9,Clear,Field A
2022-08-11,08:00,Cow_320,11,3,1,0,29.9,Clear,Field A
2022-08-11,08:00,Cow_321,12,3,0,0,29.9,Clear,Field A
2022-08-11,08:00,Cow_322,3,9,3,0,29.9,Clear,Field A
2022-08-11,08:00,Cow_323,14,0,3,0,29.9,Clear,Field B
2022-08-11,08:00,Cow_324,2,7,6,0,29.9,Clear,Field C
2022-08-11,08:00,Cow_325,9,8,0,0,29.9,Clear,Field C
2022-08-11,08:00,Cow_326,8,4,3,0,29.9,Clear,Field A
2022-08-11,08:00,Cow_327,6,6,3,0,29.9,Clear,Field B
2022-08-11,08:00,Cow_328,9,7,0,0,29.9,Clear,Field C
2022-08-11,08:00,Cow_329,2,10,3,0,29.9,Clear,Field C
2022-08-11,08:00,Cow_330,5,3,7,0,29.9,Clear,Field C
2022-08-11,08:00,Cow_331,8,6,1,0,29.9,Clear,Field A
2022-08-11,08:00,Cow_332,5,6,4,0,29.9,Clear,Field A
2022-08-11,08:00,Cow_333,11,0,6,0,29.9,Clear,Field C
2022-08-11,08:00,Cow_334,4,4,7,0,29.9,Clear,Field C
2022-08-11,08:00,Cow_335,8,1,6,0,29.9,Clear,Field A
2022-08-11,08:00,Cow_336,1,8,6,0,29.9,Clear,Field C
2022-08-11,08:00,Cow_337,2,10,3,0,29.9,Clear,Field C
2022-08-11,08:00,Cow_338,5,7,3,0,29.9,Clear,Field A
2022-08-11,08:00,Cow_339,12,3,0,0,29.9,Clear,Field C
2022-08-11,08:00,Cow_340,8,3,4,0,29.9,Clear,Field A
2022-08-11,08:00,Cow_341,11,0,8,0,29.9,Clear,Field C
2022-08-11,08:00,Cow_342,6,1,8,0,29.9,Clear,Field C
2022-08-11,08:00,Cow_343,5,5,5,0,29.9,Clear,Field B
2022-08-11,08:00,Cow_344,0,0,0,15,29.9,Clear,Field B
2022-08-11,08:00,Cow_345,8,3,4,0,29.9,Clear,Field A
2022-08-11,08:00,Cow_346,5,8,2,0,29.9,Clear,Field C
2022-08-11,08:00,Cow_347,3,9,3,0,29.9,Clear,Field A
2022-08-11,08:00,Cow_348,10,1,4,0,29.9,Clear,Field A
2022-08-11,08:00,Cow_349,6,4,5,0,29.9,Clear,Field C
2022-08-11,08:00,Cow_350,13,0,5,0,29.9,Clear,Field C
2022-08-11,08:00,Cow_351,2,5,8,0,29.9,Clear,Field B
2022-08-11,08:00,Cow_352,0,0,0,15,29.9,Clear,Field C
2022-08-11,08:00,Cow_353,5,4,6,0,29.9,Clear,Field C
2022-08-11,08:00,Cow_354,12,0,5,0,29.9,Clear,Field A
2022-08-11,08:00,Cow_355,0,0,0,15,29.9,Clear,Field A
2022-08-11,08:00,Cow_356,6,5,4,0,29.9,Clear,Field C
2022-08-11,08:00,Cow_357,8,0,8,0,29.9,Clear,Field B
2022-08-11,08:00,Cow_358,13,9,0,0,29.9,Clear,Field B
2022-08-11,08:00,Cow_359,0,12,8,0,29.9,Clear,Field C
2022-08-11,08:00,Cow_360,5,5,5,0,29.9,Clear,Field C
2022-08-11,08:00,Cow_361,12,0,7,0,29.9,Clear,Field B
2022-08-11,08:00,Cow_362,12,0,4,0,29.9,Clear,Field B
2022-08-11,08:00,Cow_363,8,0,10,0,29.9,Clear,Field B
2022-08-11,08:00,Cow_364,8,0,7,0,29.9,Clear,Field C
2022-08-11,08:00,Cow_365,9,10,0,0,29.9,Clear,Field C
2022-08-11,08:00,Cow_366,7,6,2,0,29.9,Clear,Field B
2022-08-11,08:00,Cow_367,14,0,3,0,29.9,Clear,Field C
2022-08-11,08:00,Cow_368,7,4,4,0,29.9,Clear,Field C
2022-08-11,08:00,Cow_369,12,0,5,0,29.9,Clear,Field B
2022-08-11,08:00,Cow_370,1,8,6,0,29.9,Clear,Field B
2022-08-11,08:00,Cow_371,0,7,8,0,29.9,Clear,Field A
2022-08-11,08:00,Cow_372,13,0,4,0,29.9,Clear,Field B
2022-08-11,08:00,Cow_373,7,8,0,0,29.9,Clear,Field C
2022-08-11,08:00,Cow_374,11,0,8,0,29.9,Clear,Field A
2022-08-11,08:00,Cow_375,7,10,0,0,29.9,Clear,Field B
2022-08-11,08:00,Cow_376,8,0,7,0,29.9,Clear,Field B
2022-08-11,08:00,Cow_377,6,2,7,0,29.9,Clear,Field A
2022-08-11,08:00,Cow_378,7,5,3,0,29.9,Clear,Field A
2022-08-11,08:00,Cow_379,4,5,6,0,29.9,Clear,Field B
2022-08-11,08:00,Cow_380,8,6,1,0,29.9,Clear,Field B
2022-08-11,08:00,Cow_381,14,10,0,0,29.9,Clear,Field B
2022-08-11,08:00,Cow_382,12,0,4,0,29.9,Clear,Field B
2022-08-11,08:00,Cow_383,5,2,8,0,29.9,Clear,Field B
2022-08-11,08:00,Cow_384,11,0,6,0,29.9,Clear,Field C
2022-08-11,08:00,Cow_385,5,4,6,0,29.9,Clear,Field C
2022-08-11,08:00,Cow_386,9,3,3,0,29.9,Clear,Field B
2022-08-11,08:00,Cow_387,9,10,0,0,29.9,Clear,Field A
2022-08-11,08:00,Cow_388,6,3,6,0,29.9,Clear,Field B
2022-08-11,08:00,Cow_389,12,6,0,0,29.9,Clear,Field A
2022-08-11,08:00,Cow_390,8,1,6,0,29.9,Clear,Field A
2022-08-11,08:00,Cow_391,0,8,7,0,29.9,Clear,Field C
2022-08-11,08:00,Cow_392,2,10,3,0,29.9,Clear,Field B
2022-08-11,08:00,Cow_393,8,4,3,0,29.9,Clear,Field A
2022-08-11,08:00,Cow_394,8,9,0,0,29.9,Clear,Field B
2022-08-11,08:00,Cow_395,10,0,10,0,29.9,Clear,Field A
2022-08-11,08:00,Cow_396,0,0,0,15,29.9,Clear,Field A
2022-08-11,08:00,Cow_397,1,6,8,0,29.9,Clear,Field B
2022-08-11,08:00,Cow_398,3,9,3,0,29.9,Clear,Field B
2022-08-11,08:00,Cow_399,6,3,6,0,29.9,Clear,Field C
2022-08-11,08:00,Cow_400,5,3,7,0,29.9,Clear,Field B
2022-08-11,08:00,Cow_401,13,0,7,0,29.9,Clear,Field C
2022-08-11,08:00,Cow_402,0,0,0,15,29.9,Clear,Field B
2022-08-11,08:00,Cow_403,2,9,4,0,29.9,Clear,Field B
2022-08-11,08:00,Cow_404,14,0,8,0,29.9,Clear,Field C
2022-08-11,08:00,Cow_405,6,5,4,0,29.9,Clear,Field B
2022-08-11,08:00,Cow_406,1,9,5,0,29.9,Clear,Field A
2022-08-11,08:00,Cow_407,13,4,0,0,29.9,Clear,Field B
2022-08-11,08:00,Cow_408,8,0,7,0,29.9,Clear,Field B
2022-08-11,08:00,Cow_409,9,0,8,0,29.9,Clear,Field B
2022-08-11,08:00,Cow_410,9,10,0,0,29.9,Clear,Field C
2022-08-11,08:00,Cow_411,9,9,0,0,29.9,Clear,Field C
2022-08-11,08:00,Cow_412,15,0,7,0,29.9,Clear,Field A
2022-08-11,08:00,Cow_413,13,4,0,0,29.9,Clear,Field A
2022-08-11,08:00,Cow_414,6,10,0,0,29.9,Clear,Field B
2022-08-11,08:00,Cow_415,11,6,0,0,29.9,Clear,Field C
2022-08-11,08:00,Cow_416,8,0,7,0,29.9,Clear,Field B
2022-08-11,08:00,Cow_417,6,4,5,0,29.9,Clear,Field C
2022-08-11,08:00,Cow_418,10,0,5,0,29.9,Clear,Field B
2022-08-11,08:00,Cow_419,0,0,0,15,29.9,Clear,Field B
2022-08-11,08:00,Cow_420,9,0,6,0,29.9,Clear,Field C
2022-08-11,08:00,Cow_421,3,4,8,0,29.9,Clear,Field B
2022-08-11,08:00,Cow_422,4,7,4,0,29.9,Clear,Field B
2022-08-11,08:00,Cow_423,11,4,0,0,29.9,Clear,Field C
2022-08-11,08:00,Cow_424,0,8,7,0,29.9,Clear,Field A
2022-08-11,08:00,Cow_425,14,5,0,0,29.9,Clear,Field A
2022-08-11,08:00,Cow_426,10,0,8,0,29.9,Clear,Field C
2022-08-11,08:00,Cow_427,13,0,4,0,29.9,Clear,Field C
2022-08-11,08:00,Cow_428,11,0,6,0,29.9,Clear,Field A
2022-08-11,08:00,Cow_429,10,0,5,0,29.9,Clear,Field B
2022-08-11,08:00,Cow_430,8,6,1,0,29.9,Clear,Field A
2022-08-11,08:00,Cow_431,7,5,3,0,29.9,Clear,Field B
2022-08-11,08:00,Cow_432,10,3,2,0,29.9,Clear,Field C
2022-08-11,08:00,Cow_433,13,0,7,0,29.9,Clear,Field B
2022-08-11,08:00,Cow_434,0,10,5,0,29.9,Clear,Field A
2022-08-11,08:00,Cow_435,1,10,4,0,29.9,Clear,Field C
2022-08-11,08:00,Cow_436,13,5,0,0,29.9,Clear,Field C
2022-08-11,08:00,Cow_437,6,3,6,0,29.9,Clear,Field A
2022-08-11,08:00,Cow_438,2,8,5,0,29.9,Clear,Field A
2022-08-11,08:00,Cow_439,5,5,5,0,29.9,Clear,Field A
2022-08-11,08:00,Cow_440,6,5,4,0,29.9,Clear,Field C
2022-08-11,08:00,Cow_441,0,0,0,15,29.9,Clear,Field C
2022-08-11,08:00,Cow_442,10,0,5,0,29.9,Clear,Field C
2022-08-11,08:00,Cow_443,0,0,0,15,29.9,Clear,Field C
2022-08-11,08:00,Cow_444,0,0,0,15,29.9,Clear,Field B
2022-08-11,08:00,Cow_445,12,0,8,0,29.9,Clear,Field B
2022-08-11,08:00,Cow_446,12,7,0,0,29.9,Clear,Field A
2022-08-11,08:00,Cow_447,4,3,8,0,29.9,Clear,Field A
2022-08-11,08:00,Cow_448,13,0,7,0,29.9,Clear,Field C
2022-08-11,08:00,Cow_449,7,0,8,0,29.9,Clear,Field B
2022-08-11,08:00,Cow_450,0,0,0,15,29.9,Clear,Field B
2022-08-11,08:00,Cow_451,3,4,8,0,29.9,Clear,Field B
2022-08-11,08:00,Cow_452,0,0,0,15,29.9,Clear,Field C
2022-08-11,08:00,Cow_453,0,10,8,0,29.9,Clear,Field A
2022-08-11,08:00,Cow_454,11,3,1,0,29.9,Clear,Field B
2022-08-11,08:00,Cow_455,5,7,3,0,29.9,Clear,Field A
2022-08-11,08:00,Cow_456,6,8,1,0,29.9,Clear,Field A
2022-08-11,08:00,Cow_457,5,4,6,0,29.9,Clear,Field C
2022-08-11,08:00,Cow_458,9,0,8,0,29.9,Clear,Field A
2022-08-11,08:00,Cow_459,5,3,7,0,29.9,Clear,Field A
2022-08-11,08:00,Cow_460,12,3,0,0,29.9,Clear,Field B
2022-08-11,08:00,Cow_461,12,0,4,0,29.9,Clear,Field A
2022-08-11,08:00,Cow_462,11,3,1,0,29.9,Clear,Field B
2022-08-11,08:00,Cow_463,9,6,0,0,29.9,Clear,Field C
2022-08-11,08:00,Cow_464,7,2,6,0,29.9,Clear,Field C
2022-08-11,08:00,Cow_465,12,5,0,0,29.9,Clear,Field A
2022-08-11,08:00,Cow_466,1,8,6,0,29.9,Clear,Field C
2022-08-11,08:00,Cow_467,4,8,3,0,29.9,Clear,Field B
2022-08-11,08:00,Cow_468,13,6,0,0,29.9,Clear,Field B
2022-08-11,08:00,Cow_469,14,8,0,0,29.9,Clear,Field B
2022-08-11,08:00,Cow_470,8,9,0,0,29.9,Clear,Field C
2022-08-11,08:00,Cow_471,12,0,5,0,29.9,Clear,Field B
2022-08-11,08:00,Cow_472,9,9,0,0,29.9,Clear,Field C
2022-08-11,08:00,Cow_473,5,5,5,0,29.9,Clear,Field C
2022-08-11,08:00,Cow_474,0,0,0,15,29.9,Clear,Field C
2022-08-11,08:00,Cow_475,6,5,4,0,29.9,Clear,Field B
2022-08-11,08:00,Cow_476,11,0,7,0,29.9,Clear,Field A
2022-08-11,08:00,Cow_477,7,5,3,0,29.9,Clear,Field B
2022-08-11,08:00,Cow_478,5,7,3,0,29.9,Clear,Field C
2022-08-11,08:00,Cow_479,7,12,0,0,29.9,Clear,Field A
2022-08-11,08:00,Cow_480,3,8,4,0,29.9,Clear,Field C
2022-08-11,08:00,Cow_481,6,6,3,0,29.9,Clear,Field B
2022-08-11,08:00,Cow_482,0,10,6,0,29.9,Clear,Field A
2022-08-11,08:00,Cow_483,0,7,8,0,29.9,Clear,Field C
2022-08-11,08:00,Cow_484,6,9,0,0,29.9,Clear,Field B
2022-08-11,08:00,Cow_485,0,9,7,0,29.9,Clear,Field A
2022-08-11,08:00,Cow_486,12,3,0,0,29.9,Clear,Field B
2022-08-11,08:00,Cow_487,5,4,6,0,29.9,Clear,Field B
2022-08-11,08:00,Cow_488,9,3,3,0,29.9,Clear,Field A
2022-08-11,08:00,Cow_489,5,6,4,0,29.9,Clear,Field A
2022-08-11,08:00,Cow_490,10,0,8,0,29.9,Clear,Field C
2022-08-11,08:00,Cow_491,7,1,7,0,29.9,Clear,Field A
2022-08-11,08:00,Cow_492,0,0,0,15,29.9,Clear,Field C
2022-08-11,08:00,Cow_493,14,0,7,0,29.9,Clear,Field B
2022-08-11,08:00,Cow_494,2,9,4,0,29.9,Clear,Field B
2022-08-11,08:00,Cow_495,10,8,0,0,29.9,Clear,Field A
2022-08-11,08:00,Cow_496,7,3,5,0,29.9,Clear,Field B
2022-08-11,08:00,Cow_497,6,5,4,0,29.9,Clear,Field B
2022-08-11,08:00,Cow_498,12,0,7,0,29.9,Clear,Field A
2022-08-11,08:00,Cow_499,10,10,0,0,29.9,Clear,Field C
2022-08-11,08:00,Cow_500,9,9,0,0,29.9,Clear,Field C
2022-08-11,08:15,Cow_1,12,7,0,0,33.7,Sunny,Field A
2022-08-11,08:15,Cow_2,7,9,0,0,33.7,Sunny,Field A
2022-08-11,08:15,Cow_3,7,3,5,0,33.7,Sunny,Field C
2022-08-11,08:15,Cow_4,5,6,4,0,33.7,Sunny,Field C
2022-08-11,08:15,Cow_5,10,0,6,0,33.7,Sunny,Field B
2022-08-11,08:15,Cow_6,9,0,6,0,33.7,Sunny,Field B
2022-08-11,08:15,Cow_7,6,3,6,0,33.7,Sunny,Field A
2022-08-11,08:15,Cow_8,11,0,7,0,33.7,Sunny,Field A
2022-08-11,08:15,Cow_9,7,2,6,0,33.7,Sunny,Field B
2022-08-11,08:15,Cow_10,11,10,0,0,33.7,Sunny,Field B
2022-08-11,08:15,Cow_11,2,9,4,0,33.7,Sunny,Field B
2022-08-11,08:15,Cow_12,4,5,6,0,33.7,Sunny,Field C
2022-08-11,08:15,Cow_13,9,10,0,0,33.7,Sunny,Field B
2022-08-11,08:15,Cow_14,13,7,0,0,33.7,Sunny,Field B
2022-08-11,08:15,Cow_15,12,3,0,0,33.7,Sunny,Field A
2022-08-11,08:15,Cow_16,0,0,0,15,33.7,Sunny,Field A
2022-08-11,08:15,Cow_17,14,6,0,0,33.7,Sunny,Field A
2022-08-11,08:15,Cow_18,9,0,8,0,33.7,Sunny,Field A
2022-08-11,08:15,Cow_19,10,1,4,0,33.7,Sunny,Field C
2022-08-11,08:15,Cow_20,0,9,8,0,33.7,Sunny,Field C
2022-08-11,08:15,Cow_21,5,7,3,0,33.7,Sunny,Field C
2022-08-11,08:15,Cow_22,6,6,3,0,33.7,Sunny,Field C
2022-08-11,08:15,Cow_23,7,4,4,0,33.7,Sunny,Field C
2022-08-11,08:15,Cow_24,14,4,0,0,33.7,Sunny,Field C
2022-08-11,08:15,Cow_25,8,1,6,0,33.7,Sunny,Field A
2022-08-11,08:15,Cow_26,10,2,3,0,33.7,Sunny,Field B
2022-08-11,08:15,Cow_27,8,5,2,0,33.7,Sunny,Field B
2022-08-11,08:15,Cow_28,9,6,0,0,33.7,Sunny,Field C
2022-08-11,08:15,Cow_29,9,3,3,0,33.7,Sunny,Field B
2022-08-11,08:15,Cow_30,12,0,4,0,33.7,Sunny,Field A
2022-08-11,08:15,Cow_31,14,3,0,0,33.7,Sunny,Field B
2022-08-11,08:15,Cow_32,12,0,7,0,33.7,Sunny,Field C
2022-08-11,08:15,Cow_33,7,5,3,0,33.7,Sunny,Field C
2022-08-11,08:15,Cow_34,14,8,0,0,33.7,Sunny,Field B
2022-08-11,08:15,Cow_35,5,3,7,0,33.7,Sunny,Field C
2022-08-11,08:15,Cow_36,7,3,5,0,33.7,Sunny,Field A
2022-08-11,08:15,Cow_37,8,5,2,0,33.7,Sunny,Field B
2022-08-11,08:15,Cow_38,12,0,6,0,33.7,Sunny,Field C
2022-08-11,08:15,Cow_39,9,0,7,0,33.7,Sunny,Field C
2022-08-11,08:15,Cow_40,6,2,7,0,33.7,Sunny,Field A
2022-08-11,08:15,Cow_41,4,8,3,0,33.7,Sunny,Field A
2022-08-11,08:15,Cow_42,9,9,0,0,33.7,Sunny,Field C
2022-08-11,08:15,Cow_43,3,6,6,0,33.7,Sunny,Field B
2022-08-11,08:15,Cow_44,11,9,0,0,33.7,Sunny,Field B
2022-08-11,08:15,Cow_45,6,3,6,0,33.7,Sunny,Field A
2022-08-11,08:15,Cow_46,6,3,6,0,33.7,Sunny,Field B
2022-08-11,08:15,Cow_47,6,5,4,0,33.7,Sunny,Field C
2022-08-11,08:15,Cow_48,7,4,4,0,33.7,Sunny,Field A
2022-08-11,08:15,Cow_49,13,5,0,0,33.7,Sunny,Field A
2022-08-11,08:15,Cow_50,12,0,8,0,33.7,Sunny,Field C
2022-08-11,08:15,Cow_51,0,0,0,15,33.7,Sunny,Field C
2022-08-11,08:15,Cow_52,11,0,5,0,33.7,Sunny,Field A
2022-08-11,08:15,Cow_53,10,0,8,0,33.7,Sunny,Field C
2022-08-11,08:15,Cow_54,0,12,10,0,33.7,Sunny,Field B
2022-08-11,08:15,Cow_55,2,7,6,0,33.7,Sunny,Field A
2022-08-11,08:15,Cow_56,4,7,4,0,33.7,Sunny,Field A
2022-08-11,08:15,Cow_57,5,5,5,0,33.7,Sunny,Field B
2022-08-11,08:15,Cow_58,3,7,5,0,33.7,Sunny,Field B
2022-08-11,08:15,Cow_59,10,10,0,0,33.7,Sunny,Field A
2022-08-11,08:15,Cow_60,5,3,7,0,33.7,Sunny,Field A
2022-08-11,08:15,Cow_61,7,10,0,0,33.7,Sunny,Field B
2022-08-11,08:15,Cow_62,11,0,5,0,33.7,Sunny,Field B
2022-08-11,08:15,Cow_63,12,0,4,0,33.7,Sunny,Field C
2022-08-11,08:15,Cow_64,1,9,5,0,33.7,Sunny,Field A
2022-08-11,08:15,Cow_65,0,0,0,15,33.7,Sunny,Field C
2022-08-11,08:15,Cow_66,13,0,4,0,33.7,Sunny,Field B
2022-08-11,08:15,Cow_67,0,0,0,15,33.7,Sunny,Field B
2022-08-11,08:15,Cow_68,9,9,0,0,33.7,Sunny,Field C
2022-08-11,08:15,Cow_69,4,4,7,0,33.7,Sunny,Field A
2022-08-11,08:15,Cow_70,9,5,1,0,33.7,Sunny,Field B
2022-08-11,08:15,Cow_71,13,7,0,0,33.7,Sunny,Field B
2022-08-11,08:15,Cow_72,12,7,0,0,33.7,Sunny,Field C
2022-08-11,08:15,Cow_73,5,6,4,0,33.7,Sunny,Field C
2022-08-11,08:15,Cow_74,7,3,5,0,33.7,Sunny,Field C
2022-08-11,08:15,Cow_75,13,0,6,0,33.7,Sunny,Field A
2022-08-11,08:15,Cow_76,0,0,0,15,33.7,Sunny,Field A
2022-08-11,08:15,Cow_77,3,8,4,0,33.7,Sunny,Field C
2022-08-11,08:15,Cow_78,7,8,0,0,33.7,Sunny,Field A
2022-08-11,08:15,Cow_79,8,1,6,0,33.7,Sunny,Field B
2022-08-11,08:15,Cow_80,4,6,5,0,33.7,Sunny,Field A
2022-08-11,08:15,Cow_81,5,6,4,0,33.7,Sunny,Field A
2022-08-11,08:15,Cow_82,6,9,0,0,33.7,Sunny,Field B
2022-08-11,08:15,Cow_83,6,4,5,0,33.7,Sunny,Field B
2022-08-11,08:15,Cow_84,5,3,7,0,33.7,Sunny,Field B
2022-08-11,08:15,Cow_85,2,8,5,0,33.7,Sunny,Field A
2022-08-11,08:15,Cow_86,2,10,3,0,33.7,Sunny,Field C
2022-08-11,08:15,Cow_87,10,8,0,0,33.7,Sunny,Field A
2022-08-11,08:15,Cow_88,7,2,6,0,33.7,Sunny,Field A
2022-08-11,08:15,Cow_89,2,8,5,0,33.7,Sunny,Field A
2022-08-11,08:15,Cow_90,10,5,0,0,33.7,Sunny,Field A
2022-08-11,08:15,Cow_91,0,0,0,15,33.7,Sunny,Field C
2022-08-11,08:15,Cow_92,10,5,0,0,33.7,Sunny,Field C
2022-08-11,08:15,Cow_93,13,0,4,0,33.7,Sunny,Field B
2022-08-11,08:15,Cow_94,9,4,2,0,33.7,Sunny,Field B
2022-08-11,08:15,Cow_95,13,0,4,0,33.7,Sunny,Field A
2022-08-11,08:15,Cow_96,12,0,3,0,33.7,Sunny,Field B
2022-08-11,08:15,Cow_97,9,2,4,0,33.7,Sunny,Field B
2022-08-11,08:15,Cow_98,0,11,6,0,33.7,Sunny,Field C
2022-08-11,08:15,Cow_99,14,0,7,0,33.7,Sunny,Field C
2022-08-11,08:15,Cow_100,7,2,6,0,33.7,Sunny,Field C
2022-08-11,08:15,Cow_101,6,9,0,0,33.7,Sunny,Field C
2022-08-11,08:15,Cow_102,5,5,5,0,33.7,Sunny,Field B
2022-08-11,08:15,Cow_103,1,8,6,0,33.7,Sunny,Field B
2022-08-11,08:15,Cow_104,5,5,5,0,33.7,Sunny,Field A
2022-08-11,08:15,Cow_105,0,0,0,15,33.7,Sunny,Field B
2022-08-11,08:15,Cow_106,9,3,3,0,33.7,Sunny,Field B
2022-08-11,08:15,Cow_107,7,0,8,0,33.7,Sunny,Field B
2022-08-11,08:15,Cow_108,2,7,6,0,33.7,Sunny,Field A
2022-08-11,08:15,Cow_109,6,6,3,0,33.7,Sunny,Field C
2022-08-11,08:15,Cow_110,13,0,3,0,33.7,Sunny,Field B
2022-08-11,08:15,Cow_111,8,6,1,0,33.7,Sunny,Field A
2022-08-11,08:15,Cow_112,10,0,5,0,33.7,Sunny,Field A
2022-08-11,08:15,Cow_113,7,4,4,0,33.7,Sunny,Field B
2022-08-11,08:15,Cow_114,11,0,4,0,33.7,Sunny,Field A
2022-08-11,08:15,Cow_115,10,0,5,0,33.7,Sunny,Field A
2022-08-11,08:15,Cow_116,8,6,1,0,33.7,Sunny,Field A
2022-08-11,08:15,Cow_117,0,0,0,15,33.7,Sunny,Field B
2022-08-11,08:15,Cow_118,6,4,5,0,33.7,Sunny,Field B
2022-08-11,08:15,Cow_119,14,9,0,0,33.7,Sunny,Field A
2022-08-11,08:15,Cow_120,6,6,3,0,33.7,Sunny,Field B
2022-08-11,08:15,Cow_121,6,5,4,0,33.7,Sunny,Field B
2022-08-11,08:15,Cow_122,10,0,7,0,33.7,Sunny,Field A
2022-08-11,08:15,Cow_123,7,5,3,0,33.7,Sunny,Field C
2022-08-11,08:15,Cow_124,11,0,6,0,33.7,Sunny,Field C
2022-08-11,08:15,Cow_125,12,0,6,0,33.7,Sunny,Field C
2022-08-11,08:15,Cow_126,14,6,0,0,33.7,Sunny,Field A
2022-08-11,08:15,Cow_127,0,0,0,15,33.7,Sunny,Field C
2022-08-11,08:15,Cow_128,9,0,6,0,33.7,Sunny,Field B
2022-08-11,08:15,Cow_129,6,5,4,0,33.7,Sunny,Field B
2022-08-11,08:15,Cow_130,13,0,3,0,33.7,Sunny,Field B
2022-08-11,08:15,Cow_131,6,5,4,0,33.7,Sunny,Field A
2022-08-11,08:15,Cow_132,7,8,0,0,33.7,Sunny,Field B
2022-08-11,08:15,Cow_133,11,0,8,0,33.7,Sunny,Field C
2022-08-11,08:15,Cow_134,14,0,7,0,33.7,Sunny,Field A
2022-08-11,08:15,Cow_135,0,0,0,15,33.7,Sunny,Field B
2022-08-11,08:15,Cow_136,7,3,5,0,33.7,Sunny,Field A
2022-08-11,08:15,Cow_137,4,8,3,0,33.7,Sunny,Field B
2022-08-11,08:15,Cow_138,4,4,7,0,33.7,Sunny,Field C
2022-08-11,08:15,Cow_139,13,0,3,0,33.7,Sunny,Field A
2022-08-11,08:15,Cow_140,12,3,0,0,33.7,Sunny,Field A
2022-08-11,08:15,Cow_141,0,0,0,15,33.7,Sunny,Field B
2022-08-11,08:15,Cow_142,4,5,6,0,33.7,Sunny,Field A
2022-08-11,08:15,Cow_143,10,2,3,0,33.7,Sunny,Field B
2022-08-11,08:15,Cow_144,1,7,7,0,33.7,Sunny,Field A
2022-08-11,08:15,Cow_145,10,0,6,0,33.7,Sunny,Field B
2022-08-11,08:15,Cow_146,0,9,6,0,33.7,Sunny,Field C
2022-08-11,08:15,Cow_147,14,8,0,0,33.7,Sunny,Field A
2022-08-11,08:15,Cow_148,10,7,0,0,33.7,Sunny,Field A
2022-08-11,08:15,Cow_149,12,0,8,0,33.7,Sunny,Field C
2022-08-11,08:15,Cow_150,8,3,4,0,33.7,Sunny,Field C
2022-08-11,08:15,Cow_151,1,8,6,0,33.7,Sunny,Field A
2022-08-11,08:15,Cow_152,2,7,6,0,33.7,Sunny,Field A
2022-08-11,08:15,Cow_153,3,8,4,0,33.7,Sunny,Field A
2022-08-11,08:15,Cow_154,5,6,4,0,33.7,Sunny,Field B
2022-08-11,08:15,Cow_155,10,9,0,0,33.7,Sunny,Field C
2022-08-11,08:15,Cow_156,2,6,7,0,33.7,Sunny,Field B
2022-08-11,08:15,Cow_157,0,7,8,0,33.7,Sunny,Field A
2022-08-11,08:15,Cow_158,5,7,3,0,33.7,Sunny,Field B
2022-08-11,08:15,Cow_159,5,5,5,0,33.7,Sunny,Field A
2022-08-11,08:15,Cow_160,6,4,5,0,33.7,Sunny,Field B
2022-08-11,08:15,Cow_161,13,0,5,0,33.7,Sunny,Field B
2022-08-11,08:15,Cow_162,8,2,5,0,33.7,Sunny,Field C
2022-08-11,08:15,Cow_163,6,4,5,0,33.7,Sunny,Field A
2022-08-11,08:15,Cow_164,14,0,5,0,33.7,Sunny,Field A
2022-08-11,08:15,Cow_165,5,10,0,0,33.7,Sunny,Field B
2022-08-11,08:15,Cow_166,6,6,3,0,33.7,Sunny,Field B
2022-08-11,08:15,Cow_167,9,4,2,0,33.7,Sunny,Field B
2022-08-11,08:15,Cow_168,7,7,1,0,33.7,Sunny,Field C
2022-08-11,08:15,Cow_169,0,0,0,15,33.7,Sunny,Field B
2022-08-11,08:15,Cow_170,6,2,7,0,33.7,Sunny,Field C
2022-08-11,08:15,Cow_171,0,7,8,0,33.7,Sunny,Field B
2022-08-11,08:15,Cow_172,9,9,0,0,33.7,Sunny,Field C
2022-08-11,08:15,Cow_173,13,5,0,0,33.7,Sunny,Field C
2022-08-11,08:15,Cow_174,13,4,0,0,33.7,Sunny,Field A
2022-08-11,08:15,Cow_175,8,2,5,0,33.7,Sunny,Field B
2022-08-11,08:15,Cow_176,10,2,3,0,33.7,Sunny,Field A
2022-08-11,08:15,Cow_177,0,10,5,0,33.7,Sunny,Field A
2022-08-11,08:15,Cow_178,10,1,4,0,33.7,Sunny,Field B
2022-08-11,08:15,Cow_179,12,7,0,0,33.7,Sunny,Field B
2022-08-11,08:15,Cow_180,13,0,6,0,33.7,Sunny,Field A
2022-08-11,08:15,Cow_181,7,7,1,0,33.7,Sunny,Field B
2022-08-11,08:15,Cow_182,0,7,8,0,33.7,Sunny,Field A
2022-08-11,08:15,Cow_183,1,9,5,0,33.7,Sunny,Field C
2022-08-11,08:15,Cow_184,14,0,8,0,33.7,Sunny,Field C
2022-08-11,08:15,Cow_185,4,4,7,0,33.7,Sunny,Field B
2022-08-11,08:15,Cow_186,5,7,3,0,33.7,Sunny,Field C
2022-08-11,08:15,Cow_187,12,0,3,0,33.7,Sunny,Field C
2022-08-11,08:15,Cow_188,5,5,5,0,33.7,Sunny,Field A
2022-08-11,08:15,Cow_189,8,3,4,0,33.7,Sunny,Field A
2022-08-11,08:15,Cow_190,5,3,7,0,33.7,Sunny,Field C
2022-08-11,08:15,Cow_191,1,7,7,0,33.7,Sunny,Field A
2022-08-11,08:15,Cow_192,8,0,8,0,33.7,Sunny,Field C
2022-08-11,08:15,Cow_193,7,5,3,0,33.7,Sunny,Field A
2022-08-11,08:15,Cow_194,9,1,5,0,33.7,Sunny,Field A
2022-08-11,08:15,Cow_195,3,9,3,0,33.7,Sunny,Field C
2022-08-11,08:15,Cow_196,12,9,0,0,33.7,Sunny,Field A
2022-08-11,08:15,Cow_197,6,5,4,0,33.7,Sunny,Field A
2022-08-11,08:15,Cow_198,12,0,6,0,33.7,Sunny,Field C
2022-08-11,08:15,Cow_199,12,8,0,0,33.7,Sunny,Field C
2022-08-11,08:15,Cow_200,13,3,0,0,33.7,Sunny,Field C
2022-08-11,08:15,Cow_201,3,9,3,0,33.7,Sunny,Field B
2022-08-11,08:15,Cow_202,9,3,3,0,33.7,Sunny,Field C
2022-08-11,08:15,Cow_203,13,3,0,0,33.7,Sunny,Field B
2022-08-11,08:15,Cow_204,1,7,7,0,33.7,Sunny,Field C
2022-08-11,08:15,Cow_205,14,0,6,0,33.7,Sunny,Field B
2022-08-11,08:15,Cow_206,4,3,8,0,33.7,Sunny,Field B
2022-08-11,08:15,Cow_207,10,0,5,0,33.7,Sunny,Field A
2022-08-11,08:15,Cow_208,1,8,6,0,33.7,Sunny,Field A
2022-08-11,08:15,Cow_209,10,2,3,0,33.7,Sunny,Field C
2022-08-11,08:15,Cow_210,8,4,3,0,33.7,Sunny,Field C
2022-08-11,08:15,Cow_211,5,6,4,0,33.7,Sunny,Field B
2022-08-11,08:15,Cow_212,5,10,0,0,33.7,Sunny,Field C
2022-08-11,08:15,Cow_213,13,0,4,0,33.7,Sunny,Field A
2022-08-11,08:15,Cow_214,13,0,7,0,33.7,Sunny,Field A
2022-08-11,08:15,Cow_215,9,0,7,0,33.7,Sunny,Field B
2022-08-11,08:15,Cow_216,8,4,3,0,33.7,Sunny,Field A
2022-08-11,08:15,Cow_217,6,4,5,0,33.7,Sunny,Field A
2022-08-11,08:15,Cow_218,5,2,8,0,33.7,Sunny,Field C
2022-08-11,08:15,Cow_219,14,4,0,0,33.7,Sunny,Field A
2022-08-11,08:15,Cow_220,1,8,6,0,33.7,Sunny,Field C
2022-08-11,08:15,Cow_221,7,4,4,0,33.7,Sunny,Field C
2022-08-11,08:15,Cow_222,2,6,7,0,33.7,Sunny,Field A
2022-08-11,08:15,Cow_223,9,4,2,0,33.7,Sunny,Field C
2022-08-11,08:15,Cow_224,14,6,0,0,33.7,Sunny,Field A
2022-08-11,08:15,Cow_225,5,4,6,0,33.7,Sunny,Field B
2022-08-11,08:15,Cow_226,0,0,0,15,33.7,Sunny,Field C
2022-08-11,08:15,Cow_227,7,1,7,0,33.7,Sunny,Field C
2022-08-11,08:15,Cow_228,6,3,6,0,33.7,Sunny,Field C
2022-08-11,08:15,Cow_229,9,3,3,0,33.7,Sunny,Field B
2022-08-11,08:15,Cow_230,10,7,0,0,33.7,Sunny,Field A
2022-08-11,08:15,Cow_231,5,7,3,0,33.7,Sunny,Field B
2022-08-11,08:15,Cow_232,11,0,7,0,33.7,Sunny,Field C
2022-08-11,08:15,Cow_233,11,0,4,0,33.7,Sunny,Field C
2022-08-11,08:15,Cow_234,13,6,0,0,33.7,Sunny,Field C
2022-08-11,08:15,Cow_235,5,6,4,0,33.7,Sunny,Field C
2022-08-11,08:15,Cow_236,8,8,0,0,33.7,Sunny,Field C
2022-08-11,08:15,Cow_237,2,6,7,0,33.7,Sunny,Field A
2022-08-11,08:15,Cow_238,6,1,8,0,33.7,Sunny,Field B
2022-08-11,08:15,Cow_239,6,4,5,0,33.7,Sunny,Field A
2022-08-11,08:15,Cow_240,3,5,7,0,33.7,Sunny,Field C
2022-08-11,08:15,Cow_241,11,0,6,0,33.7,Sunny,Field C
2022-08-11,08:15,Cow_242,9,6,0,0,33.7,Sunny,Field B
2022-08-11,08:15,Cow_243,12,6,0,0,33.7,Sunny,Field B
2022-08-11,08:15,Cow_244,0,0,0,15,33.7,Sunny,Field B
2022-08-11,08:15,Cow_245,11,0,6,0,33.7,Sunny,Field A
2022-08-11,08:15,Cow_246,7,4,4,0,33.7,Sunny,Field A
2022-08-11,08:15,Cow_247,1,7,7,0,33.7,Sunny,Field B
2022-08-11,08:15,Cow_248,1,9,5,0,33.7,Sunny,Field C
2022-08-11,08:15,Cow_249,7,7,1,0,33.7,Sunny,Field A
2022-08-11,08:15,Cow_250,1,9,5,0,33.7,Sunny,Field C
2022-08-11,08:15,Cow_251,8,4,3,0,33.7,Sunny,Field C
2022-08-11,08:15,Cow_252,12,4,0,0,33.7,Sunny,Field A
2022-08-11,08:15,Cow_253,14,0,5,0,33.7,Sunny,Field A
2022-08-11,08:15,Cow_254,2,7,6,0,33.7,Sunny,Field B
2022-08-11,08:15,Cow_255,13,3,0,0,33.7,Sunny,Field C
2022-08-11,08:15,Cow_256,7,2,6,0,33.7,Sunny,Field B
2022-08-11,08:15,Cow_257,2,8,5,0,33.7,Sunny,Field B
2022-08-11,08:15,Cow_258,14,0,4,0,33.7,Sunny,Field A
2022-08-11,08:15,Cow_259,1,8,6,0,33.7,Sunny,Field C
2022-08-11,08:15,Cow_260,0,0,0,15,33.7,Sunny,Field C
2022-08-11,08:15,Cow_261,5,9,1,0,33.7,Sunny,Field A
2022-08-11,08:15,Cow_262,3,6,6,0,33.7,Sunny,Field C
2022-08-11,08:15,Cow_263,9,10,0,0,33.7,Sunny,Field B
2022-08-11,08:15,Cow_264,7,7,1,0,33.7,Sunny,Field C
2022-08-11,08:15,Cow_265,6,5,4,0,33.7,Sunny,Field A
2022-08-11,08:15,Cow_266,9,1,5,0,33.7,Sunny,Field B
2022-08-11,08:15,Cow_267,2,6,7,0,33.7,Sunny,Field B
2022-08-11,08:15,Cow_268,6,4,5,0,33.7,Sunny,Field B
2022-08-11,08:15,Cow_269,10,0,7,0,33.7,Sunny,Field A
2022-08-11,08:15,Cow_270,5,7,3,0,33.7,Sunny,Field A
2022-08-11,08:15,Cow_271,3,5,7,0,33.7,Sunny,Field A
2022-08-11,08:15,Cow_272,14,5,0,0,33.7,Sunny,Field A
2022-08-11,08:15,Cow_273,6,4,5,0,33.7,Sunny,Field B
2022-08-11,08:15,Cow_274,5,4,6,0,33.7,Sunny,Field B
2022-08-11,08:15,Cow_275,13,0,4,0,33.7,Sunny,Field A
2022-08-11,08:15,Cow_276,7,1,7,0,33.7,Sunny,Field B
2022-08-11,08:15,Cow_277,0,10,6,0,33.7,Sunny,Field B
2022-08-11,08:15,Cow_278,8,0,8,0,33.7,Sunny,Field B
2022-08-11,08:15,Cow_279,5,4,6,0,33.7,Sunny,Field C
2022-08-11,08:15,Cow_280,4,7,4,0,33.7,Sunny,Field A
2022-08-11,08:15,Cow_281,0,0,0,15,33.7,Sunny,Field B
2022-08-11,08:15,Cow_282,7,0,8,0,33.7,Sunny,Field C
2022-08-11,08:15,Cow_283,0,0,0,15,33.7,Sunny,Field B
2022-08-11,08:15,Cow_284,6,3,6,0,33.7,Sunny,Field C
2022-08-11,08:15,Cow_285,14,0,3,0,33.7,Sunny,Field C
2022-08-11,08:15,Cow_286,11,3,1,0,33.7,Sunny,Field C
2022-08-11,08:15,Cow_287,5,7,3,0,33.7,Sunny,Field C
2022-08-11,08:15,Cow_288,13,7,0,0,33.7,Sunny,Field C
2022-08-11,08:15,Cow_289,7,4,4,0,33.7,Sunny,Field C
2022-08-11,08:15,Cow_290,8,0,7,0,33.7,Sunny,Field A
2022-08-11,08:15,Cow_291,5,5,5,0,33.7,Sunny,Field C
2022-08-11,08:15,Cow_292,7,2,6,0,33.7,Sunny,Field B
2022-08-11,08:15,Cow_293,11,0,8,0,33.7,Sunny,Field C
2022-08-11,08:15,Cow_294,8,4,3,0,33.7,Sunny,Field A
2022-08-11,08:15,Cow_295,2,8,5,0,33.7,Sunny,Field C
2022-08-11,08:15,Cow_296,5,3,7,0,33.7,Sunny,Field A
2022-08-11,08:15,Cow_297,14,9,0,0,33.7,Sunny,Field C
2022-08-11,08:15,Cow_298,12,0,7,0,33.7,Sunny,Field A
2022-08-11,08:15,Cow_299,15,11,0,0,33.7,Sunny,Field B
2022-08-11,08:15,Cow_300,7,10,0,0,33.7,Sunny,Field C
2022-08-11,08:15,Cow_301,7,1,7,0,33.7,Sunny,Field A
2022-08-11,08:15,Cow_302,5,4,6,0,33.7,Sunny,Field A
2022-08-11,08:15,Cow_303,10,2,3,0,33.7,Sunny,Field B
2022-08-11,08:15,Cow_304,0,8,7,0,33.7,Sunny,Field B
2022-08-11,08:15,Cow_305,5,10,0,0,33.7,Sunny,Field B
2022-08-11,08:15,Cow_306,12,0,7,0,33.7,Sunny,Field C
2022-08-11,08:15,Cow_307,1,10,4,0,33.7,Sunny,Field A
2022-08-11,08:15,Cow_308,9,2,4,0,33.7,Sunny,Field A
2022-08-11,08:15,Cow_309,5,5,5,0,33.7,Sunny,Field A
2022-08-11,08:15,Cow_310,5,10,0,0,33.7,Sunny,Field C
2022-08-11,08:15,Cow_311,3,5,7,0,33.7,Sunny,Field B
2022-08-11,08:15,Cow_312,3,4,8,0,33.7,Sunny,Field A
2022-08-11,08:15,Cow_313,10,5,0,0,33.7,Sunny,Field A
2022-08-11,08:15,Cow_314,13,9,0,0,33.7,Sunny,Field A
2022-08-11,08:15,Cow_315,5,4,6,0,33.7,Sunny,Field A
2022-08-11,08:15,Cow_316,6,5,4,0,33.7,Sunny,Field C
2022-08-11,08:15,Cow_317,11,9,0,0,33.7,Sunny,Field A
2022-08-11,08:15,Cow_318,10,1,4,0,33.7,Sunny,Field B
2022-08-11,08:15,Cow_319,12,9,0,0,33.7,Sunny,Field C
2022-08-11,08:15,Cow_320,0,0,0,15,33.7,Sunny,Field A
2022-08-11,08:15,Cow_321,8,3,4,0,33.7,Sunny,Field A
2022-08-11,08:15,Cow_322,5,7,3,0,33.7,Sunny,Field C
2022-08-11,08:15,Cow_323,11,0,6,0,33.7,Sunny,Field A
2022-08-11,08:15,Cow_324,0,0,0,15,33.7,Sunny,Field B
2022-08-11,08:15,Cow_325,6,5,4,0,33.7,Sunny,Field C
2022-08-11,08:15,Cow_326,11,0,4,0,33.7,Sunny,Field C
2022-08-11,08:15,Cow_327,12,0,3,0,33.7,Sunny,Field B
2022-08-11,08:15,Cow_328,9,3,3,0,33.7,Sunny,Field B
2022-08-11,08:15,Cow_329,8,10,0,0,33.7,Sunny,Field A
2022-08-11,08:15,Cow_330,6,4,5,0,33.7,Sunny,Field A
2022-08-11,08:15,Cow_331,7,6,2,0,33.7,Sunny,Field A
2022-08-11,08:15,Cow_332,5,5,5,0,33.7,Sunny,Field C
2022-08-11,08:15,Cow_333,11,7,0,0,33.7,Sunny,Field B
2022-08-11,08:15,Cow_334,7,2,6,0,33.7,Sunny,Field C
2022-08-11,08:15,Cow_335,7,3,5,0,33.7,Sunny,Field B
2022-08-11,08:15,Cow_336,2,6,7,0,33.7,Sunny,Field A
2022-08-11,08:15,Cow_337,11,0,7,0,33.7,Sunny,Field B
2022-08-11,08:15,Cow_338,0,0,0,15,33.7,Sunny,Field B
2022-08-11,08:15,Cow_339,8,5,2,0,33.7,Sunny,Field C
2022-08-11,08:15,Cow_340,7,3,5,0,33.7,Sunny,Field C
2022-08-11,08:15,Cow_341,12,0,3,0,33.7,Sunny,Field C
2022-08-11,08:15,Cow_342,12,9,0,0,33.7,Sunny,Field A
2022-08-11,08:15,Cow_343,2,9,4,0,33.7,Sunny,Field C
2022-08-11,08:15,Cow_344,0,10,5,0,33.7,Sunny,Field C
2022-08-11,08:15,Cow_345,9,0,8,0,33.7,Sunny,Field A
2022-08-11,08:15,Cow_346,4,5,6,0,33.7,Sunny,Field A
2022-08-11,08:15,Cow_347,8,3,4,0,33.7,Sunny,Field C
2022-08-11,08:15,Cow_348,13,0,4,0,33.7,Sunny,Field B
2022-08-11,08:15,Cow_349,4,6,5,0,33.7,Sunny,Field C
2022-08-11,08:15,Cow_350,7,7,1,0,33.7,Sunny,Field C
2022-08-11,08:15,Cow_351,12,0,4,0,33.7,Sunny,Field A
2022-08-11,08:15,Cow_352,2,9,4,0,33.7,Sunny,Field B
2022-08-11,08:15,Cow_353,0,0,0,15,33.7,Sunny,Field C
2022-08-11,08:15,Cow_354,13,0,3,0,33.7,Sunny,Field C
2022-08-11,08:15,Cow_355,11,0,7,0,33.7,Sunny,Field A
2022-08-11,08:15,Cow_356,7,3,5,0,33.7,Sunny,Field A
2022-08-11,08:15,Cow_357,11,0,5,0,33.7,Sunny,Field C
2022-08-11,08:15,Cow_358,6,6,3,0,33.7,Sunny,Field B
2022-08-11,08:15,Cow_359,5,3,7,0,33.7,Sunny,Field C
2022-08-11,08:15,Cow_360,7,9,0,0,33.7,Sunny,Field C
2022-08-11,08:15,Cow_361,14,0,8,0,33.7,Sunny,Field A
2022-08-11,08:15,Cow_362,14,0,5,0,33.7,Sunny,Field A
2022-08-11,08:15,Cow_363,4,9,2,0,33.7,Sunny,Field C
2022-08-11,08:15,Cow_364,12,10,0,0,33.7,Sunny,Field C
2022-08-11,08:15,Cow_365,12,6,0,0,33.7,Sunny,Field B
2022-08-11,08:15,Cow_366,13,11,0,0,33.7,Sunny,Field B
2022-08-11,08:15,Cow_367,14,5,0,0,33.7,Sunny,Field A
2022-08-11,08:15,Cow_368,12,0,6,0,33.7,Sunny,Field B
2022-08-11,08:15,Cow_369,13,0,6,0,33.7,Sunny,Field C
2022-08-11,08:15,Cow_370,7,1,7,0,33.7,Sunny,Field B
2022-08-11,08:15,Cow_371,8,4,3,0,33.7,Sunny,Field A
2022-08-11,08:15,Cow_372,13,0,6,0,33.7,Sunny,Field B
2022-08-11,08:15,Cow_373,6,3,6,0,33.7,Sunny,Field B
2022-08-11,08:15,Cow_374,9,7,0,0,33.7,Sunny,Field C
2022-08-11,08:15,Cow_375,2,7,6,0,33.7,Sunny,Field B
2022-08-11,08:15,Cow_376,1,6,8,0,33.7,Sunny,Field B
2022-08-11,08:15,Cow_377,9,3,3,0,33.7,Sunny,Field B
2022-08-11,08:15,Cow_378,6,4,5,0,33.7,Sunny,Field C
2022-08-11,08:15,Cow_379,13,0,4,0,33.7,Sunny,Field B
2022-08-11,08:15,Cow_380,13,3,0,0,33.7,Sunny,Field C
2022-08-11,08:15,Cow_381,7,9,0,0,33.7,Sunny,Field B
2022-08-11,08:15,Cow_382,3,5,7,0,33.7,Sunny,Field A
2022-08-11,08:15,Cow_383,1,9,5,0,33.7,Sunny,Field C
2022-08-11,08:15,Cow_384,10,3,2,0,33.7,Sunny,Field A
2022-08-11,08:15,Cow_385,0,0,0,15,33.7,Sunny,Field B
2022-08-11,08:15,Cow_386,4,6,5,0,33.7,Sunny,Field A
2022-08-11,08:15,Cow_387,11,10,0,0,33.7,Sunny,Field C
2022-08-11,08:15,Cow_388,12,10,0,0,33.7,Sunny,Field C
2022-08-11,08:15,Cow_389,0,0,0,15,33.7,Sunny,Field B
2022-08-11,08:15,Cow_390,10,6,0,0,33.7,Sunny,Field C
2022-08-11,08:15,Cow_391,15,0,6,0,33.7,Sunny,Field B
2022-08-11,08:15,Cow_392,5,4,6,0,33.7,Sunny,Field C
2022-08-11,08:15,Cow_393,14,0,7,0,33.7,Sunny,Field B
2022-08-11,08:15,Cow_394,12,4,0,0,33.7,Sunny,Field A
2022-08-11,08:15,Cow_395,0,0,0,15,33.7,Sunny,Field B
2022-08-11,08:15,Cow_396,2,5,8,0,33.7,Sunny,Field B
2022-08-11,08:15,Cow_397,13,0,7,0,33.7,Sunny,Field A
2022-08-11,08:15,Cow_398,14,7,0,0,33.7,Sunny,Field B
2022-08-11,08:15,Cow_399,5,5,5,0,33.7,Sunny,Field B
2022-08-11,08:15,Cow_400,0,0,0,15,33.7,Sunny,Field A
2022-08-11,08:15,Cow_401,12,5,0,0,33.7,Sunny,Field C
2022-08-11,08:15,Cow_402,12,7,0,0,33.7,Sunny,Field C
2022-08-11,08:15,Cow_403,0,10,5,0,33.7,Sunny,Field C
2022-08-11,08:15,Cow_404,6,5,4,0,33.7,Sunny,Field A
2022-08-11,08:15,Cow_405,10,4,1,0,33.7,Sunny,Field C
2022-08-11,08:15,Cow_406,0,0,0,15,33.7,Sunny,Field B
2022-08-11,08:15,Cow_407,0,0,0,15,33.7,Sunny,Field A
2022-08-11,08:15,Cow_408,11,6,0,0,33.7,Sunny,Field A
2022-08-11,08:15,Cow_409,3,5,7,0,33.7,Sunny,Field C
2022-08-11,08:15,Cow_410,7,5,3,0,33.7,Sunny,Field C
2022-08-11,08:15,Cow_411,4,6,5,0,33.7,Sunny,Field B
2022-08-11,08:15,Cow_412,0,12,7,0,33.7,Sunny,Field C
2022-08-11,08:15,Cow_413,0,10,6,0,33.7,Sunny,Field B
2022-08-11,08:15,Cow_414,0,7,8,0,33.7,Sunny,Field B
2022-08-11,08:15,Cow_415,9,0,7,0,33.7,Sunny,Field A
2022-08-11,08:15,Cow_416,12,0,4,0,33.7,Sunny,Field B
2022-08-11,08:15,Cow_417,0,0,0,15,33.7,Sunny,Field C
2022-08-11,08:15,Cow_418,5,6,4,0,33.7,Sunny,Field C
2022-08-11,08:15,Cow_419,8,0,7,0,33.7,Sunny,Field B
2022-08-11,08:15,Cow_420,10,0,7,0,33.7,Sunny,Field B
2022-08-11,08:15,Cow_421,0,10,6,0,33.7,Sunny,Field A
2022-08-11,08:15,Cow_422,4,6,5,0,33.7,Sunny,Field A
2022-08-11,08:15,Cow_423,4,5,6,0,33.7,Sunny,Field B
2022-08-11,08:15,Cow_424,0,9,6,0,33.7,Sunny,Field C
2022-08-11,08:15,Cow_425,5,4,6,0,33.7,Sunny,Field A
2022-08-11,08:15,Cow_426,2,8,5,0,33.7,Sunny,Field B
2022-08-11,08:15,Cow_427,0,7,10,0,33.7,Sunny,Field A
2022-08-11,08:15,Cow_428,12,0,6,0,33.7,Sunny,Field B
2022-08-11,08:15,Cow_429,9,3,3,0,33.7,Sunny,Field B
2022-08-11,08:15,Cow_430,7,4,4,0,33.7,Sunny,Field C
2022-08-11,08:15,Cow_431,12,0,7,0,33.7,Sunny,Field A
2022-08-11,08:15,Cow_432,2,8,5,0,33.7,Sunny,Field A
2022-08-11,08:15,Cow_433,6,6,3,0,33.7,Sunny,Field A
2022-08-11,08:15,Cow_434,7,4,4,0,33.7,Sunny,Field A
2022-08-11,08:15,Cow_435,13,0,7,0,33.7,Sunny,Field B
2022-08-11,08:15,Cow_436,14,9,0,0,33.7,Sunny,Field C
2022-08-11,08:15,Cow_437,12,0,4,0,33.7,Sunny,Field B
2022-08-11,08:15,Cow_438,7,1,7,0,33.7,Sunny,Field B
2022-08-11,08:15,Cow_439,13,3,0,0,33.7,Sunny,Field A
2022-08-11,08:15,Cow_440,13,0,7,0,33.7,Sunny,Field C
2022-08-11,08:15,Cow_441,8,3,4,0,33.7,Sunny,Field A
2022-08-11,08:15,Cow_442,10,3,2,0,33.7,Sunny,Field B
2022-08-11,08:15,Cow_443,5,6,4,0,33.7,Sunny,Field C
2022-08-11,08:15,Cow_444,8,7,0,0,33.7,Sunny,Field C
2022-08-11,08:15,Cow_445,2,5,8,0,33.7,Sunny,Field C
2022-08-11,08:15,Cow_446,6,3,6,0,33.7,Sunny,Field A
2022-08-11,08:15,Cow_447,14,8,0,0,33.7,Sunny,Field C
2022-08-11,08:15,Cow_448,11,1,3,0,33.7,Sunny,Field A
2022-08-11,08:15,Cow_449,6,10,0,0,33.7,Sunny,Field A
2022-08-11,08:15,Cow_450,11,0,7,0,33.7,Sunny,Field A
2022-08-11,08:15,Cow_451,12,0,6,0,33.7,Sunny,Field C
2022-08-11,08:15,Cow_452,14,9,0,0,33.7,Sunny,Field B
2022-08-11,08:15,Cow_453,5,2,8,0,33.7,Sunny,Field C
2022-08-11,08:15,Cow_454,0,10,7,0,33.7,Sunny,Field B
2022-08-11,08:15,Cow_455,7,5,3,0,33.7,Sunny,Field B
2022-08-11,08:15,Cow_456,9,4,2,0,33.7,Sunny,Field B
2022-08-11,08:15,Cow_457,13,0,5,0,33.7,Sunny,Field B
2022-08-11,08:15,Cow_458,12,10,0,0,33.7,Sunny,Field B
2022-08-11,08:15,Cow_459,13,6,0,0,33.7,Sunny,Field A
2022-08-11,08:15,Cow_460,9,0,6,0,33.7,Sunny,Field B
2022-08-11,08:15,Cow_461,11,0,6,0,33.7,Sunny,Field B
2022-08-11,08:15,Cow_462,11,4,0,0,33.7,Sunny,Field C
2022-08-11,08:15,Cow_463,2,6,7,0,33.7,Sunny,Field A
2022-08-11,08:15,Cow_464,8,2,5,0,33.7,Sunny,Field B
2022-08-11,08:15,Cow_465,0,9,6,0,33.7,Sunny,Field A
2022-08-11,08:15,Cow_466,4,3,8,0,33.7,Sunny,Field A
2022-08-11,08:15,Cow_467,7,6,2,0,33.7,Sunny,Field A
2022-08-11,08:15,Cow_468,5,4,6,0,33.7,Sunny,Field B
2022-08-11,08:15,Cow_469,2,7,6,0,33.7,Sunny,Field A
2022-08-11,08:15,Cow_470,12,0,3,0,33.7,Sunny,Field C
2022-08-11,08:15,Cow_471,0,9,7,0,33.7,Sunny,Field A
2022-08-11,08:15,Cow_472,8,4,3,0,33.7,Sunny,Field B
2022-08-11,08:15,Cow_473,8,0,8,0,33.7,Sunny,Field B
2022-08-11,08:15,Cow_474,11,0,5,0,33.7,Sunny,Field A
2022-08-11,08:15,Cow_475,3,8,4,0,33.7,Sunny,Field B
2022-08-11,08:15,Cow_476,0,0,0,15,33.7,Sunny,Field C
2022-08-11,08:15,Cow_477,9,2,4,0,33.7,Sunny,Field A
2022-08-11,08:15,Cow_478,8,10,0,0,33.7,Sunny,Field B
2022-08-11,08:15,Cow_479,0,7,8,0,33.7,Sunny,Field B
2022-08-11,08:15,Cow_480,9,10,0,0,33.7,Sunny,Field A
2022-08-11,08:15,Cow_481,6,3,6,0,33.7,Sunny,Field C
2022-08-11,08:15,Cow_482,9,1,5,0,33.7,Sunny,Field C
2022-08-11,08:15,Cow_483,9,0,8,0,33.7,Sunny,Field C
2022-08-11,08:15,Cow_484,5,5,5,0,33.7,Sunny,Field B
2022-08-11,08:15,Cow_485,4,6,5,0,33.7,Sunny,Field C
2022-08-11,08:15,Cow_486,10,3,2,0,33.7,Sunny,Field C
2022-08-11,08:15,Cow_487,5,8,2,0,33.7,Sunny,Field B
2022-08-11,08:15,Cow_488,2,6,7,0,33.7,Sunny,Field A
2022-08-11,08:15,Cow_489,5,6,4,0,33.7,Sunny,Field A
2022-08-11,08:15,Cow_490,6,6,3,0,33.7,Sunny,Field B
2022-08-11,08:15,Cow_491,11,0,8,0,33.7,Sunny,Field B
2022-08-11,08:15,Cow_492,0,8,7,0,33.7,Sunny,Field B
2022-08-11,08:15,Cow_493,5,2,8,0,33.7,Sunny,Field A
2022-08-11,08:15,Cow_494,11,0,4,0,33.7,Sunny,Field B
2022-08-11,08:15,Cow_495,7,3,5,0,33.7,Sunny,Field C
2022-08-11,08:15,Cow_496,13,0,4,0,33.7,Sunny,Field A
2022-08-11,08:15,Cow_497,7,10,0,0,33.7,Sunny,Field B
2022-08-11,08:15,Cow_498,0,0,0,15,33.7,Sunny,Field B
2022-08-11,08:15,Cow_499,6,5,4,0,33.7,Sunny,Field C
2022-08-11,08:15,Cow_500,0,0,0,15,33.7,Sunny,Field C
2022-08-11,08:30,Cow_1,11,0,8,0,26.9,Sunny,Field B
2022-08-11,08:30,Cow_2,0,0,0,15,26.9,Sunny,Field C
2022-08-11,08:30,Cow_3,13,8,0,0,26.9,Sunny,Field C
2022-08-11,08:30,Cow_4,9,6,0,0,26.9,Sunny,Field B
2022-08-11,08:30,Cow_5,8,4,3,0,26.9,Sunny,Field A
2022-08-11,08:30,Cow_6,7,5,3,0,26.9,Sunny,Field B
2022-08-11,08:30,Cow_7,3,4,8,0,26.9,Sunny,Field B
2022-08-11,08:30,Cow_8,2,7,6,0,26.9,Sunny,Field C
2022-08-11,08:30,Cow_9,5,3,7,0,26.9,Sunny,Field B
2022-08-11,08:30,Cow_10,8,7,0,0,26.9,Sunny,Field B
2022-08-11,08:30,Cow_11,4,5,6,0,26.9,Sunny,Field C
2022-08-11,08:30,Cow_12,11,0,6,0,26.9,Sunny,Field C
2022-08-11,08:30,Cow_13,6,6,3,0,26.9,Sunny,Field C
2022-08-11,08:30,Cow_14,5,9,1,0,26.9,Sunny,Field A
2022-08-11,08:30,Cow_15,8,4,3,0,26.9,Sunny,Field C
2022-08-11,08:30,Cow_16,11,0,6,0,26.9,Sunny,Field C
2022-08-11,08:30,Cow_17,11,0,6,0,26.9,Sunny,Field C
2022-08-11,08:30,Cow_18,4,4,7,0,26.9,Sunny,Field C
2022-08-11,08:30,Cow_19,8,3,4,0,26.9,Sunny,Field B
2022-08-11,08:30,Cow_20,13,4,0,0,26.9,Sunny,Field B
2022-08-11,08:30,Cow_21,5,4,6,0,26.9,Sunny,Field C
2022-08-11,08:30,Cow_22,8,3,4,0,26.9,Sunny,Field A
2022-08-11,08:30,Cow_23,13,6,0,0,26.9,Sunny,Field A
2022-08-11,08:30,Cow_24,7,4,4,0,26.9,Sunny,Field B
2022-08-11,08:30,Cow_25,14,0,6,0,26.9,Sunny,Field C
2022-08-11,08:30,Cow_26,1,8,6,0,26.9,Sunny,Field A
2022-08-11,08:30,Cow_27,5,2,8,0,26.9,Sunny,Field B
2022-08-11,08:30,Cow_28,0,9,8,0,26.9,Sunny,Field C
2022-08-11,08:30,Cow_29,6,4,5,0,26.9,Sunny,Field C
2022-08-11,08:30,Cow_30,7,4,4,0,26.9,Sunny,Field C
2022-08-11,08:30,Cow_31,15,12,0,0,26.9,Sunny,Field A
2022-08-11,08:30,Cow_32,3,8,4,0,26.9,Sunny,Field B
2022-08-11,08:30,Cow_33,4,8,3,0,26.9,Sunny,Field C
2022-08-11,08:30,Cow_34,13,3,0,0,26.9,Sunny,Field C
2022-08-11,08:30,Cow_35,9,8,0,0,26.9,Sunny,Field C
2022-08-11,08:30,Cow_36,0,9,8,0,26.9,Sunny,Field B
2022-08-11,08:30,Cow_37,0,9,8,0,26.9,Sunny,Field B
2022-08-11,08:30,Cow_38,9,7,0,0,26.9,Sunny,Field A
2022-08-11,08:30,Cow_39,11,10,0,0,26.9,Sunny,Field B
2022-08-11,08:30,Cow_40,8,4,3,0,26.9,Sunny,Field C
2022-08-11,08:30,Cow_41,8,3,4,0,26.9,Sunny,Field A
2022-08-11,08:30,Cow_42,11,8,0,0,26.9,Sunny,Field B
2022-08-11,08:30,Cow_43,11,0,7,0,26.9,Sunny,Field A
2022-08-11,08:30,Cow_44,7,5,3,0,26.9,Sunny,Field B
2022-08-11,08:30,Cow_45,7,5,3,0,26.9,Sunny,Field C
2022-08-11,08:30,Cow_46,6,2,7,0,26.9,Sunny,Field C
2022-08-11,08:30,Cow_47,5,7,3,0,26.9,Sunny,Field B
2022-08-11,08:30,Cow_48,8,6,1,0,26.9,Sunny,Field B
2022-08-11,08:30,Cow_49,0,8,8,0,26.9,Sunny,Field A
2022-08-11,08:30,Cow_50,0,8,7,0,26.9,Sunny,Field A
2022-08-11,08:30,Cow_51,5,6,4,0,26.9,Sunny,Field B
2022-08-11,08:30,Cow_52,8,3,4,0,26.9,Sunny,Field A
2022-08-11,08:30,Cow_53,6,1,8,0,26.9,Sunny,Field A
2022-08-11,08:30,Cow_54,1,7,7,0,26.9,Sunny,Field A
2022-08-11,08:30,Cow_55,5,5,5,0,26.9,Sunny,Field B
2022-08-11,08:30,Cow_56,0,10,6,0,26.9,Sunny,Field C
2022-08-11,08:30,Cow_57,7,1,7,0,26.9,Sunny,Field B
2022-08-11,08:30,Cow_58,10,4,1,0,26.9,Sunny,Field C
2022-08-11,08:30,Cow_59,11,0,7,0,26.9,Sunny,Field B
2022-08-11,08:30,Cow_60,0,0,0,15,26.9,Sunny,Field C
2022-08-11,08:30,Cow_61,7,4,4,0,26.9,Sunny,Field A
2022-08-11,08:30,Cow_62,4,8,3,0,26.9,Sunny,Field C
2022-08-11,08:30,Cow_63,14,0,6,0,26.9,Sunny,Field B
2022-08-11,08:30,Cow_64,12,3,0,0,26.9,Sunny,Field C
2022-08-11,08:30,Cow_65,5,3,7,0,26.9,Sunny,Field A
2022-08-11,08:30,Cow_66,4,8,3,0,26.9,Sunny,Field B
2022-08-11,08:30,Cow_67,5,6,4,0,26.9,Sunny,Field B
2022-08-11,08:30,Cow_68,7,9,0,0,26.9,Sunny,Field A
2022-08-11,08:30,Cow_69,10,6,0,0,26.9,Sunny,Field B
2022-08-11,08:30,Cow_70,0,0,0,15,26.9,Sunny,Field B
2022-08-11,08:30,Cow_71,0,9,6,0,26.9,Sunny,Field B
2022-08-11,08:30,Cow_72,6,5,4,0,26.9,Sunny,Field A
2022-08-11,08:30,Cow_73,0,9,8,0,26.9,Sunny,Field C
2022-08-11,08:30,Cow_74,5,4,6,0,26.9,Sunny,Field B
2022-08-11,08:30,Cow_75,15,11,0,0,26.9,Sunny,Field A
2022-08-11,08:30,Cow_76,13,4,0,0,26.9,Sunny,Field B
2022-08-11,08:30,Cow_77,12,8,0,0,26.9,Sunny,Field B
2022-08-11,08:30,Cow_78,14,0,8,0,26.9,Sunny,Field B
2022-08-11,08:30,Cow_79,6,4,5,0,26.9,Sunny,Field B
2022-08-11,08:30,Cow_80,2,6,7,0,26.9,Sunny,Field C
2022-08-11,08:30,Cow_81,5,6,4,0,26.9,Sunny,Field C
2022-08-11,08:30,Cow_82,9,0,7,0,26.9,Sunny,Field B
2022-08-11,08:30,Cow_83,14,0,4,0,26.9,Sunny,Field B
2022-08-11,08:30,Cow_84,11,8,0,0,26.9,Sunny,Field A
2022-08-11,08:30,Cow_85,7,3,5,0,26.9,Sunny,Field C
2022-08-11,08:30,Cow_86,6,4,5,0,26.9,Sunny,Field A
2022-08-11,08:30,Cow_87,6,3,6,0,26.9,Sunny,Field C
2022-08-11,08:30,Cow_88,13,8,0,0,26.9,Sunny,Field A
2022-08-11,08:30,Cow_89,12,3,0,0,26.9,Sunny,Field B
2022-08-11,08:30,Cow_90,14,0,8,0,26.9,Sunny,Field C
2022-08-11,08:30,Cow_91,0,9,7,0,26.9,Sunny,Field C
2022-08-11,08:30,Cow_92,5,4,6,0,26.9,Sunny,Field B
2022-08-11,08:30,Cow_93,5,4,6,0,26.9,Sunny,Field B
2022-08-11,08:30,Cow_94,5,10,0,0,26.9,Sunny,Field B
2022-08-11,08:30,Cow_95,7,3,5,0,26.9,Sunny,Field C
2022-08-11,08:30,Cow_96,7,8,0,0,26.9,Sunny,Field A
2022-08-11,08:30,Cow_97,5,5,5,0,26.9,Sunny,Field B
2022-08-11,08:30,Cow_98,14,4,0,0,26.9,Sunny,Field B
2022-08-11,08:30,Cow_99,4,7,4,0,26.9,Sunny,Field C
2022-08-11,08:30,Cow_100,13,8,0,0,26.9,Sunny,Field B
2022-08-11,08:30,Cow_101,10,9,0,0,26.9,Sunny,Field C
2022-08-11,08:30,Cow_102,13,10,0,0,26.9,Sunny,Field B
2022-08-11,08:30,Cow_103,5,4,6,0,26.9,Sunny,Field C
2022-08-11,08:30,Cow_104,12,0,7,0,26.9,Sunny,Field B
2022-08-11,08:30,Cow_105,0,10,8,0,26.9,Sunny,Field A
2022-08-11,08:30,Cow_106,1,9,5,0,26.9,Sunny,Field C
2022-08-11,08:30,Cow_107,0,0,0,15,26.9,Sunny,Field B
2022-08-11,08:30,Cow_108,0,0,0,15,26.9,Sunny,Field A
2022-08-11,08:30,Cow_109,6,5,4,0,26.9,Sunny,Field C
2022-08-11,08:30,Cow_110,11,1,3,0,26.9,Sunny,Field A
2022-08-11,08:30,Cow_111,2,5,8,0,26.9,Sunny,Field B
2022-08-11,08:30,Cow_112,0,0,0,15,26.9,Sunny,Field C
2022-08-11,08:30,Cow_113,6,1,8,0,26.9,Sunny,Field B
2022-08-11,08:30,Cow_114,5,6,4,0,26.9,Sunny,Field A
2022-08-11,08:30,Cow_115,13,10,0,0,26.9,Sunny,Field C
2022-08-11,08:30,Cow_116,5,5,5,0,26.9,Sunny,Field A
2022-08-11,08:30,Cow_117,12,0,4,0,26.9,Sunny,Field C
2022-08-11,08:30,Cow_118,8,3,4,0,26.9,Sunny,Field C
2022-08-11,08:30,Cow_119,6,2,7,0,26.9,Sunny,Field A
2022-08-11,08:30,Cow_120,6,6,3,0,26.9,Sunny,Field B
2022-08-11,08:30,Cow_121,3,7,5,0,26.9,Sunny,Field B
2022-08-11,08:30,Cow_122,12,8,0,0,26.9,Sunny,Field A
2022-08-11,08:30,Cow_123,3,8,4,0,26.9,Sunny,Field A
2022-08-11,08:30,Cow_124,9,0,8,0,26.9,Sunny,Field A
2022-08-11,08:30,Cow_125,13,7,0,0,26.9,Sunny,Field A
2022-08-11,08:30,Cow_126,0,10,5,0,26.9,Sunny,Field C
2022-08-11,08:30,Cow_127,0,0,0,15,26.9,Sunny,Field A
2022-08-11,08:30,Cow_128,12,8,0,0,26.9,Sunny,Field A
2022-08-11,08:30,Cow_129,4,6,5,0,26.9,Sunny,Field B
2022-08-11,08:30,Cow_130,5,3,7,0,26.9,Sunny,Field C
2022-08-11,08:30,Cow_131,7,5,3,0,26.9,Sunny,Field A
2022-08-11,08:30,Cow_132,14,3,0,0,26.9,Sunny,Field A
2022-08-11,08:30,Cow_133,2,8,5,0,26.9,Sunny,Field C
2022-08-11,08:30,Cow_134,9,3,3,0,26.9,Sunny,Field B
2022-08-11,08:30,Cow_135,1,9,5,0,26.9,Sunny,Field B
2022-08-11,08:30,Cow_136,6,6,3,0,26.9,Sunny,Field B
2022-08-11,08:30,Cow_137,7,3,5,0,26.9,Sunny,Field A
2022-08-11,08:30,Cow_138,7,5,3,0,26.9,Sunny,Field B
2022-08-11,08:30,Cow_139,12,5,0,0,26.9,Sunny,Field C
2022-08-11,08:30,Cow_140,0,0,0,15,26.9,Sunny,Field B
2022-08-11,08:30,Cow_141,0,0,0,15,26.9,Sunny,Field A
2022-08-11,08:30,Cow_142,7,4,4,0,26.9,Sunny,Field C
2022-08-11,08:30,Cow_143,11,0,7,0,26.9,Sunny,Field A
2022-08-11,08:30,Cow_144,6,1,8,0,26.9,Sunny,Field A
2022-08-11,08:30,Cow_145,9,3,3,0,26.9,Sunny,Field B
2022-08-11,08:30,Cow_146,6,5,4,0,26.9,Sunny,Field B
2022-08-11,08:30,Cow_147,12,9,0,0,26.9,Sunny,Field C
2022-08-11,08:30,Cow_148,11,1,3,0,26.9,Sunny,Field A
2022-08-11,08:30,Cow_149,1,6,8,0,26.9,Sunny,Field B
2022-08-11,08:30,Cow_150,11,1,3,0,26.9,Sunny,Field A
2022-08-11,08:30,Cow_151,14,8,0,0,26.9,Sunny,Field B
2022-08-11,08:30,Cow_152,12,0,5,0,26.9,Sunny,Field A
2022-08-11,08:30,Cow_153,9,0,8,0,26.9,Sunny,Field C
2022-08-11,08:30,Cow_154,9,3,3,0,26.9,Sunny,Field B
2022-08-11,08:30,Cow_155,10,5,0,0,26.9,Sunny,Field A
2022-08-11,08:30,Cow_156,0,10,7,0,26.9,Sunny,Field B
2022-08-11,08:30,Cow_157,0,0,0,15,26.9,Sunny,Field A
2022-08-11,08:30,Cow_158,6,6,3,0,26.9,Sunny,Field B
2022-08-11,08:30,Cow_159,8,0,7,0,26.9,Sunny,Field C
2022-08-11,08:30,Cow_160,0,0,0,15,26.9,Sunny,Field A
2022-08-11,08:30,Cow_161,7,9,0,0,26.9,Sunny,Field A
2022-08-11,08:30,Cow_162,5,4,6,0,26.9,Sunny,Field C
2022-08-11,08:30,Cow_163,14,0,8,0,26.9,Sunny,Field B
2022-08-11,08:30,Cow_164,9,3,3,0,26.9,Sunny,Field C
2022-08-11,08:30,Cow_165,0,10,7,0,26.9,Sunny,Field C
2022-08-11,08:30,Cow_166,12,0,8,0,26.9,Sunny,Field B
2022-08-11,08:30,Cow_167,7,2,6,0,26.9,Sunny,Field A
2022-08-11,08:30,Cow_168,12,5,0,0,26.9,Sunny,Field A
2022-08-11,08:30,Cow_169,9,4,2,0,26.9,Sunny,Field A
2022-08-11,08:30,Cow_170,1,7,7,0,26.9,Sunny,Field B
2022-08-11,08:30,Cow_171,7,2,6,0,26.9,Sunny,Field A
2022-08-11,08:30,Cow_172,0,10,5,0,26.9,Sunny,Field B
2022-08-11,08:30,Cow_173,0,0,0,15,26.9,Sunny,Field C
2022-08-11,08:30,Cow_174,15,0,4,0,26.9,Sunny,Field C
2022-08-11,08:30,Cow_175,4,4,7,0,26.9,Sunny,Field B
2022-08-11,08:30,Cow_176,0,10,6,0,26.9,Sunny,Field B
2022-08-11,08:30,Cow_177,13,0,5,0,26.9,Sunny,Field A
2022-08-11,08:30,Cow_178,4,7,4,0,26.9,Sunny,Field B
2022-08-11,08:30,Cow_179,12,0,6,0,26.9,Sunny,Field A
2022-08-11,08:30,Cow_180,3,6,6,0,26.9,Sunny,Field C
2022-08-11,08:30,Cow_181,1,10,4,0,26.9,Sunny,Field B
2022-08-11,08:30,Cow_182,1,10,4,0,26.9,Sunny,Field B
2022-08-11,08:30,Cow_183,14,6,0,0,26.9,Sunny,Field A
2022-08-11,08:30,Cow_184,5,4,6,0,26.9,Sunny,Field C
2022-08-11,08:30,Cow_185,5,7,3,0,26.9,Sunny,Field A
2022-08-11,08:30,Cow_186,1,10,4,0,26.9,Sunny,Field A
2022-08-11,08:30,Cow_187,7,3,5,0,26.9,Sunny,Field A
2022-08-11,08:30,Cow_188,10,0,7,0,26.9,Sunny,Field B
2022-08-11,08:30,Cow_189,6,8,1,0,26.9,Sunny,Field A
2022-08-11,08:30,Cow_190,5,3,7,0,26.9,Sunny,Field A
2022-08-11,08:30,Cow_191,6,4,5,0,26.9,Sunny,Field B
2022-08-11,08:30,Cow_192,8,1,6,0,26.9,Sunny,Field C
2022-08-11,08:30,Cow_193,7,3,5,0,26.9,Sunny,Field B
2022-08-11,08:30,Cow_194,5,7,3,0,26.9,Sunny,Field B
2022-08-11,08:30,Cow_195,9,3,3,0,26.9,Sunny,Field B
2022-08-11,08:30,Cow_196,5,7,3,0,26.9,Sunny,Field B
2022-08-11,08:30,Cow_197,9,8,0,0,26.9,Sunny,Field B
2022-08-11,08:30,Cow_198,3,5,7,0,26.9,Sunny,Field B
2022-08-11,08:30,Cow_199,12,9,0,0,26.9,Sunny,Field A
2022-08-11,08:30,Cow_200,7,9,0,0,26.9,Sunny,Field C
2022-08-11,08:30,Cow_201,6,5,4,0,26.9,Sunny,Field B
2022-08-11,08:30,Cow_202,12,0,3,0,26.9,Sunny,Field C
2022-08-11,08:30,Cow_203,13,8,0,0,26.9,Sunny,Field B
2022-08-11,08:30,Cow_204,6,8,1,0,26.9,Sunny,Field A
2022-08-11,08:30,Cow_205,10,5,0,0,26.9,Sunny,Field B
2022-08-11,08:30,Cow_206,11,0,7,0,26.9,Sunny,Field C
2022-08-11,08:30,Cow_207,0,0,0,15,26.9,Sunny,Field B
2022-08-11,08:30,Cow_208,5,3,7,0,26.9,Sunny,Field A
2022-08-11,08:30,Cow_209,7,1,7,0,26.9,Sunny,Field A
2022-08-11,08:30,Cow_210,6,6,3,0,26.9,Sunny,Field A
2022-08-11,08:30,Cow_211,8,3,4,0,26.9,Sunny,Field C
2022-08-11,08:30,Cow_212,0,8,7,0,26.9,Sunny,Field B
2022-08-11,08:30,Cow_213,9,10,0,0,26.9,Sunny,Field B
2022-08-11,08:30,Cow_214,12,0,4,0,26.9,Sunny,Field C
2022-08-11,08:30,Cow_215,6,4,5,0,26.9,Sunny,Field A
2022-08-11,08:30,Cow_216,12,0,5,0,26.9,Sunny,Field C
2022-08-11,08:30,Cow_217,14,9,0,0,26.9,Sunny,Field B
2022-08-11,08:30,Cow_218,6,2,7,0,26.9,Sunny,Field C
2022-08-11,08:30,Cow_219,5,5,5,0,26.9,Sunny,Field C
2022-08-11,08:30,Cow_220,1,7,7,0,26.9,Sunny,Field B
2022-08-11,08:30,Cow_221,3,7,5,0,26.9,Sunny,Field A
2022-08-11,08:30,Cow_222,6,1,8,0,26.9,Sunny,Field C
2022-08-11,08:30,Cow_223,10,3,2,0,26.9,Sunny,Field B
2022-08-11,08:30,Cow_224,6,9,0,0,26.9,Sunny,Field B
2022-08-11,08:30,Cow_225,6,5,4,0,26.9,Sunny,Field C
2022-08-11,08:30,Cow_226,12,9,0,0,26.9,Sunny,Field B
2022-08-11,08:30,Cow_227,4,8,3,0,26.9,Sunny,Field C
2022-08-11,08:30,Cow_228,7,10,0,0,26.9,Sunny,Field C
2022-08-11,08:30,Cow_229,6,6,3,0,26.9,Sunny,Field B
2022-08-11,08:30,Cow_230,0,0,0,15,26.9,Sunny,Field B
2022-08-11,08:30,Cow_231,13,0,4,0,26.9,Sunny,Field B
2022-08-11,08:30,Cow_232,11,0,8,0,26.9,Sunny,Field A
2022-08-11,08:30,Cow_233,6,4,5,0,26.9,Sunny,Field A
2022-08-11,08:30,Cow_234,3,7,5,0,26.9,Sunny,Field B
2022-08-11,08:30,Cow_235,10,3,2,0,26.9,Sunny,Field B
2022-08-11,08:30,Cow_236,11,0,7,0,26.9,Sunny,Field A
2022-08-11,08:30,Cow_237,8,3,4,0,26.9,Sunny,Field C
2022-08-11,08:30,Cow_238,8,10,0,0,26.9,Sunny,Field A
2022-08-11,08:30,Cow_239,11,10,0,0,26.9,Sunny,Field A
2022-08-11,08:30,Cow_240,7,0,8,0,26.9,Sunny,Field A
2022-08-11,08:30,Cow_241,3,7,5,0,26.9,Sunny,Field B
2022-08-11,08:30,Cow_242,9,3,3,0,26.9,Sunny,Field C
2022-08-11,08:30,Cow_243,7,5,3,0,26.9,Sunny,Field C
2022-08-11,08:30,Cow_244,13,0,3,0,26.9,Sunny,Field C
2022-08-11,08:30,Cow_245,0,0,0,15,26.9,Sunny,Field B
2022-08-11,08:30,Cow_246,5,4,6,0,26.9,Sunny,Field B
2022-08-11,08:30,Cow_247,14,7,0,0,26.9,Sunny,Field A
2022-08-11,08:30,Cow_248,13,3,0,0,26.9,Sunny,Field B
2022-08-11,08:30,Cow_249,11,0,6,0,26.9,Sunny,Field B
2022-08-11,08:30,Cow_250,11,0,7,0,26.9,Sunny,Field B
2022-08-11,08:30,Cow_251,8,1,6,0,26.9,Sunny,Field B
2022-08-11,08:30,Cow_252,5,6,4,0,26.9,Sunny,Field B
2022-08-11,08:30,Cow_253,12,8,0,0,26.9,Sunny,Field C
2022-08-11,08:30,Cow_254,0,0,0,15,26.9,Sunny,Field C
2022-08-11,08:30,Cow_255,9,0,7,0,26.9,Sunny,Field C
2022-08-11,08:30,Cow_256,10,6,0,0,26.9,Sunny,Field B
2022-08-11,08:30,Cow_257,7,8,0,0,26.9,Sunny,Field A
2022-08-11,08:30,Cow_258,0,0,0,15,26.9,Sunny,Field B
2022-08-11,08:30,Cow_259,0,10,5,0,26.9,Sunny,Field A
2022-08-11,08:30,Cow_260,11,10,0,0,26.9,Sunny,Field A
2022-08-11,08:30,Cow_261,10,0,7,0,26.9,Sunny,Field B
2022-08-11,08:30,Cow_262,9,4,2,0,26.9,Sunny,Field C
2022-08-11,08:30,Cow_263,7,3,5,0,26.9,Sunny,Field A
2022-08-11,08:30,Cow_264,12,4,0,0,26.9,Sunny,Field C
2022-08-11,08:30,Cow_265,7,4,4,0,26.9,Sunny,Field C
2022-08-11,08:30,Cow_266,8,7,0,0,26.9,Sunny,Field C
2022-08-11,08:30,Cow_267,8,9,0,0,26.9,Sunny,Field C
2022-08-11,08:30,Cow_268,1,8,6,0,26.9,Sunny,Field B
2022-08-11,08:30,Cow_269,4,3,8,0,26.9,Sunny,Field A
2022-08-11,08:30,Cow_270,7,6,2,0,26.9,Sunny,Field C
2022-08-11,08:30,Cow_271,0,0,0,15,26.9,Sunny,Field B
2022-08-11,08:30,Cow_272,5,4,6,0,26.9,Sunny,Field C
2022-08-11,08:30,Cow_273,11,0,4,0,26.9,Sunny,Field A
2022-08-11,08:30,Cow_274,5,6,4,0,26.9,Sunny,Field A
2022-08-11,08:30,Cow_275,6,4,5,0,26.9,Sunny,Field B
2022-08-11,08:30,Cow_276,5,8,2,0,26.9,Sunny,Field A
2022-08-11,08:30,Cow_277,11,0,5,0,26.9,Sunny,Field B
2022-08-11,08:30,Cow_278,0,10,8,0,26.9,Sunny,Field A
2022-08-11,08:30,Cow_279,0,9,6,0,26.9,Sunny,Field A
2022-08-11,08:30,Cow_280,12,3,0,0,26.9,Sunny,Field C
2022-08-11,08:30,Cow_281,10,0,5,0,26.9,Sunny,Field A
2022-08-11,08:30,Cow_282,6,3,6,0,26.9,Sunny,Field C
2022-08-11,08:30,Cow_283,0,0,0,15,26.9,Sunny,Field C
2022-08-11,08:30,Cow_284,11,0,7,0,26.9,Sunny,Field A
2022-08-11,08:30,Cow_285,12,0,5,0,26.9,Sunny,Field C
2022-08-11,08:30,Cow_286,9,5,1,0,26.9,Sunny,Field B
2022-08-11,08:30,Cow_287,10,9,0,0,26.9,Sunny,Field A
2022-08-11,08:30,Cow_288,9,3,3,0,26.9,Sunny,Field C
2022-08-11,08:30,Cow_289,14,0,4,0,26.9,Sunny,Field C
2022-08-11,08:30,Cow_290,14,3,0,0,26.9,Sunny,Field C
2022-08-11,08:30,Cow_291,11,6,0,0,26.9,Sunny,Field C
2022-08-11,08:30,Cow_292,6,5,4,0,26.9,Sunny,Field A
2022-08-11,08:30,Cow_293,10,8,0,0,26.9,Sunny,Field C
2022-08-11,08:30,Cow_294,3,6,6,0,26.9,Sunny,Field A
2022-08-11,08:30,Cow_295,12,7,0,0,26.9,Sunny,Field A
2022-08-11,08:30,Cow_296,2,6,7,0,26.9,Sunny,Field A
2022-08-11,08:30,Cow_297,14,4,0,0,26.9,Sunny,Field C
2022-08-11,08:30,Cow_298,14,10,0,0,26.9,Sunny,Field A
2022-08-11,08:30,Cow_299,8,0,7,0,26.9,Sunny,Field C
2022-08-11,08:30,Cow_300,11,9,0,0,26.9,Sunny,Field B
2022-08-11,08:30,Cow_301,8,3,4,0,26.9,Sunny,Field B
2022-08-11,08:30,Cow_302,6,3,6,0,26.9,Sunny,Field B
2022-08-11,08:30,Cow_303,8,10,0,0,26.9,Sunny,Field A
2022-08-11,08:30,Cow_304,3,7,5,0,26.9,Sunny,Field B
2022-08-11,08:30,Cow_305,12,0,7,0,26.9,Sunny,Field C
2022-08-11,08:30,Cow_306,1,9,5,0,26.9,Sunny,Field A
2022-08-11,08:30,Cow_307,2,6,7,0,26.9,Sunny,Field B
2022-08-11,08:30,Cow_308,4,6,5,0,26.9,Sunny,Field A
2022-08-11,08:30,Cow_309,2,8,5,0,26.9,Sunny,Field A
2022-08-11,08:30,Cow_310,5,6,4,0,26.9,Sunny,Field C
2022-08-11,08:30,Cow_311,5,6,4,0,26.9,Sunny,Field C
2022-08-11,08:30,Cow_312,0,0,0,15,26.9,Sunny,Field A
2022-08-11,08:30,Cow_313,0,9,7,0,26.9,Sunny,Field B
2022-08-11,08:30,Cow_314,0,0,0,15,26.9,Sunny,Field B
2022-08-11,08:30,Cow_315,7,4,4,0,26.9,Sunny,Field A
2022-08-11,08:30,Cow_316,7,5,3,0,26.9,Sunny,Field A
2022-08-11,08:30,Cow_317,11,6,0,0,26.9,Sunny,Field C
2022-08-11,08:30,Cow_318,5,10,0,0,26.9,Sunny,Field A
2022-08-11,08:30,Cow_319,5,6,4,0,26.9,Sunny,Field C
2022-08-11,08:30,Cow_320,9,10,0,0,26.9,Sunny,Field C
2022-08-11,08:30,Cow_321,11,0,4,0,26.9,Sunny,Field A
2022-08-11,08:30,Cow_322,14,7,0,0,26.9,Sunny,Field A
2022-08-11,08:30,Cow_323,2,10,3,0,26.9,Sunny,Field B
2022-08-11,08:30,Cow_324,6,4,5,0,26.9,Sunny,Field A
2022-08-11,08:30,Cow_325,7,5,3,0,26.9,Sunny,Field B
2022-08-11,08:30,Cow_326,10,2,3,0,26.9,Sunny,Field A
2022-08-11,08:30,Cow_327,14,0,4,0,26.9,Sunny,Field A
2022-08-11,08:30,Cow_328,7,7,1,0,26.9,Sunny,Field C
2022-08-11,08:30,Cow_329,5,6,4,0,26.9,Sunny,Field A
2022-08-11,08:30,Cow_330,13,9,0,0,26.9,Sunny,Field B
2022-08-11,08:30,Cow_331,11,0,8,0,26.9,Sunny,Field C
2022-08-11,08:30,Cow_332,12,4,0,0,26.9,Sunny,Field B
2022-08-11,08:30,Cow_333,11,6,0,0,26.9,Sunny,Field A
2022-08-11,08:30,Cow_334,6,8,1,0,26.9,Sunny,Field A
2022-08-11,08:30,Cow_335,1,8,6,0,26.9,Sunny,Field B
2022-08-11,08:30,Cow_336,6,3,6,0,26.9,Sunny,Field B
2022-08-11,08:30,Cow_337,0,0,0,15,26.9,Sunny,Field C
2022-08-11,08:30,Cow_338,6,9,0,0,26.9,Sunny,Field A
2022-08-11,08:30,Cow_339,1,9,5,0,26.9,Sunny,Field B
2022-08-11,08:30,Cow_340,11,4,0,0,26.9,Sunny,Field A
2022-08-11,08:30,Cow_341,3,9,3,0,26.9,Sunny,Field C
2022-08-11,08:30,Cow_342,10,0,7,0,26.9,Sunny,Field A
2022-08-11,08:30,Cow_343,5,7,3,0,26.9,Sunny,Field A
2022-08-11,08:30,Cow_344,11,0,5,0,26.9,Sunny,Field B
2022-08-11,08:30,Cow_345,12,0,4,0,26.9,Sunny,Field A
2022-08-11,08:30,Cow_346,0,0,0,15,26.9,Sunny,Field A
2022-08-11,08:30,Cow_347,3,6,6,0,26.9,Sunny,Field B
2022-08-11,08:30,Cow_348,8,3,4,0,26.9,Sunny,Field A
2022-08-11,08:30,Cow_349,2,6,7,0,26.9,Sunny,Field C
2022-08-11,08:30,Cow_350,3,7,5,0,26.9,Sunny,Field C
2022-08-11,08:30,Cow_351,5,7,3,0,26.9,Sunny,Field C
2022-08-11,08:30,Cow_352,10,9,0,0,26.9,Sunny,Field A
2022-08-11,08:30,Cow_353,6,2,7,0,26.9,Sunny,Field B
2022-08-11,08:30,Cow_354,11,6,0,0,26.9,Sunny,Field B
2022-08-11,08:30,Cow_355,6,6,3,0,26.9,Sunny,Field A
2022-08-11,08:30,Cow_356,8,1,6,0,26.9,Sunny,Field B
2022-08-11,08:30,Cow_357,0,0,0,15,26.9,Sunny,Field C
2022-08-11,08:30,Cow_358,11,10,0,0,26.9,Sunny,Field C
2022-08-11,08:30,Cow_359,14,0,2,0,26.9,Sunny,Field C
2022-08-11,08:30,Cow_360,1,8,6,0,26.9,Sunny,Field B
2022-08-11,08:30,Cow_361,7,3,5,0,26.9,Sunny,Field A
2022-08-11,08:30,Cow_362,7,0,8,0,26.9,Sunny,Field A
2022-08-11,08:30,Cow_363,7,4,4,0,26.9,Sunny,Field A
2022-08-11,08:30,Cow_364,3,8,4,0,26.9,Sunny,Field B
2022-08-11,08:30,Cow_365,8,3,4,0,26.9,Sunny,Field A
2022-08-11,08:30,Cow_366,0,10,9,0,26.9,Sunny,Field C
2022-08-11,08:30,Cow_367,7,6,2,0,26.9,Sunny,Field C
2022-08-11,08:30,Cow_368,5,5,5,0,26.9,Sunny,Field A
2022-08-11,08:30,Cow_369,5,5,5,0,26.9,Sunny,Field C
2022-08-11,08:30,Cow_370,5,5,5,0,26.9,Sunny,Field B
2022-08-11,08:30,Cow_371,5,5,5,0,26.9,Sunny,Field A
2022-08-11,08:30,Cow_372,5,3,7,0,26.9,Sunny,Field A
2022-08-11,08:30,Cow_373,2,7,6,0,26.9,Sunny,Field A
2022-08-11,08:30,Cow_374,12,9,0,0,26.9,Sunny,Field A
2022-08-11,08:30,Cow_375,0,0,0,15,26.9,Sunny,Field B
2022-08-11,08:30,Cow_376,5,4,6,0,26.9,Sunny,Field A
2022-08-11,08:30,Cow_377,9,2,4,0,26.9,Sunny,Field A
2022-08-11,08:30,Cow_378,14,8,0,0,26.9,Sunny,Field C
2022-08-11,08:30,Cow_379,8,4,3,0,26.9,Sunny,Field C
2022-08-11,08:30,Cow_380,5,7,3,0,26.9,Sunny,Field A
2022-08-11,08:30,Cow_381,12,0,9,0,26.9,Sunny,Field B
2022-08-11,08:30,Cow_382,8,3,4,0,26.9,Sunny,Field B
2022-08-11,08:30,Cow_383,12,0,8,0,26.9,Sunny,Field B
2022-08-11,08:30,Cow_384,14,0,7,0,26.9,Sunny,Field A
2022-08-11,08:30,Cow_385,11,0,7,0,26.9,Sunny,Field B
2022-08-11,08:30,Cow_386,8,3,4,0,26.9,Sunny,Field C
2022-08-11,08:30,Cow_387,7,5,3,0,26.9,Sunny,Field A
2022-08-11,08:30,Cow_388,9,6,0,0,26.9,Sunny,Field C
2022-08-11,08:30,Cow_389,10,1,4,0,26.9,Sunny,Field C
2022-08-11,08:30,Cow_390,1,7,7,0,26.9,Sunny,Field C
2022-08-11,08:30,Cow_391,15,0,8,0,26.9,Sunny,Field B
2022-08-11,08:30,Cow_392,0,10,5,0,26.9,Sunny,Field B
2022-08-11,08:30,Cow_393,0,9,8,0,26.9,Sunny,Field A
2022-08-11,08:30,Cow_394,10,2,3,0,26.9,Sunny,Field A
2022-08-11,08:30,Cow_395,0,7,8,0,26.9,Sunny,Field B
2022-08-11,08:30,Cow_396,12,0,7,0,26.9,Sunny,Field A
2022-08-11,08:30,Cow_397,7,4,4,0,26.9,Sunny,Field C
2022-08-11,08:30,Cow_398,6,1,8,0,26.9,Sunny,Field A
2022-08-11,08:30,Cow_399,1,7,7,0,26.9,Sunny,Field A
2022-08-11,08:30,Cow_400,11,4,0,0,26.9,Sunny,Field A
2022-08-11,08:30,Cow_401,7,4,4,0,26.9,Sunny,Field B
2022-08-11,08:30,Cow_402,13,4,0,0,26.9,Sunny,Field B
2022-08-11,08:30,Cow_403,3,9,3,0,26.9,Sunny,Field B
2022-08-11,08:30,Cow_404,3,4,8,0,26.9,Sunny,Field A
2022-08-11,08:30,Cow_405,5,3,7,0,26.9,Sunny,Field A
2022-08-11,08:30,Cow_406,5,4,6,0,26.9,Sunny,Field C
2022-08-11,08:30,Cow_407,6,4,5,0,26.9,Sunny,Field B
2022-08-11,08:30,Cow_408,8,3,4,0,26.9,Sunny,Field A
2022-08-11,08:30,Cow_409,13,0,3,0,26.9,Sunny,Field B
2022-08-11,08:30,Cow_410,12,4,0,0,26.9,Sunny,Field B
2022-08-11,08:30,Cow_411,7,5,3,0,26.9,Sunny,Field B
2022-08-11,08:30,Cow_412,13,0,10,0,26.9,Sunny,Field B
2022-08-11,08:30,Cow_413,12,10,0,0,26.9,Sunny,Field C
2022-08-11,08:30,Cow_414,4,5,6,0,26.9,Sunny,Field C
2022-08-11,08:30,Cow_415,6,5,4,0,26.9,Sunny,Field B
2022-08-11,08:30,Cow_416,12,9,0,0,26.9,Sunny,Field C
2022-08-11,08:30,Cow_417,10,9,0,0,26.9,Sunny,Field C
2022-08-11,08:30,Cow_418,5,2,8,0,26.9,Sunny,Field B
2022-08-11,08:30,Cow_419,8,3,4,0,26.9,Sunny,Field A
2022-08-11,08:30,Cow_420,5,2,8,0,26.9,Sunny,Field C
2022-08-11,08:30,Cow_421,12,3,0,0,26.9,Sunny,Field C
2022-08-11,08:30,Cow_422,14,4,0,0,26.9,Sunny,Field A
2022-08-11,08:30,Cow_423,8,8,0,0,26.9,Sunny,Field B
2022-08-11,08:30,Cow_424,7,1,7,0,26.9,Sunny,Field B
2022-08-11,08:30,Cow_425,2,8,5,0,26.9,Sunny,Field A
2022-08-11,08:30,Cow_426,0,0,0,15,26.9,Sunny,Field A
2022-08-11,08:30,Cow_427,13,0,10,0,26.9,Sunny,Field C
2022-08-11,08:30,Cow_428,14,0,3,0,26.9,Sunny,Field A
2022-08-11,08:30,Cow_429,14,6,0,0,26.9,Sunny,Field C
2022-08-11,08:30,Cow_430,6,6,3,0,26.9,Sunny,Field A
2022-08-11,08:30,Cow_431,14,0,5,0,26.9,Sunny,Field C
2022-08-11,08:30,Cow_432,2,5,8,0,26.9,Sunny,Field A
2022-08-11,08:30,Cow_433,9,1,5,0,26.9,Sunny,Field C
2022-08-11,08:30,Cow_434,7,6,2,0,26.9,Sunny,Field C
2022-08-11,08:30,Cow_435,3,7,5,0,26.9,Sunny,Field C
2022-08-11,08:30,Cow_436,0,0,0,15,26.9,Sunny,Field C
2022-08-11,08:30,Cow_437,12,3,0,0,26.9,Sunny,Field C
2022-08-11,08:30,Cow_438,13,0,7,0,26.9,Sunny,Field C
2022-08-11,08:30,Cow_439,9,3,3,0,26.9,Sunny,Field B
2022-08-11,08:30,Cow_440,10,6,0,0,26.9,Sunny,Field A
2022-08-11,08:30,Cow_441,0,10,5,0,26.9,Sunny,Field C
2022-08-11,08:30,Cow_442,9,0,10,0,26.9,Sunny,Field A
2022-08-11,08:30,Cow_443,8,4,3,0,26.9,Sunny,Field B
2022-08-11,08:30,Cow_444,13,3,0,0,26.9,Sunny,Field B
2022-08-11,08:30,Cow_445,6,7,2,0,26.9,Sunny,Field A
2022-08-11,08:30,Cow_446,13,0,5,0,26.9,Sunny,Field B
2022-08-11,08:30,Cow_447,7,4,4,0,26.9,Sunny,Field C
2022-08-11,08:30,Cow_448,12,0,4,0,26.9,Sunny,Field C
2022-08-11,08:30,Cow_449,14,6,0,0,26.9,Sunny,Field A
2022-08-11,08:30,Cow_450,8,7,0,0,26.9,Sunny,Field B
2022-08-11,08:30,Cow_451,6,4,5,0,26.9,Sunny,Field C
2022-08-11,08:30,Cow_452,3,8,4,0,26.9,Sunny,Field B
2022-08-11,08:30,Cow_453,5,7,3,0,26.9,Sunny,Field B
2022-08-11,08:30,Cow_454,1,9,5,0,26.9,Sunny,Field C
2022-08-11,08:30,Cow_455,4,5,6,0,26.9,Sunny,Field C
2022-08-11,08:30,Cow_456,14,0,4,0,26.9,Sunny,Field C
2022-08-11,08:30,Cow_457,13,6,0,0,26.9,Sunny,Field C
2022-08-11,08:30,Cow_458,5,6,4,0,26.9,Sunny,Field B
2022-08-11,08:30,Cow_459,9,3,3,0,26.9,Sunny,Field B
2022-08-11,08:30,Cow_460,13,5,0,0,26.9,Sunny,Field A
2022-08-11,08:30,Cow_461,11,4,0,0,26.9,Sunny,Field B
2022-08-11,08:30,Cow_462,10,2,3,0,26.9,Sunny,Field C
2022-08-11,08:30,Cow_463,8,1,6,0,26.9,Sunny,Field C
2022-08-11,08:30,Cow_464,8,0,7,0,26.9,Sunny,Field B
2022-08-11,08:30,Cow_465,6,5,4,0,26.9,Sunny,Field B
2022-08-11,08:30,Cow_466,8,0,8,0,26.9,Sunny,Field C
2022-08-11,08:30,Cow_467,7,0,8,0,26.9,Sunny,Field C
2022-08-11,08:30,Cow_468,0,0,0,15,26.9,Sunny,Field A
2022-08-11,08:30,Cow_469,2,7,6,0,26.9,Sunny,Field A
2022-08-11,08:30,Cow_470,13,10,0,0,26.9,Sunny,Field A
2022-08-11,08:30,Cow_471,13,0,5,0,26.9,Sunny,Field A
2022-08-11,08:30,Cow_472,9,9,0,0,26.9,Sunny,Field C
2022-08-11,08:30,Cow_473,2,6,7,0,26.9,Sunny,Field A
2022-08-11,08:30,Cow_474,0,0,0,15,26.9,Sunny,Field C
2022-08-11,08:30,Cow_475,11,3,1,0,26.9,Sunny,Field B
2022-08-11,08:30,Cow_476,12,5,0,0,26.9,Sunny,Field B
2022-08-11,08:30,Cow_477,11,5,0,0,26.9,Sunny,Field C
2022-08-11,08:30,Cow_478,5,5,5,0,26.9,Sunny,Field B
2022-08-11,08:30,Cow_479,7,0,10,0,26.9,Sunny,Field B
2022-08-11,08:30,Cow_480,9,2,4,0,26.9,Sunny,Field C
2022-08-11,08:30,Cow_481,10,2,3,0,26.9,Sunny,Field C
2022-08-11,08:30,Cow_482,0,10,8,0,26.9,Sunny,Field B
2022-08-11,08:30,Cow_483,7,5,3,0,26.9,Sunny,Field B
2022-08-11,08:30,Cow_484,0,0,0,15,26.9,Sunny,Field A
2022-08-11,08:30,Cow_485,12,0,4,0,26.9,Sunny,Field A
2022-08-11,08:30,Cow_486,10,0,5,0,26.9,Sunny,Field C
2022-08-11,08:30,Cow_487,2,10,3,0,26.9,Sunny,Field C
2022-08-11,08:30,Cow_488,0,9,8,0,26.9,Sunny,Field C
2022-08-11,08:30,Cow_489,13,8,0,0,26.9,Sunny,Field C
2022-08-11,08:30,Cow_490,6,1,8,0,26.9,Sunny,Field C
2022-08-11,08:30,Cow_491,11,10,0,0,26.9,Sunny,Field B
2022-08-11,08:30,Cow_492,12,5,0,0,26.9,Sunny,Field C
2022-08-11,08:30,Cow_493,5,7,3,0,26.9,Sunny,Field C
2022-08-11,08:30,Cow_494,9,3,3,0,26.9,Sunny,Field C
2022-08-11,08:30,Cow_495,5,3,7,0,26.9,Sunny,Field C
2022-08-11,08:30,Cow_496,11,10,0,0,26.9,Sunny,Field A
2022-08-11,08:30,Cow_497,11,4,0,0,26.9,Sunny,Field B
2022-08-11,08:30,Cow_498,14,0,3,0,26.9,Sunny,Field A
2022-08-11,08:30,Cow_499,5,4,6,0,26.9,Sunny,Field C
2022-08-11,08:30,Cow_500,14,0,5,0,26.9,Sunny,Field A
2022-08-11,08:45,Cow_1,8,4,3,0,35.3,Cloudy,Field A
2022-08-11,08:45,Cow_2,2,8,5,0,35.3,Cloudy,Field B
2022-08-11,08:45,Cow_3,7,6,2,0,35.3,Cloudy,Field C
2022-08-11,08:45,Cow_4,0,0,0,15,35.3,Cloudy,Field B
2022-08-11,08:45,Cow_5,13,3,0,0,35.3,Cloudy,Field B
2022-08-11,08:45,Cow_6,8,7,0,0,35.3,Cloudy,Field A
2022-08-11,08:45,Cow_7,5,5,5,0,35.3,Cloudy,Field A
2022-08-11,08:45,Cow_8,4,7,4,0,35.3,Cloudy,Field C
2022-08-11,08:45,Cow_9,13,9,0,0,35.3,Cloudy,Field A
2022-08-11,08:45,Cow_10,0,0,0,15,35.3,Cloudy,Field A
2022-08-11,08:45,Cow_11,13,0,5,0,35.3,Cloudy,Field A
2022-08-11,08:45,Cow_12,0,9,8,0,35.3,Cloudy,Field A
2022-08-11,08:45,Cow_13,0,0,0,15,35.3,Cloudy,Field B
2022-08-11,08:45,Cow_14,8,1,6,0,35.3,Cloudy,Field A
2022-08-11,08:45,Cow_15,8,4,3,0,35.3,Cloudy,Field C
2022-08-11,08:45,Cow_16,11,0,8,0,35.3,Cloudy,Field C
2022-08-11,08:45,Cow_17,5,3,7,0,35.3,Cloudy,Field C
2022-08-11,08:45,Cow_18,5,3,7,0,35.3,Cloudy,Field C
2022-08-11,08:45,Cow_19,13,8,0,0,35.3,Cloudy,Field A
2022-08-11,08:45,Cow_20,3,5,7,0,35.3,Cloudy,Field C
2022-08-11,08:45,Cow_21,8,1,6,0,35.3,Cloudy,Field B
2022-08-11,08:45,Cow_22,9,8,0,0,35.3,Cloudy,Field C
2022-08-11,08:45,Cow_23,9,0,6,0,35.3,Cloudy,Field A
2022-08-11,08:45,Cow_24,7,9,0,0,35.3,Cloudy,Field A
2022-08-11,08:45,Cow_25,11,9,0,0,35.3,Cloudy,Field A
2022-08-11,08:45,Cow_26,6,6,3,0,35.3,Cloudy,Field B
2022-08-11,08:45,Cow_27,7,4,4,0,35.3,Cloudy,Field C
2022-08-11,08:45,Cow_28,8,2,5,0,35.3,Cloudy,Field C
2022-08-11,08:45,Cow_29,0,0,0,15,35.3,Cloudy,Field A
2022-08-11,08:45,Cow_30,10,10,0,0,35.3,Cloudy,Field C
2022-08-11,08:45,Cow_31,14,0,5,0,35.3,Cloudy,Field A
2022-08-11,08:45,Cow_32,8,7,0,0,35.3,Cloudy,Field C
2022-08-11,08:45,Cow_33,3,7,5,0,35.3,Cloudy,Field C
2022-08-11,08:45,Cow_34,0,7,8,0,35.3,Cloudy,Field B
2022-08-11,08:45,Cow_35,5,4,6,0,35.3,Cloudy,Field A
2022-08-11,08:45,Cow_36,7,5,3,0,35.3,Cloudy,Field C
2022-08-11,08:45,Cow_37,8,4,3,0,35.3,Cloudy,Field C
2022-08-11,08:45,Cow_38,0,9,8,0,35.3,Cloudy,Field A
2022-08-11,08:45,Cow_39,10,0,7,0,35.3,Cloudy,Field A
2022-08-11,08:45,Cow_40,2,5,8,0,35.3,Cloudy,Field B
2022-08-11,08:45,Cow_41,11,3,1,0,35.3,Cloudy,Field A
2022-08-11,08:45,Cow_42,10,0,5,0,35.3,Cloudy,Field A
2022-08-11,08:45,Cow_43,3,8,4,0,35.3,Cloudy,Field C
2022-08-11,08:45,Cow_44,9,0,7,0,35.3,Cloudy,Field B
2022-08-11,08:45,Cow_45,14,7,0,0,35.3,Cloudy,Field B
2022-08-11,08:45,Cow_46,6,6,3,0,35.3,Cloudy,Field A
2022-08-11,08:45,Cow_47,11,8,0,0,35.3,Cloudy,Field B
2022-08-11,08:45,Cow_48,3,5,7,0,35.3,Cloudy,Field A
2022-08-11,08:45,Cow_49,12,6,0,0,35.3,Cloudy,Field B
2022-08-11,08:45,Cow_50,3,4,8,0,35.3,Cloudy,Field C
2022-08-11,08:45,Cow_51,2,9,4,0,35.3,Cloudy,Field B
2022-08-11,08:45,Cow_52,14,0,4,0,35.3,Cloudy,Field A
2022-08-11,08:45,Cow_53,0,0,0,15,35.3,Cloudy,Field C
2022-08-11,08:45,Cow_54,10,3,2,0,35.3,Cloudy,Field B
2022-08-11,08:45,Cow_55,9,3,3,0,35.3,Cloudy,Field C
2022-08-11,08:45,Cow_56,9,9,0,0,35.3,Cloudy,Field B
2022-08-11,08:45,Cow_57,1,9,5,0,35.3,Cloudy,Field C
2022-08-11,08:45,Cow_58,6,3,6,0,35.3,Cloudy,Field B
2022-08-11,08:45,Cow_59,13,0,5,0,35.3,Cloudy,Field A
2022-08-11,08:45,Cow_60,5,3,7,0,35.3,Cloudy,Field A
2022-08-11,08:45,Cow_61,7,2,6,0,35.3,Cloudy,Field A
2022-08-11,08:45,Cow_62,1,8,6,0,35.3,Cloudy,Field C
2022-08-11,08:45,Cow_63,15,10,0,0,35.3,Cloudy,Field B
2022-08-11,08:45,Cow_64,13,6,0,0,35.3,Cloudy,Field B
2022-08-11,08:45,Cow_65,1,10,4,0,35.3,Cloudy,Field C
2022-08-11,08:45,Cow_66,5,4,6,0,35.3,Cloudy,Field C
2022-08-11,08:45,Cow_67,5,3,7,0,35.3,Cloudy,Field A
2022-08-11,08:45,Cow_68,3,6,6,0,35.3,Cloudy,Field B
2022-08-11,08:45,Cow_69,6,6,3,0,35.3,Cloudy,Field C
2022-08-11,08:45,Cow_70,14,0,4,0,35.3,Cloudy,Field C
2022-08-11,08:45,Cow_71,0,8,7,0,35.3,Cloudy,Field A
2022-08-11,08:45,Cow_72,11,0,4,0,35.3,Cloudy,Field B
2022-08-11,08:45,Cow_73,9,2,4,0,35.3,Cloudy,Field C
2022-08-11,08:45,Cow_74,13,10,0,0,35.3,Cloudy,Field B
2022-08-11,08:45,Cow_75,5,0,10,0,35.3,Cloudy,Field B
2022-08-11,08:45,Cow_76,10,0,8,0,35.3,Cloudy,Field B
2022-08-11,08:45,Cow_77,13,0,3,0,35.3,Cloudy,Field A
2022-08-11,08:45,Cow_78,13,10,0,0,35.3,Cloudy,Field C
2022-08-11,08:45,Cow_79,0,0,0,15,35.3,Cloudy,Field B
2022-08-11,08:45,Cow_80,12,6,0,0,35.3,Cloudy,Field A
2022-08-11,08:45,Cow_81,10,10,0,0,35.3,Cloudy,Field A
2022-08-11,08:45,Cow_82,10,0,5,0,35.3,Cloudy,Field B
2022-08-11,08:45,Cow_83,1,7,7,0,35.3,Cloudy,Field A
2022-08-11,08:45,Cow_84,14,3,0,0,35.3,Cloudy,Field B
2022-08-11,08:45,Cow_85,4,8,3,0,35.3,Cloudy,Field A
2022-08-11,08:45,Cow_86,0,10,7,0,35.3,Cloudy,Field A
2022-08-11,08:45,Cow_87,8,3,4,0,35.3,Cloudy,Field A
2022-08-11,08:45,Cow_88,10,8,0,0,35.3,Cloudy,Field C
2022-08-11,08:45,Cow_89,0,0,0,15,35.3,Cloudy,Field A
2022-08-11,08:45,Cow_90,9,3,3,0,35.3,Cloudy,Field C
2022-08-11,08:45,Cow_91,7,5,3,0,35.3,Cloudy,Field B
2022-08-11,08:45,Cow_92,10,0,8,0,35.3,Cloudy,Field B
2022-08-11,08:45,Cow_93,14,0,5,0,35.3,Cloudy,Field B
2022-08-11,08:45,Cow_94,6,8,1,0,35.3,Cloudy,Field B
2022-08-11,08:45,Cow_95,12,5,0,0,35.3,Cloudy,Field B
2022-08-11,08:45,Cow_96,6,5,4,0,35.3,Cloudy,Field A
2022-08-11,08:45,Cow_97,0,10,5,0,35.3,Cloudy,Field B
2022-08-11,08:45,Cow_98,3,9,3,0,35.3,Cloudy,Field C
2022-08-11,08:45,Cow_99,12,0,7,0,35.3,Cloudy,Field B
2022-08-11,08:45,Cow_100,3,8,4,0,35.3,Cloudy,Field C
2022-08-11,08:45,Cow_101,3,5,7,0,35.3,Cloudy,Field B
2022-08-11,08:45,Cow_102,3,9,3,0,35.3,Cloudy,Field C
2022-08-11,08:45,Cow_103,0,0,0,15,35.3,Cloudy,Field B
2022-08-11,08:45,Cow_104,4,5,6,0,35.3,Cloudy,Field A
2022-08-11,08:45,Cow_105,3,8,4,0,35.3,Cloudy,Field B
2022-08-11,08:45,Cow_106,6,1,8,0,35.3,Cloudy,Field B
2022-08-11,08:45,Cow_107,8,4,3,0,35.3,Cloudy,Field A
2022-08-11,08:45,Cow_108,9,8,0,0,35.3,Cloudy,Field B
2022-08-11,08:45,Cow_109,8,8,0,0,35.3,Cloudy,Field B
2022-08-11,08:45,Cow_110,6,4,5,0,35.3,Cloudy,Field B
2022-08-11,08:45,Cow_111,5,10,0,0,35.3,Cloudy,Field B
2022-08-11,08:45,Cow_112,6,5,4,0,35.3,Cloudy,Field A
2022-08-11,08:45,Cow_113,7,4,4,0,35.3,Cloudy,Field A
2022-08-11,08:45,Cow_114,6,3,6,0,35.3,Cloudy,Field C
2022-08-11,08:45,Cow_115,13,5,0,0,35.3,Cloudy,Field C
2022-08-11,08:45,Cow_116,8,0,8,0,35.3,Cloudy,Field A
2022-08-11,08:45,Cow_117,0,0,0,15,35.3,Cloudy,Field C
2022-08-11,08:45,Cow_118,14,5,0,0,35.3,Cloudy,Field A
2022-08-11,08:45,Cow_119,7,5,3,0,35.3,Cloudy,Field B
2022-08-11,08:45,Cow_120,11,8,0,0,35.3,Cloudy,Field A
2022-08-11,08:45,Cow_121,1,7,7,0,35.3,Cloudy,Field A
2022-08-11,08:45,Cow_122,13,0,5,0,35.3,Cloudy,Field B
2022-08-11,08:45,Cow_123,5,7,3,0,35.3,Cloudy,Field A
2022-08-11,08:45,Cow_124,14,6,0,0,35.3,Cloudy,Field C
2022-08-11,08:45,Cow_125,9,0,8,0,35.3,Cloudy,Field A
2022-08-11,08:45,Cow_126,11,9,0,0,35.3,Cloudy,Field B
2022-08-11,08:45,Cow_127,6,6,3,0,35.3,Cloudy,Field C
2022-08-11,08:45,Cow_128,9,0,7,0,35.3,Cloudy,Field B
2022-08-11,08:45,Cow_129,4,7,4,0,35.3,Cloudy,Field A
2022-08-11,08:45,Cow_130,9,10,0,0,35.3,Cloudy,Field A
2022-08-11,08:45,Cow_131,10,0,7,0,35.3,Cloudy,Field A
2022-08-11,08:45,Cow_132,6,5,4,0,35.3,Cloudy,Field B
2022-08-11,08:45,Cow_133,6,5,4,0,35.3,Cloudy,Field A
2022-08-11,08:45,Cow_134,6,1,8,0,35.3,Cloudy,Field A
2022-08-11,08:45,Cow_135,5,5,5,0,35.3,Cloudy,Field B
2022-08-11,08:45,Cow_136,2,5,8,0,35.3,Cloudy,Field C
2022-08-11,08:45,Cow_137,4,7,4,0,35.3,Cloudy,Field A
2022-08-11,08:45,Cow_138,1,8,6,0,35.3,Cloudy,Field A
2022-08-11,08:45,Cow_139,3,9,3,0,35.3,Cloudy,Field B
2022-08-11,08:45,Cow_140,7,6,2,0,35.3,Cloudy,Field B
2022-08-11,08:45,Cow_141,13,9,0,0,35.3,Cloudy,Field A
2022-08-11,08:45,Cow_142,9,3,3,0,35.3,Cloudy,Field C
2022-08-11,08:45,Cow_143,12,0,3,0,35.3,Cloudy,Field B
2022-08-11,08:45,Cow_144,0,0,0,15,35.3,Cloudy,Field B
2022-08-11,08:45,Cow_145,14,6,0,0,35.3,Cloudy,Field C
2022-08-11,08:45,Cow_146,7,10,0,0,35.3,Cloudy,Field B
2022-08-11,08:45,Cow_147,11,0,5,0,35.3,Cloudy,Field A
2022-08-11,08:45,Cow_148,6,6,3,0,35.3,Cloudy,Field A
2022-08-11,08:45,Cow_149,12,0,5,0,35.3,Cloudy,Field B
2022-08-11,08:45,Cow_150,6,2,7,0,35.3,Cloudy,Field C
2022-08-11,08:45,Cow_151,8,6,1,0,35.3,Cloudy,Field A
2022-08-11,08:45,Cow_152,12,4,0,0,35.3,Cloudy,Field A
2022-08-11,08:45,Cow_153,8,10,0,0,35.3,Cloudy,Field B
2022-08-11,08:45,Cow_154,14,0,5,0,35.3,Cloudy,Field B
2022-08-11,08:45,Cow_155,14,0,5,0,35.3,Cloudy,Field B
2022-08-11,08:45,Cow_156,6,3,6,0,35.3,Cloudy,Field A
2022-08-11,08:45,Cow_157,9,2,4,0,35.3,Cloudy,Field A
2022-08-11,08:45,Cow_158,11,1,3,0,35.3,Cloudy,Field B
2022-08-11,08:45,Cow_159,6,5,4,0,35.3,Cloudy,Field C
2022-08-11,08:45,Cow_160,8,5,2,0,35.3,Cloudy,Field C
2022-08-11,08:45,Cow_161,3,5,7,0,35.3,Cloudy,Field A
2022-08-11,08:45,Cow_162,8,1,6,0,35.3,Cloudy,Field A
2022-08-11,08:45,Cow_163,8,10,0,0,35.3,Cloudy,Field C
2022-08-11,08:45,Cow_164,0,0,0,15,35.3,Cloudy,Field A
2022-08-11,08:45,Cow_165,9,7,0,0,35.3,Cloudy,Field B
2022-08-11,08:45,Cow_166,3,5,7,0,35.3,Cloudy,Field A
2022-08-11,08:45,Cow_167,5,4,6,0,35.3,Cloudy,Field C
2022-08-11,08:45,Cow_168,5,6,4,0,35.3,Cloudy,Field B
2022-08-11,08:45,Cow_169,2,6,7,0,35.3,Cloudy,Field A
2022-08-11,08:45,Cow_170,0,10,7,0,35.3,Cloudy,Field A
2022-08-11,08:45,Cow_171,5,7,3,0,35.3,Cloudy,Field C
2022-08-11,08:45,Cow_172,12,5,0,0,35.3,Cloudy,Field A
2022-08-11,08:45,Cow_173,7,5,3,0,35.3,Cloudy,Field C
2022-08-11,08:45,Cow_174,1,7,7,0,35.3,Cloudy,Field C
2022-08-11,08:45,Cow_175,13,8,0,0,35.3,Cloudy,Field C
2022-08-11,08:45,Cow_176,3,5,7,0,35.3,Cloudy,Field A
2022-08-11,08:45,Cow_177,10,5,0,0,35.3,Cloudy,Field A
2022-08-11,08:45,Cow_178,0,0,0,15,35.3,Cloudy,Field C
2022-08-11,08:45,Cow_179,5,5,5,0,35.3,Cloudy,Field A
2022-08-11,08:45,Cow_180,10,0,7,0,35.3,Cloudy,Field C
2022-08-11,08:45,Cow_181,10,3,2,0,35.3,Cloudy,Field C
2022-08-11,08:45,Cow_182,5,7,3,0,35.3,Cloudy,Field A
2022-08-11,08:45,Cow_183,6,4,5,0,35.3,Cloudy,Field A
2022-08-11,08:45,Cow_184,13,4,0,0,35.3,Cloudy,Field C
2022-08-11,08:45,Cow_185,6,4,5,0,35.3,Cloudy,Field A
2022-08-11,08:45,Cow_186,6,2,7,0,35.3,Cloudy,Field A
2022-08-11,08:45,Cow_187,5,4,6,0,35.3,Cloudy,Field A
2022-08-11,08:45,Cow_188,9,4,2,0,35.3,Cloudy,Field A
2022-08-11,08:45,Cow_189,0,10,5,0,35.3,Cloudy,Field C
2022-08-11,08:45,Cow_190,8,9,0,0,35.3,Cloudy,Field A
2022-08-11,08:45,Cow_191,7,0,8,0,35.3,Cloudy,Field C
2022-08-11,08:45,Cow_192,14,8,0,0,35.3,Cloudy,Field B
2022-08-11,08:45,Cow_193,6,3,6,0,35.3,Cloudy,Field A
2022-08-11,08:45,Cow_194,7,4,4,0,35.3,Cloudy,Field B
2022-08-11,08:45,Cow_195,6,5,4,0,35.3,Cloudy,Field A
2022-08-11,08:45,Cow_196,5,5,5,0,35.3,Cloudy,Field B
2022-08-11,08:45,Cow_197,11,7,0,0,35.3,Cloudy,Field C
2022-08-11,08:45,Cow_198,12,0,6,0,35.3,Cloudy,Field B
2022-08-11,08:45,Cow_199,5,4,6,0,35.3,Cloudy,Field B
2022-08-11,08:45,Cow_200,4,6,5,0,35.3,Cloudy,Field C
2022-08-11,08:45,Cow_201,12,6,0,0,35.3,Cloudy,Field C
2022-08-11,08:45,Cow_202,14,0,7,0,35.3,Cloudy,Field C
2022-08-11,08:45,Cow_203,13,10,0,0,35.3,Cloudy,Field C
2022-08-11,08:45,Cow_204,6,10,0,0,35.3,Cloudy,Field B
2022-08-11,08:45,Cow_205,0,0,0,15,35.3,Cloudy,Field C
2022-08-11,08:45,Cow_206,1,10,4,0,35.3,Cloudy,Field B
2022-08-11,08:45,Cow_207,0,10,5,0,35.3,Cloudy,Field A
2022-08-11,08:45,Cow_208,0,9,7,0,35.3,Cloudy,Field A
2022-08-11,08:45,Cow_209,9,0,6,0,35.3,Cloudy,Field B
2022-08-11,08:45,Cow_210,11,0,7,0,35.3,Cloudy,Field C
2022-08-11,08:45,Cow_211,13,0,7,0,35.3,Cloudy,Field B
2022-08-11,08:45,Cow_212,4,5,6,0,35.3,Cloudy,Field A
2022-08-11,08:45,Cow_213,5,7,3,0,35.3,Cloudy,Field C
2022-08-11,08:45,Cow_214,14,0,4,0,35.3,Cloudy,Field A
2022-08-11,08:45,Cow_215,3,5,7,0,35.3,Cloudy,Field C
2022-08-11,08:45,Cow_216,14,0,4,0,35.3,Cloudy,Field C
2022-08-11,08:45,Cow_217,13,0,5,0,35.3,Cloudy,Field C
2022-08-11,08:45,Cow_218,10,2,3,0,35.3,Cloudy,Field C
2022-08-11,08:45,Cow_219,0,10,8,0,35.3,Cloudy,Field B
2022-08-11,08:45,Cow_220,13,0,3,0,35.3,Cloudy,Field A
2022-08-11,08:45,Cow_221,8,4,3,0,35.3,Cloudy,Field B
2022-08-11,08:45,Cow_222,2,9,4,0,35.3,Cloudy,Field A
2022-08-11,08:45,Cow_223,0,0,0,15,35.3,Cloudy,Field A
2022-08-11,08:45,Cow_224,14,9,0,0,35.3,Cloudy,Field A
2022-08-11,08:45,Cow_225,14,7,0,0,35.3,Cloudy,Field B
2022-08-11,08:45,Cow_226,13,0,3,0,35.3,Cloudy,Field B
2022-08-11,08:45,Cow_227,2,7,6,0,35.3,Cloudy,Field B
2022-08-11,08:45,Cow_228,13,6,0,0,35.3,Cloudy,Field A
2022-08-11,08:45,Cow_229,14,5,0,0,35.3,Cloudy,Field A
2022-08-11,08:45,Cow_230,3,5,7,0,35.3,Cloudy,Field A
2022-08-11,08:45,Cow_231,1,7,7,0,35.3,Cloudy,Field A
2022-08-11,08:45,Cow_232,9,10,0,0,35.3,Cloudy,Field A
2022-08-11,08:45,Cow_233,14,4,0,0,35.3,Cloudy,Field B
2022-08-11,08:45,Cow_234,6,4,5,0,35.3,Cloudy,Field B
2022-08-11,08:45,Cow_235,7,2,6,0,35.3,Cloudy,Field C
2022-08-11,08:45,Cow_236,5,3,7,0,35.3,Cloudy,Field B
2022-08-11,08:45,Cow_237,0,10,8,0,35.3,Cloudy,Field B
2022-08-11,08:45,Cow_238,14,8,0,0,35.3,Cloudy,Field C
2022-08-11,08:45,Cow_239,10,0,6,0,35.3,Cloudy,Field C
2022-08-11,08:45,Cow_240,6,3,6,0,35.3,Cloudy,Field B
2022-08-11,08:45,Cow_241,12,5,0,0,35.3,Cloudy,Field A
2022-08-11,08:45,Cow_242,8,3,4,0,35.3,Cloudy,Field B
2022-08-11,08:45,Cow_243,5,6,4,0,35.3,Cloudy,Field B
2022-08-11,08:45,Cow_244,4,5,6,0,35.3,Cloudy,Field C
2022-08-11,08:45,Cow_245,5,7,3,0,35.3,Cloudy,Field C
2022-08-11,08:45,Cow_246,14,0,5,0,35.3,Cloudy,Field C
2022-08-11,08:45,Cow_247,5,8,2,0,35.3,Cloudy,Field C
2022-08-11,08:45,Cow_248,9,3,3,0,35.3,Cloudy,Field B
2022-08-11,08:45,Cow_249,6,3,6,0,35.3,Cloudy,Field A
2022-08-11,08:45,Cow_250,5,9,1,0,35.3,Cloudy,Field B
2022-08-11,08:45,Cow_251,7,10,0,0,35.3,Cloudy,Field C
2022-08-11,08:45,Cow_252,0,10,8,0,35.3,Cloudy,Field C
2022-08-11,08:45,Cow_253,5,3,7,0,35.3,Cloudy,Field C
2022-08-11,08:45,Cow_254,0,7,8,0,35.3,Cloudy,Field A
2022-08-11,08:45,Cow_255,0,0,0,15,35.3,Cloudy,Field C
2022-08-11,08:45,Cow_256,10,3,2,0,35.3,Cloudy,Field C
2022-08-11,08:45,Cow_257,2,10,3,0,35.3,Cloudy,Field C
2022-08-11,08:45,Cow_258,11,3,1,0,35.3,Cloudy,Field C
2022-08-11,08:45,Cow_259,12,8,0,0,35.3,Cloudy,Field A
2022-08-11,08:45,Cow_260,0,9,8,0,35.3,Cloudy,Field B
2022-08-11,08:45,Cow_261,8,4,3,0,35.3,Cloudy,Field A
2022-08-11,08:45,Cow_262,0,0,0,15,35.3,Cloudy,Field A
2022-08-11,08:45,Cow_263,11,4,0,0,35.3,Cloudy,Field A
2022-08-11,08:45,Cow_264,9,2,4,0,35.3,Cloudy,Field C
2022-08-11,08:45,Cow_265,9,2,4,0,35.3,Cloudy,Field A
2022-08-11,08:45,Cow_266,1,10,4,0,35.3,Cloudy,Field C
2022-08-11,08:45,Cow_267,0,8,8,0,35.3,Cloudy,Field C
2022-08-11,08:45,Cow_268,0,0,0,15,35.3,Cloudy,Field B
2022-08-11,08:45,Cow_269,5,3,7,0,35.3,Cloudy,Field A
2022-08-11,08:45,Cow_270,8,0,8,0,35.3,Cloudy,Field C
2022-08-11,08:45,Cow_271,5,3,7,0,35.3,Cloudy,Field B
2022-08-11,08:45,Cow_272,0,0,0,15,35.3,Cloudy,Field C
2022-08-11,08:45,Cow_273,13,0,7,0,35.3,Cloudy,Field A
2022-08-11,08:45,Cow_274,6,4,5,0,35.3,Cloudy,Field C
2022-08-11,08:45,Cow_275,5,5,5,0,35.3,Cloudy,Field B
2022-08-11,08:45,Cow_276,0,0,0,15,35.3,Cloudy,Field B
2022-08-11,08:45,Cow_277,10,5,0,0,35.3,Cloudy,Field A
2022-08-11,08:45,Cow_278,7,10,0,0,35.3,Cloudy,Field A
2022-08-11,08:45,Cow_279,14,5,0,0,35.3,Cloudy,Field A
2022-08-11,08:45,Cow_280,8,7,0,0,35.3,Cloudy,Field C
2022-08-11,08:45,Cow_281,6,7,2,0,35.3,Cloudy,Field C
2022-08-11,08:45,Cow_282,13,0,3,0,35.3,Cloudy,Field A
2022-08-11,08:45,Cow_283,2,7,6,0,35.3,Cloudy,Field A
2022-08-11,08:45,Cow_284,0,0,0,15,35.3,Cloudy,Field B
2022-08-11,08:45,Cow_285,13,4,0,0,35.3,Cloudy,Field B
2022-08-11,08:45,Cow_286,8,8,0,0,35.3,Cloudy,Field C
2022-08-11,08:45,Cow_287,10,0,5,0,35.3,Cloudy,Field A
2022-08-11,08:45,Cow_288,1,9,5,0,35.3,Cloudy,Field A
2022-08-11,08:45,Cow_289,9,3,3,0,35.3,Cloudy,Field B
2022-08-11,08:45,Cow_290,8,0,7,0,35.3,Cloudy,Field B
2022-08-11,08:45,Cow_291,0,8,7,0,35.3,Cloudy,Field B
2022-08-11,08:45,Cow_292,4,3,8,0,35.3,Cloudy,Field A
2022-08-11,08:45,Cow_293,4,6,5,0,35.3,Cloudy,Field C
2022-08-11,08:45,Cow_294,8,9,0,0,35.3,Cloudy,Field A
2022-08-11,08:45,Cow_295,10,4,1,0,35.3,Cloudy,Field A
2022-08-11,08:45,Cow_296,3,6,6,0,35.3,Cloudy,Field C
2022-08-11,08:45,Cow_297,14,0,6,0,35.3,Cloudy,Field A
2022-08-11,08:45,Cow_298,8,3,4,0,35.3,Cloudy,Field A
2022-08-11,08:45,Cow_299,2,11,2,0,35.3,Cloudy,Field A
2022-08-11,08:45,Cow_300,6,10,0,0,35.3,Cloudy,Field C
2022-08-11,08:45,Cow_301,6,1,8,0,35.3,Cloudy,Field C
2022-08-11,08:45,Cow_302,6,5,4,0,35.3,Cloudy,Field B
2022-08-11,08:45,Cow_303,14,0,6,0,35.3,Cloudy,Field C
2022-08-11,08:45,Cow_304,8,3,4,0,35.3,Cloudy,Field B
2022-08-11,08:45,Cow_305,0,0,0,15,35.3,Cloudy,Field C
2022-08-11,08:45,Cow_306,5,2,8,0,35.3,Cloudy,Field B
2022-08-11,08:45,Cow_307,8,4,3,0,35.3,Cloudy,Field A
2022-08-11,08:45,Cow_308,14,0,4,0,35.3,Cloudy,Field B
2022-08-11,08:45,Cow_309,6,6,3,0,35.3,Cloudy,Field B
2022-08-11,08:45,Cow_310,8,4,3,0,35.3,Cloudy,Field B
2022-08-11,08:45,Cow_311,0,10,6,0,35.3,Cloudy,Field B
2022-08-11,08:45,Cow_312,6,10,0,0,35.3,Cloudy,Field B
2022-08-11,08:45,Cow_313,14,7,0,0,35.3,Cloudy,Field C
2022-08-11,08:45,Cow_314,3,4,8,0,35.3,Cloudy,Field A
2022-08-11,08:45,Cow_315,11,5,0,0,35.3,Cloudy,Field B
2022-08-11,08:45,Cow_316,0,9,7,0,35.3,Cloudy,Field B
2022-08-11,08:45,Cow_317,5,10,0,0,35.3,Cloudy,Field A
2022-08-11,08:45,Cow_318,5,7,3,0,35.3,Cloudy,Field C
2022-08-11,08:45,Cow_319,7,5,3,0,35.3,Cloudy,Field A
2022-08-11,08:45,Cow_320,2,6,7,0,35.3,Cloudy,Field A
2022-08-11,08:45,Cow_321,0,0,0,15,35.3,Cloudy,Field A
2022-08-11,08:45,Cow_322,0,8,7,0,35.3,Cloudy,Field A
2022-08-11,08:45,Cow_323,6,7,2,0,35.3,Cloudy,Field C
2022-08-11,08:45,Cow_324,6,3,6,0,35.3,Cloudy,Field A
2022-08-11,08:45,Cow_325,4,4,7,0,35.3,Cloudy,Field A
2022-08-11,08:45,Cow_326,0,0,0,15,35.3,Cloudy,Field C
2022-08-11,08:45,Cow_327,9,10,0,0,35.3,Cloudy,Field A
2022-08-11,08:45,Cow_328,0,0,0,15,35.3,Cloudy,Field C
2022-08-11,08:45,Cow_329,7,7,1,0,35.3,Cloudy,Field C
2022-08-11,08:45,Cow_330,1,8,6,0,35.3,Cloudy,Field A
2022-08-11,08:45,Cow_331,11,0,5,0,35.3,Cloudy,Field B
2022-08-11,08:45,Cow_332,6,4,5,0,35.3,Cloudy,Field B
2022-08-11,08:45,Cow_333,14,0,3,0,35.3,Cloudy,Field C
2022-08-11,08:45,Cow_334,12,0,5,0,35.3,Cloudy,Field A
2022-08-11,08:45,Cow_335,7,3,5,0,35.3,Cloudy,Field C
2022-08-11,08:45,Cow_336,0,8,8,0,35.3,Cloudy,Field B
2022-08-11,08:45,Cow_337,6,3,6,0,35.3,Cloudy,Field C
2022-08-11,08:45,Cow_338,7,4,4,0,35.3,Cloudy,Field A
2022-08-11,08:45,Cow_339,6,5,4,0,35.3,Cloudy,Field C
2022-08-11,08:45,Cow_340,0,8,7,0,35.3,Cloudy,Field A
2022-08-11,08:45,Cow_341,5,7,3,0,35.3,Cloudy,Field B
2022-08-11,08:45,Cow_342,4,3,8,0,35.3,Cloudy,Field C
2022-08-11,08:45,Cow_343,10,0,7,0,35.3,Cloudy,Field A
2022-08-11,08:45,Cow_344,0,9,8,0,35.3,Cloudy,Field C
2022-08-11,08:45,Cow_345,3,8,4,0,35.3,Cloudy,Field A
2022-08-11,08:45,Cow_346,11,1,3,0,35.3,Cloudy,Field C
2022-08-11,08:45,Cow_347,14,0,6,0,35.3,Cloudy,Field C
2022-08-11,08:45,Cow_348,8,2,5,0,35.3,Cloudy,Field B
2022-08-11,08:45,Cow_349,1,7,7,0,35.3,Cloudy,Field A
2022-08-11,08:45,Cow_350,0,8,7,0,35.3,Cloudy,Field A
2022-08-11,08:45,Cow_351,10,7,0,0,35.3,Cloudy,Field B
2022-08-11,08:45,Cow_352,7,5,3,0,35.3,Cloudy,Field C
2022-08-11,08:45,Cow_353,2,7,6,0,35.3,Cloudy,Field A
2022-08-11,08:45,Cow_354,0,0,0,15,35.3,Cloudy,Field A
2022-08-11,08:45,Cow_355,5,8,2,0,35.3,Cloudy,Field C
2022-08-11,08:45,Cow_356,8,9,0,0,35.3,Cloudy,Field C
2022-08-11,08:45,Cow_357,9,10,0,0,35.3,Cloudy,Field A
2022-08-11,08:45,Cow_358,5,4,6,0,35.3,Cloudy,Field B
2022-08-11,08:45,Cow_359,9,4,2,0,35.3,Cloudy,Field C
2022-08-11,08:45,Cow_360,3,5,7,0,35.3,Cloudy,Field B
2022-08-11,08:45,Cow_361,14,0,6,0,35.3,Cloudy,Field A
2022-08-11,08:45,Cow_362,10,0,7,0,35.3,Cloudy,Field A
2022-08-11,08:45,Cow_363,6,4,5,0,35.3,Cloudy,Field B
2022-08-11,08:45,Cow_364,3,8,4,0,35.3,Cloudy,Field A
2022-08-11,08:45,Cow_365,6,6,3,0,35.3,Cloudy,Field C
2022-08-11,08:45,Cow_366,14,0,2,0,35.3,Cloudy,Field A
2022-08-11,08:45,Cow_367,14,0,8,0,35.3,Cloudy,Field A
2022-08-11,08:45,Cow_368,14,0,8,0,35.3,Cloudy,Field A
2022-08-11,08:45,Cow_369,14,9,0,0,35.3,Cloudy,Field A
2022-08-11,08:45,Cow_370,0,0,0,15,35.3,Cloudy,Field B
2022-08-11,08:45,Cow_371,8,4,3,0,35.3,Cloudy,Field C
2022-08-11,08:45,Cow_372,6,5,4,0,35.3,Cloudy,Field C
2022-08-11,08:45,Cow_373,7,4,4,0,35.3,Cloudy,Field A
2022-08-11,08:45,Cow_374,8,3,4,0,35.3,Cloudy,Field C
2022-08-11,08:45,Cow_375,14,8,0,0,35.3,Cloudy,Field B
2022-08-11,08:45,Cow_376,2,6,7,0,35.3,Cloudy,Field C
2022-08-11,08:45,Cow_377,13,0,7,0,35.3,Cloudy,Field A
2022-08-11,08:45,Cow_378,5,6,4,0,35.3,Cloudy,Field C
2022-08-11,08:45,Cow_379,0,9,6,0,35.3,Cloudy,Field B
2022-08-11,08:45,Cow_380,5,6,4,0,35.3,Cloudy,Field C
2022-08-11,08:45,Cow_381,5,6,4,0,35.3,Cloudy,Field A
2022-08-11,08:45,Cow_382,14,3,0,0,35.3,Cloudy,Field B
2022-08-11,08:45,Cow_383,0,10,8,0,35.3,Cloudy,Field A
2022-08-11,08:45,Cow_384,8,0,7,0,35.3,Cloudy,Field A
2022-08-11,08:45,Cow_385,6,4,5,0,35.3,Cloudy,Field B
2022-08-11,08:45,Cow_386,13,4,0,0,35.3,Cloudy,Field C
2022-08-11,08:45,Cow_387,9,3,3,0,35.3,Cloudy,Field A
2022-08-11,08:45,Cow_388,5,6,4,0,35.3,Cloudy,Field B
2022-08-11,08:45,Cow_389,0,10,6,0,35.3,Cloudy,Field B
2022-08-11,08:45,Cow_390,9,4,2,0,35.3,Cloudy,Field B
2022-08-11,08:45,Cow_391,8,12,0,0,35.3,Cloudy,Field B
2022-08-11,08:45,Cow_392,7,3,5,0,35.3,Cloudy,Field A
2022-08-11,08:45,Cow_393,8,3,4,0,35.3,Cloudy,Field A
2022-08-11,08:45,Cow_394,0,0,0,15,35.3,Cloudy,Field A
2022-08-11,08:45,Cow_395,15,0,4,0,35.3,Cloudy,Field C
2022-08-11,08:45,Cow_396,12,0,8,0,35.3,Cloudy,Field C
2022-08-11,08:45,Cow_397,10,2,3,0,35.3,Cloudy,Field C
2022-08-11,08:45,Cow_398,8,9,0,0,35.3,Cloudy,Field B
2022-08-11,08:45,Cow_399,7,1,7,0,35.3,Cloudy,Field C
2022-08-11,08:45,Cow_400,7,0,8,0,35.3,Cloudy,Field B
2022-08-11,08:45,Cow_401,6,7,2,0,35.3,Cloudy,Field B
2022-08-11,08:45,Cow_402,8,0,7,0,35.3,Cloudy,Field B
2022-08-11,08:45,Cow_403,8,3,4,0,35.3,Cloudy,Field A
2022-08-11,08:45,Cow_404,9,6,0,0,35.3,Cloudy,Field B
2022-08-11,08:45,Cow_405,8,9,0,0,35.3,Cloudy,Field A
2022-08-11,08:45,Cow_406,14,0,8,0,35.3,Cloudy,Field C
2022-08-11,08:45,Cow_407,4,6,5,0,35.3,Cloudy,Field C
2022-08-11,08:45,Cow_408,14,0,7,0,35.3,Cloudy,Field B
2022-08-11,08:45,Cow_409,8,4,3,0,35.3,Cloudy,Field B
2022-08-11,08:45,Cow_410,9,5,1,0,35.3,Cloudy,Field A
2022-08-11,08:45,Cow_411,12,4,0,0,35.3,Cloudy,Field B
2022-08-11,08:45,Cow_412,7,6,2,0,35.3,Cloudy,Field A
2022-08-11,08:45,Cow_413,11,0,7,0,35.3,Cloudy,Field B
2022-08-11,08:45,Cow_414,1,9,5,0,35.3,Cloudy,Field B
2022-08-11,08:45,Cow_415,9,0,6,0,35.3,Cloudy,Field B
2022-08-11,08:45,Cow_416,11,7,0,0,35.3,Cloudy,Field C
2022-08-11,08:45,Cow_417,1,8,6,0,35.3,Cloudy,Field C
2022-08-11,08:45,Cow_418,12,0,3,0,35.3,Cloudy,Field A
2022-08-11,08:45,Cow_419,6,6,3,0,35.3,Cloudy,Field C
2022-08-11,08:45,Cow_420,10,0,7,0,35.3,Cloudy,Field B
2022-08-11,08:45,Cow_421,5,3,7,0,35.3,Cloudy,Field C
2022-08-11,08:45,Cow_422,11,0,6,0,35.3,Cloudy,Field A
2022-08-11,08:45,Cow_423,0,0,0,15,35.3,Cloudy,Field C
2022-08-11,08:45,Cow_424,4,3,8,0,35.3,Cloudy,Field C
2022-08-11,08:45,Cow_425,9,2,4,0,35.3,Cloudy,Field B
2022-08-11,08:45,Cow_426,6,5,4,0,35.3,Cloudy,Field C
2022-08-11,08:45,Cow_427,8,11,0,0,35.3,Cloudy,Field C
2022-08-11,08:45,Cow_428,11,0,8,0,35.3,Cloudy,Field B
2022-08-11,08:45,Cow_429,10,0,5,0,35.3,Cloudy,Field A
2022-08-11,08:45,Cow_430,13,3,0,0,35.3,Cloudy,Field B
2022-08-11,08:45,Cow_431,0,0,0,15,35.3,Cloudy,Field A
2022-08-11,08:45,Cow_432,6,1,8,0,35.3,Cloudy,Field A
2022-08-11,08:45,Cow_433,1,8,6,0,35.3,Cloudy,Field B
2022-08-11,08:45,Cow_434,6,5,4,0,35.3,Cloudy,Field B
2022-08-11,08:45,Cow_435,0,10,8,0,35.3,Cloudy,Field B
2022-08-11,08:45,Cow_436,12,5,0,0,35.3,Cloudy,Field A
2022-08-11,08:45,Cow_437,0,0,0,15,35.3,Cloudy,Field C
2022-08-11,08:45,Cow_438,5,7,3,0,35.3,Cloudy,Field C
2022-08-11,08:45,Cow_439,12,10,0,0,35.3,Cloudy,Field C
2022-08-11,08:45,Cow_440,11,10,0,0,35.3,Cloudy,Field C
2022-08-11,08:45,Cow_441,10,0,5,0,35.3,Cloudy,Field A
2022-08-11,08:45,Cow_442,0,7,10,0,35.3,Cloudy,Field A
2022-08-11,08:45,Cow_443,2,7,6,0,35.3,Cloudy,Field A
2022-08-11,08:45,Cow_444,11,0,5,0,35.3,Cloudy,Field B
2022-08-11,08:45,Cow_445,6,1,8,0,35.3,Cloudy,Field B
2022-08-11,08:45,Cow_446,6,5,4,0,35.3,Cloudy,Field C
2022-08-11,08:45,Cow_447,7,5,3,0,35.3,Cloudy,Field C
2022-08-11,08:45,Cow_448,5,10,0,0,35.3,Cloudy,Field C
2022-08-11,08:45,Cow_449,0,0,0,15,35.3,Cloudy,Field B
2022-08-11,08:45,Cow_450,5,9,1,0,35.3,Cloudy,Field B
2022-08-11,08:45,Cow_451,12,3,0,0,35.3,Cloudy,Field A
2022-08-11,08:45,Cow_452,1,6,8,0,35.3,Cloudy,Field A
2022-08-11,08:45,Cow_453,10,6,0,0,35.3,Cloudy,Field C
2022-08-11,08:45,Cow_454,9,3,3,0,35.3,Cloudy,Field B
2022-08-11,08:45,Cow_455,1,7,7,0,35.3,Cloudy,Field A
2022-08-11,08:45,Cow_456,14,4,0,0,35.3,Cloudy,Field C
2022-08-11,08:45,Cow_457,9,4,2,0,35.3,Cloudy,Field C
2022-08-11,08:45,Cow_458,5,3,7,0,35.3,Cloudy,Field C
2022-08-11,08:45,Cow_459,12,9,0,0,35.3,Cloudy,Field B
2022-08-11,08:45,Cow_460,7,4,4,0,35.3,Cloudy,Field B
2022-08-11,08:45,Cow_461,8,10,0,0,35.3,Cloudy,Field C
2022-08-11,08:45,Cow_462,14,0,6,0,35.3,Cloudy,Field C
2022-08-11,08:45,Cow_463,1,10,4,0,35.3,Cloudy,Field B
2022-08-11,08:45,Cow_464,14,9,0,0,35.3,Cloudy,Field A
2022-08-11,08:45,Cow_465,7,7,1,0,35.3,Cloudy,Field A
2022-08-11,08:45,Cow_466,1,9,5,0,35.3,Cloudy,Field A
2022-08-11,08:45,Cow_467,9,9,0,0,35.3,Cloudy,Field C
2022-08-11,08:45,Cow_468,10,0,7,0,35.3,Cloudy,Field B
2022-08-11,08:45,Cow_469,8,4,3,0,35.3,Cloudy,Field C
2022-08-11,08:45,Cow_470,12,0,8,0,35.3,Cloudy,Field B
2022-08-11,08:45,Cow_471,5,9,1,0,35.3,Cloudy,Field A
2022-08-11,08:45,Cow_472,11,0,5,0,35.3,Cloudy,Field A
2022-08-11,08:45,Cow_473,11,0,8,0,35.3,Cloudy,Field B
2022-08-11,08:45,Cow_474,13,0,7,0,35.3,Cloudy,Field C
2022-08-11,08:45,Cow_475,8,4,3,0,35.3,Cloudy,Field B
2022-08-11,08:45,Cow_476,5,3,7,0,35.3,Cloudy,Field A
2022-08-11,08:45,Cow_477,0,10,8,0,35.3,Cloudy,Field B
2022-08-11,08:45,Cow_478,3,9,3,0,35.3,Cloudy,Field A
2022-08-11,08:45,Cow_479,2,4,9,0,35.3,Cloudy,Field B
2022-08-11,08:45,Cow_480,2,8,5,0,35.3,Cloudy,Field A
2022-08-11,08:45,Cow_481,8,1,6,0,35.3,Cloudy,Field C
2022-08-11,08:45,Cow_482,11,0,4,0,35.3,Cloudy,Field B
2022-08-11,08:45,Cow_483,7,3,5,0,35.3,Cloudy,Field A
2022-08-11,08:45,Cow_484,7,7,1,0,35.3,Cloudy,Field A
2022-08-11,08:45,Cow_485,7,5,3,0,35.3,Cloudy,Field B
2022-08-11,08:45,Cow_486,0,0,0,15,35.3,Cloudy,Field B
2022-08-11,08:45,Cow_487,14,6,0,0,35.3,Cloudy,Field C
2022-08-11,08:45,Cow_488,10,0,8,0,35.3,Cloudy,Field B
2022-08-11,08:45,Cow_489,0,9,6,0,35.3,Cloudy,Field C
2022-08-11,08:45,Cow_490,12,0,3,0,35.3,Cloudy,Field B
2022-08-11,08:45,Cow_491,7,3,5,0,35.3,Cloudy,Field B
2022-08-11,08:45,Cow_492,3,8,4,0,35.3,Cloudy,Field A
2022-08-11,08:45,Cow_493,2,6,7,0,35.3,Cloudy,Field B
2022-08-11,08:45,Cow_494,9,9,0,0,35.3,Cloudy,Field B
2022-08-11,08:45,Cow_495,11,0,7,0,35.3,Cloudy,Field C
2022-08-11,08:45,Cow_496,6,4,5,0,35.3,Cloudy,Field B
2022-08-11,08:45,Cow_497,0,8,8,0,35.3,Cloudy,Field B
2022-08-11,08:45,Cow_498,3,6,6,0,35.3,Cloudy,Field B
2022-08-11,08:45,Cow_499,6,5,4,0,35.3,Cloudy,Field A
2022-08-11,08:45,Cow_500,6,4,5,0,35.3,Cloudy,Field A
2022-08-11,09:00,Cow_1,9,7,0,0,25.5,Cloudy,Field B
2022-08-11,09:00,Cow_2,5,6,4,0,25.5,Cloudy,Field B
2022-08-11,09:00,Cow_3,0,0,0,15,25.5,Cloudy,Field C
2022-08-11,09:00,Cow_4,6,7,2,0,25.5,Cloudy,Field C
2022-08-11,09:00,Cow_5,3,8,4,0,25.5,Cloudy,Field C
2022-08-11,09:00,Cow_6,6,3,6,0,25.5,Cloudy,Field B
2022-08-11,09:00,Cow_7,14,0,7,0,25.5,Cloudy,Field A
2022-08-11,09:00,Cow_8,13,0,7,0,25.5,Cloudy,Field A
2022-08-11,09:00,Cow_9,9,8,0,0,25.5,Cloudy,Field C
2022-08-11,09:00,Cow_10,5,4,6,0,25.5,Cloudy,Field A
2022-08-11,09:00,Cow_11,3,5,7,0,25.5,Cloudy,Field C
2022-08-11,09:00,Cow_12,10,0,8,0,25.5,Cloudy,Field A
2022-08-11,09:00,Cow_13,14,0,3,0,25.5,Cloudy,Field B
2022-08-11,09:00,Cow_14,10,2,3,0,25.5,Cloudy,Field B
2022-08-11,09:00,Cow_15,0,9,6,0,25.5,Cloudy,Field A
2022-08-11,09:00,Cow_16,0,0,0,15,25.5,Cloudy,Field C
2022-08-11,09:00,Cow_17,13,0,4,0,25.5,Cloudy,Field A
2022-08-11,09:00,Cow_18,5,3,7,0,25.5,Cloudy,Field A
2022-08-11,09:00,Cow_19,5,3,7,0,25.5,Cloudy,Field A
2022-08-11,09:00,Cow_20,6,5,4,0,25.5,Cloudy,Field B
2022-08-11,09:00,Cow_21,0,12,7,0,25.5,Cloudy,Field C
2022-08-11,09:00,Cow_22,8,6,1,0,25.5,Cloudy,Field A
2022-08-11,09:00,Cow_23,11,4,0,0,25.5,Cloudy,Field C
2022-08-11,09:00,Cow_24,8,9,0,0,25.5,Cloudy,Field C
2022-08-11,09:00,Cow_25,5,6,4,0,25.5,Cloudy,Field C
2022-08-11,09:00,Cow_26,5,3,7,0,25.5,Cloudy,Field A
2022-08-11,09:00,Cow_27,11,0,5,0,25.5,Cloudy,Field A
2022-08-11,09:00,Cow_28,11,0,5,0,25.5,Cloudy,Field B
2022-08-11,09:00,Cow_29,8,3,4,0,25.5,Cloudy,Field A
2022-08-11,09:00,Cow_30,12,0,8,0,25.5,Cloudy,Field C
2022-08-11,09:00,Cow_31,7,9,0,0,25.5,Cloudy,Field A
2022-08-11,09:00,Cow_32,9,0,8,0,25.5,Cloudy,Field A
2022-08-11,09:00,Cow_33,5,5,5,0,25.5,Cloudy,Field B
2022-08-11,09:00,Cow_34,7,4,4,0,25.5,Cloudy,Field C
2022-08-11,09:00,Cow_35,0,9,8,0,25.5,Cloudy,Field C
2022-08-11,09:00,Cow_36,7,0,8,0,25.5,Cloudy,Field B
2022-08-11,09:00,Cow_37,6,2,7,0,25.5,Cloudy,Field A
2022-08-11,09:00,Cow_38,0,0,0,15,25.5,Cloudy,Field B
2022-08-11,09:00,Cow_39,0,0,0,15,25.5,Cloudy,Field C
2022-08-11,09:00,Cow_40,0,0,0,15,25.5,Cloudy,Field C
2022-08-11,09:00,Cow_41,10,1,4,0,25.5,Cloudy,Field C
2022-08-11,09:00,Cow_42,5,6,4,0,25.5,Cloudy,Field A
2022-08-11,09:00,Cow_43,7,2,6,0,25.5,Cloudy,Field C
2022-08-11,09:00,Cow_44,3,7,5,0,25.5,Cloudy,Field B
2022-08-11,09:00,Cow_45,9,3,3,0,25.5,Cloudy,Field B
2022-08-11,09:00,Cow_46,8,0,8,0,25.5,Cloudy,Field C
2022-08-11,09:00,Cow_47,9,0,7,0,25.5,Cloudy,Field A
2022-08-11,09:00,Cow_48,6,4,5,0,25.5,Cloudy,Field B
2022-08-11,09:00,Cow_49,5,5,5,0,25.5,Cloudy,Field A
2022-08-11,09:00,Cow_50,9,9,0,0,25.5,Cloudy,Field A
2022-08-11,09:00,Cow_51,7,4,4,0,25.5,Cloudy,Field B
2022-08-11,09:00,Cow_52,3,6,6,0,25.5,Cloudy,Field A
2022-08-11,09:00,Cow_53,12,5,0,0,25.5,Cloudy,Field A
2022-08-11,09:00,Cow_54,6,12,0,0,25.5,Cloudy,Field A
2022-08-11,09:00,Cow_55,0,9,6,0,25.5,Cloudy,Field C
2022-08-11,09:00,Cow_56,0,0,0,15,25.5,Cloudy,Field A
2022-08-11,09:00,Cow_57,6,6,3,0,25.5,Cloudy,Field B
2022-08-11,09:00,Cow_58,10,6,0,0,25.5,Cloudy,Field A
2022-08-11,09:00,Cow_59,5,5,5,0,25.5,Cloudy,Field B
2022-08-11,09:00,Cow_60,0,8,7,0,25.5,Cloudy,Field A
2022-08-11,09:00,Cow_61,0,0,0,15,25.5,Cloudy,Field A
2022-08-11,09:00,Cow_62,3,7,5,0,25.5,Cloudy,Field C
2022-08-11,09:00,Cow_63,10,10,0,0,25.5,Cloudy,Field C
2022-08-11,09:00,Cow_64,0,0,0,15,25.5,Cloudy,Field B
2022-08-11,09:00,Cow_65,7,4,4,0,25.5,Cloudy,Field A
2022-08-11,09:00,Cow_66,3,8,4,0,25.5,Cloudy,Field A
2022-08-11,09:00,Cow_67,11,8,0,0,25.5,Cloudy,Field C
2022-08-11,09:00,Cow_68,5,7,3,0,25.5,Cloudy,Field C
2022-08-11,09:00,Cow_69,11,1,3,0,25.5,Cloudy,Field A
2022-08-11,09:00,Cow_70,7,5,3,0,25.5,Cloudy,Field C
2022-08-11,09:00,Cow_71,6,9,0,0,25.5,Cloudy,Field B
2022-08-11,09:00,Cow_72,4,7,4,0,25.5,Cloudy,Field B
2022-08-11,09:00,Cow_73,7,0,8,0,25.5,Cloudy,Field C
2022-08-11,09:00,Cow_74,7,3,5,0,25.5,Cloudy,Field B
2022-08-11,09:00,Cow_75,0,10,9,0,25.5,Cloudy,Field B
2022-08-11,09:00,Cow_76,0,7,8,0,25.5,Cloudy,Field A
2022-08-11,09:00,Cow_77,12,4,0,0,25.5,Cloudy,Field B
2022-08-11,09:00,Cow_78,8,0,7,0,25.5,Cloudy,Field C
2022-08-11,09:00,Cow_79,1,7,7,0,25.5,Cloudy,Field C
2022-08-11,09:00,Cow_80,6,9,0,0,25.5,Cloudy,Field C
2022-08-11,09:00,Cow_81,3,8,4,0,25.5,Cloudy,Field A
2022-08-11,09:00,Cow_82,6,4,5,0,25.5,Cloudy,Field A
2022-08-11,09:00,Cow_83,13,10,0,0,25.5,Cloudy,Field C
2022-08-11,09:00,Cow_84,6,3,6,0,25.5,Cloudy,Field B
2022-08-11,09:00,Cow_85,8,3,4,0,25.5,Cloudy,Field B
2022-08-11,09:00,Cow_86,12,9,0,0,25.5,Cloudy,Field C
2022-08-11,09:00,Cow_87,6,7,2,0,25.5,Cloudy,Field C
2022-08-11,09:00,Cow_88,0,7,8,0,25.5,Cloudy,Field B
2022-08-11,09:00,Cow_89,7,5,3,0,25.5,Cloudy,Field C
2022-08-11,09:00,Cow_90,10,4,1,0,25.5,Cloudy,Field B
2022-08-11,09:00,Cow_91,5,5,5,0,25.5,Cloudy,Field B
2022-08-11,09:00,Cow_92,13,5,0,0,25.5,Cloudy,Field C
2022-08-11,09:00,Cow_93,8,4,3,0,25.5,Cloudy,Field B
2022-08-11,09:00,Cow_94,8,8,0,0,25.5,Cloudy,Field A
2022-08-11,09:00,Cow_95,6,2,7,0,25.5,Cloudy,Field A
2022-08-11,09:00,Cow_96,7,5,3,0,25.5,Cloudy,Field A
2022-08-11,09:00,Cow_97,7,6,2,0,25.5,Cloudy,Field B
2022-08-11,09:00,Cow_98,10,4,1,0,25.5,Cloudy,Field C
2022-08-11,09:00,Cow_99,14,3,0,0,25.5,Cloudy,Field A
2022-08-11,09:00,Cow_100,0,10,7,0,25.5,Cloudy,Field A
2022-08-11,09:00,Cow_101,14,4,0,0,25.5,Cloudy,Field B
2022-08-11,09:00,Cow_102,6,5,4,0,25.5,Cloudy,Field A
2022-08-11,09:00,Cow_103,14,0,3,0,25.5,Cloudy,Field A
2022-08-11,09:00,Cow_104,6,5,4,0,25.5,Cloudy,Field C
2022-08-11,09:00,Cow_105,6,8,1,0,25.5,Cloudy,Field A
2022-08-11,09:00,Cow_106,2,8,5,0,25.5,Cloudy,Field A
2022-08-11,09:00,Cow_107,0,0,0,15,25.5,Cloudy,Field B
2022-08-11,09:00,Cow_108,5,10,0,0,25.5,Cloudy,Field B
2022-08-11,09:00,Cow_109,12,9,0,0,25.5,Cloudy,Field C
2022-08-11,09:00,Cow_110,14,6,0,0,25.5,Cloudy,Field C
2022-08-11,09:00,Cow_111,6,6,3,0,25.5,Cloudy,Field A
2022-08-11,09:00,Cow_112,13,3,0,0,25.5,Cloudy,Field A
2022-08-11,09:00,Cow_113,13,10,0,0,25.5,Cloudy,Field B
2022-08-11,09:00,Cow_114,12,8,0,0,25.5,Cloudy,Field B
2022-08-11,09:00,Cow_115,0,0,0,15,25.5,Cloudy,Field B
2022-08-11,09:00,Cow_116,2,7,6,0,25.5,Cloudy,Field C
2022-08-11,09:00,Cow_117,11,0,5,0,25.5,Cloudy,Field C
2022-08-11,09:00,Cow_118,7,4,4,0,25.5,Cloudy,Field B
2022-08-11,09:00,Cow_119,13,7,0,0,25.5,Cloudy,Field C
2022-08-11,09:00,Cow_120,3,9,3,0,25.5,Cloudy,Field A
2022-08-11,09:00,Cow_121,6,4,5,0,25.5,Cloudy,Field B
2022-08-11,09:00,Cow_122,8,4,3,0,25.5,Cloudy,Field A
2022-08-11,09:00,Cow_123,9,9,0,0,25.5,Cloudy,Field B
2022-08-11,09:00,Cow_124,10,9,0,0,25.5,Cloudy,Field C
2022-08-11,09:00,Cow_125,9,2,4,0,25.5,Cloudy,Field C
2022-08-11,09:00,Cow_126,10,2,3,0,25.5,Cloudy,Field A
2022-08-11,09:00,Cow_127,5,5,5,0,25.5,Cloudy,Field B
2022-08-11,09:00,Cow_128,14,0,6,0,25.5,Cloudy,Field A
2022-08-11,09:00,Cow_129,2,8,5,0,25.5,Cloudy,Field A
2022-08-11,09:00,Cow_130,8,2,5,0,25.5,Cloudy,Field C
2022-08-11,09:00,Cow_131,10,0,6,0,25.5,Cloudy,Field B
2022-08-11,09:00,Cow_132,13,9,0,0,25.5,Cloudy,Field A
2022-08-11,09:00,Cow_133,7,5,3,0,25.5,Cloudy,Field A
2022-08-11,09:00,Cow_134,9,7,0,0,25.5,Cloudy,Field A
2022-08-11,09:00,Cow_135,5,7,3,0,25.5,Cloudy,Field A
2022-08-11,09:00,Cow_136,3,6,6,0,25.5,Cloudy,Field A
2022-08-11,09:00,Cow_137,8,8,0,0,25.5,Cloudy,Field A
2022-08-11,09:00,Cow_138,7,3,5,0,25.5,Cloudy,Field B
2022-08-11,09:00,Cow_139,8,4,3,0,25.5,Cloudy,Field C
2022-08-11,09:00,Cow_140,0,9,8,0,25.5,Cloudy,Field A
2022-08-11,09:00,Cow_141,0,0,0,15,25.5,Cloudy,Field C
2022-08-11,09:00,Cow_142,6,4,5,0,25.5,Cloudy,Field B
2022-08-11,09:00,Cow_143,3,7,5,0,25.5,Cloudy,Field A
2022-08-11,09:00,Cow_144,7,3,5,0,25.5,Cloudy,Field C
2022-08-11,09:00,Cow_145,6,3,6,0,25.5,Cloudy,Field C
2022-08-11,09:00,Cow_146,13,3,0,0,25.5,Cloudy,Field B
2022-08-11,09:00,Cow_147,0,7,8,0,25.5,Cloudy,Field C
2022-08-11,09:00,Cow_148,5,2,8,0,25.5,Cloudy,Field B
2022-08-11,09:00,Cow_149,5,8,2,0,25.5,Cloudy,Field C
2022-08-11,09:00,Cow_150,7,9,0,0,25.5,Cloudy,Field A
2022-08-11,09:00,Cow_151,10,0,8,0,25.5,Cloudy,Field A
2022-08-11,09:00,Cow_152,11,9,0,0,25.5,Cloudy,Field B
2022-08-11,09:00,Cow_153,11,1,3,0,25.5,Cloudy,Field C
2022-08-11,09:00,Cow_154,3,6,6,0,25.5,Cloudy,Field A
2022-08-11,09:00,Cow_155,13,4,0,0,25.5,Cloudy,Field B
2022-08-11,09:00,Cow_156,8,8,0,0,25.5,Cloudy,Field C
2022-08-11,09:00,Cow_157,6,3,6,0,25.5,Cloudy,Field C
2022-08-11,09:00,Cow_158,9,9,0,0,25.5,Cloudy,Field B
2022-08-11,09:00,Cow_159,7,9,0,0,25.5,Cloudy,Field C
2022-08-11,09:00,Cow_160,11,0,5,0,25.5,Cloudy,Field C
2022-08-11,09:00,Cow_161,6,4,5,0,25.5,Cloudy,Field C
2022-08-11,09:00,Cow_162,3,8,4,0,25.5,Cloudy,Field C
2022-08-11,09:00,Cow_163,5,7,3,0,25.5,Cloudy,Field B
2022-08-11,09:00,Cow_164,8,0,7,0,25.5,Cloudy,Field B
2022-08-11,09:00,Cow_165,9,3,3,0,25.5,Cloudy,Field C
2022-08-11,09:00,Cow_166,0,0,0,15,25.5,Cloudy,Field A
2022-08-11,09:00,Cow_167,6,6,3,0,25.5,Cloudy,Field B
2022-08-11,09:00,Cow_168,11,7,0,0,25.5,Cloudy,Field B
2022-08-11,09:00,Cow_169,6,3,6,0,25.5,Cloudy,Field C
2022-08-11,09:00,Cow_170,3,8,4,0,25.5,Cloudy,Field B
2022-08-11,09:00,Cow_171,10,0,6,0,25.5,Cloudy,Field C
2022-08-11,09:00,Cow_172,8,3,4,0,25.5,Cloudy,Field A
2022-08-11,09:00,Cow_173,13,0,4,0,25.5,Cloudy,Field A
2022-08-11,09:00,Cow_174,14,10,0,0,25.5,Cloudy,Field B
2022-08-11,09:00,Cow_175,5,7,3,0,25.5,Cloudy,Field B
2022-08-11,09:00,Cow_176,14,5,0,0,25.5,Cloudy,Field C
2022-08-11,09:00,Cow_177,3,8,4,0,25.5,Cloudy,Field B
2022-08-11,09:00,Cow_178,10,8,0,0,25.5,Cloudy,Field B
2022-08-11,09:00,Cow_179,0,0,0,15,25.5,Cloudy,Field C
2022-08-11,09:00,Cow_180,6,7,2,0,25.5,Cloudy,Field A
2022-08-11,09:00,Cow_181,12,8,0,0,25.5,Cloudy,Field B
2022-08-11,09:00,Cow_182,12,8,0,0,25.5,Cloudy,Field B
2022-08-11,09:00,Cow_183,10,1,4,0,25.5,Cloudy,Field B
2022-08-11,09:00,Cow_184,0,0,0,15,25.5,Cloudy,Field A
2022-08-11,09:00,Cow_185,7,2,6,0,25.5,Cloudy,Field C
2022-08-11,09:00,Cow_186,0,0,0,15,25.5,Cloudy,Field B
2022-08-11,09:00,Cow_187,1,10,4,0,25.5,Cloudy,Field A
2022-08-11,09:00,Cow_188,5,4,6,0,25.5,Cloudy,Field A
2022-08-11,09:00,Cow_189,1,6,8,0,25.5,Cloudy,Field C
2022-08-11,09:00,Cow_190,9,10,0,0,25.5,Cloudy,Field C
2022-08-11,09:00,Cow_191,10,3,2,0,25.5,Cloudy,Field B
2022-08-11,09:00,Cow_192,12,0,5,0,25.5,Cloudy,Field C
2022-08-11,09:00,Cow_193,5,7,3,0,25.5,Cloudy,Field A
2022-08-11,09:00,Cow_194,5,4,6,0,25.5,Cloudy,Field A
2022-08-11,09:00,Cow_195,14,0,6,0,25.5,Cloudy,Field A
2022-08-11,09:00,Cow_196,0,0,0,15,25.5,Cloudy,Field B
2022-08-11,09:00,Cow_197,0,10,6,0,25.5,Cloudy,Field A
2022-08-11,09:00,Cow_198,5,3,7,0,25.5,Cloudy,Field A
2022-08-11,09:00,Cow_199,9,10,0,0,25.5,Cloudy,Field A
2022-08-11,09:00,Cow_200,8,6,1,0,25.5,Cloudy,Field A
2022-08-11,09:00,Cow_201,0,8,8,0,25.5,Cloudy,Field B
2022-08-11,09:00,Cow_202,9,3,3,0,25.5,Cloudy,Field C
2022-08-11,09:00,Cow_203,13,0,5,0,25.5,Cloudy,Field C
2022-08-11,09:00,Cow_204,11,8,0,0,25.5,Cloudy,Field C
2022-08-11,09:00,Cow_205,0,0,0,15,25.5,Cloudy,Field C
2022-08-11,09:00,Cow_206,4,4,7,0,25.5,Cloudy,Field B
2022-08-11,09:00,Cow_207,13,4,0,0,25.5,Cloudy,Field B
2022-08-11,09:00,Cow_208,7,5,3,0,25.5,Cloudy,Field A
2022-08-11,09:00,Cow_209,11,1,3,0,25.5,Cloudy,Field C
2022-08-11,09:00,Cow_210,0,8,7,0,25.5,Cloudy,Field A
2022-08-11,09:00,Cow_211,6,4,5,0,25.5,Cloudy,Field A
2022-08-11,09:00,Cow_212,14,0,8,0,25.5,Cloudy,Field C
2022-08-11,09:00,Cow_213,5,3,7,0,25.5,Cloudy,Field A
2022-08-11,09:00,Cow_214,9,0,8,0,25.5,Cloudy,Field C
2022-08-11,09:00,Cow_215,8,4,3,0,25.5,Cloudy,Field B
2022-08-11,09:00,Cow_216,7,4,4,0,25.5,Cloudy,Field C
2022-08-11,09:00,Cow_217,8,3,4,0,25.5,Cloudy,Field C
2022-08-11,09:00,Cow_218,13,0,8,0,25.5,Cloudy,Field A
2022-08-11,09:00,Cow_219,12,0,3,0,25.5,Cloudy,Field B
2022-08-11,09:00,Cow_220,14,9,0,0,25.5,Cloudy,Field C
2022-08-11,09:00,Cow_221,3,5,7,0,25.5,Cloudy,Field B
2022-08-11,09:00,Cow_222,8,9,0,0,25.5,Cloudy,Field C
2022-08-11,09:00,Cow_223,0,10,5,0,25.5,Cloudy,Field A
2022-08-11,09:00,Cow_224,5,9,1,0,25.5,Cloudy,Field A
2022-08-11,09:00,Cow_225,5,6,4,0,25.5,Cloudy,Field A
2022-08-11,09:00,Cow_226,11,3,1,0,25.5,Cloudy,Field B
2022-08-11,09:00,Cow_227,1,6,8,0,25.5,Cloudy,Field B
2022-08-11,09:00,Cow_228,13,0,5,0,25.5,Cloudy,Field C
2022-08-11,09:00,Cow_229,3,6,6,0,25.5,Cloudy,Field C
2022-08-11,09:00,Cow_230,8,4,3,0,25.5,Cloudy,Field A
2022-08-11,09:00,Cow_231,9,1,5,0,25.5,Cloudy,Field A
2022-08-11,09:00,Cow_232,3,7,5,0,25.5,Cloudy,Field C
2022-08-11,09:00,Cow_233,5,6,4,0,25.5,Cloudy,Field C
2022-08-11,09:00,Cow_234,3,7,5,0,25.5,Cloudy,Field C
2022-08-11,09:00,Cow_235,2,3,10,0,25.5,Cloudy,Field C
2022-08-11,09:00,Cow_236,5,3,7,0,25.5,Cloudy,Field C
2022-08-11,09:00,Cow_237,7,2,6,0,25.5,Cloudy,Field A
2022-08-11,09:00,Cow_238,11,7,0,0,25.5,Cloudy,Field A
2022-08-11,09:00,Cow_239,11,0,4,0,25.5,Cloudy,Field A
2022-08-11,09:00,Cow_240,7,10,0,0,25.5,Cloudy,Field A
2022-08-11,09:00,Cow_241,4,6,5,0,25.5,Cloudy,Field C
2022-08-11,09:00,Cow_242,11,6,0,0,25.5,Cloudy,Field A
2022-08-11,09:00,Cow_243,9,1,5,0,25.5,Cloudy,Field C
2022-08-11,09:00,Cow_244,7,5,3,0,25.5,Cloudy,Field B
2022-08-11,09:00,Cow_245,6,4,5,0,25.5,Cloudy,Field C
2022-08-11,09:00,Cow_246,8,0,8,0,25.5,Cloudy,Field C
2022-08-11,09:00,Cow_247,10,0,7,0,25.5,Cloudy,Field C
2022-08-11,09:00,Cow_248,10,0,7,0,25.5,Cloudy,Field B
2022-08-11,09:00,Cow_249,13,0,7,0,25.5,Cloudy,Field A
2022-08-11,09:00,Cow_250,6,4,5,0,25.5,Cloudy,Field B
2022-08-11,09:00,Cow_251,13,0,4,0,25.5,Cloudy,Field B
2022-08-11,09:00,Cow_252,15,0,2,0,25.5,Cloudy,Field A
2022-08-11,09:00,Cow_253,13,3,0,0,25.5,Cloudy,Field B
2022-08-11,09:00,Cow_254,1,7,7,0,25.5,Cloudy,Field B
2022-08-11,09:00,Cow_255,14,6,0,0,25.5,Cloudy,Field A
2022-08-11,09:00,Cow_256,0,7,8,0,25.5,Cloudy,Field A
2022-08-11,09:00,Cow_257,4,8,3,0,25.5,Cloudy,Field B
2022-08-11,09:00,Cow_258,5,7,3,0,25.5,Cloudy,Field A
2022-08-11,09:00,Cow_259,6,6,3,0,25.5,Cloudy,Field C
2022-08-11,09:00,Cow_260,11,0,8,0,25.5,Cloudy,Field C
2022-08-11,09:00,Cow_261,14,7,0,0,25.5,Cloudy,Field C
2022-08-11,09:00,Cow_262,7,7,1,0,25.5,Cloudy,Field B
2022-08-11,09:00,Cow_263,9,4,2,0,25.5,Cloudy,Field B
2022-08-11,09:00,Cow_264,8,4,3,0,25.5,Cloudy,Field C
2022-08-11,09:00,Cow_265,10,6,0,0,25.5,Cloudy,Field C
2022-08-11,09:00,Cow_266,5,8,2,0,25.5,Cloudy,Field C
2022-08-11,09:00,Cow_267,13,5,0,0,25.5,Cloudy,Field A
2022-08-11,09:00,Cow_268,12,0,3,0,25.5,Cloudy,Field A
2022-08-11,09:00,Cow_269,10,0,7,0,25.5,Cloudy,Field B
2022-08-11,09:00,Cow_270,13,0,6,0,25.5,Cloudy,Field C
2022-08-11,09:00,Cow_271,1,10,4,0,25.5,Cloudy,Field C
2022-08-11,09:00,Cow_272,9,9,0,0,25.5,Cloudy,Field A
2022-08-11,09:00,Cow_273,5,4,6,0,25.5,Cloudy,Field C
2022-08-11,09:00,Cow_274,5,4,6,0,25.5,Cloudy,Field C
2022-08-11,09:00,Cow_275,5,4,6,0,25.5,Cloudy,Field B
2022-08-11,09:00,Cow_276,0,10,8,0,25.5,Cloudy,Field B
2022-08-11,09:00,Cow_277,3,8,4,0,25.5,Cloudy,Field B
2022-08-11,09:00,Cow_278,1,10,4,0,25.5,Cloudy,Field A
2022-08-11,09:00,Cow_279,11,0,4,0,25.5,Cloudy,Field C
2022-08-11,09:00,Cow_280,5,5,5,0,25.5,Cloudy,Field C
2022-08-11,09:00,Cow_281,0,10,6,0,25.5,Cloudy,Field C
2022-08-11,09:00,Cow_282,10,0,6,0,25.5,Cloudy,Field B
2022-08-11,09:00,Cow_283,1,9,5,0,25.5,Cloudy,Field C
2022-08-11,09:00,Cow_284,6,5,4,0,25.5,Cloudy,Field A
2022-08-11,09:00,Cow_285,0,8,7,0,25.5,Cloudy,Field B
2022-08-11,09:00,Cow_286,0,0,0,15,25.5,Cloudy,Field B
2022-08-11,09:00,Cow_287,4,8,3,0,25.5,Cloudy,Field A
2022-08-11,09:00,Cow_288,8,3,4,0,25.5,Cloudy,Field B
2022-08-11,09:00,Cow_289,0,10,5,0,25.5,Cloudy,Field B
2022-08-11,09:00,Cow_290,6,5,4,0,25.5,Cloudy,Field A
2022-08-11,09:00,Cow_291,9,6,0,0,25.5,Cloudy,Field C
2022-08-11,09:00,Cow_292,6,6,3,0,25.5,Cloudy,Field B
2022-08-11,09:00,Cow_293,5,5,5,0,25.5,Cloudy,Field B
2022-08-11,09:00,Cow_294,9,4,2,0,25.5,Cloudy,Field A
2022-08-11,09:00,Cow_295,11,5,0,0,25.5,Cloudy,Field B
2022-08-11,09:00,Cow_296,0,0,0,15,25.5,Cloudy,Field B
2022-08-11,09:00,Cow_297,11,0,5,0,25.5,Cloudy,Field C
2022-08-11,09:00,Cow_298,14,9,0,0,25.5,Cloudy,Field A
2022-08-11,09:00,Cow_299,0,10,7,0,25.5,Cloudy,Field B
2022-08-11,09:00,Cow_300,11,0,6,0,25.5,Cloudy,Field B
2022-08-11,09:00,Cow_301,10,2,3,0,25.5,Cloudy,Field A
2022-08-11,09:00,Cow_302,8,4,3,0,25.5,Cloudy,Field C
2022-08-11,09:00,Cow_303,7,5,3,0,25.5,Cloudy,Field B
2022-08-11,09:00,Cow_304,7,0,8,0,25.5,Cloudy,Field A
2022-08-11,09:00,Cow_305,6,9,0,0,25.5,Cloudy,Field A
2022-08-11,09:00,Cow_306,6,6,3,0,25.5,Cloudy,Field C
2022-08-11,09:00,Cow_307,8,3,4,0,25.5,Cloudy,Field C
2022-08-11,09:00,Cow_308,9,10,0,0,25.5,Cloudy,Field B
2022-08-11,09:00,Cow_309,4,5,6,0,25.5,Cloudy,Field B
2022-08-11,09:00,Cow_310,9,9,0,0,25.5,Cloudy,Field B
2022-08-11,09:00,Cow_311,12,6,0,0,25.5,Cloudy,Field B
2022-08-11,09:00,Cow_312,8,0,7,0,25.5,Cloudy,Field A
2022-08-11,09:00,Cow_313,13,0,8,0,25.5,Cloudy,Field A
2022-08-11,09:00,Cow_314,3,8,4,0,25.5,Cloudy,Field C
2022-08-11,09:00,Cow_315,0,0,0,15,25.5,Cloudy,Field A
2022-08-11,09:00,Cow_316,13,3,0,0,25.5,Cloudy,Field C
2022-08-11,09:00,Cow_317,0,10,7,0,25.5,Cloudy,Field A
2022-08-11,09:00,Cow_318,0,10,8,0,25.5,Cloudy,Field B
2022-08-11,09:00,Cow_319,5,5,5,0,25.5,Cloudy,Field C
2022-08-11,09:00,Cow_320,5,6,4,0,25.5,Cloudy,Field B
2022-08-11,09:00,Cow_321,4,3,8,0,25.5,Cloudy,Field A
2022-08-11,09:00,Cow_322,2,9,4,0,25.5,Cloudy,Field C
2022-08-11,09:00,Cow_323,12,0,3,0,25.5,Cloudy,Field A
2022-08-11,09:00,Cow_324,10,6,0,0,25.5,Cloudy,Field A
2022-08-11,09:00,Cow_325,0,0,0,15,25.5,Cloudy,Field B
2022-08-11,09:00,Cow_326,13,0,7,0,25.5,Cloudy,Field A
2022-08-11,09:00,Cow_327,5,4,6,0,25.5,Cloudy,Field B
2022-08-11,09:00,Cow_328,4,3,8,0,25.5,Cloudy,Field A
2022-08-11,09:00,Cow_329,10,3,2,0,25.5,Cloudy,Field A
2022-08-11,09:00,Cow_330,13,8,0,0,25.5,Cloudy,Field A
2022-08-11,09:00,Cow_331,2,8,5,0,25.5,Cloudy,Field C
2022-08-11,09:00,Cow_332,12,5,0,0,25.5,Cloudy,Field C
2022-08-11,09:00,Cow_333,5,8,2,0,25.5,Cloudy,Field C
2022-08-11,09:00,Cow_334,9,7,0,0,25.5,Cloudy,Field C
2022-08-11,09:00,Cow_335,0,9,8,0,25.5,Cloudy,Field A
2022-08-11,09:00,Cow_336,0,8,7,0,25.5,Cloudy,Field A
2022-08-11,09:00,Cow_337,7,4,4,0,25.5,Cloudy,Field C
2022-08-11,09:00,Cow_338,1,10,4,0,25.5,Cloudy,Field A
2022-08-11,09:00,Cow_339,0,8,7,0,25.5,Cloudy,Field B
2022-08-11,09:00,Cow_340,0,0,0,15,25.5,Cloudy,Field C
2022-08-11,09:00,Cow_341,9,1,5,0,25.5,Cloudy,Field C
2022-08-11,09:00,Cow_342,12,0,4,0,25.5,Cloudy,Field B
2022-08-11,09:00,Cow_343,13,0,5,0,25.5,Cloudy,Field A
2022-08-11,09:00,Cow_344,13,9,0,0,25.5,Cloudy,Field C
2022-08-11,09:00,Cow_345,4,3,8,0,25.5,Cloudy,Field A
2022-08-11,09:00,Cow_346,11,0,8,0,25.5,Cloudy,Field B
2022-08-11,09:00,Cow_347,7,3,5,0,25.5,Cloudy,Field C
2022-08-11,09:00,Cow_348,10,3,2,0,25.5,Cloudy,Field B
2022-08-11,09:00,Cow_349,6,3,6,0,25.5,Cloudy,Field B
2022-08-11,09:00,Cow_350,4,7,4,0,25.5,Cloudy,Field B
2022-08-11,09:00,Cow_351,2,7,6,0,25.5,Cloudy,Field B
2022-08-11,09:00,Cow_352,1,8,6,0,25.5,Cloudy,Field B
2022-08-11,09:00,Cow_353,7,0,8,0,25.5,Cloudy,Field A
2022-08-11,09:00,Cow_354,7,5,3,0,25.5,Cloudy,Field C
2022-08-11,09:00,Cow_355,5,5,5,0,25.5,Cloudy,Field A
2022-08-11,09:00,Cow_356,10,5,0,0,25.5,Cloudy,Field A
2022-08-11,09:00,Cow_357,0,0,0,15,25.5,Cloudy,Field C
2022-08-11,09:00,Cow_358,14,5,0,0,25.5,Cloudy,Field A
2022-08-11,09:00,Cow_359,0,12,6,0,25.5,Cloudy,Field C
2022-08-11,09:00,Cow_360,9,5,1,0,25.5,Cloudy,Field B
2022-08-11,09:00,Cow_361,10,7,0,0,25.5,Cloudy,Field B
2022-08-11,09:00,Cow_362,1,8,6,0,25.5,Cloudy,Field A
2022-08-11,09:00,Cow_363,14,0,5,0,25.5,Cloudy,Field C
2022-08-11,09:00,Cow_364,5,4,6,0,25.5,Cloudy,Field C
2022-08-11,09:00,Cow_365,11,6,0,0,25.5,Cloudy,Field A
2022-08-11,09:00,Cow_366,8,12,0,0,25.5,Cloudy,Field B
2022-08-11,09:00,Cow_367,8,4,3,0,25.5,Cloudy,Field B
2022-08-11,09:00,Cow_368,9,7,0,0,25.5,Cloudy,Field B
2022-08-11,09:00,Cow_369,0,0,0,15,25.5,Cloudy,Field B
2022-08-11,09:00,Cow_370,6,9,0,0,25.5,Cloudy,Field C
2022-08-11,09:00,Cow_371,0,7,8,0,25.5,Cloudy,Field C
2022-08-11,09:00,Cow_372,5,8,2,0,25.5,Cloudy,Field A
2022-08-11,09:00,Cow_373,9,7,0,0,25.5,Cloudy,Field B
2022-08-11,09:00,Cow_374,9,7,0,0,25.5,Cloudy,Field A
2022-08-11,09:00,Cow_375,6,4,5,0,25.5,Cloudy,Field A
2022-08-11,09:00,Cow_376,0,0,0,15,25.5,Cloudy,Field B
2022-08-11,09:00,Cow_377,0,9,6,0,25.5,Cloudy,Field A
2022-08-11,09:00,Cow_378,8,3,4,0,25.5,Cloudy,Field A
2022-08-11,09:00,Cow_379,11,3,1,0,25.5,Cloudy,Field C
2022-08-11,09:00,Cow_380,8,0,7,0,25.5,Cloudy,Field A
2022-08-11,09:00,Cow_381,0,10,7,0,25.5,Cloudy,Field A
2022-08-11,09:00,Cow_382,5,5,5,0,25.5,Cloudy,Field B
2022-08-11,09:00,Cow_383,13,3,0,0,25.5,Cloudy,Field B
2022-08-11,09:00,Cow_384,12,0,6,0,25.5,Cloudy,Field C
2022-08-11,09:00,Cow_385,7,4,4,0,25.5,Cloudy,Field A
2022-08-11,09:00,Cow_386,4,6,5,0,25.5,Cloudy,Field C
2022-08-11,09:00,Cow_387,6,4,5,0,25.5,Cloudy,Field B
2022-08-11,09:00,Cow_388,0,0,0,15,25.5,Cloudy,Field B
2022-08-11,09:00,Cow_389,5,10,0,0,25.5,Cloudy,Field C
2022-08-11,09:00,Cow_390,9,3,3,0,25.5,Cloudy,Field A
2022-08-11,09:00,Cow_391,9,0,6,0,25.5,Cloudy,Field A
2022-08-11,09:00,Cow_392,0,9,8,0,25.5,Cloudy,Field B
2022-08-11,09:00,Cow_393,9,0,8,0,25.5,Cloudy,Field C
2022-08-11,09:00,Cow_394,0,10,8,0,25.5,Cloudy,Field C
2022-08-11,09:00,Cow_395,4,7,4,0,25.5,Cloudy,Field A
2022-08-11,09:00,Cow_396,10,6,0,0,25.5,Cloudy,Field A
2022-08-11,09:00,Cow_397,10,1,4,0,25.5,Cloudy,Field A
2022-08-11,09:00,Cow_398,13,0,4,0,25.5,Cloudy,Field C
2022-08-11,09:00,Cow_399,3,8,4,0,25.5,Cloudy,Field A
2022-08-11,09:00,Cow_400,8,3,4,0,25.5,Cloudy,Field B
2022-08-11,09:00,Cow_401,14,8,0,0,25.5,Cloudy,Field C
2022-08-11,09:00,Cow_402,0,9,8,0,25.5,Cloudy,Field B
2022-08-11,09:00,Cow_403,7,4,4,0,25.5,Cloudy,Field A
2022-08-11,09:00,Cow_404,7,5,3,0,25.5,Cloudy,Field B
2022-08-11,09:00,Cow_405,10,0,6,0,25.5,Cloudy,Field B
2022-08-11,09:00,Cow_406,5,7,3,0,25.5,Cloudy,Field B
2022-08-11,09:00,Cow_407,12,0,3,0,25.5,Cloudy,Field B
2022-08-11,09:00,Cow_408,9,1,5,0,25.5,Cloudy,Field A
2022-08-11,09:00,Cow_409,14,4,0,0,25.5,Cloudy,Field A
2022-08-11,09:00,Cow_410,14,0,6,0,25.5,Cloudy,Field A
2022-08-11,09:00,Cow_411,2,10,3,0,25.5,Cloudy,Field C
2022-08-11,09:00,Cow_412,8,5,2,0,25.5,Cloudy,Field C
2022-08-11,09:00,Cow_413,14,0,4,0,25.5,Cloudy,Field A
2022-08-11,09:00,Cow_414,3,8,4,0,25.5,Cloudy,Field A
2022-08-11,09:00,Cow_415,7,4,4,0,25.5,Cloudy,Field C
2022-08-11,09:00,Cow_416,4,3,8,0,25.5,Cloudy,Field B
2022-08-11,09:00,Cow_417,6,4,5,0,25.5,Cloudy,Field C
2022-08-11,09:00,Cow_418,14,7,0,0,25.5,Cloudy,Field A
2022-08-11,09:00,Cow_419,4,4,7,0,25.5,Cloudy,Field B
2022-08-11,09:00,Cow_420,10,8,0,0,25.5,Cloudy,Field B
2022-08-11,09:00,Cow_421,14,3,0,0,25.5,Cloudy,Field B
2022-08-11,09:00,Cow_422,7,3,5,0,25.5,Cloudy,Field A
2022-08-11,09:00,Cow_423,7,3,5,0,25.5,Cloudy,Field A
2022-08-11,09:00,Cow_424,14,4,0,0,25.5,Cloudy,Field C
2022-08-11,09:00,Cow_425,2,7,6,0,25.5,Cloudy,Field C
2022-08-11,09:00,Cow_426,6,1,8,0,25.5,Cloudy,Field C
2022-08-11,09:00,Cow_427,1,8,6,0,25.5,Cloudy,Field B
2022-08-11,09:00,Cow_428,6,6,3,0,25.5,Cloudy,Field A
2022-08-11,09:00,Cow_429,13,0,5,0,25.5,Cloudy,Field B
2022-08-11,09:00,Cow_430,5,7,3,0,25.5,Cloudy,Field C
2022-08-11,09:00,Cow_431,7,5,3,0,25.5,Cloudy,Field C
2022-08-11,09:00,Cow_432,1,10,4,0,25.5,Cloudy,Field B
2022-08-11,09:00,Cow_433,5,5,5,0,25.5,Cloudy,Field B
2022-08-11,09:00,Cow_434,5,4,6,0,25.5,Cloudy,Field A
2022-08-11,09:00,Cow_435,0,0,0,15,25.5,Cloudy,Field A
2022-08-11,09:00,Cow_436,0,10,8,0,25.5,Cloudy,Field C
2022-08-11,09:00,Cow_437,6,3,6,0,25.5,Cloudy,Field C
2022-08-11,09:00,Cow_438,6,4,5,0,25.5,Cloudy,Field B
2022-08-11,09:00,Cow_439,13,0,8,0,25.5,Cloudy,Field A
2022-08-11,09:00,Cow_440,6,5,4,0,25.5,Cloudy,Field C
2022-08-11,09:00,Cow_441,0,0,0,15,25.5,Cloudy,Field C
2022-08-11,09:00,Cow_442,7,3,5,0,25.5,Cloudy,Field C
2022-08-11,09:00,Cow_443,4,7,4,0,25.5,Cloudy,Field B
2022-08-11,09:00,Cow_444,12,0,5,0,25.5,Cloudy,Field A
2022-08-11,09:00,Cow_445,5,10,0,0,25.5,Cloudy,Field A
2022-08-11,09:00,Cow_446,6,5,4,0,25.5,Cloudy,Field A
2022-08-11,09:00,Cow_447,11,1,3,0,25.5,Cloudy,Field A
2022-08-11,09:00,Cow_448,13,10,0,0,25.5,Cloudy,Field A
2022-08-11,09:00,Cow_449,10,0,6,0,25.5,Cloudy,Field A
2022-08-11,09:00,Cow_450,14,9,0,0,25.5,Cloudy,Field A
2022-08-11,09:00,Cow_451,11,0,6,0,25.5,Cloudy,Field C
2022-08-11,09:00,Cow_452,8,3,4,0,25.5,Cloudy,Field B
2022-08-11,09:00,Cow_453,9,6,0,0,25.5,Cloudy,Field B
2022-08-11,09:00,Cow_454,9,0,8,0,25.5,Cloudy,Field A
2022-08-11,09:00,Cow_455,10,0,5,0,25.5,Cloudy,Field B
2022-08-11,09:00,Cow_456,0,0,0,15,25.5,Cloudy,Field A
2022-08-11,09:00,Cow_457,0,7,8,0,25.5,Cloudy,Field C
2022-08-11,09:00,Cow_458,11,0,5,0,25.5,Cloudy,Field A
2022-08-11,09:00,Cow_459,8,2,5,0,25.5,Cloudy,Field B
2022-08-11,09:00,Cow_460,12,0,8,0,25.5,Cloudy,Field A
2022-08-11,09:00,Cow_461,6,6,3,0,25.5,Cloudy,Field C
2022-08-11,09:00,Cow_462,14,8,0,0,25.5,Cloudy,Field C
2022-08-11,09:00,Cow_463,5,5,5,0,25.5,Cloudy,Field A
2022-08-11,09:00,Cow_464,9,7,0,0,25.5,Cloudy,Field B
2022-08-11,09:00,Cow_465,2,6,7,0,25.5,Cloudy,Field C
2022-08-11,09:00,Cow_466,0,0,0,15,25.5,Cloudy,Field B
2022-08-11,09:00,Cow_467,6,1,8,0,25.5,Cloudy,Field B
2022-08-11,09:00,Cow_468,14,5,0,0,25.5,Cloudy,Field A
2022-08-11,09:00,Cow_469,12,0,3,0,25.5,Cloudy,Field B
2022-08-11,09:00,Cow_470,0,10,7,0,25.5,Cloudy,Field C
2022-08-11,09:00,Cow_471,6,5,4,0,25.5,Cloudy,Field C
2022-08-11,09:00,Cow_472,14,9,0,0,25.5,Cloudy,Field C
2022-08-11,09:00,Cow_473,6,5,4,0,25.5,Cloudy,Field B
2022-08-11,09:00,Cow_474,13,0,6,0,25.5,Cloudy,Field C
2022-08-11,09:00,Cow_475,4,4,7,0,25.5,Cloudy,Field A
2022-08-11,09:00,Cow_476,1,7,7,0,25.5,Cloudy,Field A
2022-08-11,09:00,Cow_477,0,0,0,15,25.5,Cloudy,Field B
2022-08-11,09:00,Cow_478,9,7,0,0,25.5,Cloudy,Field B
2022-08-11,09:00,Cow_479,1,10,4,0,25.5,Cloudy,Field C
2022-08-11,09:00,Cow_480,9,0,8,0,25.5,Cloudy,Field C
2022-08-11,09:00,Cow_481,12,0,4,0,25.5,Cloudy,Field B
2022-08-11,09:00,Cow_482,6,8,1,0,25.5,Cloudy,Field A
2022-08-11,09:00,Cow_483,8,5,2,0,25.5,Cloudy,Field B
2022-08-11,09:00,Cow_484,3,7,5,0,25.5,Cloudy,Field A
2022-08-11,09:00,Cow_485,4,5,6,0,25.5,Cloudy,Field C
2022-08-11,09:00,Cow_486,6,3,6,0,25.5,Cloudy,Field A
2022-08-11,09:00,Cow_487,0,0,0,15,25.5,Cloudy,Field C
2022-08-11,09:00,Cow_488,0,10,7,0,25.5,Cloudy,Field A
2022-08-11,09:00,Cow_489,0,10,5,0,25.5,Cloudy,Field B
2022-08-11,09:00,Cow_490,13,4,0,0,25.5,Cloudy,Field A
2022-08-11,09:00,Cow_491,10,7,0,0,25.5,Cloudy,Field C
2022-08-11,09:00,Cow_492,9,0,7,0,25.5,Cloudy,Field A
2022-08-11,09:00,Cow_493,8,0,7,0,25.5,Cloudy,Field C
2022-08-11,09:00,Cow_494,1,8,6,0,25.5,Cloudy,Field A
2022-08-11,09:00,Cow_495,9,4,2,0,25.5,Cloudy,Field A
2022-08-11,09:00,Cow_496,11,1,3,0,25.5,Cloudy,Field A
2022-08-11,09:00,Cow_497,2,7,6,0,25.5,Cloudy,Field A
2022-08-11,09:00,Cow_498,0,0,0,15,25.5,Cloudy,Field B
2022-08-11,09:00,Cow_499,5,3,7,0,25.5,Cloudy,Field B
2022-08-11,09:00,Cow_500,5,5,5,0,25.5,Cloudy,Field A
2022-08-11,09:15,Cow_1,9,3,3,0,36.7,Clear,Field A
2022-08-11,09:15,Cow_2,13,6,0,0,36.7,Clear,Field C
2022-08-11,09:15,Cow_3,5,8,2,0,36.7,Clear,Field B
2022-08-11,09:15,Cow_4,10,0,5,0,36.7,Clear,Field A
2022-08-11,09:15,Cow_5,10,0,8,0,36.7,Clear,Field C
2022-08-11,09:15,Cow_6,4,7,4,0,36.7,Clear,Field A
2022-08-11,09:15,Cow_7,10,6,0,0,36.7,Clear,Field B
2022-08-11,09:15,Cow_8,14,0,8,0,36.7,Clear,Field A
2022-08-11,09:15,Cow_9,11,0,6,0,36.7,Clear,Field C
2022-08-11,09:15,Cow_10,10,9,0,0,36.7,Clear,Field C
2022-08-11,09:15,Cow_11,2,7,6,0,36.7,Clear,Field C
2022-08-11,09:15,Cow_12,6,1,8,0,36.7,Clear,Field A
2022-08-11,09:15,Cow_13,14,0,4,0,36.7,Clear,Field B
2022-08-11,09:15,Cow_14,8,4,3,0,36.7,Clear,Field B
2022-08-11,09:15,Cow_15,14,9,0,0,36.7,Clear,Field B
2022-08-11,09:15,Cow_16,3,5,7,0,36.7,Clear,Field C
2022-08-11,09:15,Cow_17,6,6,3,0,36.7,Clear,Field C
2022-08-11,09:15,Cow_18,9,6,0,0,36.7,Clear,Field B
2022-08-11,09:15,Cow_19,11,8,0,0,36.7,Clear,Field A
2022-08-11,09:15,Cow_20,5,4,6,0,36.7,Clear,Field A
2022-08-11,09:15,Cow_21,14,0,10,0,36.7,Clear,Field B
2022-08-11,09:15,Cow_22,7,7,1,0,36.7,Clear,Field B
2022-08-11,09:15,Cow_23,7,7,1,0,36.7,Clear,Field C
2022-08-11,09:15,Cow_24,5,6,4,0,36.7,Clear,Field C
2022-08-11,09:15,Cow_25,14,0,6,0,36.7,Clear,Field B
2022-08-11,09:15,Cow_26,2,5,8,0,36.7,Clear,Field B
2022-08-11,09:15,Cow_27,12,9,0,0,36.7,Clear,Field A
2022-08-11,09:15,Cow_28,2,5,8,0,36.7,Clear,Field B
2022-08-11,09:15,Cow_29,6,4,5,0,36.7,Clear,Field C
2022-08-11,09:15,Cow_30,14,0,6,0,36.7,Clear,Field C
2022-08-11,09:15,Cow_31,9,3,3,0,36.7,Clear,Field B
2022-08-11,09:15,Cow_32,6,3,6,0,36.7,Clear,Field A
2022-08-11,09:15,Cow_33,5,6,4,0,36.7,Clear,Field C
2022-08-11,09:15,Cow_34,5,10,0,0,36.7,Clear,Field A
2022-08-11,09:15,Cow_35,0,7,8,0,36.7,Clear,Field B
2022-08-11,09:15,Cow_36,1,8,6,0,36.7,Clear,Field A
2022-08-11,09:15,Cow_37,6,2,7,0,36.7,Clear,Field B
2022-08-11,09:15,Cow_38,14,0,4,0,36.7,Clear,Field C
2022-08-11,09:15,Cow_39,5,10,0,0,36.7,Clear,Field B
2022-08-11,09:15,Cow_40,13,10,0,0,36.7,Clear,Field A
2022-08-11,09:15,Cow_41,4,6,5,0,36.7,Clear,Field B
2022-08-11,09:15,Cow_42,9,10,0,0,36.7,Clear,Field A
2022-08-11,09:15,Cow_43,12,6,0,0,36.7,Clear,Field A
2022-08-11,09:15,Cow_44,11,8,0,0,36.7,Clear,Field A
2022-08-11,09:15,Cow_45,12,0,6,0,36.7,Clear,Field B
2022-08-11,09:15,Cow_46,8,4,3,0,36.7,Clear,Field A
2022-08-11,09:15,Cow_47,13,6,0,0,36.7,Clear,Field A
2022-08-11,09:15,Cow_48,11,4,0,0,36.7,Clear,Field A
2022-08-11,09:15,Cow_49,5,7,3,0,36.7,Clear,Field A
2022-08-11,09:15,Cow_50,8,6,1,0,36.7,Clear,Field B
2022-08-11,09:15,Cow_51,6,6,3,0,36.7,Clear,Field B
2022-08-11,09:15,Cow_52,11,9,0,0,36.7,Clear,Field C
2022-08-11,09:15,Cow_53,13,0,4,0,36.7,Clear,Field B
2022-08-11,09:15,Cow_54,0,11,10,0,36.7,Clear,Field A
2022-08-11,09:15,Cow_55,0,0,0,15,36.7,Clear,Field C
2022-08-11,09:15,Cow_56,10,1,4,0,36.7,Clear,Field B
2022-08-11,09:15,Cow_57,5,7,3,0,36.7,Clear,Field B
2022-08-11,09:15,Cow_58,9,0,7,0,36.7,Clear,Field A
2022-08-11,09:15,Cow_59,7,9,0,0,36.7,Clear,Field C
2022-08-11,09:15,Cow_60,9,1,5,0,36.7,Clear,Field B
2022-08-11,09:15,Cow_61,10,4,1,0,36.7,Clear,Field C
2022-08-11,09:15,Cow_62,14,0,6,0,36.7,Clear,Field A
2022-08-11,09:15,Cow_63,11,0,9,0,36.7,Clear,Field A
2022-08-11,09:15,Cow_64,10,0,7,0,36.7,Clear,Field C
2022-08-11,09:15,Cow_65,7,3,5,0,36.7,Clear,Field C
2022-08-11,09:15,Cow_66,6,7,2,0,36.7,Clear,Field B
2022-08-11,09:15,Cow_67,10,4,1,0,36.7,Clear,Field A
2022-08-11,09:15,Cow_68,14,9,0,0,36.7,Clear,Field A
2022-08-11,09:15,Cow_69,10,2,3,0,36.7,Clear,Field C
2022-08-11,09:15,Cow_70,11,0,7,0,36.7,Clear,Field B
2022-08-11,09:15,Cow_71,11,0,5,0,36.7,Clear,Field A
2022-08-11,09:15,Cow_72,6,4,5,0,36.7,Clear,Field A
2022-08-11,09:15,Cow_73,10,0,5,0,36.7,Clear,Field B
2022-08-11,09:15,Cow_74,7,2,6,0,36.7,Clear,Field A
2022-08-11,09:15,Cow_75,7,3,5,0,36.7,Clear,Field C
2022-08-11,09:15,Cow_76,4,7,4,0,36.7,Clear,Field A
2022-08-11,09:15,Cow_77,6,5,4,0,36.7,Clear,Field C
2022-08-11,09:15,Cow_78,14,9,0,0,36.7,Clear,Field B
2022-08-11,09:15,Cow_79,2,10,3,0,36.7,Clear,Field C
2022-08-11,09:15,Cow_80,0,0,0,15,36.7,Clear,Field C
2022-08-11,09:15,Cow_81,3,6,6,0,36.7,Clear,Field C
2022-08-11,09:15,Cow_82,0,0,0,15,36.7,Clear,Field B
2022-08-11,09:15,Cow_83,8,0,8,0,36.7,Clear,Field B
2022-08-11,09:15,Cow_84,14,7,0,0,36.7,Clear,Field A
2022-08-11,09:15,Cow_85,3,8,4,0,36.7,Clear,Field A
2022-08-11,09:15,Cow_86,5,9,1,0,36.7,Clear,Field C
2022-08-11,09:15,Cow_87,7,3,5,0,36.7,Clear,Field C
2022-08-11,09:15,Cow_88,8,7,0,0,36.7,Clear,Field B
2022-08-11,09:15,Cow_89,9,2,4,0,36.7,Clear,Field A
2022-08-11,09:15,Cow_90,11,9,0,0,36.7,Clear,Field C
2022-08-11,09:15,Cow_91,6,1,8,0,36.7,Clear,Field A
2022-08-11,09:15,Cow_92,10,2,3,0,36.7,Clear,Field C
2022-08-11,09:15,Cow_93,0,8,8,0,36.7,Clear,Field C
2022-08-11,09:15,Cow_94,2,10,3,0,36.7,Clear,Field A
2022-08-11,09:15,Cow_95,8,2,5,0,36.7,Clear,Field B
2022-08-11,09:15,Cow_96,5,3,7,0,36.7,Clear,Field A
2022-08-11,09:15,Cow_97,10,5,0,0,36.7,Clear,Field C
2022-08-11,09:15,Cow_98,8,4,3,0,36.7,Clear,Field C
2022-08-11,09:15,Cow_99,12,8,0,0,36.7,Clear,Field B
2022-08-11,09:15,Cow_100,10,2,3,0,36.7,Clear,Field A
2022-08-11,09:15,Cow_101,0,9,7,0,36.7,Clear,Field C
2022-08-11,09:15,Cow_102,0,0,0,15,36.7,Clear,Field C
2022-08-11,09:15,Cow_103,7,4,4,0,36.7,Clear,Field A
2022-08-11,09:15,Cow_104,11,9,0,0,36.7,Clear,Field A
2022-08-11,09:15,Cow_105,11,5,0,0,36.7,Clear,Field A
2022-08-11,09:15,Cow_106,12,0,5,0,36.7,Clear,Field B
2022-08-11,09:15,Cow_107,4,5,6,0,36.7,Clear,Field B
2022-08-11,09:15,Cow_108,6,9,0,0,36.7,Clear,Field A
2022-08-11,09:15,Cow_109,14,0,5,0,36.7,Clear,Field B
2022-08-11,09:15,Cow_110,4,4,7,0,36.7,Clear,Field B
2022-08-11,09:15,Cow_111,14,10,0,0,36.7,Clear,Field B
2022-08-11,09:15,Cow_112,5,9,1,0,36.7,Clear,Field B
2022-08-11,09:15,Cow_113,6,2,7,0,36.7,Clear,Field C
2022-08-11,09:15,Cow_114,0,0,0,15,36.7,Clear,Field C
2022-08-11,09:15,Cow_115,7,2,6,0,36.7,Clear,Field A
2022-08-11,09:15,Cow_116,14,0,6,0,36.7,Clear,Field A
2022-08-11,09:15,Cow_117,10,1,4,0,36.7,Clear,Field C
2022-08-11,09:15,Cow_118,11,9,0,0,36.7,Clear,Field A
2022-08-11,09:15,Cow_119,13,0,6,0,36.7,Clear,Field B
2022-08-11,09:15,Cow_120,8,4,3,0,36.7,Clear,Field A
2022-08-11,09:15,Cow_121,6,2,7,0,36.7,Clear,Field B
2022-08-11,09:15,Cow_122,1,8,6,0,36.7,Clear,Field A
2022-08-11,09:15,Cow_123,5,7,3,0,36.7,Clear,Field C
2022-08-11,09:15,Cow_124,6,2,7,0,36.7,Clear,Field A
2022-08-11,09:15,Cow_125,6,3,6,0,36.7,Clear,Field B
2022-08-11,09:15,Cow_126,9,7,0,0,36.7,Clear,Field C
2022-08-11,09:15,Cow_127,9,10,0,0,36.7,Clear,Field B
2022-08-11,09:15,Cow_128,3,6,6,0,36.7,Clear,Field B
2022-08-11,09:15,Cow_129,3,8,4,0,36.7,Clear,Field A
2022-08-11,09:15,Cow_130,0,10,7,0,36.7,Clear,Field C
2022-08-11,09:15,Cow_131,12,8,0,0,36.7,Clear,Field B
2022-08-11,09:15,Cow_132,1,7,7,0,36.7,Clear,Field C
2022-08-11,09:15,Cow_133,0,0,0,15,36.7,Clear,Field A
2022-08-11,09:15,Cow_134,11,0,7,0,36.7,Clear,Field B
2022-08-11,09:15,Cow_135,8,3,4,0,36.7,Clear,Field A
2022-08-11,09:15,Cow_136,4,5,6,0,36.7,Clear,Field C
2022-08-11,09:15,Cow_137,9,5,1,0,36.7,Clear,Field C
2022-08-11,09:15,Cow_138,6,6,3,0,36.7,Clear,Field B
2022-08-11,09:15,Cow_139,3,6,6,0,36.7,Clear,Field B
2022-08-11,09:15,Cow_140,12,9,0,0,36.7,Clear,Field A
2022-08-11,09:15,Cow_141,9,5,1,0,36.7,Clear,Field B
2022-08-11,09:15,Cow_142,7,4,4,0,36.7,Clear,Field C
2022-08-11,09:15,Cow_143,5,7,3,0,36.7,Clear,Field C
2022-08-11,09:15,Cow_144,14,8,0,0,36.7,Clear,Field B
2022-08-11,09:15,Cow_145,4,4,7,0,36.7,Clear,Field B
2022-08-11,09:15,Cow_146,12,0,6,0,36.7,Clear,Field A
2022-08-11,09:15,Cow_147,11,0,4,0,36.7,Clear,Field C
2022-08-11,09:15,Cow_148,8,4,3,0,36.7,Clear,Field A
2022-08-11,09:15,Cow_149,7,3,5,0,36.7,Clear,Field C
2022-08-11,09:15,Cow_150,2,6,7,0,36.7,Clear,Field A
2022-08-11,09:15,Cow_151,11,8,0,0,36.7,Clear,Field B
2022-08-11,09:15,Cow_152,14,0,4,0,36.7,Clear,Field A
2022-08-11,09:15,Cow_153,7,5,3,0,36.7,Clear,Field A
2022-08-11,09:15,Cow_154,10,7,0,0,36.7,Clear,Field B
2022-08-11,09:15,Cow_155,1,7,7,0,36.7,Clear,Field A
2022-08-11,09:15,Cow_156,0,10,7,0,36.7,Clear,Field A
2022-08-11,09:15,Cow_157,8,3,4,0,36.7,Clear,Field C
2022-08-11,09:15,Cow_158,10,4,1,0,36.7,Clear,Field A
2022-08-11,09:15,Cow_159,8,4,3,0,36.7,Clear,Field A
2022-08-11,09:15,Cow_160,7,3,5,0,36.7,Clear,Field B
2022-08-11,09:15,Cow_161,5,3,7,0,36.7,Clear,Field C
2022-08-11,09:15,Cow_162,7,6,2,0,36.7,Clear,Field C
2022-08-11,09:15,Cow_163,14,0,8,0,36.7,Clear,Field B
2022-08-11,09:15,Cow_164,12,0,3,0,36.7,Clear,Field A
2022-08-11,09:15,Cow_165,11,0,5,0,36.7,Clear,Field B
2022-08-11,09:15,Cow_166,8,1,6,0,36.7,Clear,Field B
2022-08-11,09:15,Cow_167,14,5,0,0,36.7,Clear,Field B
2022-08-11,09:15,Cow_168,3,5,7,0,36.7,Clear,Field A
2022-08-11,09:15,Cow_169,13,9,0,0,36.7,Clear,Field B
2022-08-11,09:15,Cow_170,7,4,4,0,36.7,Clear,Field C
2022-08-11,09:15,Cow_171,6,3,6,0,36.7,Clear,Field A
2022-08-11,09:15,Cow_172,6,1,8,0,36.7,Clear,Field C
2022-08-11,09:15,Cow_173,10,6,0,0,36.7,Clear,Field A
2022-08-11,09:15,Cow_174,11,0,7,0,36.7,Clear,Field A
2022-08-11,09:15,Cow_175,0,0,0,15,36.7,Clear,Field C
2022-08-11,09:15,Cow_176,9,7,0,0,36.7,Clear,Field B
2022-08-11,09:15,Cow_177,6,1,8,0,36.7,Clear,Field B
2022-08-11,09:15,Cow_178,13,5,0,0,36.7,Clear,Field C
2022-08-11,09:15,Cow_179,13,0,7,0,36.7,Clear,Field B
2022-08-11,09:15,Cow_180,0,0,0,15,36.7,Clear,Field C
2022-08-11,09:15,Cow_181,0,10,8,0,36.7,Clear,Field A
2022-08-11,09:15,Cow_182,10,2,3,0,36.7,Clear,Field B
2022-08-11,09:15,Cow_183,13,0,4,0,36.7,Clear,Field B
2022-08-11,09:15,Cow_184,0,10,7,0,36.7,Clear,Field C
2022-08-11,09:15,Cow_185,7,4,4,0,36.7,Clear,Field C
2022-08-11,09:15,Cow_186,2,10,3,0,36.7,Clear,Field A
2022-08-11,09:15,Cow_187,12,6,0,0,36.7,Clear,Field C
2022-08-11,09:15,Cow_188,1,8,6,0,36.7,Clear,Field B
2022-08-11,09:15,Cow_189,7,4,4,0,36.7,Clear,Field C
2022-08-11,09:15,Cow_190,9,9,0,0,36.7,Clear,Field B
2022-08-11,09:15,Cow_191,14,0,8,0,36.7,Clear,Field A
2022-08-11,09:15,Cow_192,3,4,8,0,36.7,Clear,Field C
2022-08-11,09:15,Cow_193,13,0,6,0,36.7,Clear,Field B
2022-08-11,09:15,Cow_194,11,5,0,0,36.7,Clear,Field B
2022-08-11,09:15,Cow_195,12,7,0,0,36.7,Clear,Field C
2022-08-11,09:15,Cow_196,5,9,1,0,36.7,Clear,Field A
2022-08-11,09:15,Cow_197,10,0,6,0,36.7,Clear,Field B
2022-08-11,09:15,Cow_198,7,10,0,0,36.7,Clear,Field A
2022-08-11,09:15,Cow_199,6,6,3,0,36.7,Clear,Field C
2022-08-11,09:15,Cow_200,5,4,6,0,36.7,Clear,Field B
2022-08-11,09:15,Cow_201,9,0,7,0,36.7,Clear,Field C
2022-08-11,09:15,Cow_202,7,5,3,0,36.7,Clear,Field B
2022-08-11,09:15,Cow_203,14,8,0,0,36.7,Clear,Field C
2022-08-11,09:15,Cow_204,7,1,7,0,36.7,Clear,Field B
2022-08-11,09:15,Cow_205,5,7,3,0,36.7,Clear,Field C
2022-08-11,09:15,Cow_206,12,0,7,0,36.7,Clear,Field A
2022-08-11,09:15,Cow_207,10,4,1,0,36.7,Clear,Field A
2022-08-11,09:15,Cow_208,8,3,4,0,36.7,Clear,Field C
2022-08-11,09:15,Cow_209,5,4,6,0,36.7,Clear,Field C
2022-08-11,09:15,Cow_210,8,8,0,0,36.7,Clear,Field A
2022-08-11,09:15,Cow_211,11,0,7,0,36.7,Clear,Field C
2022-08-11,09:15,Cow_212,8,0,7,0,36.7,Clear,Field A
2022-08-11,09:15,Cow_213,1,7,7,0,36.7,Clear,Field C
2022-08-11,09:15,Cow_214,13,3,0,0,36.7,Clear,Field A
2022-08-11,09:15,Cow_215,10,0,7,0,36.7,Clear,Field B
2022-08-11,09:15,Cow_216,13,4,0,0,36.7,Clear,Field B
2022-08-11,09:15,Cow_217,0,0,0,15,36.7,Clear,Field B
2022-08-11,09:15,Cow_218,13,0,6,0,36.7,Clear,Field B
2022-08-11,09:15,Cow_219,5,7,3,0,36.7,Clear,Field B
2022-08-11,09:15,Cow_220,13,0,5,0,36.7,Clear,Field C
2022-08-11,09:15,Cow_221,7,0,8,0,36.7,Clear,Field B
2022-08-11,09:15,Cow_222,6,4,5,0,36.7,Clear,Field B
2022-08-11,09:15,Cow_223,10,0,7,0,36.7,Clear,Field B
2022-08-11,09:15,Cow_224,8,4,3,0,36.7,Clear,Field C
2022-08-11,09:15,Cow_225,4,5,6,0,36.7,Clear,Field C
2022-08-11,09:15,Cow_226,7,7,1,0,36.7,Clear,Field B
2022-08-11,09:15,Cow_227,12,0,3,0,36.7,Clear,Field C
2022-08-11,09:15,Cow_228,5,10,0,0,36.7,Clear,Field B
2022-08-11,09:15,Cow_229,5,10,0,0,36.7,Clear,Field A
2022-08-11,09:15,Cow_230,6,4,5,0,36.7,Clear,Field C
2022-08-11,09:15,Cow_231,6,8,1,0,36.7,Clear,Field B
2022-08-11,09:15,Cow_232,0,0,0,15,36.7,Clear,Field C
2022-08-11,09:15,Cow_233,7,3,5,0,36.7,Clear,Field A
2022-08-11,09:15,Cow_234,5,5,5,0,36.7,Clear,Field C
2022-08-11,09:15,Cow_235,0,7,10,0,36.7,Clear,Field A
2022-08-11,09:15,Cow_236,0,0,0,15,36.7,Clear,Field B
2022-08-11,09:15,Cow_237,8,6,1,0,36.7,Clear,Field A
2022-08-11,09:15,Cow_238,14,3,0,0,36.7,Clear,Field A
2022-08-11,09:15,Cow_239,7,7,1,0,36.7,Clear,Field A
2022-08-11,09:15,Cow_240,13,0,7,0,36.7,Clear,Field B
2022-08-11,09:15,Cow_241,7,5,3,0,36.7,Clear,Field C
2022-08-11,09:15,Cow_242,14,6,0,0,36.7,Clear,Field C
2022-08-11,09:15,Cow_243,9,0,7,0,36.7,Clear,Field C
2022-08-11,09:15,Cow_244,6,5,4,0,36.7,Clear,Field C
2022-08-11,09:15,Cow_245,10,0,6,0,36.7,Clear,Field C
2022-08-11,09:15,Cow_246,12,9,0,0,36.7,Clear,Field A
2022-08-11,09:15,Cow_247,6,5,4,0,36.7,Clear,Field B
2022-08-11,09:15,Cow_248,9,7,0,0,36.7,Clear,Field A
2022-08-11,09:15,Cow_249,11,10,0,0,36.7,Clear,Field C
2022-08-11,09:15,Cow_250,9,3,3,0,36.7,Clear,Field B
2022-08-11,09:15,Cow_251,2,7,6,0,36.7,Clear,Field B
2022-08-11,09:15,Cow_252,0,0,0,15,36.7,Clear,Field A
2022-08-11,09:15,Cow_253,8,3,4,0,36.7,Clear,Field C
2022-08-11,09:15,Cow_254,4,7,4,0,36.7,Clear,Field A
2022-08-11,09:15,Cow_255,6,6,3,0,36.7,Clear,Field B
2022-08-11,09:15,Cow_256,0,0,0,15,36.7,Clear,Field A
2022-08-11,09:15,Cow_257,7,4,4,0,36.7,Clear,Field A
2022-08-11,09:15,Cow_258,0,9,6,0,36.7,Clear,Field A
2022-08-11,09:15,Cow_259,10,0,5,0,36.7,Clear,Field C
2022-08-11,09:15,Cow_260,11,0,5,0,36.7,Clear,Field A
2022-08-11,09:15,Cow_261,6,5,4,0,36.7,Clear,Field C
2022-08-11,09:15,Cow_262,4,7,4,0,36.7,Clear,Field C
2022-08-11,09:15,Cow_263,7,5,3,0,36.7,Clear,Field A
2022-08-11,09:15,Cow_264,1,7,7,0,36.7,Clear,Field B
2022-08-11,09:15,Cow_265,12,0,3,0,36.7,Clear,Field A
2022-08-11,09:15,Cow_266,12,0,5,0,36.7,Clear,Field C
2022-08-11,09:15,Cow_267,5,2,8,0,36.7,Clear,Field B
2022-08-11,09:15,Cow_268,12,9,0,0,36.7,Clear,Field A
2022-08-11,09:15,Cow_269,0,7,8,0,36.7,Clear,Field B
2022-08-11,09:15,Cow_270,13,6,0,0,36.7,Clear,Field B
2022-08-11,09:15,Cow_271,13,5,0,0,36.7,Clear,Field C
2022-08-11,09:15,Cow_272,14,10,0,0,36.7,Clear,Field A
2022-08-11,09:15,Cow_273,6,9,0,0,36.7,Clear,Field A
2022-08-11,09:15,Cow_274,6,5,4,0,36.7,Clear,Field A
2022-08-11,09:15,Cow_275,11,8,0,0,36.7,Clear,Field A
2022-08-11,09:15,Cow_276,2,8,5,0,36.7,Clear,Field B
2022-08-11,09:15,Cow_277,7,3,5,0,36.7,Clear,Field C
2022-08-11,09:15,Cow_278,5,5,5,0,36.7,Clear,Field A
2022-08-11,09:15,Cow_279,5,4,6,0,36.7,Clear,Field C
2022-08-11,09:15,Cow_280,0,8,8,0,36.7,Clear,Field B
2022-08-11,09:15,Cow_281,5,7,3,0,36.7,Clear,Field B
2022-08-11,09:15,Cow_282,3,5,7,0,36.7,Clear,Field C
2022-08-11,09:15,Cow_283,14,3,0,0,36.7,Clear,Field A
2022-08-11,09:15,Cow_284,11,0,4,0,36.7,Clear,Field B
2022-08-11,09:15,Cow_285,8,0,8,0,36.7,Clear,Field B
2022-08-11,09:15,Cow_286,0,0,0,15,36.7,Clear,Field A
2022-08-11,09:15,Cow_287,0,10,7,0,36.7,Clear,Field A
2022-08-11,09:15,Cow_288,14,5,0,0,36.7,Clear,Field A
2022-08-11,09:15,Cow_289,0,0,0,15,36.7,Clear,Field A
2022-08-11,09:15,Cow_290,1,10,4,0,36.7,Clear,Field B
2022-08-11,09:15,Cow_291,9,0,6,0,36.7,Clear,Field A
2022-08-11,09:15,Cow_292,6,5,4,0,36.7,Clear,Field B
2022-08-11,09:15,Cow_293,7,4,4,0,36.7,Clear,Field C
2022-08-11,09:15,Cow_294,2,6,7,0,36.7,Clear,Field A
2022-08-11,09:15,Cow_295,11,0,6,0,36.7,Clear,Field B
2022-08-11,09:15,Cow_296,6,10,0,0,36.7,Clear,Field A
2022-08-11,09:15,Cow_297,4,3,8,0,36.7,Clear,Field A
2022-08-11,09:15,Cow_298,12,0,3,0,36.7,Clear,Field A
2022-08-11,09:15,Cow_299,14,0,10,0,36.7,Clear,Field C
2022-08-11,09:15,Cow_300,7,3,5,0,36.7,Clear,Field C
2022-08-11,09:15,Cow_301,7,7,1,0,36.7,Clear,Field C
2022-08-11,09:15,Cow_302,5,5,5,0,36.7,Clear,Field B
2022-08-11,09:15,Cow_303,7,10,0,0,36.7,Clear,Field A
2022-08-11,09:15,Cow_304,8,5,2,0,36.7,Clear,Field B
2022-08-11,09:15,Cow_305,4,4,7,0,36.7,Clear,Field C
2022-08-11,09:15,Cow_306,5,4,6,0,36.7,Clear,Field B
2022-08-11,09:15,Cow_307,7,9,0,0,36.7,Clear,Field B
2022-08-11,09:15,Cow_308,0,0,0,15,36.7,Clear,Field B
2022-08-11,09:15,Cow_309,9,7,0,0,36.7,Clear,Field C
2022-08-11,09:15,Cow_310,10,0,5,0,36.7,Clear,Field A
2022-08-11,09:15,Cow_311,7,3,5,0,36.7,Clear,Field C
2022-08-11,09:15,Cow_312,10,3,2,0,36.7,Clear,Field B
2022-08-11,09:15,Cow_313,5,7,3,0,36.7,Clear,Field C
2022-08-11,09:15,Cow_314,14,7,0,0,36.7,Clear,Field C
2022-08-11,09:15,Cow_315,1,10,4,0,36.7,Clear,Field B
2022-08-11,09:15,Cow_316,0,0,0,15,36.7,Clear,Field C
2022-08-11,09:15,Cow_317,10,4,1,0,36.7,Clear,Field C
2022-08-11,09:15,Cow_318,0,8,8,0,36.7,Clear,Field C
2022-08-11,09:15,Cow_319,10,1,4,0,36.7,Clear,Field A
2022-08-11,09:15,Cow_320,0,8,7,0,36.7,Clear,Field B
2022-08-11,09:15,Cow_321,6,6,3,0,36.7,Clear,Field B
2022-08-11,09:15,Cow_322,10,8,0,0,36.7,Clear,Field B
2022-08-11,09:15,Cow_323,1,7,7,0,36.7,Clear,Field A
2022-08-11,09:15,Cow_324,9,2,4,0,36.7,Clear,Field C
2022-08-11,09:15,Cow_325,14,0,7,0,36.7,Clear,Field B
2022-08-11,09:15,Cow_326,12,0,4,0,36.7,Clear,Field A
2022-08-11,09:15,Cow_327,0,0,0,15,36.7,Clear,Field B
2022-08-11,09:15,Cow_328,10,0,7,0,36.7,Clear,Field A
2022-08-11,09:15,Cow_329,10,0,8,0,36.7,Clear,Field B
2022-08-11,09:15,Cow_330,2,6,7,0,36.7,Clear,Field A
2022-08-11,09:15,Cow_331,14,6,0,0,36.7,Clear,Field C
2022-08-11,09:15,Cow_332,3,7,5,0,36.7,Clear,Field C
2022-08-11,09:15,Cow_333,5,6,4,0,36.7,Clear,Field A
2022-08-11,09:15,Cow_334,8,4,3,0,36.7,Clear,Field C
2022-08-11,09:15,Cow_335,12,9,0,0,36.7,Clear,Field B
2022-08-11,09:15,Cow_336,12,3,0,0,36.7,Clear,Field A
2022-08-11,09:15,Cow_337,0,0,0,15,36.7,Clear,Field A
2022-08-11,09:15,Cow_338,7,3,5,0,36.7,Clear,Field C
2022-08-11,09:15,Cow_339,9,0,8,0,36.7,Clear,Field C
2022-08-11,09:15,Cow_340,9,5,1,0,36.7,Clear,Field A
2022-08-11,09:15,Cow_341,12,6,0,0,36.7,Clear,Field C
2022-08-11,09:15,Cow_342,9,0,6,0,36.7,Clear,Field A
2022-08-11,09:15,Cow_343,8,4,3,0,36.7,Clear,Field C
2022-08-11,09:15,Cow_344,3,4,8,0,36.7,Clear,Field A
2022-08-11,09:15,Cow_345,2,10,3,0,36.7,Clear,Field C
2022-08-11,09:15,Cow_346,6,4,5,0,36.7,Clear,Field B
2022-08-11,09:15,Cow_347,0,10,6,0,36.7,Clear,Field B
2022-08-11,09:15,Cow_348,9,0,7,0,36.7,Clear,Field B
2022-08-11,09:15,Cow_349,6,5,4,0,36.7,Clear,Field B
2022-08-11,09:15,Cow_350,11,7,0,0,36.7,Clear,Field A
2022-08-11,09:15,Cow_351,8,4,3,0,36.7,Clear,Field B
2022-08-11,09:15,Cow_352,11,3,1,0,36.7,Clear,Field A
2022-08-11,09:15,Cow_353,14,0,8,0,36.7,Clear,Field B
2022-08-11,09:15,Cow_354,5,4,6,0,36.7,Clear,Field A
2022-08-11,09:15,Cow_355,6,2,7,0,36.7,Clear,Field A
2022-08-11,09:15,Cow_356,10,5,0,0,36.7,Clear,Field C
2022-08-11,09:15,Cow_357,13,10,0,0,36.7,Clear,Field B
2022-08-11,09:15,Cow_358,6,5,4,0,36.7,Clear,Field A
2022-08-11,09:15,Cow_359,14,10,0,0,36.7,Clear,Field A
2022-08-11,09:15,Cow_360,10,10,0,0,36.7,Clear,Field A
2022-08-11,09:15,Cow_361,2,5,8,0,36.7,Clear,Field B
2022-08-11,09:15,Cow_362,1,7,7,0,36.7,Clear,Field A
2022-08-11,09:15,Cow_363,15,12,0,0,36.7,Clear,Field A
2022-08-11,09:15,Cow_364,5,4,6,0,36.7,Clear,Field B
2022-08-11,09:15,Cow_365,6,4,5,0,36.7,Clear,Field B
2022-08-11,09:15,Cow_366,8,9,0,0,36.7,Clear,Field A
2022-08-11,09:15,Cow_367,7,3,5,0,36.7,Clear,Field B
2022-08-11,09:15,Cow_368,11,0,4,0,36.7,Clear,Field A
2022-08-11,09:15,Cow_369,4,5,6,0,36.7,Clear,Field B
2022-08-11,09:15,Cow_370,8,3,4,0,36.7,Clear,Field A
2022-08-11,09:15,Cow_371,8,4,3,0,36.7,Clear,Field C
2022-08-11,09:15,Cow_372,5,2,8,0,36.7,Clear,Field A
2022-08-11,09:15,Cow_373,8,2,5,0,36.7,Clear,Field C
2022-08-11,09:15,Cow_374,13,8,0,0,36.7,Clear,Field B
2022-08-11,09:15,Cow_375,3,6,6,0,36.7,Clear,Field A
2022-08-11,09:15,Cow_376,10,0,5,0,36.7,Clear,Field A
2022-08-11,09:15,Cow_377,12,0,5,0,36.7,Clear,Field B
2022-08-11,09:15,Cow_378,1,6,8,0,36.7,Clear,Field B
2022-08-11,09:15,Cow_379,0,0,0,15,36.7,Clear,Field C
2022-08-11,09:15,Cow_380,9,6,0,0,36.7,Clear,Field B
2022-08-11,09:15,Cow_381,6,9,0,0,36.7,Clear,Field A
2022-08-11,09:15,Cow_382,0,0,0,15,36.7,Clear,Field C
2022-08-11,09:15,Cow_383,5,4,6,0,36.7,Clear,Field C
2022-08-11,09:15,Cow_384,12,10,0,0,36.7,Clear,Field B
2022-08-11,09:15,Cow_385,0,0,0,15,36.7,Clear,Field C
2022-08-11,09:15,Cow_386,0,9,7,0,36.7,Clear,Field A
2022-08-11,09:15,Cow_387,10,5,0,0,36.7,Clear,Field C
2022-08-11,09:15,Cow_388,5,6,4,0,36.7,Clear,Field B
2022-08-11,09:15,Cow_389,4,5,6,0,36.7,Clear,Field C
2022-08-11,09:15,Cow_390,5,8,2,0,36.7,Clear,Field A
2022-08-11,09:15,Cow_391,9,12,0,0,36.7,Clear,Field A
2022-08-11,09:15,Cow_392,13,0,7,0,36.7,Clear,Field B
2022-08-11,09:15,Cow_393,9,0,6,0,36.7,Clear,Field C
2022-08-11,09:15,Cow_394,0,0,0,15,36.7,Clear,Field C
2022-08-11,09:15,Cow_395,6,5,4,0,36.7,Clear,Field B
2022-08-11,09:15,Cow_396,10,9,0,0,36.7,Clear,Field B
2022-08-11,09:15,Cow_397,10,2,3,0,36.7,Clear,Field A
2022-08-11,09:15,Cow_398,13,8,0,0,36.7,Clear,Field C
2022-08-11,09:15,Cow_399,8,4,3,0,36.7,Clear,Field B
2022-08-11,09:15,Cow_400,2,7,6,0,36.7,Clear,Field B
2022-08-11,09:15,Cow_401,7,1,7,0,36.7,Clear,Field C
2022-08-11,09:15,Cow_402,7,10,0,0,36.7,Clear,Field B
2022-08-11,09:15,Cow_403,11,0,8,0,36.7,Clear,Field C
2022-08-11,09:15,Cow_404,0,0,0,15,36.7,Clear,Field C
2022-08-11,09:15,Cow_405,11,4,0,0,36.7,Clear,Field A
2022-08-11,09:15,Cow_406,7,5,3,0,36.7,Clear,Field A
2022-08-11,09:15,Cow_407,10,3,2,0,36.7,Clear,Field A
2022-08-11,09:15,Cow_408,5,5,5,0,36.7,Clear,Field B
2022-08-11,09:15,Cow_409,1,8,6,0,36.7,Clear,Field A
2022-08-11,09:15,Cow_410,11,4,0,0,36.7,Clear,Field C
2022-08-11,09:15,Cow_411,3,7,5,0,36.7,Clear,Field A
2022-08-11,09:15,Cow_412,9,10,0,0,36.7,Clear,Field A
2022-08-11,09:15,Cow_413,12,7,0,0,36.7,Clear,Field B
2022-08-11,09:15,Cow_414,8,7,0,0,36.7,Clear,Field C
2022-08-11,09:15,Cow_415,5,7,3,0,36.7,Clear,Field A
2022-08-11,09:15,Cow_416,0,10,6,0,36.7,Clear,Field C
2022-08-11,09:15,Cow_417,6,3,6,0,36.7,Clear,Field B
2022-08-11,09:15,Cow_418,14,7,0,0,36.7,Clear,Field C
2022-08-11,09:15,Cow_419,6,6,3,0,36.7,Clear,Field C
2022-08-11,09:15,Cow_420,0,10,8,0,36.7,Clear,Field A
2022-08-11,09:15,Cow_421,0,0,0,15,36.7,Clear,Field B
2022-08-11,09:15,Cow_422,13,6,0,0,36.7,Clear,Field A
2022-08-11,09:15,Cow_423,6,7,2,0,36.7,Clear,Field C
2022-08-11,09:15,Cow_424,4,5,6,0,36.7,Clear,Field A
2022-08-11,09:15,Cow_425,14,0,6,0,36.7,Clear,Field A
2022-08-11,09:15,Cow_426,8,0,7,0,36.7,Clear,Field A
2022-08-11,09:15,Cow_427,11,9,0,0,36.7,Clear,Field A
2022-08-11,09:15,Cow_428,5,2,8,0,36.7,Clear,Field C
2022-08-11,09:15,Cow_429,0,9,6,0,36.7,Clear,Field A
2022-08-11,09:15,Cow_430,0,0,0,15,36.7,Clear,Field B
2022-08-11,09:15,Cow_431,12,6,0,0,36.7,Clear,Field A
2022-08-11,09:15,Cow_432,0,0,0,15,36.7,Clear,Field B
2022-08-11,09:15,Cow_433,1,7,7,0,36.7,Clear,Field A
2022-08-11,09:15,Cow_434,14,4,0,0,36.7,Clear,Field B
2022-08-11,09:15,Cow_435,9,0,6,0,36.7,Clear,Field B
2022-08-11,09:15,Cow_436,11,0,8,0,36.7,Clear,Field C
2022-08-11,09:15,Cow_437,3,5,7,0,36.7,Clear,Field A
2022-08-11,09:15,Cow_438,9,9,0,0,36.7,Clear,Field C
2022-08-11,09:15,Cow_439,8,9,0,0,36.7,Clear,Field A
2022-08-11,09:15,Cow_440,6,4,5,0,36.7,Clear,Field B
2022-08-11,09:15,Cow_441,12,9,0,0,36.7,Clear,Field A
2022-08-11,09:15,Cow_442,11,0,9,0,36.7,Clear,Field B
2022-08-11,09:15,Cow_443,4,6,5,0,36.7,Clear,Field A
2022-08-11,09:15,Cow_444,7,5,3,0,36.7,Clear,Field A
2022-08-11,09:15,Cow_445,0,0,0,15,36.7,Clear,Field B
2022-08-11,09:15,Cow_446,7,8,0,0,36.7,Clear,Field B
2022-08-11,09:15,Cow_447,7,7,1,0,36.7,Clear,Field C
2022-08-11,09:15,Cow_448,6,3,6,0,36.7,Clear,Field B
2022-08-11,09:15,Cow_449,8,8,0,0,36.7,Clear,Field C
2022-08-11,09:15,Cow_450,10,0,7,0,36.7,Clear,Field A
2022-08-11,09:15,Cow_451,10,7,0,0,36.7,Clear,Field C
2022-08-11,09:15,Cow_452,12,4,0,0,36.7,Clear,Field A
2022-08-11,09:15,Cow_453,6,2,7,0,36.7,Clear,Field B
2022-08-11,09:15,Cow_454,10,0,8,0,36.7,Clear,Field A
2022-08-11,09:15,Cow_455,10,0,6,0,36.7,Clear,Field C
2022-08-11,09:15,Cow_456,9,6,0,0,36.7,Clear,Field B
2022-08-11,09:15,Cow_457,0,10,6,0,36.7,Clear,Field B
2022-08-11,09:15,Cow_458,6,4,5,0,36.7,Clear,Field A
2022-08-11,09:15,Cow_459,10,4,1,0,36.7,Clear,Field C
2022-08-11,09:15,Cow_460,2,7,6,0,36.7,Clear,Field A
2022-08-11,09:15,Cow_461,8,4,3,0,36.7,Clear,Field C
2022-08-11,09:15,Cow_462,5,6,4,0,36.7,Clear,Field C
2022-08-11,09:15,Cow_463,0,0,0,15,36.7,Clear,Field B
2022-08-11,09:15,Cow_464,10,6,0,0,36.7,Clear,Field B
2022-08-11,09:15,Cow_465,14,0,8,0,36.7,Clear,Field A
2022-08-11,09:15,Cow_466,14,3,0,0,36.7,Clear,Field A
2022-08-11,09:15,Cow_467,12,0,7,0,36.7,Clear,Field C
2022-08-11,09:15,Cow_468,12,4,0,0,36.7,Clear,Field B
2022-08-11,09:15,Cow_469,9,2,4,0,36.7,Clear,Field A
2022-08-11,09:15,Cow_470,0,0,0,15,36.7,Clear,Field B
2022-08-11,09:15,Cow_471,13,0,4,0,36.7,Clear,Field C
2022-08-11,09:15,Cow_472,12,0,4,0,36.7,Clear,Field C
2022-08-11,09:15,Cow_473,9,0,7,0,36.7,Clear,Field B
2022-08-11,09:15,Cow_474,0,0,0,15,36.7,Clear,Field C
2022-08-11,09:15,Cow_475,6,3,6,0,36.7,Clear,Field A
2022-08-11,09:15,Cow_476,5,6,4,0,36.7,Clear,Field B
2022-08-11,09:15,Cow_477,9,2,4,0,36.7,Clear,Field A
2022-08-11,09:15,Cow_478,12,0,5,0,36.7,Clear,Field B
2022-08-11,09:15,Cow_479,5,5,5,0,36.7,Clear,Field A
2022-08-11,09:15,Cow_480,12,0,4,0,36.7,Clear,Field C
2022-08-11,09:15,Cow_481,6,5,4,0,36.7,Clear,Field B
2022-08-11,09:15,Cow_482,9,2,4,0,36.7,Clear,Field B
2022-08-11,09:15,Cow_483,6,4,5,0,36.7,Clear,Field A
2022-08-11,09:15,Cow_484,9,4,2,0,36.7,Clear,Field C
2022-08-11,09:15,Cow_485,0,0,0,15,36.7,Clear,Field A
2022-08-11,09:15,Cow_486,13,10,0,0,36.7,Clear,Field C
2022-08-11,09:15,Cow_487,8,0,8,0,36.7,Clear,Field A
2022-08-11,09:15,Cow_488,0,9,7,0,36.7,Clear,Field C
2022-08-11,09:15,Cow_489,9,6,0,0,36.7,Clear,Field B
2022-08-11,09:15,Cow_490,5,7,3,0,36.7,Clear,Field B
2022-08-11,09:15,Cow_491,13,0,8,0,36.7,Clear,Field C
2022-08-11,09:15,Cow_492,2,5,8,0,36.7,Clear,Field C
2022-08-11,09:15,Cow_493,9,4,2,0,36.7,Clear,Field A
2022-08-11,09:15,Cow_494,10,4,1,0,36.7,Clear,Field C
2022-08-11,09:15,Cow_495,8,1,6,0,36.7,Clear,Field A
2022-08-11,09:15,Cow_496,3,6,6,0,36.7,Clear,Field B
2022-08-11,09:15,Cow_497,2,5,8,0,36.7,Clear,Field B
2022-08-11,09:15,Cow_498,5,6,4,0,36.7,Clear,Field A
2022-08-11,09:15,Cow_499,8,5,2,0,36.7,Clear,Field B
2022-08-11,09:15,Cow_500,6,6,3,0,36.7,Clear,Field B
2022-08-11,09:30,Cow_1,5,5,5,0,35.1,Rainy,Field B
2022-08-11,09:30,Cow_2,0,0,0,15,35.1,Rainy,Field C
2022-08-11,09:30,Cow_3,6,2,7,0,35.1,Rainy,Field A
2022-08-11,09:30,Cow_4,3,7,5,0,35.1,Rainy,Field A
2022-08-11,09:30,Cow_5,7,5,3,0,35.1,Rainy,Field C
2022-08-11,09:30,Cow_6,6,10,0,0,35.1,Rainy,Field A
2022-08-11,09:30,Cow_7,0,0,0,15,35.1,Rainy,Field C
2022-08-11,09:30,Cow_8,0,0,0,15,35.1,Rainy,Field C
2022-08-11,09:30,Cow_9,11,4,0,0,35.1,Rainy,Field C
2022-08-11,09:30,Cow_10,1,9,5,0,35.1,Rainy,Field C
2022-08-11,09:30,Cow_11,14,8,0,0,35.1,Rainy,Field C
2022-08-11,09:30,Cow_12,14,8,0,0,35.1,Rainy,Field C
2022-08-11,09:30,Cow_13,0,0,0,15,35.1,Rainy,Field A
2022-08-11,09:30,Cow_14,7,5,3,0,35.1,Rainy,Field B
2022-08-11,09:30,Cow_15,5,4,6,0,35.1,Rainy,Field A
2022-08-11,09:30,Cow_16,6,6,3,0,35.1,Rainy,Field A
2022-08-11,09:30,Cow_17,0,9,8,0,35.1,Rainy,Field A
2022-08-11,09:30,Cow_18,5,8,2,0,35.1,Rainy,Field A
2022-08-11,09:30,Cow_19,5,7,3,0,35.1,Rainy,Field B
2022-08-11,09:30,Cow_20,9,0,7,0,35.1,Rainy,Field C
2022-08-11,09:30,Cow_21,9,0,9,0,35.1,Rainy,Field B
2022-08-11,09:30,Cow_22,10,10,0,0,35.1,Rainy,Field B
2022-08-11,09:30,Cow_23,0,0,0,15,35.1,Rainy,Field A
2022-08-11,09:30,Cow_24,0,0,0,15,35.1,Rainy,Field C
2022-08-11,09:30,Cow_25,7,5,3,0,35.1,Rainy,Field C
2022-08-11,09:30,Cow_26,6,3,6,0,35.1,Rainy,Field C
2022-08-11,09:30,Cow_27,14,7,0,0,35.1,Rainy,Field B
2022-08-11,09:30,Cow_28,9,5,1,0,35.1,Rainy,Field A
2022-08-11,09:30,Cow_29,4,5,6,0,35.1,Rainy,Field A
2022-08-11,09:30,Cow_30,6,3,6,0,35.1,Rainy,Field A
2022-08-11,09:30,Cow_31,5,2,8,0,35.1,Rainy,Field A
2022-08-11,09:30,Cow_32,4,5,6,0,35.1,Rainy,Field B
2022-08-11,09:30,Cow_33,4,6,5,0,35.1,Rainy,Field C
2022-08-11,09:30,Cow_34,6,7,2,0,35.1,Rainy,Field A
2022-08-11,09:30,Cow_35,14,0,7,0,35.1,Rainy,Field A
2022-08-11,09:30,Cow_36,3,7,5,0,35.1,Rainy,Field A
2022-08-11,09:30,Cow_37,10,10,0,0,35.1,Rainy,Field A
2022-08-11,09:30,Cow_38,9,8,0,0,35.1,Rainy,Field A
2022-08-11,09:30,Cow_39,6,10,0,0,35.1,Rainy,Field C
2022-08-11,09:30,Cow_40,10,2,3,0,35.1,Rainy,Field C
2022-08-11,09:30,Cow_41,10,4,1,0,35.1,Rainy,Field B
2022-08-11,09:30,Cow_42,13,10,0,0,35.1,Rainy,Field B
2022-08-11,09:30,Cow_43,9,1,5,0,35.1,Rainy,Field A
2022-08-11,09:30,Cow_44,12,5,0,0,35.1,Rainy,Field B
2022-08-11,09:30,Cow_45,7,6,2,0,35.1,Rainy,Field B
2022-08-11,09:30,Cow_46,8,1,6,0,35.1,Rainy,Field B
2022-08-11,09:30,Cow_47,0,10,8,0,35.1,Rainy,Field B
2022-08-11,09:30,Cow_48,14,7,0,0,35.1,Rainy,Field B
2022-08-11,09:30,Cow_49,13,6,0,0,35.1,Rainy,Field B
2022-08-11,09:30,Cow_50,14,0,8,0,35.1,Rainy,Field A
2022-08-11,09:30,Cow_51,9,1,5,0,35.1,Rainy,Field A
2022-08-11,09:30,Cow_52,5,4,6,0,35.1,Rainy,Field C
2022-08-11,09:30,Cow_53,8,4,3,0,35.1,Rainy,Field B
2022-08-11,09:30,Cow_54,0,0,0,15,35.1,Rainy,Field C
2022-08-11,09:30,Cow_55,12,8,0,0,35.1,Rainy,Field C
2022-08-11,09:30,Cow_56,0,0,0,15,35.1,Rainy,Field A
2022-08-11,09:30,Cow_57,8,9,0,0,35.1,Rainy,Field C
2022-08-11,09:30,Cow_58,11,9,0,0,35.1,Rainy,Field B
2022-08-11,09:30,Cow_59,14,0,5,0,35.1,Rainy,Field B
2022-08-11,09:30,Cow_60,8,3,4,0,35.1,Rainy,Field C
2022-08-11,09:30,Cow_61,0,0,0,15,35.1,Rainy,Field A
2022-08-11,09:30,Cow_62,14,0,6,0,35.1,Rainy,Field A
2022-08-11,09:30,Cow_63,0,0,0,15,35.1,Rainy,Field A
2022-08-11,09:30,Cow_64,6,5,4,0,35.1,Rainy,Field A
2022-08-11,09:30,Cow_65,9,7,0,0,35.1,Rainy,Field A
2022-08-11,09:30,Cow_66,6,8,1,0,35.1,Rainy,Field B
2022-08-11,09:30,Cow_67,5,7,3,0,35.1,Rainy,Field B
2022-08-11,09:30,Cow_68,7,5,3,0,35.1,Rainy,Field B
2022-08-11,09:30,Cow_69,14,0,7,0,35.1,Rainy,Field C
2022-08-11,09:30,Cow_70,11,0,5,0,35.1,Rainy,Field C
2022-08-11,09:30,Cow_71,8,4,3,0,35.1,Rainy,Field A
2022-08-11,09:30,Cow_72,14,10,0,0,35.1,Rainy,Field C
2022-08-11,09:30,Cow_73,14,0,3,0,35.1,Rainy,Field A
2022-08-11,09:30,Cow_74,8,3,4,0,35.1,Rainy,Field C
2022-08-11,09:30,Cow_75,11,12,0,0,35.1,Rainy,Field C
2022-08-11,09:30,Cow_76,9,8,0,0,35.1,Rainy,Field B
2022-08-11,09:30,Cow_77,13,4,0,0,35.1,Rainy,Field B
2022-08-11,09:30,Cow_78,5,5,5,0,35.1,Rainy,Field B
2022-08-11,09:30,Cow_79,7,3,5,0,35.1,Rainy,Field C
2022-08-11,09:30,Cow_80,4,6,5,0,35.1,Rainy,Field B
2022-08-11,09:30,Cow_81,7,5,3,0,35.1,Rainy,Field A
2022-08-11,09:30,Cow_82,0,8,8,0,35.1,Rainy,Field C
2022-08-11,09:30,Cow_83,2,6,7,0,35.1,Rainy,Field A
2022-08-11,09:30,Cow_84,10,8,0,0,35.1,Rainy,Field A
2022-08-11,09:30,Cow_85,9,3,3,0,35.1,Rainy,Field A
2022-08-11,09:30,Cow_86,9,0,7,0,35.1,Rainy,Field B
2022-08-11,09:30,Cow_87,5,7,3,0,35.1,Rainy,Field C
2022-08-11,09:30,Cow_88,5,6,4,0,35.1,Rainy,Field B
2022-08-11,09:30,Cow_89,5,6,4,0,35.1,Rainy,Field A
2022-08-11,09:30,Cow_90,11,0,4,0,35.1,Rainy,Field B
2022-08-11,09:30,Cow_91,12,4,0,0,35.1,Rainy,Field A
2022-08-11,09:30,Cow_92,8,8,0,0,35.1,Rainy,Field A
2022-08-11,09:30,Cow_93,13,0,5,0,35.1,Rainy,Field C
2022-08-11,09:30,Cow_94,11,7,0,0,35.1,Rainy,Field B
2022-08-11,09:30,Cow_95,7,1,7,0,35.1,Rainy,Field B
2022-08-11,09:30,Cow_96,8,2,5,0,35.1,Rainy,Field B
2022-08-11,09:30,Cow_97,9,0,7,0,35.1,Rainy,Field A
2022-08-11,09:30,Cow_98,14,0,3,0,35.1,Rainy,Field C
2022-08-11,09:30,Cow_99,14,0,3,0,35.1,Rainy,Field A
2022-08-11,09:30,Cow_100,0,0,0,15,35.1,Rainy,Field C
2022-08-11,09:30,Cow_101,2,6,7,0,35.1,Rainy,Field A
2022-08-11,09:30,Cow_102,0,7,8,0,35.1,Rainy,Field A
2022-08-11,09:30,Cow_103,6,1,8,0,35.1,Rainy,Field B
2022-08-11,09:30,Cow_104,7,4,4,0,35.1,Rainy,Field B
2022-08-11,09:30,Cow_105,3,4,8,0,35.1,Rainy,Field C
2022-08-11,09:30,Cow_106,9,10,0,0,35.1,Rainy,Field A
2022-08-11,09:30,Cow_107,9,6,0,0,35.1,Rainy,Field B
2022-08-11,09:30,Cow_108,10,8,0,0,35.1,Rainy,Field C
2022-08-11,09:30,Cow_109,4,7,4,0,35.1,Rainy,Field B
2022-08-11,09:30,Cow_110,6,6,3,0,35.1,Rainy,Field A
2022-08-11,09:30,Cow_111,0,10,8,0,35.1,Rainy,Field C
2022-08-11,09:30,Cow_112,11,8,0,0,35.1,Rainy,Field B
2022-08-11,09:30,Cow_113,0,0,0,15,35.1,Rainy,Field C
2022-08-11,09:30,Cow_114,13,0,7,0,35.1,Rainy,Field B
2022-08-11,09:30,Cow_115,13,4,0,0,35.1,Rainy,Field A
2022-08-11,09:30,Cow_116,0,10,6,0,35.1,Rainy,Field C
2022-08-11,09:30,Cow_117,9,8,0,0,35.1,Rainy,Field A
2022-08-11,09:30,Cow_118,3,9,3,0,35.1,Rainy,Field A
2022-08-11,09:30,Cow_119,13,4,0,0,35.1,Rainy,Field B
2022-08-11,09:30,Cow_120,13,0,6,0,35.1,Rainy,Field B
2022-08-11,09:30,Cow_121,11,6,0,0,35.1,Rainy,Field C
2022-08-11,09:30,Cow_122,5,5,5,0,35.1,Rainy,Field A
2022-08-11,09:30,Cow_123,10,8,0,0,35.1,Rainy,Field A
2022-08-11,09:30,Cow_124,9,0,6,0,35.1,Rainy,Field C
2022-08-11,09:30,Cow_125,6,3,6,0,35.1,Rainy,Field C
2022-08-11,09:30,Cow_126,0,0,0,15,35.1,Rainy,Field A
2022-08-11,09:30,Cow_127,9,5,1,0,35.1,Rainy,Field C
2022-08-11,09:30,Cow_128,7,10,0,0,35.1,Rainy,Field A
2022-08-11,09:30,Cow_129,0,0,0,15,35.1,Rainy,Field B
2022-08-11,09:30,Cow_130,2,9,4,0,35.1,Rainy,Field C
2022-08-11,09:30,Cow_131,14,4,0,0,35.1,Rainy,Field C
2022-08-11,09:30,Cow_132,9,8,0,0,35.1,Rainy,Field A
2022-08-11,09:30,Cow_133,13,7,0,0,35.1,Rainy,Field A
2022-08-11,09:30,Cow_134,5,6,4,0,35.1,Rainy,Field B
2022-08-11,09:30,Cow_135,4,5,6,0,35.1,Rainy,Field A
2022-08-11,09:30,Cow_136,11,6,0,0,35.1,Rainy,Field B
2022-08-11,09:30,Cow_137,11,7,0,0,35.1,Rainy,Field A
2022-08-11,09:30,Cow_138,7,4,4,0,35.1,Rainy,Field A
2022-08-11,09:30,Cow_139,5,7,3,0,35.1,Rainy,Field C
2022-08-11,09:30,Cow_140,8,0,7,0,35.1,Rainy,Field A
2022-08-11,09:30,Cow_141,11,5,0,0,35.1,Rainy,Field C
2022-08-11,09:30,Cow_142,1,8,6,0,35.1,Rainy,Field A
2022-08-11,09:30,Cow_143,5,3,7,0,35.1,Rainy,Field C
2022-08-11,09:30,Cow_144,0,9,6,0,35.1,Rainy,Field A
2022-08-11,09:30,Cow_145,5,10,0,0,35.1,Rainy,Field C
2022-08-11,09:30,Cow_146,3,6,6,0,35.1,Rainy,Field C
2022-08-11,09:30,Cow_147,5,9,1,0,35.1,Rainy,Field C
2022-08-11,09:30,Cow_148,14,5,0,0,35.1,Rainy,Field C
2022-08-11,09:30,Cow_149,1,7,7,0,35.1,Rainy,Field C
2022-08-11,09:30,Cow_150,6,5,4,0,35.1,Rainy,Field C
2022-08-11,09:30,Cow_151,0,0,0,15,35.1,Rainy,Field A
2022-08-11,09:30,Cow_152,13,0,6,0,35.1,Rainy,Field A
2022-08-11,09:30,Cow_153,0,10,8,0,35.1,Rainy,Field B
2022-08-11,09:30,Cow_154,1,7,7,0,35.1,Rainy,Field C
2022-08-11,09:30,Cow_155,5,6,4,0,35.1,Rainy,Field B
2022-08-11,09:30,Cow_156,2,6,7,0,35.1,Rainy,Field C
2022-08-11,09:30,Cow_157,13,0,3,0,35.1,Rainy,Field A
2022-08-11,09:30,Cow_158,14,0,3,0,35.1,Rainy,Field C
2022-08-11,09:30,Cow_159,4,5,6,0,35.1,Rainy,Field B
2022-08-11,09:30,Cow_160,3,5,7,0,35.1,Rainy,Field C
2022-08-11,09:30,Cow_161,10,1,4,0,35.1,Rainy,Field B
2022-08-11,09:30,Cow_162,11,5,0,0,35.1,Rainy,Field B
2022-08-11,09:30,Cow_163,4,3,8,0,35.1,Rainy,Field C
2022-08-11,09:30,Cow_164,8,3,4,0,35.1,Rainy,Field B
2022-08-11,09:30,Cow_165,8,3,4,0,35.1,Rainy,Field C
2022-08-11,09:30,Cow_166,9,10,0,0,35.1,Rainy,Field B
2022-08-11,09:30,Cow_167,10,2,3,0,35.1,Rainy,Field C
2022-08-11,09:30,Cow_168,9,3,3,0,35.1,Rainy,Field C
2022-08-11,09:30,Cow_169,5,6,4,0,35.1,Rainy,Field B
2022-08-11,09:30,Cow_170,3,8,4,0,35.1,Rainy,Field A
2022-08-11,09:30,Cow_171,11,8,0,0,35.1,Rainy,Field A
2022-08-11,09:30,Cow_172,6,10,0,0,35.1,Rainy,Field C
2022-08-11,09:30,Cow_173,13,0,6,0,35.1,Rainy,Field B
2022-08-11,09:30,Cow_174,12,0,9,0,35.1,Rainy,Field C
2022-08-11,09:30,Cow_175,3,9,3,0,35.1,Rainy,Field B
2022-08-11,09:30,Cow_176,7,9,0,0,35.1,Rainy,Field C
2022-08-11,09:30,Cow_177,8,0,8,0,35.1,Rainy,Field B
2022-08-11,09:30,Cow_178,9,9,0,0,35.1,Rainy,Field B
2022-08-11,09:30,Cow_179,0,0,0,15,35.1,Rainy,Field B
2022-08-11,09:30,Cow_180,11,10,0,0,35.1,Rainy,Field C
2022-08-11,09:30,Cow_181,7,1,7,0,35.1,Rainy,Field B
2022-08-11,09:30,Cow_182,1,9,5,0,35.1,Rainy,Field A
2022-08-11,09:30,Cow_183,1,7,7,0,35.1,Rainy,Field C
2022-08-11,09:30,Cow_184,9,0,8,0,35.1,Rainy,Field A
2022-08-11,09:30,Cow_185,0,10,6,0,35.1,Rainy,Field B
2022-08-11,09:30,Cow_186,10,0,6,0,35.1,Rainy,Field C
2022-08-11,09:30,Cow_187,6,6,3,0,35.1,Rainy,Field B
2022-08-11,09:30,Cow_188,2,8,5,0,35.1,Rainy,Field C
2022-08-11,09:30,Cow_189,12,0,3,0,35.1,Rainy,Field C
2022-08-11,09:30,Cow_190,1,10,4,0,35.1,Rainy,Field C
2022-08-11,09:30,Cow_191,10,0,7,0,35.1,Rainy,Field A
2022-08-11,09:30,Cow_192,0,10,5,0,35.1,Rainy,Field B
2022-08-11,09:30,Cow_193,2,8,5,0,35.1,Rainy,Field B
2022-08-11,09:30,Cow_194,14,7,0,0,35.1,Rainy,Field A
2022-08-11,09:30,Cow_195,8,0,7,0,35.1,Rainy,Field B
2022-08-11,09:30,Cow_196,2,8,5,0,35.1,Rainy,Field B
2022-08-11,09:30,Cow_197,14,6,0,0,35.1,Rainy,Field C
2022-08-11,09:30,Cow_198,13,3,0,0,35.1,Rainy,Field C
2022-08-11,09:30,Cow_199,7,9,0,0,35.1,Rainy,Field B
2022-08-11,09:30,Cow_200,0,0,0,15,35.1,Rainy,Field B
2022-08-11,09:30,Cow_201,9,0,7,0,35.1,Rainy,Field A
2022-08-11,09:30,Cow_202,4,6,5,0,35.1,Rainy,Field C
2022-08-11,09:30,Cow_203,4,4,7,0,35.1,Rainy,Field C
2022-08-11,09:30,Cow_204,6,6,3,0,35.1,Rainy,Field C
2022-08-11,09:30,Cow_205,2,5,8,0,35.1,Rainy,Field A
2022-08-11,09:30,Cow_206,6,9,0,0,35.1,Rainy,Field B
2022-08-11,09:30,Cow_207,5,4,6,0,35.1,Rainy,Field B
2022-08-11,09:30,Cow_208,8,3,4,0,35.1,Rainy,Field A
2022-08-11,09:30,Cow_209,14,9,0,0,35.1,Rainy,Field B
2022-08-11,09:30,Cow_210,2,8,5,0,35.1,Rainy,Field B
2022-08-11,09:30,Cow_211,8,8,0,0,35.1,Rainy,Field C
2022-08-11,09:30,Cow_212,8,4,3,0,35.1,Rainy,Field C
2022-08-11,09:30,Cow_213,0,0,0,15,35.1,Rainy,Field B
2022-08-11,09:30,Cow_214,7,3,5,0,35.1,Rainy,Field A
2022-08-11,09:30,Cow_215,10,2,3,0,35.1,Rainy,Field C
2022-08-11,09:30,Cow_216,12,5,0,0,35.1,Rainy,Field A
2022-08-11,09:30,Cow_217,3,8,4,0,35.1,Rainy,Field A
2022-08-11,09:30,Cow_218,4,6,5,0,35.1,Rainy,Field C
2022-08-11,09:30,Cow_219,0,9,7,0,35.1,Rainy,Field C
2022-08-11,09:30,Cow_220,5,6,4,0,35.1,Rainy,Field C
2022-08-11,09:30,Cow_221,3,9,3,0,35.1,Rainy,Field B
2022-08-11,09:30,Cow_222,6,2,7,0,35.1,Rainy,Field A
2022-08-11,09:30,Cow_223,12,10,0,0,35.1,Rainy,Field A
2022-08-11,09:30,Cow_224,0,9,8,0,35.1,Rainy,Field C
2022-08-11,09:30,Cow_225,1,9,5,0,35.1,Rainy,Field B
2022-08-11,09:30,Cow_226,8,3,4,0,35.1,Rainy,Field A
2022-08-11,09:30,Cow_227,6,6,3,0,35.1,Rainy,Field B
2022-08-11,09:30,Cow_228,8,4,3,0,35.1,Rainy,Field C
2022-08-11,09:30,Cow_229,5,3,7,0,35.1,Rainy,Field C
2022-08-11,09:30,Cow_230,8,3,4,0,35.1,Rainy,Field B
2022-08-11,09:30,Cow_231,9,0,7,0,35.1,Rainy,Field A
2022-08-11,09:30,Cow_232,7,7,1,0,35.1,Rainy,Field C
2022-08-11,09:30,Cow_233,10,3,2,0,35.1,Rainy,Field C
2022-08-11,09:30,Cow_234,0,0,0,15,35.1,Rainy,Field C
2022-08-11,09:30,Cow_235,0,10,8,0,35.1,Rainy,Field B
2022-08-11,09:30,Cow_236,9,3,3,0,35.1,Rainy,Field B
2022-08-11,09:30,Cow_237,6,5,4,0,35.1,Rainy,Field B
2022-08-11,09:30,Cow_238,5,2,8,0,35.1,Rainy,Field C
2022-08-11,09:30,Cow_239,11,8,0,0,35.1,Rainy,Field B
2022-08-11,09:30,Cow_240,9,2,4,0,35.1,Rainy,Field A
2022-08-11,09:30,Cow_241,2,7,6,0,35.1,Rainy,Field B
2022-08-11,09:30,Cow_242,13,9,0,0,35.1,Rainy,Field A
2022-08-11,09:30,Cow_243,14,0,3,0,35.1,Rainy,Field B
2022-08-11,09:30,Cow_244,8,0,7,0,35.1,Rainy,Field A
2022-08-11,09:30,Cow_245,12,0,8,0,35.1,Rainy,Field C
2022-08-11,09:30,Cow_246,5,2,8,0,35.1,Rainy,Field A
2022-08-11,09:30,Cow_247,7,3,5,0,35.1,Rainy,Field B
2022-08-11,09:30,Cow_248,11,0,6,0,35.1,Rainy,Field B
2022-08-11,09:30,Cow_249,7,2,6,0,35.1,Rainy,Field B
2022-08-11,09:30,Cow_250,5,7,3,0,35.1,Rainy,Field A
2022-08-11,09:30,Cow_251,14,0,3,0,35.1,Rainy,Field B
2022-08-11,09:30,Cow_252,0,12,4,0,35.1,Rainy,Field C
2022-08-11,09:30,Cow_253,10,1,4,0,35.1,Rainy,Field C
2022-08-11,09:30,Cow_254,13,0,3,0,35.1,Rainy,Field A
2022-08-11,09:30,Cow_255,12,5,0,0,35.1,Rainy,Field C
2022-08-11,09:30,Cow_256,8,9,0,0,35.1,Rainy,Field A
2022-08-11,09:30,Cow_257,6,5,4,0,35.1,Rainy,Field A
2022-08-11,09:30,Cow_258,9,3,3,0,35.1,Rainy,Field B
2022-08-11,09:30,Cow_259,0,7,8,0,35.1,Rainy,Field C
2022-08-11,09:30,Cow_260,10,10,0,0,35.1,Rainy,Field C
2022-08-11,09:30,Cow_261,1,7,7,0,35.1,Rainy,Field B
2022-08-11,09:30,Cow_262,8,8,0,0,35.1,Rainy,Field B
2022-08-11,09:30,Cow_263,2,7,6,0,35.1,Rainy,Field A
2022-08-11,09:30,Cow_264,0,9,7,0,35.1,Rainy,Field C
2022-08-11,09:30,Cow_265,8,4,3,0,35.1,Rainy,Field C
2022-08-11,09:30,Cow_266,13,0,8,0,35.1,Rainy,Field C
2022-08-11,09:30,Cow_267,4,4,7,0,35.1,Rainy,Field A
2022-08-11,09:30,Cow_268,2,10,3,0,35.1,Rainy,Field A
2022-08-11,09:30,Cow_269,6,3,6,0,35.1,Rainy,Field C
2022-08-11,09:30,Cow_270,3,4,8,0,35.1,Rainy,Field A
2022-08-11,09:30,Cow_271,2,8,5,0,35.1,Rainy,Field C
2022-08-11,09:30,Cow_272,12,4,0,0,35.1,Rainy,Field A
2022-08-11,09:30,Cow_273,9,4,2,0,35.1,Rainy,Field A
2022-08-11,09:30,Cow_274,6,4,5,0,35.1,Rainy,Field C
2022-08-11,09:30,Cow_275,9,0,6,0,35.1,Rainy,Field C
2022-08-11,09:30,Cow_276,8,4,3,0,35.1,Rainy,Field B
2022-08-11,09:30,Cow_277,9,0,8,0,35.1,Rainy,Field C
2022-08-11,09:30,Cow_278,1,8,6,0,35.1,Rainy,Field A
2022-08-11,09:30,Cow_279,0,0,0,15,35.1,Rainy,Field B
2022-08-11,09:30,Cow_280,11,0,5,0,35.1,Rainy,Field B
2022-08-11,09:30,Cow_281,5,3,7,0,35.1,Rainy,Field B
2022-08-11,09:30,Cow_282,1,7,7,0,35.1,Rainy,Field B
2022-08-11,09:30,Cow_283,7,5,3,0,35.1,Rainy,Field A
2022-08-11,09:30,Cow_284,10,1,4,0,35.1,Rainy,Field B
2022-08-11,09:30,Cow_285,5,4,6,0,35.1,Rainy,Field B
2022-08-11,09:30,Cow_286,13,0,4,0,35.1,Rainy,Field B
2022-08-11,09:30,Cow_287,14,0,5,0,35.1,Rainy,Field A
2022-08-11,09:30,Cow_288,11,8,0,0,35.1,Rainy,Field A
2022-08-11,09:30,Cow_289,13,9,0,0,35.1,Rainy,Field A
2022-08-11,09:30,Cow_290,0,9,7,0,35.1,Rainy,Field A
2022-08-11,09:30,Cow_291,0,0,0,15,35.1,Rainy,Field A
2022-08-11,09:30,Cow_292,7,4,4,0,35.1,Rainy,Field C
2022-08-11,09:30,Cow_293,5,8,2,0,35.1,Rainy,Field C
2022-08-11,09:30,Cow_294,12,0,7,0,35.1,Rainy,Field A
2022-08-11,09:30,Cow_295,7,3,5,0,35.1,Rainy,Field A
2022-08-11,09:30,Cow_296,13,10,0,0,35.1,Rainy,Field B
2022-08-11,09:30,Cow_297,6,5,4,0,35.1,Rainy,Field B
2022-08-11,09:30,Cow_298,6,5,4,0,35.1,Rainy,Field B
2022-08-11,09:30,Cow_299,0,11,5,0,35.1,Rainy,Field B
2022-08-11,09:30,Cow_300,12,0,6,0,35.1,Rainy,Field B
2022-08-11,09:30,Cow_301,14,0,8,0,35.1,Rainy,Field B
2022-08-11,09:30,Cow_302,11,10,0,0,35.1,Rainy,Field C
2022-08-11,09:30,Cow_303,4,8,3,0,35.1,Rainy,Field B
2022-08-11,09:30,Cow_304,0,0,0,15,35.1,Rainy,Field A
2022-08-11,09:30,Cow_305,13,7,0,0,35.1,Rainy,Field A
2022-08-11,09:30,Cow_306,12,5,0,0,35.1,Rainy,Field C
2022-08-11,09:30,Cow_307,11,0,8,0,35.1,Rainy,Field C
2022-08-11,09:30,Cow_308,4,4,7,0,35.1,Rainy,Field C
2022-08-11,09:30,Cow_309,8,9,0,0,35.1,Rainy,Field A
2022-08-11,09:30,Cow_310,0,10,6,0,35.1,Rainy,Field B
2022-08-11,09:30,Cow_311,8,3,4,0,35.1,Rainy,Field C
2022-08-11,09:30,Cow_312,14,0,6,0,35.1,Rainy,Field B
2022-08-11,09:30,Cow_313,6,6,3,0,35.1,Rainy,Field A
2022-08-11,09:30,Cow_314,8,3,4,0,35.1,Rainy,Field C
2022-08-11,09:30,Cow_315,5,7,3,0,35.1,Rainy,Field B
2022-08-11,09:30,Cow_316,8,7,0,0,35.1,Rainy,Field A
2022-08-11,09:30,Cow_317,13,8,0,0,35.1,Rainy,Field A
2022-08-11,09:30,Cow_318,9,3,3,0,35.1,Rainy,Field B
2022-08-11,09:30,Cow_319,0,9,8,0,35.1,Rainy,Field A
2022-08-11,09:30,Cow_320,1,10,4,0,35.1,Rainy,Field C
2022-08-11,09:30,Cow_321,9,7,0,0,35.1,Rainy,Field A
2022-08-11,09:30,Cow_322,7,3,5,0,35.1,Rainy,Field B
2022-08-11,09:30,Cow_323,9,10,0,0,35.1,Rainy,Field A
2022-08-11,09:30,Cow_324,6,6,3,0,35.1,Rainy,Field B
2022-08-11,09:30,Cow_325,6,4,5,0,35.1,Rainy,Field C
2022-08-11,09:30,Cow_326,0,8,7,0,35.1,Rainy,Field B
2022-08-11,09:30,Cow_327,5,4,6,0,35.1,Rainy,Field A
2022-08-11,09:30,Cow_328,14,0,4,0,35.1,Rainy,Field A
2022-08-11,09:30,Cow_329,8,8,0,0,35.1,Rainy,Field B
2022-08-11,09:30,Cow_330,14,0,4,0,35.1,Rainy,Field C
2022-08-11,09:30,Cow_331,5,5,5,0,35.1,Rainy,Field C
2022-08-11,09:30,Cow_332,6,9,0,0,35.1,Rainy,Field B
2022-08-11,09:30,Cow_333,8,10,0,0,35.1,Rainy,Field B
2022-08-11,09:30,Cow_334,4,6,5,0,35.1,Rainy,Field C
2022-08-11,09:30,Cow_335,13,0,6,0,35.1,Rainy,Field A
2022-08-11,09:30,Cow_336,13,9,0,0,35.1,Rainy,Field C
2022-08-11,09:30,Cow_337,2,8,5,0,35.1,Rainy,Field C
2022-08-11,09:30,Cow_338,0,0,0,15,35.1,Rainy,Field A
2022-08-11,09:30,Cow_339,8,4,3,0,35.1,Rainy,Field C
2022-08-11,09:30,Cow_340,9,2,4,0,35.1,Rainy,Field A
2022-08-11,09:30,Cow_341,5,5,5,0,35.1,Rainy,Field C
2022-08-11,09:30,Cow_342,14,0,7,0,35.1,Rainy,Field C
2022-08-11,09:30,Cow_343,13,10,0,0,35.1,Rainy,Field A
2022-08-11,09:30,Cow_344,4,3,8,0,35.1,Rainy,Field A
2022-08-11,09:30,Cow_345,11,0,4,0,35.1,Rainy,Field A
2022-08-11,09:30,Cow_346,12,10,0,0,35.1,Rainy,Field A
2022-08-11,09:30,Cow_347,6,3,6,0,35.1,Rainy,Field B
2022-08-11,09:30,Cow_348,7,3,5,0,35.1,Rainy,Field A
2022-08-11,09:30,Cow_349,13,5,0,0,35.1,Rainy,Field A
2022-08-11,09:30,Cow_350,5,7,3,0,35.1,Rainy,Field A
2022-08-11,09:30,Cow_351,11,10,0,0,35.1,Rainy,Field B
2022-08-11,09:30,Cow_352,1,8,6,0,35.1,Rainy,Field A
2022-08-11,09:30,Cow_353,5,6,4,0,35.1,Rainy,Field B
2022-08-11,09:30,Cow_354,14,9,0,0,35.1,Rainy,Field A
2022-08-11,09:30,Cow_355,8,3,4,0,35.1,Rainy,Field B
2022-08-11,09:30,Cow_356,2,5,8,0,35.1,Rainy,Field C
2022-08-11,09:30,Cow_357,4,7,4,0,35.1,Rainy,Field A
2022-08-11,09:30,Cow_358,14,5,0,0,35.1,Rainy,Field A
2022-08-11,09:30,Cow_359,11,7,0,0,35.1,Rainy,Field B
2022-08-11,09:30,Cow_360,13,0,8,0,35.1,Rainy,Field C
2022-08-11,09:30,Cow_361,3,6,6,0,35.1,Rainy,Field C
2022-08-11,09:30,Cow_362,7,4,4,0,35.1,Rainy,Field A
2022-08-11,09:30,Cow_363,14,9,0,0,35.1,Rainy,Field C
2022-08-11,09:30,Cow_364,8,10,0,0,35.1,Rainy,Field A
2022-08-11,09:30,Cow_365,10,6,0,0,35.1,Rainy,Field C
2022-08-11,09:30,Cow_366,6,3,6,0,35.1,Rainy,Field A
2022-08-11,09:30,Cow_367,12,9,0,0,35.1,Rainy,Field C
2022-08-11,09:30,Cow_368,5,6,4,0,35.1,Rainy,Field A
2022-08-11,09:30,Cow_369,11,0,6,0,35.1,Rainy,Field A
2022-08-11,09:30,Cow_370,5,6,4,0,35.1,Rainy,Field B
2022-08-11,09:30,Cow_371,12,10,0,0,35.1,Rainy,Field A
2022-08-11,09:30,Cow_372,8,10,0,0,35.1,Rainy,Field A
2022-08-11,09:30,Cow_373,9,2,4,0,35.1,Rainy,Field A
2022-08-11,09:30,Cow_374,14,6,0,0,35.1,Rainy,Field B
2022-08-11,09:30,Cow_375,0,9,8,0,35.1,Rainy,Field A
2022-08-11,09:30,Cow_376,7,4,4,0,35.1,Rainy,Field C
2022-08-11,09:30,Cow_377,7,3,5,0,35.1,Rainy,Field C
2022-08-11,09:30,Cow_378,10,2,3,0,35.1,Rainy,Field B
2022-08-11,09:30,Cow_379,3,6,6,0,35.1,Rainy,Field A
2022-08-11,09:30,Cow_380,0,0,0,15,35.1,Rainy,Field B
2022-08-11,09:30,Cow_381,0,12,10,0,35.1,Rainy,Field C
2022-08-11,09:30,Cow_382,14,0,6,0,35.1,Rainy,Field A
2022-08-11,09:30,Cow_383,10,0,5,0,35.1,Rainy,Field B
2022-08-11,09:30,Cow_384,11,0,8,0,35.1,Rainy,Field A
2022-08-11,09:30,Cow_385,10,4,1,0,35.1,Rainy,Field A
2022-08-11,09:30,Cow_386,4,8,3,0,35.1,Rainy,Field C
2022-08-11,09:30,Cow_387,7,0,8,0,35.1,Rainy,Field A
2022-08-11,09:30,Cow_388,7,0,8,0,35.1,Rainy,Field B
2022-08-11,09:30,Cow_389,13,5,0,0,35.1,Rainy,Field A
2022-08-11,09:30,Cow_390,5,7,3,0,35.1,Rainy,Field B
2022-08-11,09:30,Cow_391,0,0,0,15,35.1,Rainy,Field C
2022-08-11,09:30,Cow_392,7,3,5,0,35.1,Rainy,Field B
2022-08-11,09:30,Cow_393,9,1,5,0,35.1,Rainy,Field B
2022-08-11,09:30,Cow_394,8,6,1,0,35.1,Rainy,Field A
2022-08-11,09:30,Cow_395,15,8,0,0,35.1,Rainy,Field A
2022-08-11,09:30,Cow_396,11,5,0,0,35.1,Rainy,Field B
2022-08-11,09:30,Cow_397,13,10,0,0,35.1,Rainy,Field A
2022-08-11,09:30,Cow_398,11,1,3,0,35.1,Rainy,Field B
2022-08-11,09:30,Cow_399,0,0,0,15,35.1,Rainy,Field B
2022-08-11,09:30,Cow_400,9,0,6,0,35.1,Rainy,Field B
2022-08-11,09:30,Cow_401,2,9,4,0,35.1,Rainy,Field C
2022-08-11,09:30,Cow_402,13,5,0,0,35.1,Rainy,Field B
2022-08-11,09:30,Cow_403,12,0,8,0,35.1,Rainy,Field A
2022-08-11,09:30,Cow_404,14,0,3,0,35.1,Rainy,Field C
2022-08-11,09:30,Cow_405,8,8,0,0,35.1,Rainy,Field A
2022-08-11,09:30,Cow_406,0,0,0,15,35.1,Rainy,Field B
2022-08-11,09:30,Cow_407,9,3,3,0,35.1,Rainy,Field C
2022-08-11,09:30,Cow_408,0,0,0,15,35.1,Rainy,Field C
2022-08-11,09:30,Cow_409,6,3,6,0,35.1,Rainy,Field A
2022-08-11,09:30,Cow_410,6,3,6,0,35.1,Rainy,Field C
2022-08-11,09:30,Cow_411,14,8,0,0,35.1,Rainy,Field C
2022-08-11,09:30,Cow_412,0,6,9,0,35.1,Rainy,Field B
2022-08-11,09:30,Cow_413,8,4,3,0,35.1,Rainy,Field A
2022-08-11,09:30,Cow_414,8,10,0,0,35.1,Rainy,Field C
2022-08-11,09:30,Cow_415,10,0,7,0,35.1,Rainy,Field B
2022-08-11,09:30,Cow_416,10,10,0,0,35.1,Rainy,Field C
2022-08-11,09:30,Cow_417,8,3,4,0,35.1,Rainy,Field B
2022-08-11,09:30,Cow_418,6,9,0,0,35.1,Rainy,Field A
2022-08-11,09:30,Cow_419,5,5,5,0,35.1,Rainy,Field A
2022-08-11,09:30,Cow_420,12,0,5,0,35.1,Rainy,Field C
2022-08-11,09:30,Cow_421,5,3,7,0,35.1,Rainy,Field A
2022-08-11,09:30,Cow_422,14,3,0,0,35.1,Rainy,Field B
2022-08-11,09:30,Cow_423,11,10,0,0,35.1,Rainy,Field C
2022-08-11,09:30,Cow_424,5,5,5,0,35.1,Rainy,Field C
2022-08-11,09:30,Cow_425,6,6,3,0,35.1,Rainy,Field B
2022-08-11,09:30,Cow_426,3,8,4,0,35.1,Rainy,Field B
2022-08-11,09:30,Cow_427,6,7,2,0,35.1,Rainy,Field A
2022-08-11,09:30,Cow_428,2,5,8,0,35.1,Rainy,Field B
2022-08-11,09:30,Cow_429,14,0,4,0,35.1,Rainy,Field B
2022-08-11,09:30,Cow_430,14,0,6,0,35.1,Rainy,Field C
2022-08-11,09:30,Cow_431,0,10,6,0,35.1,Rainy,Field A
2022-08-11,09:30,Cow_432,0,0,0,15,35.1,Rainy,Field A
2022-08-11,09:30,Cow_433,14,6,0,0,35.1,Rainy,Field B
2022-08-11,09:30,Cow_434,6,9,0,0,35.1,Rainy,Field B
2022-08-11,09:30,Cow_435,14,0,7,0,35.1,Rainy,Field B
2022-08-11,09:30,Cow_436,5,7,3,0,35.1,Rainy,Field B
2022-08-11,09:30,Cow_437,14,6,0,0,35.1,Rainy,Field B
2022-08-11,09:30,Cow_438,13,10,0,0,35.1,Rainy,Field C
2022-08-11,09:30,Cow_439,4,3,8,0,35.1,Rainy,Field B
2022-08-11,09:30,Cow_440,6,1,8,0,35.1,Rainy,Field A
2022-08-11,09:30,Cow_441,13,5,0,0,35.1,Rainy,Field A
2022-08-11,09:30,Cow_442,7,6,2,0,35.1,Rainy,Field B
2022-08-11,09:30,Cow_443,14,4,0,0,35.1,Rainy,Field A
2022-08-11,09:30,Cow_444,7,9,0,0,35.1,Rainy,Field C
2022-08-11,09:30,Cow_445,12,7,0,0,35.1,Rainy,Field B
2022-08-11,09:30,Cow_446,1,9,5,0,35.1,Rainy,Field A
2022-08-11,09:30,Cow_447,2,5,8,0,35.1,Rainy,Field B
2022-08-11,09:30,Cow_448,5,2,8,0,35.1,Rainy,Field A
2022-08-11,09:30,Cow_449,13,7,0,0,35.1,Rainy,Field C
2022-08-11,09:30,Cow_450,5,3,7,0,35.1,Rainy,Field C
2022-08-11,09:30,Cow_451,11,0,5,0,35.1,Rainy,Field C
2022-08-11,09:30,Cow_452,2,7,6,0,35.1,Rainy,Field C
2022-08-11,09:30,Cow_453,13,0,3,0,35.1,Rainy,Field B
2022-08-11,09:30,Cow_454,10,4,1,0,35.1,Rainy,Field A
2022-08-11,09:30,Cow_455,14,0,4,0,35.1,Rainy,Field C
2022-08-11,09:30,Cow_456,7,5,3,0,35.1,Rainy,Field A
2022-08-11,09:30,Cow_457,5,9,1,0,35.1,Rainy,Field B
2022-08-11,09:30,Cow_458,0,0,0,15,35.1,Rainy,Field A
2022-08-11,09:30,Cow_459,2,5,8,0,35.1,Rainy,Field A
2022-08-11,09:30,Cow_460,12,10,0,0,35.1,Rainy,Field A
2022-08-11,09:30,Cow_461,1,7,7,0,35.1,Rainy,Field B
2022-08-11,09:30,Cow_462,13,0,6,0,35.1,Rainy,Field C
2022-08-11,09:30,Cow_463,4,8,3,0,35.1,Rainy,Field A
2022-08-11,09:30,Cow_464,0,9,8,0,35.1,Rainy,Field B
2022-08-11,09:30,Cow_465,13,0,4,0,35.1,Rainy,Field A
2022-08-11,09:30,Cow_466,9,7,0,0,35.1,Rainy,Field B
2022-08-11,09:30,Cow_467,7,6,2,0,35.1,Rainy,Field A
2022-08-11,09:30,Cow_468,11,0,7,0,35.1,Rainy,Field A
2022-08-11,09:30,Cow_469,7,5,3,0,35.1,Rainy,Field A
2022-08-11,09:30,Cow_470,11,3,1,0,35.1,Rainy,Field A
2022-08-11,09:30,Cow_471,10,2,3,0,35.1,Rainy,Field A
2022-08-11,09:30,Cow_472,5,9,1,0,35.1,Rainy,Field A
2022-08-11,09:30,Cow_473,12,10,0,0,35.1,Rainy,Field C
2022-08-11,09:30,Cow_474,5,7,3,0,35.1,Rainy,Field C
2022-08-11,09:30,Cow_475,11,3,1,0,35.1,Rainy,Field A
2022-08-11,09:30,Cow_476,7,5,3,0,35.1,Rainy,Field C
2022-08-11,09:30,Cow_477,12,0,4,0,35.1,Rainy,Field C
2022-08-11,09:30,Cow_478,4,4,7,0,35.1,Rainy,Field A
2022-08-11,09:30,Cow_479,1,8,6,0,35.1,Rainy,Field C
2022-08-11,09:30,Cow_480,14,0,6,0,35.1,Rainy,Field C
2022-08-11,09:30,Cow_481,11,4,0,0,35.1,Rainy,Field A
2022-08-11,09:30,Cow_482,6,7,2,0,35.1,Rainy,Field C
2022-08-11,09:30,Cow_483,1,9,5,0,35.1,Rainy,Field C
2022-08-11,09:30,Cow_484,6,5,4,0,35.1,Rainy,Field C
2022-08-11,09:30,Cow_485,10,3,2,0,35.1,Rainy,Field B
2022-08-11,09:30,Cow_486,3,7,5,0,35.1,Rainy,Field A
2022-08-11,09:30,Cow_487,0,0,0,15,35.1,Rainy,Field B
2022-08-11,09:30,Cow_488,7,5,3,0,35.1,Rainy,Field C
2022-08-11,09:30,Cow_489,3,8,4,0,35.1,Rainy,Field A
2022-08-11,09:30,Cow_490,0,0,0,15,35.1,Rainy,Field A
2022-08-11,09:30,Cow_491,6,7,2,0,35.1,Rainy,Field C
2022-08-11,09:30,Cow_492,3,8,4,0,35.1,Rainy,Field A
2022-08-11,09:30,Cow_493,14,0,7,0,35.1,Rainy,Field B
2022-08-11,09:30,Cow_494,11,7,0,0,35.1,Rainy,Field A
2022-08-11,09:30,Cow_495,12,4,0,0,35.1,Rainy,Field A
2022-08-11,09:30,Cow_496,9,6,0,0,35.1,Rainy,Field A
2022-08-11,09:30,Cow_497,7,9,0,0,35.1,Rainy,Field A
2022-08-11,09:30,Cow_498,4,6,5,0,35.1,Rainy,Field C
2022-08-11,09:30,Cow_499,12,0,6,0,35.1,Rainy,Field C
2022-08-11,09:30,Cow_500,5,9,1,0,35.1,Rainy,Field B
2022-08-11,09:45,Cow_1,13,0,4,0,36.1,Sunny,Field C
2022-08-11,09:45,Cow_2,11,10,0,0,36.1,Sunny,Field B
2022-08-11,09:45,Cow_3,5,8,2,0,36.1,Sunny,Field B
2022-08-11,09:45,Cow_4,12,0,4,0,36.1,Sunny,Field A
2022-08-11,09:45,Cow_5,7,7,1,0,36.1,Sunny,Field B
2022-08-11,09:45,Cow_6,14,0,4,0,36.1,Sunny,Field A
2022-08-11,09:45,Cow_7,12,0,6,0,36.1,Sunny,Field C
2022-08-11,09:45,Cow_8,9,3,3,0,36.1,Sunny,Field C
2022-08-11,09:45,Cow_9,9,3,3,0,36.1,Sunny,Field A
2022-08-11,09:45,Cow_10,9,10,0,0,36.1,Sunny,Field A
2022-08-11,09:45,Cow_11,6,8,1,0,36.1,Sunny,Field B
2022-08-11,09:45,Cow_12,1,6,8,0,36.1,Sunny,Field C
2022-08-11,09:45,Cow_13,12,0,6,0,36.1,Sunny,Field C
2022-08-11,09:45,Cow_14,0,0,0,15,36.1,Sunny,Field C
2022-08-11,09:45,Cow_15,6,5,4,0,36.1,Sunny,Field A
2022-08-11,09:45,Cow_16,7,5,3,0,36.1,Sunny,Field B
2022-08-11,09:45,Cow_17,13,3,0,0,36.1,Sunny,Field A
2022-08-11,09:45,Cow_18,12,11,0,0,36.1,Sunny,Field B
2022-08-11,09:45,Cow_19,12,0,4,0,36.1,Sunny,Field B
2022-08-11,09:45,Cow_20,7,4,4,0,36.1,Sunny,Field C
2022-08-11,09:45,Cow_21,11,3,1,0,36.1,Sunny,Field C
2022-08-11,09:45,Cow_22,0,10,5,0,36.1,Sunny,Field A
2022-08-11,09:45,Cow_23,13,0,8,0,36.1,Sunny,Field C
2022-08-11,09:45,Cow_24,8,6,1,0,36.1,Sunny,Field A
2022-08-11,09:45,Cow_25,5,4,6,0,36.1,Sunny,Field A
2022-08-11,09:45,Cow_26,6,5,4,0,36.1,Sunny,Field A
2022-08-11,09:45,Cow_27,11,0,5,0,36.1,Sunny,Field C
2022-08-11,09:45,Cow_28,6,4,5,0,36.1,Sunny,Field A
2022-08-11,09:45,Cow_29,10,0,7,0,36.1,Sunny,Field A
2022-08-11,09:45,Cow_30,5,3,7,0,36.1,Sunny,Field C
2022-08-11,09:45,Cow_31,0,8,9,0,36.1,Sunny,Field A
2022-08-11,09:45,Cow_32,0,0,0,15,36.1,Sunny,Field B
2022-08-11,09:45,Cow_33,0,7,8,0,36.1,Sunny,Field C
2022-08-11,09:45,Cow_34,7,5,3,0,36.1,Sunny,Field C
2022-08-11,09:45,Cow_35,5,5,5,0,36.1,Sunny,Field A
2022-08-11,09:45,Cow_36,10,0,6,0,36.1,Sunny,Field B
2022-08-11,09:45,Cow_37,5,7,3,0,36.1,Sunny,Field C
2022-08-11,09:45,Cow_38,5,5,5,0,36.1,Sunny,Field B
2022-08-11,09:45,Cow_39,6,5,4,0,36.1,Sunny,Field A
2022-08-11,09:45,Cow_40,9,9,0,0,36.1,Sunny,Field C
2022-08-11,09:45,Cow_41,5,6,4,0,36.1,Sunny,Field B
2022-08-11,09:45,Cow_42,13,0,3,0,36.1,Sunny,Field B
2022-08-11,09:45,Cow_43,8,3,4,0,36.1,Sunny,Field B
2022-08-11,09:45,Cow_44,6,6,3,0,36.1,Sunny,Field A
2022-08-11,09:45,Cow_45,6,6,3,0,36.1,Sunny,Field A
2022-08-11,09:45,Cow_46,5,4,6,0,36.1,Sunny,Field B
2022-08-11,09:45,Cow_47,3,5,7,0,36.1,Sunny,Field B
2022-08-11,09:45,Cow_48,10,2,3,0,36.1,Sunny,Field A
2022-08-11,09:45,Cow_49,10,9,0,0,36.1,Sunny,Field A
2022-08-11,09:45,Cow_50,12,0,6,0,36.1,Sunny,Field B
2022-08-11,09:45,Cow_51,12,0,5,0,36.1,Sunny,Field C
2022-08-11,09:45,Cow_52,1,8,6,0,36.1,Sunny,Field B
2022-08-11,09:45,Cow_53,0,0,0,15,36.1,Sunny,Field B
2022-08-11,09:45,Cow_54,12,0,4,0,36.1,Sunny,Field C
2022-08-11,09:45,Cow_55,6,4,5,0,36.1,Sunny,Field B
2022-08-11,09:45,Cow_56,13,8,0,0,36.1,Sunny,Field A
2022-08-11,09:45,Cow_57,1,10,4,0,36.1,Sunny,Field A
2022-08-11,09:45,Cow_58,6,6,3,0,36.1,Sunny,Field A
2022-08-11,09:45,Cow_59,10,9,0,0,36.1,Sunny,Field C
2022-08-11,09:45,Cow_60,5,3,7,0,36.1,Sunny,Field B
2022-08-11,09:45,Cow_61,0,9,6,0,36.1,Sunny,Field B
2022-08-11,09:45,Cow_62,12,0,6,0,36.1,Sunny,Field A
2022-08-11,09:45,Cow_63,4,8,3,0,36.1,Sunny,Field A
2022-08-11,09:45,Cow_64,0,0,0,15,36.1,Sunny,Field C
2022-08-11,09:45,Cow_65,4,4,7,0,36.1,Sunny,Field B
2022-08-11,09:45,Cow_66,3,9,3,0,36.1,Sunny,Field B
2022-08-11,09:45,Cow_67,5,5,5,0,36.1,Sunny,Field B
2022-08-11,09:45,Cow_68,11,0,5,0,36.1,Sunny,Field C
2022-08-11,09:45,Cow_69,4,7,4,0,36.1,Sunny,Field B
2022-08-11,09:45,Cow_70,6,7,2,0,36.1,Sunny,Field A
2022-08-11,09:45,Cow_71,10,6,0,0,36.1,Sunny,Field C
2022-08-11,09:45,Cow_72,1,7,7,0,36.1,Sunny,Field B
2022-08-11,09:45,Cow_73,7,10,0,0,36.1,Sunny,Field B
2022-08-11,09:45,Cow_74,13,3,0,0,36.1,Sunny,Field C
2022-08-11,09:45,Cow_75,0,0,0,15,36.1,Sunny,Field C
2022-08-11,09:45,Cow_76,4,5,6,0,36.1,Sunny,Field B
2022-08-11,09:45,Cow_77,4,4,7,0,36.1,Sunny,Field A
2022-08-11,09:45,Cow_78,0,10,6,0,36.1,Sunny,Field A
2022-08-11,09:45,Cow_79,5,6,4,0,36.1,Sunny,Field A
2022-08-11,09:45,Cow_80,10,3,2,0,36.1,Sunny,Field B
2022-08-11,09:45,Cow_81,0,10,5,0,36.1,Sunny,Field A
2022-08-11,09:45,Cow_82,13,8,0,0,36.1,Sunny,Field B
2022-08-11,09:45,Cow_83,5,3,7,0,36.1,Sunny,Field C
2022-08-11,09:45,Cow_84,12,6,0,0,36.1,Sunny,Field C
2022-08-11,09:45,Cow_85,8,9,0,0,36.1,Sunny,Field B
2022-08-11,09:45,Cow_86,14,5,0,0,36.1,Sunny,Field C
2022-08-11,09:45,Cow_87,14,0,7,0,36.1,Sunny,Field C
2022-08-11,09:45,Cow_88,13,0,7,0,36.1,Sunny,Field C
2022-08-11,09:45,Cow_89,1,9,5,0,36.1,Sunny,Field B
2022-08-11,09:45,Cow_90,10,4,1,0,36.1,Sunny,Field C
2022-08-11,09:45,Cow_91,5,4,6,0,36.1,Sunny,Field B
2022-08-11,09:45,Cow_92,13,0,3,0,36.1,Sunny,Field C
2022-08-11,09:45,Cow_93,5,6,4,0,36.1,Sunny,Field C
2022-08-11,09:45,Cow_94,3,7,5,0,36.1,Sunny,Field A
2022-08-11,09:45,Cow_95,14,0,6,0,36.1,Sunny,Field C
2022-08-11,09:45,Cow_96,5,3,7,0,36.1,Sunny,Field B
2022-08-11,09:45,Cow_97,3,4,8,0,36.1,Sunny,Field A
2022-08-11,09:45,Cow_98,13,0,9,0,36.1,Sunny,Field A
2022-08-11,09:45,Cow_99,0,0,0,15,36.1,Sunny,Field A
2022-08-11,09:45,Cow_100,5,9,1,0,36.1,Sunny,Field C
2022-08-11,09:45,Cow_101,13,0,3,0,36.1,Sunny,Field A
2022-08-11,09:45,Cow_102,7,4,4,0,36.1,Sunny,Field C
2022-08-11,09:45,Cow_103,12,0,5,0,36.1,Sunny,Field B
2022-08-11,09:45,Cow_104,4,4,7,0,36.1,Sunny,Field A
2022-08-11,09:45,Cow_105,4,7,4,0,36.1,Sunny,Field B
2022-08-11,09:45,Cow_106,9,3,3,0,36.1,Sunny,Field B
2022-08-11,09:45,Cow_107,8,7,0,0,36.1,Sunny,Field C
2022-08-11,09:45,Cow_108,0,0,0,15,36.1,Sunny,Field B
2022-08-11,09:45,Cow_109,9,6,0,0,36.1,Sunny,Field C
2022-08-11,09:45,Cow_110,1,6,8,0,36.1,Sunny,Field A
2022-08-11,09:45,Cow_111,9,5,1,0,36.1,Sunny,Field C
2022-08-11,09:45,Cow_112,13,0,8,0,36.1,Sunny,Field B
2022-08-11,09:45,Cow_113,11,1,3,0,36.1,Sunny,Field A
2022-08-11,09:45,Cow_114,14,8,0,0,36.1,Sunny,Field B
2022-08-11,09:45,Cow_115,11,4,0,0,36.1,Sunny,Field B
2022-08-11,09:45,Cow_116,5,7,3,0,36.1,Sunny,Field C
2022-08-11,09:45,Cow_117,12,0,8,0,36.1,Sunny,Field B
2022-08-11,09:45,Cow_118,11,0,8,0,36.1,Sunny,Field C
2022-08-11,09:45,Cow_119,14,8,0,0,36.1,Sunny,Field A
2022-08-11,09:45,Cow_120,14,0,3,0,36.1,Sunny,Field A
2022-08-11,09:45,Cow_121,9,8,0,0,36.1,Sunny,Field A
2022-08-11,09:45,Cow_122,2,8,5,0,36.1,Sunny,Field B
2022-08-11,09:45,Cow_123,5,10,0,0,36.1,Sunny,Field C
2022-08-11,09:45,Cow_124,13,9,0,0,36.1,Sunny,Field A
2022-08-11,09:45,Cow_125,8,0,7,0,36.1,Sunny,Field A
2022-08-11,09:45,Cow_126,0,9,7,0,36.1,Sunny,Field C
2022-08-11,09:45,Cow_127,8,3,4,0,36.1,Sunny,Field C
2022-08-11,09:45,Cow_128,14,3,0,0,36.1,Sunny,Field A
2022-08-11,09:45,Cow_129,1,8,6,0,36.1,Sunny,Field A
2022-08-11,09:45,Cow_130,14,4,0,0,36.1,Sunny,Field C
2022-08-11,09:45,Cow_131,11,4,0,0,36.1,Sunny,Field A
2022-08-11,09:45,Cow_132,10,3,2,0,36.1,Sunny,Field B
2022-08-11,09:45,Cow_133,14,0,8,0,36.1,Sunny,Field B
2022-08-11,09:45,Cow_134,6,6,3,0,36.1,Sunny,Field B
2022-08-11,09:45,Cow_135,8,9,0,0,36.1,Sunny,Field A
2022-08-11,09:45,Cow_136,9,5,1,0,36.1,Sunny,Field A
2022-08-11,09:45,Cow_137,13,8,0,0,36.1,Sunny,Field C
2022-08-11,09:45,Cow_138,2,10,3,0,36.1,Sunny,Field A
2022-08-11,09:45,Cow_139,9,6,0,0,36.1,Sunny,Field A
2022-08-11,09:45,Cow_140,13,0,4,0,36.1,Sunny,Field A
2022-08-11,09:45,Cow_141,7,3,5,0,36.1,Sunny,Field C
2022-08-11,09:45,Cow_142,0,0,0,15,36.1,Sunny,Field B
2022-08-11,09:45,Cow_143,10,0,7,0,36.1,Sunny,Field A
2022-08-11,09:45,Cow_144,0,10,7,0,36.1,Sunny,Field B
2022-08-11,09:45,Cow_145,12,0,5,0,36.1,Sunny,Field A
2022-08-11,09:45,Cow_146,10,0,6,0,36.1,Sunny,Field C
2022-08-11,09:45,Cow_147,6,5,4,0,36.1,Sunny,Field C
2022-08-11,09:45,Cow_148,7,0,8,0,36.1,Sunny,Field B
2022-08-11,09:45,Cow_149,0,0,0,15,36.1,Sunny,Field A
2022-08-11,09:45,Cow_150,0,0,0,15,36.1,Sunny,Field C
2022-08-11,09:45,Cow_151,13,5,0,0,36.1,Sunny,Field A
2022-08-11,09:45,Cow_152,12,0,3,0,36.1,Sunny,Field A
2022-08-11,09:45,Cow_153,11,0,5,0,36.1,Sunny,Field A
2022-08-11,09:45,Cow_154,1,8,6,0,36.1,Sunny,Field C
2022-08-11,09:45,Cow_155,9,2,4,0,36.1,Sunny,Field A
2022-08-11,09:45,Cow_156,0,0,0,15,36.1,Sunny,Field B
2022-08-11,09:45,Cow_157,1,8,6,0,36.1,Sunny,Field C
2022-08-11,09:45,Cow_158,8,0,8,0,36.1,Sunny,Field B
2022-08-11,09:45,Cow_159,12,0,5,0,36.1,Sunny,Field B
2022-08-11,09:45,Cow_160,8,1,6,0,36.1,Sunny,Field B
2022-08-11,09:45,Cow_161,5,3,7,0,36.1,Sunny,Field C
2022-08-11,09:45,Cow_162,4,5,6,0,36.1,Sunny,Field A
2022-08-11,09:45,Cow_163,3,5,7,0,36.1,Sunny,Field B
2022-08-11,09:45,Cow_164,12,0,7,0,36.1,Sunny,Field C
2022-08-11,09:45,Cow_165,11,1,3,0,36.1,Sunny,Field B
2022-08-11,09:45,Cow_166,0,8,8,0,36.1,Sunny,Field A
2022-08-11,09:45,Cow_167,5,4,6,0,36.1,Sunny,Field C
2022-08-11,09:45,Cow_168,7,4,4,0,36.1,Sunny,Field B
2022-08-11,09:45,Cow_169,4,4,7,0,36.1,Sunny,Field A
2022-08-11,09:45,Cow_170,5,3,7,0,36.1,Sunny,Field C
2022-08-11,09:45,Cow_171,7,3,5,0,36.1,Sunny,Field C
2022-08-11,09:45,Cow_172,8,3,4,0,36.1,Sunny,Field C
2022-08-11,09:45,Cow_173,10,9,0,0,36.1,Sunny,Field A
2022-08-11,09:45,Cow_174,9,4,2,0,36.1,Sunny,Field A
2022-08-11,09:45,Cow_175,11,3,1,0,36.1,Sunny,Field A
2022-08-11,09:45,Cow_176,2,6,7,0,36.1,Sunny,Field C
2022-08-11,09:45,Cow_177,1,9,5,0,36.1,Sunny,Field C
2022-08-11,09:45,Cow_178,0,0,0,15,36.1,Sunny,Field C
2022-08-11,09:45,Cow_179,13,0,6,0,36.1,Sunny,Field C
2022-08-11,09:45,Cow_180,3,8,4,0,36.1,Sunny,Field A
2022-08-11,09:45,Cow_181,7,3,5,0,36.1,Sunny,Field B
2022-08-11,09:45,Cow_182,6,5,4,0,36.1,Sunny,Field C
2022-08-11,09:45,Cow_183,0,0,0,15,36.1,Sunny,Field B
2022-08-11,09:45,Cow_184,8,2,5,0,36.1,Sunny,Field C
2022-08-11,09:45,Cow_185,7,5,3,0,36.1,Sunny,Field B
2022-08-11,09:45,Cow_186,14,10,0,0,36.1,Sunny,Field C
2022-08-11,09:45,Cow_187,0,0,0,15,36.1,Sunny,Field C
2022-08-11,09:45,Cow_188,6,3,6,0,36.1,Sunny,Field B
2022-08-11,09:45,Cow_189,5,3,7,0,36.1,Sunny,Field A
2022-08-11,09:45,Cow_190,0,0,0,15,36.1,Sunny,Field A
2022-08-11,09:45,Cow_191,14,0,4,0,36.1,Sunny,Field A
2022-08-11,09:45,Cow_192,0,0,0,15,36.1,Sunny,Field A
2022-08-11,09:45,Cow_193,0,0,0,15,36.1,Sunny,Field C
2022-08-11,09:45,Cow_194,8,0,8,0,36.1,Sunny,Field A
2022-08-11,09:45,Cow_195,13,7,0,0,36.1,Sunny,Field C
2022-08-11,09:45,Cow_196,3,8,4,0,36.1,Sunny,Field B
2022-08-11,09:45,Cow_197,4,3,8,0,36.1,Sunny,Field B
2022-08-11,09:45,Cow_198,6,3,6,0,36.1,Sunny,Field C
2022-08-11,09:45,Cow_199,5,5,5,0,36.1,Sunny,Field A
2022-08-11,09:45,Cow_200,10,0,5,0,36.1,Sunny,Field B
2022-08-11,09:45,Cow_201,13,0,8,0,36.1,Sunny,Field B
2022-08-11,09:45,Cow_202,0,0,0,15,36.1,Sunny,Field C
2022-08-11,09:45,Cow_203,11,0,6,0,36.1,Sunny,Field A
2022-08-11,09:45,Cow_204,0,0,0,15,36.1,Sunny,Field B
2022-08-11,09:45,Cow_205,13,3,0,0,36.1,Sunny,Field A
2022-08-11,09:45,Cow_206,14,9,0,0,36.1,Sunny,Field C
2022-08-11,09:45,Cow_207,1,7,7,0,36.1,Sunny,Field C
2022-08-11,09:45,Cow_208,0,9,6,0,36.1,Sunny,Field C
2022-08-11,09:45,Cow_209,0,10,8,0,36.1,Sunny,Field B
2022-08-11,09:45,Cow_210,10,0,8,0,36.1,Sunny,Field B
2022-08-11,09:45,Cow_211,14,0,6,0,36.1,Sunny,Field B
2022-08-11,09:45,Cow_212,6,6,3,0,36.1,Sunny,Field C
2022-08-11,09:45,Cow_213,11,0,6,0,36.1,Sunny,Field B
2022-08-11,09:45,Cow_214,8,0,8,0,36.1,Sunny,Field A
2022-08-11,09:45,Cow_215,4,5,6,0,36.1,Sunny,Field B
2022-08-11,09:45,Cow_216,7,2,6,0,36.1,Sunny,Field A
2022-08-11,09:45,Cow_217,12,0,6,0,36.1,Sunny,Field B
2022-08-11,09:45,Cow_218,11,1,3,0,36.1,Sunny,Field A
2022-08-11,09:45,Cow_219,5,7,3,0,36.1,Sunny,Field B
2022-08-11,09:45,Cow_220,7,0,8,0,36.1,Sunny,Field C
2022-08-11,09:45,Cow_221,8,0,7,0,36.1,Sunny,Field A
2022-08-11,09:45,Cow_222,6,6,3,0,36.1,Sunny,Field A
2022-08-11,09:45,Cow_223,13,0,8,0,36.1,Sunny,Field A
2022-08-11,09:45,Cow_224,12,0,4,0,36.1,Sunny,Field B
2022-08-11,09:45,Cow_225,12,0,8,0,36.1,Sunny,Field B
2022-08-11,09:45,Cow_226,7,2,6,0,36.1,Sunny,Field B
2022-08-11,09:45,Cow_227,11,0,5,0,36.1,Sunny,Field B
2022-08-11,09:45,Cow_228,8,3,4,0,36.1,Sunny,Field B
2022-08-11,09:45,Cow_229,10,0,8,0,36.1,Sunny,Field A
2022-08-11,09:45,Cow_230,5,6,4,0,36.1,Sunny,Field A
2022-08-11,09:45,Cow_231,13,0,6,0,36.1,Sunny,Field B
2022-08-11,09:45,Cow_232,10,10,0,0,36.1,Sunny,Field B
2022-08-11,09:45,Cow_233,14,0,8,0,36.1,Sunny,Field C
2022-08-11,09:45,Cow_234,2,7,6,0,36.1,Sunny,Field C
2022-08-11,09:45,Cow_235,12,12,0,0,36.1,Sunny,Field C
2022-08-11,09:45,Cow_236,5,6,4,0,36.1,Sunny,Field B
2022-08-11,09:45,Cow_237,11,7,0,0,36.1,Sunny,Field B
2022-08-11,09:45,Cow_238,0,9,7,0,36.1,Sunny,Field B
2022-08-11,09:45,Cow_239,2,8,5,0,36.1,Sunny,Field A
2022-08-11,09:45,Cow_240,6,5,4,0,36.1,Sunny,Field B
2022-08-11,09:45,Cow_241,12,3,0,0,36.1,Sunny,Field B
2022-08-11,09:45,Cow_242,2,9,4,0,36.1,Sunny,Field B
2022-08-11,09:45,Cow_243,5,6,4,0,36.1,Sunny,Field A
2022-08-11,09:45,Cow_244,11,9,0,0,36.1,Sunny,Field C
2022-08-11,09:45,Cow_245,10,9,0,0,36.1,Sunny,Field A
2022-08-11,09:45,Cow_246,5,3,7,0,36.1,Sunny,Field B
2022-08-11,09:45,Cow_247,12,0,7,0,36.1,Sunny,Field B
2022-08-11,09:45,Cow_248,6,3,6,0,36.1,Sunny,Field A
2022-08-11,09:45,Cow_249,6,5,4,0,36.1,Sunny,Field C
2022-08-11,09:45,Cow_250,7,5,3,0,36.1,Sunny,Field C
2022-08-11,09:45,Cow_251,12,0,4,0,36.1,Sunny,Field B
2022-08-11,09:45,Cow_252,9,10,0,0,36.1,Sunny,Field A
2022-08-11,09:45,Cow_253,6,8,1,0,36.1,Sunny,Field C
2022-08-11,09:45,Cow_254,1,9,5,0,36.1,Sunny,Field B
2022-08-11,09:45,Cow_255,2,8,5,0,36.1,Sunny,Field C
2022-08-11,09:45,Cow_256,4,5,6,0,36.1,Sunny,Field A
2022-08-11,09:45,Cow_257,11,5,0,0,36.1,Sunny,Field A
2022-08-11,09:45,Cow_258,5,4,6,0,36.1,Sunny,Field C
2022-08-11,09:45,Cow_259,8,10,0,0,36.1,Sunny,Field B
2022-08-11,09:45,Cow_260,12,6,0,0,36.1,Sunny,Field C
2022-08-11,09:45,Cow_261,0,0,0,15,36.1,Sunny,Field B
2022-08-11,09:45,Cow_262,8,7,0,0,36.1,Sunny,Field B
2022-08-11,09:45,Cow_263,8,5,2,0,36.1,Sunny,Field B
2022-08-11,09:45,Cow_264,10,0,5,0,36.1,Sunny,Field A
2022-08-11,09:45,Cow_265,3,4,8,0,36.1,Sunny,Field C
2022-08-11,09:45,Cow_266,2,8,5,0,36.1,Sunny,Field C
2022-08-11,09:45,Cow_267,12,3,0,0,36.1,Sunny,Field A
2022-08-11,09:45,Cow_268,9,10,0,0,36.1,Sunny,Field A
2022-08-11,09:45,Cow_269,8,2,5,0,36.1,Sunny,Field C
2022-08-11,09:45,Cow_270,10,0,8,0,36.1,Sunny,Field C
2022-08-11,09:45,Cow_271,9,1,5,0,36.1,Sunny,Field A
2022-08-11,09:45,Cow_272,5,3,7,0,36.1,Sunny,Field C
2022-08-11,09:45,Cow_273,10,0,7,0,36.1,Sunny,Field A
2022-08-11,09:45,Cow_274,12,0,3,0,36.1,Sunny,Field C
2022-08-11,09:45,Cow_275,11,5,0,0,36.1,Sunny,Field A
2022-08-11,09:45,Cow_276,11,0,7,0,36.1,Sunny,Field A
2022-08-11,09:45,Cow_277,6,6,3,0,36.1,Sunny,Field B
2022-08-11,09:45,Cow_278,13,0,5,0,36.1,Sunny,Field B
2022-08-11,09:45,Cow_279,8,3,4,0,36.1,Sunny,Field B
2022-08-11,09:45,Cow_280,13,0,8,0,36.1,Sunny,Field A
2022-08-11,09:45,Cow_281,8,0,8,0,36.1,Sunny,Field B
2022-08-11,09:45,Cow_282,10,0,6,0,36.1,Sunny,Field A
2022-08-11,09:45,Cow_283,0,10,7,0,36.1,Sunny,Field A
2022-08-11,09:45,Cow_284,0,7,8,0,36.1,Sunny,Field C
2022-08-11,09:45,Cow_285,0,0,0,15,36.1,Sunny,Field C
2022-08-11,09:45,Cow_286,0,9,6,0,36.1,Sunny,Field B
2022-08-11,09:45,Cow_287,2,10,3,0,36.1,Sunny,Field B
2022-08-11,09:45,Cow_288,0,0,0,15,36.1,Sunny,Field A
2022-08-11,09:45,Cow_289,10,0,8,0,36.1,Sunny,Field B
2022-08-11,09:45,Cow_290,7,3,5,0,36.1,Sunny,Field A
2022-08-11,09:45,Cow_291,2,7,6,0,36.1,Sunny,Field C
2022-08-11,09:45,Cow_292,12,0,8,0,36.1,Sunny,Field A
2022-08-11,09:45,Cow_293,9,3,3,0,36.1,Sunny,Field A
2022-08-11,09:45,Cow_294,6,2,7,0,36.1,Sunny,Field B
2022-08-11,09:45,Cow_295,7,3,5,0,36.1,Sunny,Field C
2022-08-11,09:45,Cow_296,2,6,7,0,36.1,Sunny,Field B
2022-08-11,09:45,Cow_297,13,6,0,0,36.1,Sunny,Field A
2022-08-11,09:45,Cow_298,9,7,0,0,36.1,Sunny,Field B
2022-08-11,09:45,Cow_299,11,7,0,0,36.1,Sunny,Field B
2022-08-11,09:45,Cow_300,4,6,5,0,36.1,Sunny,Field A
2022-08-11,09:45,Cow_301,13,6,0,0,36.1,Sunny,Field C
2022-08-11,09:45,Cow_302,6,6,3,0,36.1,Sunny,Field A
2022-08-11,09:45,Cow_303,14,0,7,0,36.1,Sunny,Field C
2022-08-11,09:45,Cow_304,4,4,7,0,36.1,Sunny,Field A
2022-08-11,09:45,Cow_305,8,6,1,0,36.1,Sunny,Field C
2022-08-11,09:45,Cow_306,12,0,7,0,36.1,Sunny,Field A
2022-08-11,09:45,Cow_307,11,0,8,0,36.1,Sunny,Field A
2022-08-11,09:45,Cow_308,7,2,6,0,36.1,Sunny,Field A
2022-08-11,09:45,Cow_309,8,0,8,0,36.1,Sunny,Field A
2022-08-11,09:45,Cow_310,5,3,7,0,36.1,Sunny,Field A
2022-08-11,09:45,Cow_311,14,0,8,0,36.1,Sunny,Field A
2022-08-11,09:45,Cow_312,9,3,3,0,36.1,Sunny,Field C
2022-08-11,09:45,Cow_313,11,0,4,0,36.1,Sunny,Field C
2022-08-11,09:45,Cow_314,12,8,0,0,36.1,Sunny,Field A
2022-08-11,09:45,Cow_315,14,9,0,0,36.1,Sunny,Field A
2022-08-11,09:45,Cow_316,5,3,7,0,36.1,Sunny,Field A
2022-08-11,09:45,Cow_317,5,6,4,0,36.1,Sunny,Field A
2022-08-11,09:45,Cow_318,7,9,0,0,36.1,Sunny,Field B
2022-08-11,09:45,Cow_319,0,10,6,0,36.1,Sunny,Field C
2022-08-11,09:45,Cow_320,0,8,7,0,36.1,Sunny,Field A
2022-08-11,09:45,Cow_321,7,8,0,0,36.1,Sunny,Field A
2022-08-11,09:45,Cow_322,9,0,8,0,36.1,Sunny,Field B
2022-08-11,09:45,Cow_323,9,3,3,0,36.1,Sunny,Field C
2022-08-11,09:45,Cow_324,5,6,4,0,36.1,Sunny,Field A
2022-08-11,09:45,Cow_325,9,6,0,0,36.1,Sunny,Field B
2022-08-11,09:45,Cow_326,1,10,4,0,36.1,Sunny,Field C
2022-08-11,09:45,Cow_327,6,4,5,0,36.1,Sunny,Field A
2022-08-11,09:45,Cow_328,12,0,7,0,36.1,Sunny,Field A
2022-08-11,09:45,Cow_329,0,10,8,0,36.1,Sunny,Field C
2022-08-11,09:45,Cow_330,7,4,4,0,36.1,Sunny,Field B
2022-08-11,09:45,Cow_331,3,6,6,0,36.1,Sunny,Field B
2022-08-11,09:45,Cow_332,0,9,7,0,36.1,Sunny,Field A
2022-08-11,09:45,Cow_333,12,0,5,0,36.1,Sunny,Field A
2022-08-11,09:45,Cow_334,8,2,5,0,36.1,Sunny,Field A
2022-08-11,09:45,Cow_335,6,4,5,0,36.1,Sunny,Field C
2022-08-11,09:45,Cow_336,1,10,4,0,36.1,Sunny,Field A
2022-08-11,09:45,Cow_337,7,5,3,0,36.1,Sunny,Field A
2022-08-11,09:45,Cow_338,0,9,6,0,36.1,Sunny,Field C
2022-08-11,09:45,Cow_339,5,4,6,0,36.1,Sunny,Field B
2022-08-11,09:45,Cow_340,13,0,5,0,36.1,Sunny,Field A
2022-08-11,09:45,Cow_341,7,3,5,0,36.1,Sunny,Field C
2022-08-11,09:45,Cow_342,0,9,6,0,36.1,Sunny,Field A
2022-08-11,09:45,Cow_343,8,1,6,0,36.1,Sunny,Field B
2022-08-11,09:45,Cow_344,13,0,3,0,36.1,Sunny,Field C
2022-08-11,09:45,Cow_345,7,0,8,0,36.1,Sunny,Field C
2022-08-11,09:45,Cow_346,9,2,4,0,36.1,Sunny,Field C
2022-08-11,09:45,Cow_347,6,4,5,0,36.1,Sunny,Field B
2022-08-11,09:45,Cow_348,11,7,0,0,36.1,Sunny,Field C
2022-08-11,09:45,Cow_349,7,3,5,0,36.1,Sunny,Field A
2022-08-11,09:45,Cow_350,5,7,3,0,36.1,Sunny,Field A
2022-08-11,09:45,Cow_351,8,4,3,0,36.1,Sunny,Field C
2022-08-11,09:45,Cow_352,8,9,0,0,36.1,Sunny,Field A
2022-08-11,09:45,Cow_353,4,6,5,0,36.1,Sunny,Field C
2022-08-11,09:45,Cow_354,8,2,5,0,36.1,Sunny,Field B
2022-08-11,09:45,Cow_355,8,5,2,0,36.1,Sunny,Field B
2022-08-11,09:45,Cow_356,12,0,3,0,36.1,Sunny,Field A
2022-08-11,09:45,Cow_357,1,6,8,0,36.1,Sunny,Field C
2022-08-11,09:45,Cow_358,5,6,4,0,36.1,Sunny,Field A
2022-08-11,09:45,Cow_359,10,4,1,0,36.1,Sunny,Field C
2022-08-11,09:45,Cow_360,7,6,2,0,36.1,Sunny,Field C
2022-08-11,09:45,Cow_361,5,8,2,0,36.1,Sunny,Field A
2022-08-11,09:45,Cow_362,0,0,0,15,36.1,Sunny,Field C
2022-08-11,09:45,Cow_363,0,0,0,15,36.1,Sunny,Field C
2022-08-11,09:45,Cow_364,8,4,3,0,36.1,Sunny,Field A
2022-08-11,09:45,Cow_365,6,7,2,0,36.1,Sunny,Field B
2022-08-11,09:45,Cow_366,11,0,9,0,36.1,Sunny,Field C
2022-08-11,09:45,Cow_367,8,1,6,0,36.1,Sunny,Field B
2022-08-11,09:45,Cow_368,0,0,0,15,36.1,Sunny,Field C
2022-08-11,09:45,Cow_369,7,5,3,0,36.1,Sunny,Field C
2022-08-11,09:45,Cow_370,6,3,6,0,36.1,Sunny,Field A
2022-08-11,09:45,Cow_371,13,0,8,0,36.1,Sunny,Field B
2022-08-11,09:45,Cow_372,0,0,0,15,36.1,Sunny,Field B
2022-08-11,09:45,Cow_373,5,8,2,0,36.1,Sunny,Field B
2022-08-11,09:45,Cow_374,12,0,5,0,36.1,Sunny,Field C
2022-08-11,09:45,Cow_375,5,7,3,0,36.1,Sunny,Field C
2022-08-11,09:45,Cow_376,12,0,6,0,36.1,Sunny,Field A
2022-08-11,09:45,Cow_377,9,10,0,0,36.1,Sunny,Field C
2022-08-11,09:45,Cow_378,3,8,4,0,36.1,Sunny,Field A
2022-08-11,09:45,Cow_379,5,4,6,0,36.1,Sunny,Field B
2022-08-11,09:45,Cow_380,7,7,1,0,36.1,Sunny,Field C
2022-08-11,09:45,Cow_381,11,4,0,0,36.1,Sunny,Field C
2022-08-11,09:45,Cow_382,13,0,7,0,36.1,Sunny,Field A
2022-08-11,09:45,Cow_383,9,3,3,0,36.1,Sunny,Field B
2022-08-11,09:45,Cow_384,14,0,5,0,36.1,Sunny,Field A
2022-08-11,09:45,Cow_385,10,1,4,0,36.1,Sunny,Field B
2022-08-11,09:45,Cow_386,10,0,8,0,36.1,Sunny,Field C
2022-08-11,09:45,Cow_387,1,9,5,0,36.1,Sunny,Field B
2022-08-11,09:45,Cow_388,4,3,8,0,36.1,Sunny,Field B
2022-08-11,09:45,Cow_389,2,5,8,0,36.1,Sunny,Field B
2022-08-11,09:45,Cow_390,0,0,0,15,36.1,Sunny,Field A
2022-08-11,09:45,Cow_391,5,11,0,0,36.1,Sunny,Field A
2022-08-11,09:45,Cow_392,10,2,3,0,36.1,Sunny,Field B
2022-08-11,09:45,Cow_393,2,6,7,0,36.1,Sunny,Field C
2022-08-11,09:45,Cow_394,8,2,5,0,36.1,Sunny,Field C
2022-08-11,09:45,Cow_395,10,8,0,0,36.1,Sunny,Field C
2022-08-11,09:45,Cow_396,0,10,5,0,36.1,Sunny,Field C
2022-08-11,09:45,Cow_397,0,0,0,15,36.1,Sunny,Field A
2022-08-11,09:45,Cow_398,7,5,3,0,36.1,Sunny,Field C
2022-08-11,09:45,Cow_399,3,6,6,0,36.1,Sunny,Field C
2022-08-11,09:45,Cow_400,6,2,7,0,36.1,Sunny,Field C
2022-08-11,09:45,Cow_401,10,9,0,0,36.1,Sunny,Field C
2022-08-11,09:45,Cow_402,2,8,5,0,36.1,Sunny,Field C
2022-08-11,09:45,Cow_403,7,9,0,0,36.1,Sunny,Field B
2022-08-11,09:45,Cow_404,11,0,7,0,36.1,Sunny,Field C
2022-08-11,09:45,Cow_405,5,8,2,0,36.1,Sunny,Field C
2022-08-11,09:45,Cow_406,11,5,0,0,36.1,Sunny,Field C
2022-08-11,09:45,Cow_407,7,3,5,0,36.1,Sunny,Field C
2022-08-11,09:45,Cow_408,3,5,7,0,36.1,Sunny,Field A
2022-08-11,09:45,Cow_409,1,10,4,0,36.1,Sunny,Field B
2022-08-11,09:45,Cow_410,6,4,5,0,36.1,Sunny,Field A
2022-08-11,09:45,Cow_411,3,6,6,0,36.1,Sunny,Field B
2022-08-11,09:45,Cow_412,2,3,10,0,36.1,Sunny,Field C
2022-08-11,09:45,Cow_413,0,0,0,15,36.1,Sunny,Field A
2022-08-11,09:45,Cow_414,0,0,0,15,36.1,Sunny,Field B
2022-08-11,09:45,Cow_415,7,1,7,0,36.1,Sunny,Field B
2022-08-11,09:45,Cow_416,12,0,7,0,36.1,Sunny,Field C
2022-08-11,09:45,Cow_417,7,3,5,0,36.1,Sunny,Field C
2022-08-11,09:45,Cow_418,1,10,4,0,36.1,Sunny,Field B
2022-08-11,09:45,Cow_419,10,9,0,0,36.1,Sunny,Field C
2022-08-11,09:45,Cow_420,12,4,0,0,36.1,Sunny,Field C
2022-08-11,09:45,Cow_421,0,0,0,15,36.1,Sunny,Field B
2022-08-11,09:45,Cow_422,14,10,0,0,36.1,Sunny,Field C
2022-08-11,09:45,Cow_423,5,9,1,0,36.1,Sunny,Field A
2022-08-11,09:45,Cow_424,0,0,0,15,36.1,Sunny,Field C
2022-08-11,09:45,Cow_425,6,5,4,0,36.1,Sunny,Field B
2022-08-11,09:45,Cow_426,5,3,7,0,36.1,Sunny,Field C
2022-08-11,09:45,Cow_427,6,4,5,0,36.1,Sunny,Field A
2022-08-11,09:45,Cow_428,13,7,0,0,36.1,Sunny,Field A
2022-08-11,09:45,Cow_429,9,4,2,0,36.1,Sunny,Field A
2022-08-11,09:45,Cow_430,4,8,3,0,36.1,Sunny,Field C
2022-08-11,09:45,Cow_431,0,10,6,0,36.1,Sunny,Field B
2022-08-11,09:45,Cow_432,7,3,5,0,36.1,Sunny,Field A
2022-08-11,09:45,Cow_433,14,0,7,0,36.1,Sunny,Field C
2022-08-11,09:45,Cow_434,10,0,5,0,36.1,Sunny,Field B
2022-08-11,09:45,Cow_435,5,7,3,0,36.1,Sunny,Field C
2022-08-11,09:45,Cow_436,5,6,4,0,36.1,Sunny,Field B
2022-08-11,09:45,Cow_437,5,6,4,0,36.1,Sunny,Field A
2022-08-11,09:45,Cow_438,11,1,3,0,36.1,Sunny,Field B
2022-08-11,09:45,Cow_439,8,3,4,0,36.1,Sunny,Field B
2022-08-11,09:45,Cow_440,0,8,7,0,36.1,Sunny,Field A
2022-08-11,09:45,Cow_441,3,7,5,0,36.1,Sunny,Field B
2022-08-11,09:45,Cow_442,12,0,9,0,36.1,Sunny,Field C
2022-08-11,09:45,Cow_443,0,0,0,15,36.1,Sunny,Field C
2022-08-11,09:45,Cow_444,6,3,6,0,36.1,Sunny,Field C
2022-08-11,09:45,Cow_445,6,1,8,0,36.1,Sunny,Field A
2022-08-11,09:45,Cow_446,9,3,3,0,36.1,Sunny,Field C
2022-08-11,09:45,Cow_447,9,3,3,0,36.1,Sunny,Field A
2022-08-11,09:45,Cow_448,0,8,8,0,36.1,Sunny,Field A
2022-08-11,09:45,Cow_449,5,4,6,0,36.1,Sunny,Field B
2022-08-11,09:45,Cow_450,12,4,0,0,36.1,Sunny,Field A
2022-08-11,09:45,Cow_451,11,0,7,0,36.1,Sunny,Field C
2022-08-11,09:45,Cow_452,7,2,6,0,36.1,Sunny,Field B
2022-08-11,09:45,Cow_453,10,3,2,0,36.1,Sunny,Field A
2022-08-11,09:45,Cow_454,7,0,8,0,36.1,Sunny,Field C
2022-08-11,09:45,Cow_455,11,0,8,0,36.1,Sunny,Field C
2022-08-11,09:45,Cow_456,9,3,3,0,36.1,Sunny,Field A
2022-08-11,09:45,Cow_457,10,3,2,0,36.1,Sunny,Field A
2022-08-11,09:45,Cow_458,12,0,6,0,36.1,Sunny,Field A
2022-08-11,09:45,Cow_459,1,8,6,0,36.1,Sunny,Field B
2022-08-11,09:45,Cow_460,2,6,7,0,36.1,Sunny,Field B
2022-08-11,09:45,Cow_461,11,8,0,0,36.1,Sunny,Field C
2022-08-11,09:45,Cow_462,8,4,3,0,36.1,Sunny,Field B
2022-08-11,09:45,Cow_463,6,6,3,0,36.1,Sunny,Field B
2022-08-11,09:45,Cow_464,9,6,0,0,36.1,Sunny,Field A
2022-08-11,09:45,Cow_465,13,6,0,0,36.1,Sunny,Field A
2022-08-11,09:45,Cow_466,8,0,8,0,36.1,Sunny,Field A
2022-08-11,09:45,Cow_467,14,10,0,0,36.1,Sunny,Field B
2022-08-11,09:45,Cow_468,6,10,0,0,36.1,Sunny,Field A
2022-08-11,09:45,Cow_469,2,8,5,0,36.1,Sunny,Field A
2022-08-11,09:45,Cow_470,3,8,4,0,36.1,Sunny,Field C
2022-08-11,09:45,Cow_471,0,8,8,0,36.1,Sunny,Field C
2022-08-11,09:45,Cow_472,7,5,3,0,36.1,Sunny,Field C
2022-08-11,09:45,Cow_473,2,6,7,0,36.1,Sunny,Field C
2022-08-11,09:45,Cow_474,8,3,4,0,36.1,Sunny,Field B
2022-08-11,09:45,Cow_475,0,10,5,0,36.1,Sunny,Field A
2022-08-11,09:45,Cow_476,6,4,5,0,36.1,Sunny,Field C
2022-08-11,09:45,Cow_477,3,9,3,0,36.1,Sunny,Field C
2022-08-11,09:45,Cow_478,12,9,0,0,36.1,Sunny,Field B
2022-08-11,09:45,Cow_479,0,0,0,15,36.1,Sunny,Field B
2022-08-11,09:45,Cow_480,3,8,4,0,36.1,Sunny,Field A
2022-08-11,09:45,Cow_481,4,6,5,0,36.1,Sunny,Field C
2022-08-11,09:45,Cow_482,6,10,0,0,36.1,Sunny,Field A
2022-08-11,09:45,Cow_483,7,3,5,0,36.1,Sunny,Field A
2022-08-11,09:45,Cow_484,0,10,5,0,36.1,Sunny,Field C
2022-08-11,09:45,Cow_485,11,7,0,0,36.1,Sunny,Field A
2022-08-11,09:45,Cow_486,5,10,0,0,36.1,Sunny,Field C
2022-08-11,09:45,Cow_487,9,0,6,0,36.1,Sunny,Field B
2022-08-11,09:45,Cow_488,5,5,5,0,36.1,Sunny,Field B
2022-08-11,09:45,Cow_489,8,6,1,0,36.1,Sunny,Field B
2022-08-11,09:45,Cow_490,6,6,3,0,36.1,Sunny,Field B
2022-08-11,09:45,Cow_491,0,0,0,15,36.1,Sunny,Field C
2022-08-11,09:45,Cow_492,5,8,2,0,36.1,Sunny,Field C
2022-08-11,09:45,Cow_493,13,9,0,0,36.1,Sunny,Field B
2022-08-11,09:45,Cow_494,0,10,6,0,36.1,Sunny,Field A
2022-08-11,09:45,Cow_495,10,5,0,0,36.1,Sunny,Field C
2022-08-11,09:45,Cow_496,1,8,6,0,36.1,Sunny,Field C
2022-08-11,09:45,Cow_497,0,9,8,0,36.1,Sunny,Field A
2022-08-11,09:45,Cow_498,0,0,0,15,36.1,Sunny,Field B
2022-08-11,09:45,Cow_499,11,5,0,0,36.1,Sunny,Field C
2022-08-11,09:45,Cow_500,14,3,0,0,36.1,Sunny,Field B
2022-08-11,10:00,Cow_1,3,5,7,0,33.0,Rainy,Field C
2022-08-11,10:00,Cow_2,10,10,0,0,33.0,Rainy,Field B
2022-08-11,10:00,Cow_3,14,0,8,0,33.0,Rainy,Field C
2022-08-11,10:00,Cow_4,7,1,7,0,33.0,Rainy,Field C
2022-08-11,10:00,Cow_5,13,5,0,0,33.0,Rainy,Field A
2022-08-11,10:00,Cow_6,10,0,8,0,33.0,Rainy,Field A
2022-08-11,10:00,Cow_7,5,7,3,0,33.0,Rainy,Field B
2022-08-11,10:00,Cow_8,12,0,7,0,33.0,Rainy,Field B
2022-08-11,10:00,Cow_9,13,0,4,0,33.0,Rainy,Field B
2022-08-11,10:00,Cow_10,5,5,5,0,33.0,Rainy,Field C
2022-08-11,10:00,Cow_11,0,9,6,0,33.0,Rainy,Field C
2022-08-11,10:00,Cow_12,3,9,3,0,33.0,Rainy,Field C
2022-08-11,10:00,Cow_13,7,4,4,0,33.0,Rainy,Field A
2022-08-11,10:00,Cow_14,5,3,7,0,33.0,Rainy,Field B
2022-08-11,10:00,Cow_15,0,8,8,0,33.0,Rainy,Field C
2022-08-11,10:00,Cow_16,7,4,4,0,33.0,Rainy,Field B
2022-08-11,10:00,Cow_17,10,3,2,0,33.0,Rainy,Field A
2022-08-11,10:00,Cow_18,13,0,2,0,33.0,Rainy,Field C
2022-08-11,10:00,Cow_19,9,3,3,0,33.0,Rainy,Field A
2022-08-11,10:00,Cow_20,13,0,6,0,33.0,Rainy,Field A
2022-08-11,10:00,Cow_21,0,12,3,0,33.0,Rainy,Field A
2022-08-11,10:00,Cow_22,5,6,4,0,33.0,Rainy,Field A
2022-08-11,10:00,Cow_23,0,0,0,15,33.0,Rainy,Field A
2022-08-11,10:00,Cow_24,8,9,0,0,33.0,Rainy,Field C
2022-08-11,10:00,Cow_25,0,0,0,15,33.0,Rainy,Field B
2022-08-11,10:00,Cow_26,3,4,8,0,33.0,Rainy,Field C
2022-08-11,10:00,Cow_27,6,3,6,0,33.0,Rainy,Field C
2022-08-11,10:00,Cow_28,0,10,5,0,33.0,Rainy,Field B
2022-08-11,10:00,Cow_29,0,0,0,15,33.0,Rainy,Field C
2022-08-11,10:00,Cow_30,1,7,7,0,33.0,Rainy,Field C
2022-08-11,10:00,Cow_31,8,4,3,0,33.0,Rainy,Field A
2022-08-11,10:00,Cow_32,0,7,8,0,33.0,Rainy,Field C
2022-08-11,10:00,Cow_33,5,4,6,0,33.0,Rainy,Field C
2022-08-11,10:00,Cow_34,9,0,7,0,33.0,Rainy,Field C
2022-08-11,10:00,Cow_35,5,10,0,0,33.0,Rainy,Field C
2022-08-11,10:00,Cow_36,5,9,1,0,33.0,Rainy,Field C
2022-08-11,10:00,Cow_37,11,10,0,0,33.0,Rainy,Field B
2022-08-11,10:00,Cow_38,0,9,6,0,33.0,Rainy,Field B
2022-08-11,10:00,Cow_39,0,8,7,0,33.0,Rainy,Field A
2022-08-11,10:00,Cow_40,5,6,4,0,33.0,Rainy,Field A
2022-08-11,10:00,Cow_41,8,10,0,0,33.0,Rainy,Field B
2022-08-11,10:00,Cow_42,4,5,6,0,33.0,Rainy,Field B
2022-08-11,10:00,Cow_43,9,9,0,0,33.0,Rainy,Field C
2022-08-11,10:00,Cow_44,7,5,3,0,33.0,Rainy,Field A
2022-08-11,10:00,Cow_45,13,9,0,0,33.0,Rainy,Field A
2022-08-11,10:00,Cow_46,0,0,0,15,33.0,Rainy,Field B
2022-08-11,10:00,Cow_47,10,6,0,0,33.0,Rainy,Field C
2022-08-11,10:00,Cow_48,7,8,0,0,33.0,Rainy,Field A
2022-08-11,10:00,Cow_49,12,0,7,0,33.0,Rainy,Field C
2022-08-11,10:00,Cow_50,11,0,4,0,33.0,Rainy,Field A
2022-08-11,10:00,Cow_51,5,6,4,0,33.0,Rainy,Field A
2022-08-11,10:00,Cow_52,0,0,0,15,33.0,Rainy,Field A
2022-08-11,10:00,Cow_53,5,9,1,0,33.0,Rainy,Field C
2022-08-11,10:00,Cow_54,6,3,6,0,33.0,Rainy,Field C
2022-08-11,10:00,Cow_55,7,4,4,0,33.0,Rainy,Field A
2022-08-11,10:00,Cow_56,11,1,3,0,33.0,Rainy,Field C
2022-08-11,10:00,Cow_57,6,3,6,0,33.0,Rainy,Field A
2022-08-11,10:00,Cow_58,8,7,0,0,33.0,Rainy,Field C
2022-08-11,10:00,Cow_59,11,7,0,0,33.0,Rainy,Field C
2022-08-11,10:00,Cow_60,10,0,7,0,33.0,Rainy,Field A
2022-08-11,10:00,Cow_61,14,0,3,0,33.0,Rainy,Field C
2022-08-11,10:00,Cow_62,0,0,0,15,33.0,Rainy,Field A
2022-08-11,10:00,Cow_63,15,0,7,0,33.0,Rainy,Field C
2022-08-11,10:00,Cow_64,8,8,0,0,33.0,Rainy,Field A
2022-08-11,10:00,Cow_65,11,3,1,0,33.0,Rainy,Field A
2022-08-11,10:00,Cow_66,4,7,4,0,33.0,Rainy,Field A
2022-08-11,10:00,Cow_67,9,6,0,0,33.0,Rainy,Field A
2022-08-11,10:00,Cow_68,5,4,6,0,33.0,Rainy,Field A
2022-08-11,10:00,Cow_69,12,0,3,0,33.0,Rainy,Field B
2022-08-11,10:00,Cow_70,13,0,3,0,33.0,Rainy,Field A
2022-08-11,10:00,Cow_71,12,6,0,0,33.0,Rainy,Field C
2022-08-11,10:00,Cow_72,10,2,3,0,33.0,Rainy,Field B
2022-08-11,10:00,Cow_73,14,0,7,0,33.0,Rainy,Field C
2022-08-11,10:00,Cow_74,12,8,0,0,33.0,Rainy,Field A
2022-08-11,10:00,Cow_75,11,4,0,0,33.0,Rainy,Field A
2022-08-11,10:00,Cow_76,13,5,0,0,33.0,Rainy,Field A
2022-08-11,10:00,Cow_77,12,0,3,0,33.0,Rainy,Field A
2022-08-11,10:00,Cow_78,9,7,0,0,33.0,Rainy,Field A
2022-08-11,10:00,Cow_79,7,4,4,0,33.0,Rainy,Field B
2022-08-11,10:00,Cow_80,14,0,5,0,33.0,Rainy,Field A
2022-08-11,10:00,Cow_81,7,5,3,0,33.0,Rainy,Field B
2022-08-11,10:00,Cow_82,10,3,2,0,33.0,Rainy,Field C
2022-08-11,10:00,Cow_83,6,4,5,0,33.0,Rainy,Field B
2022-08-11,10:00,Cow_84,5,3,7,0,33.0,Rainy,Field C
2022-08-11,10:00,Cow_85,9,3,3,0,33.0,Rainy,Field C
2022-08-11,10:00,Cow_86,5,6,4,0,33.0,Rainy,Field A
2022-08-11,10:00,Cow_87,14,5,0,0,33.0,Rainy,Field C
2022-08-11,10:00,Cow_88,6,4,5,0,33.0,Rainy,Field B
2022-08-11,10:00,Cow_89,14,0,4,0,33.0,Rainy,Field A
2022-08-11,10:00,Cow_90,0,0,0,15,33.0,Rainy,Field C
2022-08-11,10:00,Cow_91,2,8,5,0,33.0,Rainy,Field B
2022-08-11,10:00,Cow_92,13,8,0,0,33.0,Rainy,Field B
2022-08-11,10:00,Cow_93,12,9,0,0,33.0,Rainy,Field C
2022-08-11,10:00,Cow_94,12,6,0,0,33.0,Rainy,Field A
2022-08-11,10:00,Cow_95,6,2,7,0,33.0,Rainy,Field B
2022-08-11,10:00,Cow_96,12,3,0,0,33.0,Rainy,Field C
2022-08-11,10:00,Cow_97,0,0,0,15,33.0,Rainy,Field C
2022-08-11,10:00,Cow_98,15,6,0,0,33.0,Rainy,Field C
2022-08-11,10:00,Cow_99,10,6,0,0,33.0,Rainy,Field A
2022-08-11,10:00,Cow_100,13,0,6,0,33.0,Rainy,Field C
2022-08-11,10:00,Cow_101,10,1,4,0,33.0,Rainy,Field C
2022-08-11,10:00,Cow_102,8,3,4,0,33.0,Rainy,Field A
2022-08-11,10:00,Cow_103,6,2,7,0,33.0,Rainy,Field B
2022-08-11,10:00,Cow_104,10,5,0,0,33.0,Rainy,Field C
2022-08-11,10:00,Cow_105,11,1,3,0,33.0,Rainy,Field A
2022-08-11,10:00,Cow_106,12,6,0,0,33.0,Rainy,Field A
2022-08-11,10:00,Cow_107,5,5,5,0,33.0,Rainy,Field C
2022-08-11,10:00,Cow_108,0,0,0,15,33.0,Rainy,Field A
2022-08-11,10:00,Cow_109,0,0,0,15,33.0,Rainy,Field B
2022-08-11,10:00,Cow_110,6,4,5,0,33.0,Rainy,Field B
2022-08-11,10:00,Cow_111,10,0,6,0,33.0,Rainy,Field B
2022-08-11,10:00,Cow_112,7,3,5,0,33.0,Rainy,Field C
2022-08-11,10:00,Cow_113,6,6,3,0,33.0,Rainy,Field B
2022-08-11,10:00,Cow_114,12,7,0,0,33.0,Rainy,Field C
2022-08-11,10:00,Cow_115,6,3,6,0,33.0,Rainy,Field B
2022-08-11,10:00,Cow_116,13,5,0,0,33.0,Rainy,Field B
2022-08-11,10:00,Cow_117,5,3,7,0,33.0,Rainy,Field A
2022-08-11,10:00,Cow_118,11,3,1,0,33.0,Rainy,Field B
2022-08-11,10:00,Cow_119,7,5,3,0,33.0,Rainy,Field A
2022-08-11,10:00,Cow_120,9,10,0,0,33.0,Rainy,Field A
2022-08-11,10:00,Cow_121,7,2,6,0,33.0,Rainy,Field C
2022-08-11,10:00,Cow_122,5,7,3,0,33.0,Rainy,Field B
2022-08-11,10:00,Cow_123,13,9,0,0,33.0,Rainy,Field C
2022-08-11,10:00,Cow_124,10,3,2,0,33.0,Rainy,Field C
2022-08-11,10:00,Cow_125,4,5,6,0,33.0,Rainy,Field B
2022-08-11,10:00,Cow_126,7,8,0,0,33.0,Rainy,Field A
2022-08-11,10:00,Cow_127,11,4,0,0,33.0,Rainy,Field A
2022-08-11,10:00,Cow_128,11,0,6,0,33.0,Rainy,Field C
2022-08-11,10:00,Cow_129,12,5,0,0,33.0,Rainy,Field B
2022-08-11,10:00,Cow_130,3,7,5,0,33.0,Rainy,Field B
2022-08-11,10:00,Cow_131,14,0,4,0,33.0,Rainy,Field B
2022-08-11,10:00,Cow_132,6,1,8,0,33.0,Rainy,Field A
2022-08-11,10:00,Cow_133,14,9,0,0,33.0,Rainy,Field A
2022-08-11,10:00,Cow_134,12,10,0,0,33.0,Rainy,Field A
2022-08-11,10:00,Cow_135,6,9,0,0,33.0,Rainy,Field B
2022-08-11,10:00,Cow_136,9,6,0,0,33.0,Rainy,Field A
2022-08-11,10:00,Cow_137,6,6,3,0,33.0,Rainy,Field B
2022-08-11,10:00,Cow_138,6,6,3,0,33.0,Rainy,Field B
2022-08-11,10:00,Cow_139,8,2,5,0,33.0,Rainy,Field C
2022-08-11,10:00,Cow_140,14,0,6,0,33.0,Rainy,Field C
2022-08-11,10:00,Cow_141,12,0,7,0,33.0,Rainy,Field C
2022-08-11,10:00,Cow_142,6,5,4,0,33.0,Rainy,Field A
2022-08-11,10:00,Cow_143,12,9,0,0,33.0,Rainy,Field B
2022-08-11,10:00,Cow_144,0,10,6,0,33.0,Rainy,Field A
2022-08-11,10:00,Cow_145,9,8,0,0,33.0,Rainy,Field A
2022-08-11,10:00,Cow_146,13,0,6,0,33.0,Rainy,Field B
2022-08-11,10:00,Cow_147,8,4,3,0,33.0,Rainy,Field A
2022-08-11,10:00,Cow_148,6,4,5,0,33.0,Rainy,Field B
2022-08-11,10:00,Cow_149,10,7,0,0,33.0,Rainy,Field A
2022-08-11,10:00,Cow_150,0,8,8,0,33.0,Rainy,Field C
2022-08-11,10:00,Cow_151,12,0,3,0,33.0,Rainy,Field C
2022-08-11,10:00,Cow_152,5,5,5,0,33.0,Rainy,Field A
2022-08-11,10:00,Cow_153,7,5,3,0,33.0,Rainy,Field A
2022-08-11,10:00,Cow_154,9,3,3,0,33.0,Rainy,Field B
2022-08-11,10:00,Cow_155,0,7,8,0,33.0,Rainy,Field C
2022-08-11,10:00,Cow_156,6,5,4,0,33.0,Rainy,Field A
2022-08-11,10:00,Cow_157,9,2,4,0,33.0,Rainy,Field A
2022-08-11,10:00,Cow_158,11,1,3,0,33.0,Rainy,Field C
2022-08-11,10:00,Cow_159,5,3,7,0,33.0,Rainy,Field B
2022-08-11,10:00,Cow_160,10,10,0,0,33.0,Rainy,Field A
2022-08-11,10:00,Cow_161,6,6,3,0,33.0,Rainy,Field C
2022-08-11,10:00,Cow_162,2,5,8,0,33.0,Rainy,Field C
2022-08-11,10:00,Cow_163,13,7,0,0,33.0,Rainy,Field B
2022-08-11,10:00,Cow_164,7,4,4,0,33.0,Rainy,Field C
2022-08-11,10:00,Cow_165,9,5,1,0,33.0,Rainy,Field C
2022-08-11,10:00,Cow_166,12,4,0,0,33.0,Rainy,Field C
2022-08-11,10:00,Cow_167,14,0,4,0,33.0,Rainy,Field B
2022-08-11,10:00,Cow_168,9,0,7,0,33.0,Rainy,Field B
2022-08-11,10:00,Cow_169,10,5,0,0,33.0,Rainy,Field A
2022-08-11,10:00,Cow_170,8,5,2,0,33.0,Rainy,Field A
2022-08-11,10:00,Cow_171,8,2,5,0,33.0,Rainy,Field B
2022-08-11,10:00,Cow_172,7,4,4,0,33.0,Rainy,Field C
2022-08-11,10:00,Cow_173,4,5,6,0,33.0,Rainy,Field C
2022-08-11,10:00,Cow_174,8,8,0,0,33.0,Rainy,Field A
2022-08-11,10:00,Cow_175,0,0,0,15,33.0,Rainy,Field B
2022-08-11,10:00,Cow_176,10,6,0,0,33.0,Rainy,Field B
2022-08-11,10:00,Cow_177,5,5,5,0,33.0,Rainy,Field A
2022-08-11,10:00,Cow_178,14,0,6,0,33.0,Rainy,Field C
2022-08-11,10:00,Cow_179,14,9,0,0,33.0,Rainy,Field B
2022-08-11,10:00,Cow_180,6,6,3,0,33.0,Rainy,Field B
2022-08-11,10:00,Cow_181,3,4,8,0,33.0,Rainy,Field B
2022-08-11,10:00,Cow_182,13,6,0,0,33.0,Rainy,Field B
2022-08-11,10:00,Cow_183,10,4,1,0,33.0,Rainy,Field B
2022-08-11,10:00,Cow_184,7,4,4,0,33.0,Rainy,Field B
2022-08-11,10:00,Cow_185,4,8,3,0,33.0,Rainy,Field B
2022-08-11,10:00,Cow_186,5,6,4,0,33.0,Rainy,Field A
2022-08-11,10:00,Cow_187,12,9,0,0,33.0,Rainy,Field A
2022-08-11,10:00,Cow_188,13,5,0,0,33.0,Rainy,Field A
2022-08-11,10:00,Cow_189,5,7,3,0,33.0,Rainy,Field A
2022-08-11,10:00,Cow_190,12,0,5,0,33.0,Rainy,Field A
2022-08-11,10:00,Cow_191,7,6,2,0,33.0,Rainy,Field B
2022-08-11,10:00,Cow_192,6,7,2,0,33.0,Rainy,Field A
2022-08-11,10:00,Cow_193,7,4,4,0,33.0,Rainy,Field B
2022-08-11,10:00,Cow_194,7,8,0,0,33.0,Rainy,Field B
2022-08-11,10:00,Cow_195,8,3,4,0,33.0,Rainy,Field C
2022-08-11,10:00,Cow_196,5,4,6,0,33.0,Rainy,Field B
2022-08-11,10:00,Cow_197,10,0,6,0,33.0,Rainy,Field B
2022-08-11,10:00,Cow_198,5,5,5,0,33.0,Rainy,Field B
2022-08-11,10:00,Cow_199,10,5,0,0,33.0,Rainy,Field C
2022-08-11,10:00,Cow_200,10,1,4,0,33.0,Rainy,Field A
2022-08-11,10:00,Cow_201,13,0,8,0,33.0,Rainy,Field C
2022-08-11,10:00,Cow_202,14,0,7,0,33.0,Rainy,Field A
2022-08-11,10:00,Cow_203,2,10,3,0,33.0,Rainy,Field C
2022-08-11,10:00,Cow_204,10,0,7,0,33.0,Rainy,Field C
2022-08-11,10:00,Cow_205,0,10,6,0,33.0,Rainy,Field C
2022-08-11,10:00,Cow_206,5,6,4,0,33.0,Rainy,Field C
2022-08-11,10:00,Cow_207,9,5,1,0,33.0,Rainy,Field C
2022-08-11,10:00,Cow_208,6,5,4,0,33.0,Rainy,Field C
2022-08-11,10:00,Cow_209,11,1,3,0,33.0,Rainy,Field B
2022-08-11,10:00,Cow_210,9,7,0,0,33.0,Rainy,Field A
2022-08-11,10:00,Cow_211,2,7,6,0,33.0,Rainy,Field A
2022-08-11,10:00,Cow_212,7,3,5,0,33.0,Rainy,Field C
2022-08-11,10:00,Cow_213,0,10,5,0,33.0,Rainy,Field C
2022-08-11,10:00,Cow_214,11,0,5,0,33.0,Rainy,Field C
2022-08-11,10:00,Cow_215,0,0,0,15,33.0,Rainy,Field C
2022-08-11,10:00,Cow_216,9,0,7,0,33.0,Rainy,Field B
2022-08-11,10:00,Cow_217,8,0,8,0,33.0,Rainy,Field C
2022-08-11,10:00,Cow_218,8,5,2,0,33.0,Rainy,Field C
2022-08-11,10:00,Cow_219,11,9,0,0,33.0,Rainy,Field C
2022-08-11,10:00,Cow_220,10,7,0,0,33.0,Rainy,Field A
2022-08-11,10:00,Cow_221,7,0,8,0,33.0,Rainy,Field C
2022-08-11,10:00,Cow_222,4,6,5,0,33.0,Rainy,Field A
2022-08-11,10:00,Cow_223,9,9,0,0,33.0,Rainy,Field B
2022-08-11,10:00,Cow_224,0,0,0,15,33.0,Rainy,Field C
2022-08-11,10:00,Cow_225,6,5,4,0,33.0,Rainy,Field A
2022-08-11,10:00,Cow_226,12,4,0,0,33.0,Rainy,Field C
2022-08-11,10:00,Cow_227,5,5,5,0,33.0,Rainy,Field B
2022-08-11,10:00,Cow_228,0,0,0,15,33.0,Rainy,Field C
2022-08-11,10:00,Cow_229,0,9,8,0,33.0,Rainy,Field B
2022-08-11,10:00,Cow_230,12,0,7,0,33.0,Rainy,Field C
2022-08-11,10:00,Cow_231,11,0,4,0,33.0,Rainy,Field B
2022-08-11,10:00,Cow_232,6,2,7,0,33.0,Rainy,Field C
2022-08-11,10:00,Cow_233,5,3,7,0,33.0,Rainy,Field C
2022-08-11,10:00,Cow_234,6,5,4,0,33.0,Rainy,Field A
2022-08-11,10:00,Cow_235,5,6,4,0,33.0,Rainy,Field C
2022-08-11,10:00,Cow_236,9,3,3,0,33.0,Rainy,Field B
2022-08-11,10:00,Cow_237,8,4,3,0,33.0,Rainy,Field A
2022-08-11,10:00,Cow_238,0,9,6,0,33.0,Rainy,Field B
2022-08-11,10:00,Cow_239,13,4,0,0,33.0,Rainy,Field A
2022-08-11,10:00,Cow_240,0,0,0,15,33.0,Rainy,Field C
2022-08-11,10:00,Cow_241,0,10,6,0,33.0,Rainy,Field A
2022-08-11,10:00,Cow_242,6,6,3,0,33.0,Rainy,Field A
2022-08-11,10:00,Cow_243,5,7,3,0,33.0,Rainy,Field A
2022-08-11,10:00,Cow_244,11,0,6,0,33.0,Rainy,Field C
2022-08-11,10:00,Cow_245,10,0,7,0,33.0,Rainy,Field A
2022-08-11,10:00,Cow_246,5,3,7,0,33.0,Rainy,Field C
2022-08-11,10:00,Cow_247,12,0,4,0,33.0,Rainy,Field C
2022-08-11,10:00,Cow_248,13,0,4,0,33.0,Rainy,Field B
2022-08-11,10:00,Cow_249,7,5,3,0,33.0,Rainy,Field C
2022-08-11,10:00,Cow_250,0,8,8,0,33.0,Rainy,Field B
2022-08-11,10:00,Cow_251,7,3,5,0,33.0,Rainy,Field A
2022-08-11,10:00,Cow_252,2,7,6,0,33.0,Rainy,Field A
2022-08-11,10:00,Cow_253,12,7,0,0,33.0,Rainy,Field B
2022-08-11,10:00,Cow_254,6,4,5,0,33.0,Rainy,Field A
2022-08-11,10:00,Cow_255,6,5,4,0,33.0,Rainy,Field C
2022-08-11,10:00,Cow_256,4,3,8,0,33.0,Rainy,Field C
2022-08-11,10:00,Cow_257,14,4,0,0,33.0,Rainy,Field C
2022-08-11,10:00,Cow_258,8,4,3,0,33.0,Rainy,Field A
2022-08-11,10:00,Cow_259,6,5,4,0,33.0,Rainy,Field C
2022-08-11,10:00,Cow_260,10,0,6,0,33.0,Rainy,Field A
2022-08-11,10:00,Cow_261,14,9,0,0,33.0,Rainy,Field C
2022-08-11,10:00,Cow_262,6,3,6,0,33.0,Rainy,Field C
2022-08-11,10:00,Cow_263,5,3,7,0,33.0,Rainy,Field C
2022-08-11,10:00,Cow_264,10,5,0,0,33.0,Rainy,Field C
2022-08-11,10:00,Cow_265,7,10,0,0,33.0,Rainy,Field A
2022-08-11,10:00,Cow_266,11,0,6,0,33.0,Rainy,Field C
2022-08-11,10:00,Cow_267,9,9,0,0,33.0,Rainy,Field C
2022-08-11,10:00,Cow_268,12,5,0,0,33.0,Rainy,Field B
2022-08-11,10:00,Cow_269,4,6,5,0,33.0,Rainy,Field A
2022-08-11,10:00,Cow_270,14,3,0,0,33.0,Rainy,Field B
2022-08-11,10:00,Cow_271,6,6,3,0,33.0,Rainy,Field B
2022-08-11,10:00,Cow_272,0,0,0,15,33.0,Rainy,Field B
2022-08-11,10:00,Cow_273,11,0,7,0,33.0,Rainy,Field B
2022-08-11,10:00,Cow_274,9,0,8,0,33.0,Rainy,Field A
2022-08-11,10:00,Cow_275,0,0,0,15,33.0,Rainy,Field C
2022-08-11,10:00,Cow_276,0,9,6,0,33.0,Rainy,Field C
2022-08-11,10:00,Cow_277,13,0,4,0,33.0,Rainy,Field A
2022-08-11,10:00,Cow_278,2,7,6,0,33.0,Rainy,Field B
2022-08-11,10:00,Cow_279,5,10,0,0,33.0,Rainy,Field B
2022-08-11,10:00,Cow_280,8,7,0,0,33.0,Rainy,Field B
2022-08-11,10:00,Cow_281,8,0,7,0,33.0,Rainy,Field A
2022-08-11,10:00,Cow_282,5,5,5,0,33.0,Rainy,Field B
2022-08-11,10:00,Cow_283,3,5,7,0,33.0,Rainy,Field A
2022-08-11,10:00,Cow_284,8,5,2,0,33.0,Rainy,Field C
2022-08-11,10:00,Cow_285,5,3,7,0,33.0,Rainy,Field A
2022-08-11,10:00,Cow_286,7,1,7,0,33.0,Rainy,Field C
2022-08-11,10:00,Cow_287,11,3,1,0,33.0,Rainy,Field B
2022-08-11,10:00,Cow_288,11,0,8,0,33.0,Rainy,Field B
2022-08-11,10:00,Cow_289,10,3,2,0,33.0,Rainy,Field B
2022-08-11,10:00,Cow_290,13,0,8,0,33.0,Rainy,Field A
2022-08-11,10:00,Cow_291,9,2,4,0,33.0,Rainy,Field C
2022-08-11,10:00,Cow_292,13,8,0,0,33.0,Rainy,Field A
2022-08-11,10:00,Cow_293,2,3,10,0,33.0,Rainy,Field B
2022-08-11,10:00,Cow_294,13,10,0,0,33.0,Rainy,Field C
2022-08-11,10:00,Cow_295,5,6,4,0,33.0,Rainy,Field B
2022-08-11,10:00,Cow_296,11,0,4,0,33.0,Rainy,Field C
2022-08-11,10:00,Cow_297,7,8,0,0,33.0,Rainy,Field C
2022-08-11,10:00,Cow_298,13,0,5,0,33.0,Rainy,Field A
2022-08-11,10:00,Cow_299,12,11,0,0,33.0,Rainy,Field B
2022-08-11,10:00,Cow_300,13,9,0,0,33.0,Rainy,Field A
2022-08-11,10:00,Cow_301,12,0,3,0,33.0,Rainy,Field B
2022-08-11,10:00,Cow_302,12,0,5,0,33.0,Rainy,Field C
2022-08-11,10:00,Cow_303,10,8,0,0,33.0,Rainy,Field B
2022-08-11,10:00,Cow_304,2,5,8,0,33.0,Rainy,Field C
2022-08-11,10:00,Cow_305,9,1,5,0,33.0,Rainy,Field C
2022-08-11,10:00,Cow_306,11,0,7,0,33.0,Rainy,Field A
2022-08-11,10:00,Cow_307,5,9,1,0,33.0,Rainy,Field A
2022-08-11,10:00,Cow_308,6,3,6,0,33.0,Rainy,Field C
2022-08-11,10:00,Cow_309,12,9,0,0,33.0,Rainy,Field C
2022-08-11,10:00,Cow_310,8,4,3,0,33.0,Rainy,Field C
2022-08-11,10:00,Cow_311,0,0,0,15,33.0,Rainy,Field A
2022-08-11,10:00,Cow_312,4,6,5,0,33.0,Rainy,Field B
2022-08-11,10:00,Cow_313,8,0,7,0,33.0,Rainy,Field A
2022-08-11,10:00,Cow_314,14,3,0,0,33.0,Rainy,Field A
2022-08-11,10:00,Cow_315,7,0,8,0,33.0,Rainy,Field A
2022-08-11,10:00,Cow_316,13,0,8,0,33.0,Rainy,Field B
2022-08-11,10:00,Cow_317,8,0,8,0,33.0,Rainy,Field B
2022-08-11,10:00,Cow_318,0,0,0,15,33.0,Rainy,Field C
2022-08-11,10:00,Cow_319,6,4,5,0,33.0,Rainy,Field A
2022-08-11,10:00,Cow_320,5,7,3,0,33.0,Rainy,Field B
2022-08-11,10:00,Cow_321,5,3,7,0,33.0,Rainy,Field A
2022-08-11,10:00,Cow_322,5,2,8,0,33.0,Rainy,Field A
2022-08-11,10:00,Cow_323,13,0,4,0,33.0,Rainy,Field C
2022-08-11,10:00,Cow_324,7,7,1,0,33.0,Rainy,Field A
2022-08-11,10:00,Cow_325,9,2,4,0,33.0,Rainy,Field C
2022-08-11,10:00,Cow_326,5,7,3,0,33.0,Rainy,Field C
2022-08-11,10:00,Cow_327,11,0,4,0,33.0,Rainy,Field B
2022-08-11,10:00,Cow_328,13,0,7,0,33.0,Rainy,Field C
2022-08-11,10:00,Cow_329,0,0,0,15,33.0,Rainy,Field A
2022-08-11,10:00,Cow_330,9,0,7,0,33.0,Rainy,Field C
2022-08-11,10:00,Cow_331,11,0,6,0,33.0,Rainy,Field C
2022-08-11,10:00,Cow_332,7,9,0,0,33.0,Rainy,Field B
2022-08-11,10:00,Cow_333,10,6,0,0,33.0,Rainy,Field A
2022-08-11,10:00,Cow_334,11,4,0,0,33.0,Rainy,Field C
2022-08-11,10:00,Cow_335,12,8,0,0,33.0,Rainy,Field A
2022-08-11,10:00,Cow_336,7,4,4,0,33.0,Rainy,Field A
2022-08-11,10:00,Cow_337,5,3,7,0,33.0,Rainy,Field C
2022-08-11,10:00,Cow_338,9,10,0,0,33.0,Rainy,Field C
2022-08-11,10:00,Cow_339,6,4,5,0,33.0,Rainy,Field A
2022-08-11,10:00,Cow_340,5,6,4,0,33.0,Rainy,Field A
2022-08-11,10:00,Cow_341,12,0,5,0,33.0,Rainy,Field A
2022-08-11,10:00,Cow_342,11,7,0,0,33.0,Rainy,Field B
2022-08-11,10:00,Cow_343,4,3,8,0,33.0,Rainy,Field B
2022-08-11,10:00,Cow_344,13,7,0,0,33.0,Rainy,Field C
2022-08-11,10:00,Cow_345,5,6,4,0,33.0,Rainy,Field B
2022-08-11,10:00,Cow_346,10,9,0,0,33.0,Rainy,Field C
2022-08-11,10:00,Cow_347,6,3,6,0,33.0,Rainy,Field C
2022-08-11,10:00,Cow_348,0,0,0,15,33.0,Rainy,Field A
2022-08-11,10:00,Cow_349,4,4,7,0,33.0,Rainy,Field C
2022-08-11,10:00,Cow_350,12,10,0,0,33.0,Rainy,Field B
2022-08-11,10:00,Cow_351,5,7,3,0,33.0,Rainy,Field C
2022-08-11,10:00,Cow_352,0,7,8,0,33.0,Rainy,Field B
2022-08-11,10:00,Cow_353,3,6,6,0,33.0,Rainy,Field C
2022-08-11,10:00,Cow_354,13,0,3,0,33.0,Rainy,Field A
2022-08-11,10:00,Cow_355,12,9,0,0,33.0,Rainy,Field B
2022-08-11,10:00,Cow_356,5,4,6,0,33.0,Rainy,Field A
2022-08-11,10:00,Cow_357,14,0,3,0,33.0,Rainy,Field B
2022-08-11,10:00,Cow_358,0,8,8,0,33.0,Rainy,Field A
2022-08-11,10:00,Cow_359,15,0,8,0,33.0,Rainy,Field A
2022-08-11,10:00,Cow_360,13,8,0,0,33.0,Rainy,Field A
2022-08-11,10:00,Cow_361,5,3,7,0,33.0,Rainy,Field A
2022-08-11,10:00,Cow_362,3,4,8,0,33.0,Rainy,Field B
2022-08-11,10:00,Cow_363,6,10,0,0,33.0,Rainy,Field C
2022-08-11,10:00,Cow_364,11,0,7,0,33.0,Rainy,Field B
2022-08-11,10:00,Cow_365,6,6,3,0,33.0,Rainy,Field A
2022-08-11,10:00,Cow_366,5,6,4,0,33.0,Rainy,Field C
2022-08-11,10:00,Cow_367,8,9,0,0,33.0,Rainy,Field A
2022-08-11,10:00,Cow_368,14,6,0,0,33.0,Rainy,Field A
2022-08-11,10:00,Cow_369,6,4,5,0,33.0,Rainy,Field C
2022-08-11,10:00,Cow_370,12,0,7,0,33.0,Rainy,Field A
2022-08-11,10:00,Cow_371,13,0,6,0,33.0,Rainy,Field A
2022-08-11,10:00,Cow_372,7,2,6,0,33.0,Rainy,Field C
2022-08-11,10:00,Cow_373,2,7,6,0,33.0,Rainy,Field B
2022-08-11,10:00,Cow_374,7,4,4,0,33.0,Rainy,Field A
2022-08-11,10:00,Cow_375,14,8,0,0,33.0,Rainy,Field B
2022-08-11,10:00,Cow_376,12,0,7,0,33.0,Rainy,Field C
2022-08-11,10:00,Cow_377,12,9,0,0,33.0,Rainy,Field A
2022-08-11,10:00,Cow_378,5,5,5,0,33.0,Rainy,Field A
2022-08-11,10:00,Cow_379,8,1,6,0,33.0,Rainy,Field B
2022-08-11,10:00,Cow_380,0,0,0,15,33.0,Rainy,Field B
2022-08-11,10:00,Cow_381,10,0,5,0,33.0,Rainy,Field A
2022-08-11,10:00,Cow_382,8,5,2,0,33.0,Rainy,Field C
2022-08-11,10:00,Cow_383,8,8,0,0,33.0,Rainy,Field C
2022-08-11,10:00,Cow_384,12,6,0,0,33.0,Rainy,Field A
2022-08-11,10:00,Cow_385,6,2,7,0,33.0,Rainy,Field B
2022-08-11,10:00,Cow_386,5,5,5,0,33.0,Rainy,Field A
2022-08-11,10:00,Cow_387,5,3,7,0,33.0,Rainy,Field B
2022-08-11,10:00,Cow_388,3,5,7,0,33.0,Rainy,Field B
2022-08-11,10:00,Cow_389,11,0,6,0,33.0,Rainy,Field B
2022-08-11,10:00,Cow_390,7,4,4,0,33.0,Rainy,Field B
2022-08-11,10:00,Cow_391,0,0,0,15,33.0,Rainy,Field C
2022-08-11,10:00,Cow_392,12,0,7,0,33.0,Rainy,Field A
2022-08-11,10:00,Cow_393,6,8,1,0,33.0,Rainy,Field B
2022-08-11,10:00,Cow_394,7,3,5,0,33.0,Rainy,Field B
2022-08-11,10:00,Cow_395,0,11,5,0,33.0,Rainy,Field B
2022-08-11,10:00,Cow_396,3,6,6,0,33.0,Rainy,Field C
2022-08-11,10:00,Cow_397,7,4,4,0,33.0,Rainy,Field C
2022-08-11,10:00,Cow_398,13,8,0,0,33.0,Rainy,Field A
2022-08-11,10:00,Cow_399,9,5,1,0,33.0,Rainy,Field C
2022-08-11,10:00,Cow_400,5,6,4,0,33.0,Rainy,Field B
2022-08-11,10:00,Cow_401,0,9,7,0,33.0,Rainy,Field A
2022-08-11,10:00,Cow_402,10,7,0,0,33.0,Rainy,Field C
2022-08-11,10:00,Cow_403,8,3,4,0,33.0,Rainy,Field A
2022-08-11,10:00,Cow_404,7,3,5,0,33.0,Rainy,Field C
2022-08-11,10:00,Cow_405,7,2,6,0,33.0,Rainy,Field C
2022-08-11,10:00,Cow_406,10,0,5,0,33.0,Rainy,Field A
2022-08-11,10:00,Cow_407,8,4,3,0,33.0,Rainy,Field C
2022-08-11,10:00,Cow_408,9,8,0,0,33.0,Rainy,Field B
2022-08-11,10:00,Cow_409,6,6,3,0,33.0,Rainy,Field A
2022-08-11,10:00,Cow_410,4,6,5,0,33.0,Rainy,Field C
2022-08-11,10:00,Cow_411,0,9,7,0,33.0,Rainy,Field B
2022-08-11,10:00,Cow_412,6,0,9,0,33.0,Rainy,Field B
2022-08-11,10:00,Cow_413,13,0,3,0,33.0,Rainy,Field A
2022-08-11,10:00,Cow_414,5,4,6,0,33.0,Rainy,Field C
2022-08-11,10:00,Cow_415,14,6,0,0,33.0,Rainy,Field B
2022-08-11,10:00,Cow_416,5,3,7,0,33.0,Rainy,Field C
2022-08-11,10:00,Cow_417,9,4,2,0,33.0,Rainy,Field A
2022-08-11,10:00,Cow_418,3,9,3,0,33.0,Rainy,Field C
2022-08-11,10:00,Cow_419,4,8,3,0,33.0,Rainy,Field C
2022-08-11,10:00,Cow_420,6,8,1,0,33.0,Rainy,Field A
2022-08-11,10:00,Cow_421,9,0,7,0,33.0,Rainy,Field C
2022-08-11,10:00,Cow_422,6,6,3,0,33.0,Rainy,Field B
2022-08-11,10:00,Cow_423,4,7,4,0,33.0,Rainy,Field B
2022-08-11,10:00,Cow_424,7,7,1,0,33.0,Rainy,Field B
2022-08-11,10:00,Cow_425,10,0,6,0,33.0,Rainy,Field A
2022-08-11,10:00,Cow_426,8,2,5,0,33.0,Rainy,Field B
2022-08-11,10:00,Cow_427,9,0,7,0,33.0,Rainy,Field C
2022-08-11,10:00,Cow_428,13,0,5,0,33.0,Rainy,Field C
2022-08-11,10:00,Cow_429,13,0,4,0,33.0,Rainy,Field C
2022-08-11,10:00,Cow_430,12,3,0,0,33.0,Rainy,Field A
2022-08-11,10:00,Cow_431,9,0,8,0,33.0,Rainy,Field B
2022-08-11,10:00,Cow_432,12,6,0,0,33.0,Rainy,Field C
2022-08-11,10:00,Cow_433,4,6,5,0,33.0,Rainy,Field A
2022-08-11,10:00,Cow_434,3,5,7,0,33.0,Rainy,Field A
2022-08-11,10:00,Cow_435,11,0,5,0,33.0,Rainy,Field C
2022-08-11,10:00,Cow_436,3,4,8,0,33.0,Rainy,Field C
2022-08-11,10:00,Cow_437,10,4,1,0,33.0,Rainy,Field C
2022-08-11,10:00,Cow_438,11,0,6,0,33.0,Rainy,Field A
2022-08-11,10:00,Cow_439,9,6,0,0,33.0,Rainy,Field C
2022-08-11,10:00,Cow_440,5,6,4,0,33.0,Rainy,Field C
2022-08-11,10:00,Cow_441,7,1,7,0,33.0,Rainy,Field C
2022-08-11,10:00,Cow_442,0,7,10,0,33.0,Rainy,Field A
2022-08-11,10:00,Cow_443,14,6,0,0,33.0,Rainy,Field B
2022-08-11,10:00,Cow_444,6,10,0,0,33.0,Rainy,Field B
2022-08-11,10:00,Cow_445,9,10,0,0,33.0,Rainy,Field C
2022-08-11,10:00,Cow_446,5,7,3,0,33.0,Rainy,Field C
2022-08-11,10:00,Cow_447,6,10,0,0,33.0,Rainy,Field B
2022-08-11,10:00,Cow_448,9,7,0,0,33.0,Rainy,Field B
2022-08-11,10:00,Cow_449,3,5,7,0,33.0,Rainy,Field A
2022-08-11,10:00,Cow_450,0,9,6,0,33.0,Rainy,Field C
2022-08-11,10:00,Cow_451,9,0,8,0,33.0,Rainy,Field A
2022-08-11,10:00,Cow_452,13,0,4,0,33.0,Rainy,Field C
2022-08-11,10:00,Cow_453,11,0,7,0,33.0,Rainy,Field B
2022-08-11,10:00,Cow_454,9,0,8,0,33.0,Rainy,Field C
2022-08-11,10:00,Cow_455,10,4,1,0,33.0,Rainy,Field A
2022-08-11,10:00,Cow_456,6,2,7,0,33.0,Rainy,Field A
2022-08-11,10:00,Cow_457,1,9,5,0,33.0,Rainy,Field C
2022-08-11,10:00,Cow_458,14,0,6,0,33.0,Rainy,Field B
2022-08-11,10:00,Cow_459,7,8,0,0,33.0,Rainy,Field B
2022-08-11,10:00,Cow_460,10,1,4,0,33.0,Rainy,Field B
2022-08-11,10:00,Cow_461,12,9,0,0,33.0,Rainy,Field A
2022-08-11,10:00,Cow_462,6,7,2,0,33.0,Rainy,Field A
2022-08-11,10:00,Cow_463,12,4,0,0,33.0,Rainy,Field C
2022-08-11,10:00,Cow_464,1,8,6,0,33.0,Rainy,Field A
2022-08-11,10:00,Cow_465,0,10,8,0,33.0,Rainy,Field C
2022-08-11,10:00,Cow_466,11,6,0,0,33.0,Rainy,Field A
2022-08-11,10:00,Cow_467,5,3,7,0,33.0,Rainy,Field A
2022-08-11,10:00,Cow_468,13,5,0,0,33.0,Rainy,Field C
2022-08-11,10:00,Cow_469,9,3,3,0,33.0,Rainy,Field A
2022-08-11,10:00,Cow_470,5,2,8,0,33.0,Rainy,Field A
2022-08-11,10:00,Cow_471,0,8,7,0,33.0,Rainy,Field B
2022-08-11,10:00,Cow_472,8,2,5,0,33.0,Rainy,Field C
2022-08-11,10:00,Cow_473,4,7,4,0,33.0,Rainy,Field A
2022-08-11,10:00,Cow_474,11,0,8,0,33.0,Rainy,Field A
2022-08-11,10:00,Cow_475,10,0,8,0,33.0,Rainy,Field B
2022-08-11,10:00,Cow_476,6,6,3,0,33.0,Rainy,Field C
2022-08-11,10:00,Cow_477,0,10,6,0,33.0,Rainy,Field C
2022-08-11,10:00,Cow_478,0,9,6,0,33.0,Rainy,Field A
2022-08-11,10:00,Cow_479,15,0,10,0,33.0,Rainy,Field B
2022-08-11,10:00,Cow_480,6,6,3,0,33.0,Rainy,Field A
2022-08-11,10:00,Cow_481,13,5,0,0,33.0,Rainy,Field A
2022-08-11,10:00,Cow_482,5,2,8,0,33.0,Rainy,Field A
2022-08-11,10:00,Cow_483,3,5,7,0,33.0,Rainy,Field A
2022-08-11,10:00,Cow_484,10,5,0,0,33.0,Rainy,Field B
2022-08-11,10:00,Cow_485,6,6,3,0,33.0,Rainy,Field B
2022-08-11,10:00,Cow_486,0,10,5,0,33.0,Rainy,Field B
2022-08-11,10:00,Cow_487,10,4,1,0,33.0,Rainy,Field A
2022-08-11,10:00,Cow_488,6,6,3,0,33.0,Rainy,Field B
2022-08-11,10:00,Cow_489,11,0,8,0,33.0,Rainy,Field C
2022-08-11,10:00,Cow_490,9,2,4,0,33.0,Rainy,Field C
2022-08-11,10:00,Cow_491,5,7,3,0,33.0,Rainy,Field A
2022-08-11,10:00,Cow_492,8,3,4,0,33.0,Rainy,Field A
2022-08-11,10:00,Cow_493,6,1,8,0,33.0,Rainy,Field C
2022-08-11,10:00,Cow_494,13,0,4,0,33.0,Rainy,Field B
2022-08-11,10:00,Cow_495,2,10,3,0,33.0,Rainy,Field A
2022-08-11,10:00,Cow_496,12,3,0,0,33.0,Rainy,Field B
2022-08-11,10:00,Cow_497,10,7,0,0,33.0,Rainy,Field A
2022-08-11,10:00,Cow_498,0,8,8,0,33.0,Rainy,Field B
2022-08-11,10:00,Cow_499,12,5,0,0,33.0,Rainy,Field B
2022-08-11,10:00,Cow_500,6,2,7,0,33.0,Rainy,Field C
2022-08-11,10:15,Cow_1,11,5,0,0,32.7,Rainy,Field B
2022-08-11,10:15,Cow_2,8,0,7,0,32.7,Rainy,Field B
2022-08-11,10:15,Cow_3,10,3,2,0,32.7,Rainy,Field B
2022-08-11,10:15,Cow_4,4,6,5,0,32.7,Rainy,Field A
2022-08-11,10:15,Cow_5,6,3,6,0,32.7,Rainy,Field C
2022-08-11,10:15,Cow_6,0,0,0,15,32.7,Rainy,Field C
2022-08-11,10:15,Cow_7,13,0,4,0,32.7,Rainy,Field C
2022-08-11,10:15,Cow_8,13,7,0,0,32.7,Rainy,Field B
2022-08-11,10:15,Cow_9,10,0,7,0,32.7,Rainy,Field A
2022-08-11,10:15,Cow_10,8,8,0,0,32.7,Rainy,Field A
2022-08-11,10:15,Cow_11,12,0,4,0,32.7,Rainy,Field B
2022-08-11,10:15,Cow_12,13,0,7,0,32.7,Rainy,Field C
2022-08-11,10:15,Cow_13,6,1,8,0,32.7,Rainy,Field A
2022-08-11,10:15,Cow_14,7,4,4,0,32.7,Rainy,Field C
2022-08-11,10:15,Cow_15,7,4,4,0,32.7,Rainy,Field A
2022-08-11,10:15,Cow_16,2,7,6,0,32.7,Rainy,Field B
2022-08-11,10:15,Cow_17,12,0,4,0,32.7,Rainy,Field B
2022-08-11,10:15,Cow_18,0,11,6,0,32.7,Rainy,Field C
2022-08-11,10:15,Cow_19,4,5,6,0,32.7,Rainy,Field A
2022-08-11,10:15,Cow_20,5,10,0,0,32.7,Rainy,Field B
2022-08-11,10:15,Cow_21,9,3,3,0,32.7,Rainy,Field A
2022-08-11,10:15,Cow_22,13,5,0,0,32.7,Rainy,Field C
2022-08-11,10:15,Cow_23,14,0,3,0,32.7,Rainy,Field C
2022-08-11,10:15,Cow_24,9,10,0,0,32.7,Rainy,Field C
2022-08-11,10:15,Cow_25,14,0,8,0,32.7,Rainy,Field A
2022-08-11,10:15,Cow_26,0,8,7,0,32.7,Rainy,Field C
2022-08-11,10:15,Cow_27,9,8,0,0,32.7,Rainy,Field A
2022-08-11,10:15,Cow_28,8,9,0,0,32.7,Rainy,Field A
2022-08-11,10:15,Cow_29,6,6,3,0,32.7,Rainy,Field B
2022-08-11,10:15,Cow_30,5,7,3,0,32.7,Rainy,Field C
2022-08-11,10:15,Cow_31,9,10,0,0,32.7,Rainy,Field C
2022-08-11,10:15,Cow_32,14,0,7,0,32.7,Rainy,Field B
2022-08-11,10:15,Cow_33,13,0,6,0,32.7,Rainy,Field C
2022-08-11,10:15,Cow_34,9,3,3,0,32.7,Rainy,Field A
2022-08-11,10:15,Cow_35,11,6,0,0,32.7,Rainy,Field A
2022-08-11,10:15,Cow_36,11,1,3,0,32.7,Rainy,Field C
2022-08-11,10:15,Cow_37,10,7,0,0,32.7,Rainy,Field A
2022-08-11,10:15,Cow_38,7,8,0,0,32.7,Rainy,Field C
2022-08-11,10:15,Cow_39,6,4,5,0,32.7,Rainy,Field B
2022-08-11,10:15,Cow_40,9,0,6,0,32.7,Rainy,Field B
2022-08-11,10:15,Cow_41,2,5,8,0,32.7,Rainy,Field B
2022-08-11,10:15,Cow_42,8,10,0,0,32.7,Rainy,Field C
2022-08-11,10:15,Cow_43,10,8,0,0,32.7,Rainy,Field A
2022-08-11,10:15,Cow_44,10,2,3,0,32.7,Rainy,Field A
2022-08-11,10:15,Cow_45,13,3,0,0,32.7,Rainy,Field A
2022-08-11,10:15,Cow_46,7,8,0,0,32.7,Rainy,Field C
2022-08-11,10:15,Cow_47,2,7,6,0,32.7,Rainy,Field B
2022-08-11,10:15,Cow_48,5,3,7,0,32.7,Rainy,Field C
2022-08-11,10:15,Cow_49,9,1,5,0,32.7,Rainy,Field C
2022-08-11,10:15,Cow_50,11,10,0,0,32.7,Rainy,Field A
2022-08-11,10:15,Cow_51,0,0,0,15,32.7,Rainy,Field A
2022-08-11,10:15,Cow_52,0,0,0,15,32.7,Rainy,Field A
2022-08-11,10:15,Cow_53,7,2,6,0,32.7,Rainy,Field A
2022-08-11,10:15,Cow_54,0,10,9,0,32.7,Rainy,Field A
2022-08-11,10:15,Cow_55,12,6,0,0,32.7,Rainy,Field A
2022-08-11,10:15,Cow_56,6,3,6,0,32.7,Rainy,Field A
2022-08-11,10:15,Cow_57,10,8,0,0,32.7,Rainy,Field B
2022-08-11,10:15,Cow_58,7,10,0,0,32.7,Rainy,Field B
2022-08-11,10:15,Cow_59,10,0,8,0,32.7,Rainy,Field C
2022-08-11,10:15,Cow_60,7,3,5,0,32.7,Rainy,Field A
2022-08-11,10:15,Cow_61,6,3,6,0,32.7,Rainy,Field C
2022-08-11,10:15,Cow_62,0,10,7,0,32.7,Rainy,Field A
2022-08-11,10:15,Cow_63,6,7,2,0,32.7,Rainy,Field C
2022-08-11,10:15,Cow_64,9,1,5,0,32.7,Rainy,Field A
2022-08-11,10:15,Cow_65,13,9,0,0,32.7,Rainy,Field C
2022-08-11,10:15,Cow_66,1,6,8,0,32.7,Rainy,Field C
2022-08-11,10:15,Cow_67,4,7,4,0,32.7,Rainy,Field A
2022-08-11,10:15,Cow_68,11,9,0,0,32.7,Rainy,Field C
2022-08-11,10:15,Cow_69,4,4,7,0,32.7,Rainy,Field C
2022-08-11,10:15,Cow_70,1,6,8,0,32.7,Rainy,Field A
2022-08-11,10:15,Cow_71,1,8,6,0,32.7,Rainy,Field A
2022-08-11,10:15,Cow_72,1,8,6,0,32.7,Rainy,Field A
2022-08-11,10:15,Cow_73,6,3,6,0,32.7,Rainy,Field A
2022-08-11,10:15,Cow_74,2,8,5,0,32.7,Rainy,Field C
2022-08-11,10:15,Cow_75,13,0,2,0,32.7,Rainy,Field C
2022-08-11,10:15,Cow_76,5,8,2,0,32.7,Rainy,Field B
2022-08-11,10:15,Cow_77,9,4,2,0,32.7,Rainy,Field B
2022-08-11,10:15,Cow_78,1,9,5,0,32.7,Rainy,Field C
2022-08-11,10:15,Cow_79,0,9,7,0,32.7,Rainy,Field A
2022-08-11,10:15,Cow_80,12,0,6,0,32.7,Rainy,Field B
2022-08-11,10:15,Cow_81,8,1,6,0,32.7,Rainy,Field A
2022-08-11,10:15,Cow_82,10,0,5,0,32.7,Rainy,Field B
2022-08-11,10:15,Cow_83,12,3,0,0,32.7,Rainy,Field B
2022-08-11,10:15,Cow_84,10,0,8,0,32.7,Rainy,Field C
2022-08-11,10:15,Cow_85,10,0,7,0,32.7,Rainy,Field A
2022-08-11,10:15,Cow_86,0,0,0,15,32.7,Rainy,Field C
2022-08-11,10:15,Cow_87,0,0,0,15,32.7,Rainy,Field B
2022-08-11,10:15,Cow_88,9,9,0,0,32.7,Rainy,Field C
2022-08-11,10:15,Cow_89,9,0,6,0,32.7,Rainy,Field B
2022-08-11,10:15,Cow_90,14,0,7,0,32.7,Rainy,Field B
2022-08-11,10:15,Cow_91,0,0,0,15,32.7,Rainy,Field B
2022-08-11,10:15,Cow_92,8,3,4,0,32.7,Rainy,Field B
2022-08-11,10:15,Cow_93,0,7,8,0,32.7,Rainy,Field C
2022-08-11,10:15,Cow_94,6,2,7,0,32.7,Rainy,Field A
2022-08-11,10:15,Cow_95,8,4,3,0,32.7,Rainy,Field B
2022-08-11,10:15,Cow_96,11,8,0,0,32.7,Rainy,Field A
2022-08-11,10:15,Cow_97,13,0,4,0,32.7,Rainy,Field B
2022-08-11,10:15,Cow_98,12,0,4,0,32.7,Rainy,Field C
2022-08-11,10:15,Cow_99,3,5,7,0,32.7,Rainy,Field C
2022-08-11,10:15,Cow_100,0,9,6,0,32.7,Rainy,Field A
2022-08-11,10:15,Cow_101,8,4,3,0,32.7,Rainy,Field B
2022-08-11,10:15,Cow_102,5,6,4,0,32.7,Rainy,Field A
2022-08-11,10:15,Cow_103,6,5,4,0,32.7,Rainy,Field B
2022-08-11,10:15,Cow_104,5,6,4,0,32.7,Rainy,Field B
2022-08-11,10:15,Cow_105,2,5,8,0,32.7,Rainy,Field C
2022-08-11,10:15,Cow_106,7,7,1,0,32.7,Rainy,Field A
2022-08-11,10:15,Cow_107,12,0,7,0,32.7,Rainy,Field A
2022-08-11,10:15,Cow_108,8,2,5,0,32.7,Rainy,Field A
2022-08-11,10:15,Cow_109,9,3,3,0,32.7,Rainy,Field A
2022-08-11,10:15,Cow_110,10,3,2,0,32.7,Rainy,Field A
2022-08-11,10:15,Cow_111,0,0,0,15,32.7,Rainy,Field C
2022-08-11,10:15,Cow_112,1,6,8,0,32.7,Rainy,Field C
2022-08-11,10:15,Cow_113,11,0,5,0,32.7,Rainy,Field B
2022-08-11,10:15,Cow_114,8,6,1,0,32.7,Rainy,Field B
2022-08-11,10:15,Cow_115,6,8,1,0,32.7,Rainy,Field C
2022-08-11,10:15,Cow_116,9,4,2,0,32.7,Rainy,Field A
2022-08-11,10:15,Cow_117,14,0,5,0,32.7,Rainy,Field C
2022-08-11,10:15,Cow_118,12,0,8,0,32.7,Rainy,Field B
2022-08-11,10:15,Cow_119,7,3,5,0,32.7,Rainy,Field C
2022-08-11,10:15,Cow_120,13,3,0,0,32.7,Rainy,Field A
2022-08-11,10:15,Cow_121,0,7,8,0,32.7,Rainy,Field A
2022-08-11,10:15,Cow_122,5,10,0,0,32.7,Rainy,Field A
2022-08-11,10:15,Cow_123,9,9,0,0,32.7,Rainy,Field B
2022-08-11,10:15,Cow_124,0,10,8,0,32.7,Rainy,Field B
2022-08-11,10:15,Cow_125,11,0,6,0,32.7,Rainy,Field C
2022-08-11,10:15,Cow_126,10,4,1,0,32.7,Rainy,Field C
2022-08-11,10:15,Cow_127,5,8,2,0,32.7,Rainy,Field B
2022-08-11,10:15,Cow_128,1,6,8,0,32.7,Rainy,Field B
2022-08-11,10:15,Cow_129,0,0,0,15,32.7,Rainy,Field C
2022-08-11,10:15,Cow_130,7,3,5,0,32.7,Rainy,Field C
2022-08-11,10:15,Cow_131,8,4,3,0,32.7,Rainy,Field A
2022-08-11,10:15,Cow_132,5,10,0,0,32.7,Rainy,Field A
2022-08-11,10:15,Cow_133,10,4,1,0,32.7,Rainy,Field B
2022-08-11,10:15,Cow_134,1,7,7,0,32.7,Rainy,Field C
2022-08-11,10:15,Cow_135,7,4,4,0,32.7,Rainy,Field B
2022-08-11,10:15,Cow_136,0,0,0,15,32.7,Rainy,Field A
2022-08-11,10:15,Cow_137,13,0,8,0,32.7,Rainy,Field B
2022-08-11,10:15,Cow_138,12,0,3,0,32.7,Rainy,Field A
2022-08-11,10:15,Cow_139,5,6,4,0,32.7,Rainy,Field C
2022-08-11,10:15,Cow_140,2,10,3,0,32.7,Rainy,Field A
2022-08-11,10:15,Cow_141,8,4,3,0,32.7,Rainy,Field A
2022-08-11,10:15,Cow_142,2,6,7,0,32.7,Rainy,Field B
2022-08-11,10:15,Cow_143,3,9,3,0,32.7,Rainy,Field A
2022-08-11,10:15,Cow_144,5,6,4,0,32.7,Rainy,Field C
2022-08-11,10:15,Cow_145,8,1,6,0,32.7,Rainy,Field B
2022-08-11,10:15,Cow_146,0,10,5,0,32.7,Rainy,Field C
2022-08-11,10:15,Cow_147,4,7,4,0,32.7,Rainy,Field C
2022-08-11,10:15,Cow_148,0,0,0,15,32.7,Rainy,Field C
2022-08-11,10:15,Cow_149,10,0,7,0,32.7,Rainy,Field B
2022-08-11,10:15,Cow_150,7,5,3,0,32.7,Rainy,Field A
2022-08-11,10:15,Cow_151,7,1,7,0,32.7,Rainy,Field A
2022-08-11,10:15,Cow_152,12,6,0,0,32.7,Rainy,Field A
2022-08-11,10:15,Cow_153,9,2,4,0,32.7,Rainy,Field B
2022-08-11,10:15,Cow_154,11,1,3,0,32.7,Rainy,Field A
2022-08-11,10:15,Cow_155,7,5,3,0,32.7,Rainy,Field C
2022-08-11,10:15,Cow_156,2,7,6,0,32.7,Rainy,Field C
2022-08-11,10:15,Cow_157,6,10,0,0,32.7,Rainy,Field A
2022-08-11,10:15,Cow_158,5,2,8,0,32.7,Rainy,Field C
2022-08-11,10:15,Cow_159,0,0,0,15,32.7,Rainy,Field B
2022-08-11,10:15,Cow_160,9,6,0,0,32.7,Rainy,Field B
2022-08-11,10:15,Cow_161,5,6,4,0,32.7,Rainy,Field A
2022-08-11,10:15,Cow_162,6,6,3,0,32.7,Rainy,Field A
2022-08-11,10:15,Cow_163,12,0,7,0,32.7,Rainy,Field B
2022-08-11,10:15,Cow_164,5,4,6,0,32.7,Rainy,Field C
2022-08-11,10:15,Cow_165,14,0,8,0,32.7,Rainy,Field A
2022-08-11,10:15,Cow_166,9,0,6,0,32.7,Rainy,Field C
2022-08-11,10:15,Cow_167,7,7,1,0,32.7,Rainy,Field C
2022-08-11,10:15,Cow_168,9,3,3,0,32.7,Rainy,Field C
2022-08-11,10:15,Cow_169,8,0,8,0,32.7,Rainy,Field C
2022-08-11,10:15,Cow_170,10,3,2,0,32.7,Rainy,Field C
2022-08-11,10:15,Cow_171,12,0,7,0,32.7,Rainy,Field C
2022-08-11,10:15,Cow_172,10,9,0,0,32.7,Rainy,Field C
2022-08-11,10:15,Cow_173,14,0,6,0,32.7,Rainy,Field C
2022-08-11,10:15,Cow_174,11,0,5,0,32.7,Rainy,Field C
2022-08-11,10:15,Cow_175,7,3,5,0,32.7,Rainy,Field C
2022-08-11,10:15,Cow_176,2,6,7,0,32.7,Rainy,Field A
2022-08-11,10:15,Cow_177,11,8,0,0,32.7,Rainy,Field C
2022-08-11,10:15,Cow_178,6,1,8,0,32.7,Rainy,Field A
2022-08-11,10:15,Cow_179,14,0,6,0,32.7,Rainy,Field A
2022-08-11,10:15,Cow_180,10,0,6,0,32.7,Rainy,Field A
2022-08-11,10:15,Cow_181,12,0,8,0,32.7,Rainy,Field C
2022-08-11,10:15,Cow_182,4,7,4,0,32.7,Rainy,Field C
2022-08-11,10:15,Cow_183,14,0,4,0,32.7,Rainy,Field B
2022-08-11,10:15,Cow_184,3,6,6,0,32.7,Rainy,Field A
2022-08-11,10:15,Cow_185,14,0,8,0,32.7,Rainy,Field C
2022-08-11,10:15,Cow_186,5,7,3,0,32.7,Rainy,Field B
2022-08-11,10:15,Cow_187,13,0,7,0,32.7,Rainy,Field A
2022-08-11,10:15,Cow_188,2,7,6,0,32.7,Rainy,Field C
2022-08-11,10:15,Cow_189,11,9,0,0,32.7,Rainy,Field B
2022-08-11,10:15,Cow_190,6,3,6,0,32.7,Rainy,Field C
2022-08-11,10:15,Cow_191,5,8,2,0,32.7,Rainy,Field A
2022-08-11,10:15,Cow_192,1,6,8,0,32.7,Rainy,Field A
2022-08-11,10:15,Cow_193,8,1,6,0,32.7,Rainy,Field A
2022-08-11,10:15,Cow_194,0,10,5,0,32.7,Rainy,Field A
2022-08-11,10:15,Cow_195,7,4,4,0,32.7,Rainy,Field B
2022-08-11,10:15,Cow_196,6,5,4,0,32.7,Rainy,Field A
2022-08-11,10:15,Cow_197,13,7,0,0,32.7,Rainy,Field B
2022-08-11,10:15,Cow_198,12,5,0,0,32.7,Rainy,Field B
2022-08-11,10:15,Cow_199,6,5,4,0,32.7,Rainy,Field B
2022-08-11,10:15,Cow_200,8,3,4,0,32.7,Rainy,Field A
2022-08-11,10:15,Cow_201,13,4,0,0,32.7,Rainy,Field C
2022-08-11,10:15,Cow_202,13,7,0,0,32.7,Rainy,Field B
2022-08-11,10:15,Cow_203,4,8,3,0,32.7,Rainy,Field C
2022-08-11,10:15,Cow_204,7,3,5,0,32.7,Rainy,Field A
2022-08-11,10:15,Cow_205,4,5,6,0,32.7,Rainy,Field C
2022-08-11,10:15,Cow_206,6,3,6,0,32.7,Rainy,Field B
2022-08-11,10:15,Cow_207,9,9,0,0,32.7,Rainy,Field A
2022-08-11,10:15,Cow_208,9,10,0,0,32.7,Rainy,Field B
2022-08-11,10:15,Cow_209,5,9,1,0,32.7,Rainy,Field A
2022-08-11,10:15,Cow_210,14,0,7,0,32.7,Rainy,Field C
2022-08-11,10:15,Cow_211,5,4,6,0,32.7,Rainy,Field C
2022-08-11,10:15,Cow_212,12,0,8,0,32.7,Rainy,Field A
2022-08-11,10:15,Cow_213,14,0,7,0,32.7,Rainy,Field A
2022-08-11,10:15,Cow_214,2,9,4,0,32.7,Rainy,Field C
2022-08-11,10:15,Cow_215,7,4,4,0,32.7,Rainy,Field B
2022-08-11,10:15,Cow_216,5,3,7,0,32.7,Rainy,Field A
2022-08-11,10:15,Cow_217,2,6,7,0,32.7,Rainy,Field C
2022-08-11,10:15,Cow_218,9,0,8,0,32.7,Rainy,Field C
2022-08-11,10:15,Cow_219,0,9,7,0,32.7,Rainy,Field C
2022-08-11,10:15,Cow_220,14,5,0,0,32.7,Rainy,Field C
2022-08-11,10:15,Cow_221,11,0,5,0,32.7,Rainy,Field B
2022-08-11,10:15,Cow_222,8,10,0,0,32.7,Rainy,Field A
2022-08-11,10:15,Cow_223,5,2,8,0,32.7,Rainy,Field A
2022-08-11,10:15,Cow_224,7,4,4,0,32.7,Rainy,Field A
2022-08-11,10:15,Cow_225,6,2,7,0,32.7,Rainy,Field C
2022-08-11,10:15,Cow_226,10,2,3,0,32.7,Rainy,Field C
2022-08-11,10:15,Cow_227,11,4,0,0,32.7,Rainy,Field A
2022-08-11,10:15,Cow_228,11,6,0,0,32.7,Rainy,Field A
2022-08-11,10:15,Cow_229,0,10,8,0,32.7,Rainy,Field B
2022-08-11,10:15,Cow_230,12,0,3,0,32.7,Rainy,Field C
2022-08-11,10:15,Cow_231,0,8,7,0,32.7,Rainy,Field A
2022-08-11,10:15,Cow_232,14,4,0,0,32.7,Rainy,Field B
2022-08-11,10:15,Cow_233,5,7,3,0,32.7,Rainy,Field B
2022-08-11,10:15,Cow_234,8,8,0,0,32.7,Rainy,Field B
2022-08-11,10:15,Cow_235,15,3,0,0,32.7,Rainy,Field B
2022-08-11,10:15,Cow_236,0,10,6,0,32.7,Rainy,Field C
2022-08-11,10:15,Cow_237,13,4,0,0,32.7,Rainy,Field B
2022-08-11,10:15,Cow_238,8,0,7,0,32.7,Rainy,Field B
2022-08-11,10:15,Cow_239,10,4,1,0,32.7,Rainy,Field A
2022-08-11,10:15,Cow_240,7,10,0,0,32.7,Rainy,Field C
2022-08-11,10:15,Cow_241,10,8,0,0,32.7,Rainy,Field B
2022-08-11,10:15,Cow_242,13,6,0,0,32.7,Rainy,Field C
2022-08-11,10:15,Cow_243,0,0,0,15,32.7,Rainy,Field A
2022-08-11,10:15,Cow_244,1,7,7,0,32.7,Rainy,Field B
2022-08-11,10:15,Cow_245,13,9,0,0,32.7,Rainy,Field C
2022-08-11,10:15,Cow_246,0,9,7,0,32.7,Rainy,Field B
2022-08-11,10:15,Cow_247,5,9,1,0,32.7,Rainy,Field C
2022-08-11,10:15,Cow_248,0,0,0,15,32.7,Rainy,Field A
2022-08-11,10:15,Cow_249,3,4,8,0,32.7,Rainy,Field C
2022-08-11,10:15,Cow_250,13,5,0,0,32.7,Rainy,Field B
2022-08-11,10:15,Cow_251,10,4,1,0,32.7,Rainy,Field A
2022-08-11,10:15,Cow_252,0,9,6,0,32.7,Rainy,Field C
2022-08-11,10:15,Cow_253,7,6,2,0,32.7,Rainy,Field A
2022-08-11,10:15,Cow_254,5,6,4,0,32.7,Rainy,Field A
2022-08-11,10:15,Cow_255,7,3,5,0,32.7,Rainy,Field B
2022-08-11,10:15,Cow_256,0,0,0,15,32.7,Rainy,Field A
2022-08-11,10:15,Cow_257,6,10,0,0,32.7,Rainy,Field B
2022-08-11,10:15,Cow_258,8,4,3,0,32.7,Rainy,Field C
2022-08-11,10:15,Cow_259,13,5,0,0,32.7,Rainy,Field C
2022-08-11,10:15,Cow_260,8,3,4,0,32.7,Rainy,Field B
2022-08-11,10:15,Cow_261,11,1,3,0,32.7,Rainy,Field A
2022-08-11,10:15,Cow_262,9,6,0,0,32.7,Rainy,Field A
2022-08-11,10:15,Cow_263,14,3,0,0,32.7,Rainy,Field A
2022-08-11,10:15,Cow_264,1,9,5,0,32.7,Rainy,Field C
2022-08-11,10:15,Cow_265,14,0,8,0,32.7,Rainy,Field B
2022-08-11,10:15,Cow_266,4,5,6,0,32.7,Rainy,Field B
2022-08-11,10:15,Cow_267,14,8,0,0,32.7,Rainy,Field C
2022-08-11,10:15,Cow_268,9,0,8,0,32.7,Rainy,Field C
2022-08-11,10:15,Cow_269,8,4,3,0,32.7,Rainy,Field B
2022-08-11,10:15,Cow_270,10,8,0,0,32.7,Rainy,Field B
2022-08-11,10:15,Cow_271,8,3,4,0,32.7,Rainy,Field C
2022-08-11,10:15,Cow_272,10,0,5,0,32.7,Rainy,Field A
2022-08-11,10:15,Cow_273,6,7,2,0,32.7,Rainy,Field C
2022-08-11,10:15,Cow_274,11,5,0,0,32.7,Rainy,Field A
2022-08-11,10:15,Cow_275,0,8,7,0,32.7,Rainy,Field C
2022-08-11,10:15,Cow_276,0,9,8,0,32.7,Rainy,Field B
2022-08-11,10:15,Cow_277,7,10,0,0,32.7,Rainy,Field C
2022-08-11,10:15,Cow_278,11,1,3,0,32.7,Rainy,Field A
2022-08-11,10:15,Cow_279,0,10,6,0,32.7,Rainy,Field B
2022-08-11,10:15,Cow_280,9,10,0,0,32.7,Rainy,Field B
2022-08-11,10:15,Cow_281,14,0,8,0,32.7,Rainy,Field A
2022-08-11,10:15,Cow_282,11,7,0,0,32.7,Rainy,Field B
2022-08-11,10:15,Cow_283,9,5,1,0,32.7,Rainy,Field B
2022-08-11,10:15,Cow_284,4,4,7,0,32.7,Rainy,Field A
2022-08-11,10:15,Cow_285,1,6,8,0,32.7,Rainy,Field B
2022-08-11,10:15,Cow_286,6,3,6,0,32.7,Rainy,Field C
2022-08-11,10:15,Cow_287,13,4,0,0,32.7,Rainy,Field A
2022-08-11,10:15,Cow_288,0,8,7,0,32.7,Rainy,Field A
2022-08-11,10:15,Cow_289,10,9,0,0,32.7,Rainy,Field A
2022-08-11,10:15,Cow_290,9,0,7,0,32.7,Rainy,Field B
2022-08-11,10:15,Cow_291,7,4,4,0,32.7,Rainy,Field B
2022-08-11,10:15,Cow_292,8,3,4,0,32.7,Rainy,Field A
2022-08-11,10:15,Cow_293,9,12,0,0,32.7,Rainy,Field A
2022-08-11,10:15,Cow_294,11,8,0,0,32.7,Rainy,Field C
2022-08-11,10:15,Cow_295,12,5,0,0,32.7,Rainy,Field C
2022-08-11,10:15,Cow_296,13,0,8,0,32.7,Rainy,Field B
2022-08-11,10:15,Cow_297,10,1,4,0,32.7,Rainy,Field C
2022-08-11,10:15,Cow_298,0,10,6,0,32.7,Rainy,Field A
2022-08-11,10:15,Cow_299,0,8,9,0,32.7,Rainy,Field C
2022-08-11,10:15,Cow_300,13,0,6,0,32.7,Rainy,Field B
2022-08-11,10:15,Cow_301,6,3,6,0,32.7,Rainy,Field C
2022-08-11,10:15,Cow_302,6,7,2,0,32.7,Rainy,Field B
2022-08-11,10:15,Cow_303,1,6,8,0,32.7,Rainy,Field C
2022-08-11,10:15,Cow_304,0,9,7,0,32.7,Rainy,Field C
2022-08-11,10:15,Cow_305,12,0,3,0,32.7,Rainy,Field C
2022-08-11,10:15,Cow_306,7,0,8,0,32.7,Rainy,Field B
2022-08-11,10:15,Cow_307,7,10,0,0,32.7,Rainy,Field C
2022-08-11,10:15,Cow_308,11,0,6,0,32.7,Rainy,Field C
2022-08-11,10:15,Cow_309,5,8,2,0,32.7,Rainy,Field B
2022-08-11,10:15,Cow_310,14,8,0,0,32.7,Rainy,Field B
2022-08-11,10:15,Cow_311,0,9,7,0,32.7,Rainy,Field C
2022-08-11,10:15,Cow_312,6,2,7,0,32.7,Rainy,Field C
2022-08-11,10:15,Cow_313,13,0,4,0,32.7,Rainy,Field A
2022-08-11,10:15,Cow_314,10,1,4,0,32.7,Rainy,Field C
2022-08-11,10:15,Cow_315,4,4,7,0,32.7,Rainy,Field B
2022-08-11,10:15,Cow_316,0,0,0,15,32.7,Rainy,Field A
2022-08-11,10:15,Cow_317,7,5,3,0,32.7,Rainy,Field A
2022-08-11,10:15,Cow_318,13,9,0,0,32.7,Rainy,Field A
2022-08-11,10:15,Cow_319,6,6,3,0,32.7,Rainy,Field C
2022-08-11,10:15,Cow_320,13,0,5,0,32.7,Rainy,Field A
2022-08-11,10:15,Cow_321,12,0,6,0,32.7,Rainy,Field C
2022-08-11,10:15,Cow_322,14,0,3,0,32.7,Rainy,Field B
2022-08-11,10:15,Cow_323,13,0,8,0,32.7,Rainy,Field A
2022-08-11,10:15,Cow_324,2,6,7,0,32.7,Rainy,Field C
2022-08-11,10:15,Cow_325,6,4,5,0,32.7,Rainy,Field A
2022-08-11,10:15,Cow_326,5,3,7,0,32.7,Rainy,Field A
2022-08-11,10:15,Cow_327,11,5,0,0,32.7,Rainy,Field B
2022-08-11,10:15,Cow_328,14,0,5,0,32.7,Rainy,Field B
2022-08-11,10:15,Cow_329,11,0,8,0,32.7,Rainy,Field C
2022-08-11,10:15,Cow_330,5,7,3,0,32.7,Rainy,Field B
2022-08-11,10:15,Cow_331,6,9,0,0,32.7,Rainy,Field A
2022-08-11,10:15,Cow_332,7,3,5,0,32.7,Rainy,Field B
2022-08-11,10:15,Cow_333,4,3,8,0,32.7,Rainy,Field B
2022-08-11,10:15,Cow_334,6,3,6,0,32.7,Rainy,Field B
2022-08-11,10:15,Cow_335,7,4,4,0,32.7,Rainy,Field A
2022-08-11,10:15,Cow_336,13,6,0,0,32.7,Rainy,Field B
2022-08-11,10:15,Cow_337,0,0,0,15,32.7,Rainy,Field B
2022-08-11,10:15,Cow_338,9,3,3,0,32.7,Rainy,Field B
2022-08-11,10:15,Cow_339,14,0,4,0,32.7,Rainy,Field C
2022-08-11,10:15,Cow_340,10,2,3,0,32.7,Rainy,Field B
2022-08-11,10:15,Cow_341,9,2,4,0,32.7,Rainy,Field B
2022-08-11,10:15,Cow_342,9,5,1,0,32.7,Rainy,Field B
2022-08-11,10:15,Cow_343,7,3,5,0,32.7,Rainy,Field C
2022-08-11,10:15,Cow_344,6,3,6,0,32.7,Rainy,Field B
2022-08-11,10:15,Cow_345,12,0,8,0,32.7,Rainy,Field C
2022-08-11,10:15,Cow_346,6,1,8,0,32.7,Rainy,Field C
2022-08-11,10:15,Cow_347,14,8,0,0,32.7,Rainy,Field A
2022-08-11,10:15,Cow_348,7,11,0,0,32.7,Rainy,Field C
2022-08-11,10:15,Cow_349,10,0,7,0,32.7,Rainy,Field A
2022-08-11,10:15,Cow_350,0,9,6,0,32.7,Rainy,Field A
2022-08-11,10:15,Cow_351,10,6,0,0,32.7,Rainy,Field C
2022-08-11,10:15,Cow_352,12,0,7,0,32.7,Rainy,Field A
2022-08-11,10:15,Cow_353,7,1,7,0,32.7,Rainy,Field C
2022-08-11,10:15,Cow_354,0,10,6,0,32.7,Rainy,Field B
2022-08-11,10:15,Cow_355,14,6,0,0,32.7,Rainy,Field C
2022-08-11,10:15,Cow_356,5,3,7,0,32.7,Rainy,Field B
2022-08-11,10:15,Cow_357,5,4,6,0,32.7,Rainy,Field C
2022-08-11,10:15,Cow_358,11,10,0,0,32.7,Rainy,Field B
2022-08-11,10:15,Cow_359,9,0,6,0,32.7,Rainy,Field A
2022-08-11,10:15,Cow_360,12,7,0,0,32.7,Rainy,Field A
2022-08-11,10:15,Cow_361,0,0,0,15,32.7,Rainy,Field B
2022-08-11,10:15,Cow_362,5,6,4,0,32.7,Rainy,Field C
2022-08-11,10:15,Cow_363,0,0,0,15,32.7,Rainy,Field B
2022-08-11,10:15,Cow_364,11,4,0,0,32.7,Rainy,Field A
2022-08-11,10:15,Cow_365,13,0,3,0,32.7,Rainy,Field C
2022-08-11,10:15,Cow_366,7,2,6,0,32.7,Rainy,Field A
2022-08-11,10:15,Cow_367,5,3,7,0,32.7,Rainy,Field A
2022-08-11,10:15,Cow_368,2,6,7,0,32.7,Rainy,Field C
2022-08-11,10:15,Cow_369,0,0,0,15,32.7,Rainy,Field B
2022-08-11,10:15,Cow_370,8,1,6,0,32.7,Rainy,Field A
2022-08-11,10:15,Cow_371,13,3,0,0,32.7,Rainy,Field B
2022-08-11,10:15,Cow_372,0,0,0,15,32.7,Rainy,Field A
2022-08-11,10:15,Cow_373,13,0,6,0,32.7,Rainy,Field B
2022-08-11,10:15,Cow_374,8,0,8,0,32.7,Rainy,Field C
2022-08-11,10:15,Cow_375,1,8,6,0,32.7,Rainy,Field A
2022-08-11,10:15,Cow_376,6,4,5,0,32.7,Rainy,Field B
2022-08-11,10:15,Cow_377,4,3,8,0,32.7,Rainy,Field A
2022-08-11,10:15,Cow_378,9,1,5,0,32.7,Rainy,Field C
2022-08-11,10:15,Cow_379,11,1,3,0,32.7,Rainy,Field C
2022-08-11,10:15,Cow_380,1,6,8,0,32.7,Rainy,Field C
2022-08-11,10:15,Cow_381,13,3,0,0,32.7,Rainy,Field A
2022-08-11,10:15,Cow_382,14,8,0,0,32.7,Rainy,Field C
2022-08-11,10:15,Cow_383,10,0,6,0,32.7,Rainy,Field B
2022-08-11,10:15,Cow_384,14,7,0,0,32.7,Rainy,Field B
2022-08-11,10:15,Cow_385,7,3,5,0,32.7,Rainy,Field A
2022-08-11,10:15,Cow_386,0,10,6,0,32.7,Rainy,Field B
2022-08-11,10:15,Cow_387,7,5,3,0,32.7,Rainy,Field B
2022-08-11,10:15,Cow_388,3,9,3,0,32.7,Rainy,Field A
2022-08-11,10:15,Cow_389,4,8,3,0,32.7,Rainy,Field B
2022-08-11,10:15,Cow_390,3,8,4,0,32.7,Rainy,Field A
2022-08-11,10:15,Cow_391,13,0,2,0,32.7,Rainy,Field A
2022-08-11,10:15,Cow_392,12,0,3,0,32.7,Rainy,Field C
2022-08-11,10:15,Cow_393,10,3,2,0,32.7,Rainy,Field C
2022-08-11,10:15,Cow_394,8,4,3,0,32.7,Rainy,Field B
2022-08-11,10:15,Cow_395,4,8,3,0,32.7,Rainy,Field A
2022-08-11,10:15,Cow_396,8,4,3,0,32.7,Rainy,Field A
2022-08-11,10:15,Cow_397,8,0,8,0,32.7,Rainy,Field A
2022-08-11,10:15,Cow_398,13,0,7,0,32.7,Rainy,Field B
2022-08-11,10:15,Cow_399,0,7,8,0,32.7,Rainy,Field A
2022-08-11,10:15,Cow_400,0,0,0,15,32.7,Rainy,Field A
2022-08-11,10:15,Cow_401,7,3,5,0,32.7,Rainy,Field A
2022-08-11,10:15,Cow_402,5,7,3,0,32.7,Rainy,Field A
2022-08-11,10:15,Cow_403,9,4,2,0,32.7,Rainy,Field B
2022-08-11,10:15,Cow_404,0,8,7,0,32.7,Rainy,Field A
2022-08-11,10:15,Cow_405,12,0,5,0,32.7,Rainy,Field A
2022-08-11,10:15,Cow_406,9,2,4,0,32.7,Rainy,Field A
2022-08-11,10:15,Cow_407,2,9,4,0,32.7,Rainy,Field A
2022-08-11,10:15,Cow_408,0,7,8,0,32.7,Rainy,Field C
2022-08-11,10:15,Cow_409,11,0,6,0,32.7,Rainy,Field C
2022-08-11,10:15,Cow_410,7,9,0,0,32.7,Rainy,Field A
2022-08-11,10:15,Cow_411,9,1,5,0,32.7,Rainy,Field B
2022-08-11,10:15,Cow_412,3,6,6,0,32.7,Rainy,Field A
2022-08-11,10:15,Cow_413,14,9,0,0,32.7,Rainy,Field C
2022-08-11,10:15,Cow_414,9,6,0,0,32.7,Rainy,Field C
2022-08-11,10:15,Cow_415,3,7,5,0,32.7,Rainy,Field B
2022-08-11,10:15,Cow_416,2,7,6,0,32.7,Rainy,Field B
2022-08-11,10:15,Cow_417,6,3,6,0,32.7,Rainy,Field C
2022-08-11,10:15,Cow_418,5,8,2,0,32.7,Rainy,Field B
2022-08-11,10:15,Cow_419,8,9,0,0,32.7,Rainy,Field A
2022-08-11,10:15,Cow_420,0,0,0,15,32.7,Rainy,Field B
2022-08-11,10:15,Cow_421,10,0,5,0,32.7,Rainy,Field C
2022-08-11,10:15,Cow_422,2,7,6,0,32.7,Rainy,Field C
2022-08-11,10:15,Cow_423,3,5,7,0,32.7,Rainy,Field B
2022-08-11,10:15,Cow_424,9,3,3,0,32.7,Rainy,Field B
2022-08-11,10:15,Cow_425,7,1,7,0,32.7,Rainy,Field C
2022-08-11,10:15,Cow_426,4,5,6,0,32.7,Rainy,Field C
2022-08-11,10:15,Cow_427,5,4,6,0,32.7,Rainy,Field C
2022-08-11,10:15,Cow_428,12,3,0,0,32.7,Rainy,Field B
2022-08-11,10:15,Cow_429,4,8,3,0,32.7,Rainy,Field C
2022-08-11,10:15,Cow_430,13,0,7,0,32.7,Rainy,Field C
2022-08-11,10:15,Cow_431,9,9,0,0,32.7,Rainy,Field A
2022-08-11,10:15,Cow_432,9,8,0,0,32.7,Rainy,Field C
2022-08-11,10:15,Cow_433,11,9,0,0,32.7,Rainy,Field B
2022-08-11,10:15,Cow_434,10,9,0,0,32.7,Rainy,Field C
2022-08-11,10:15,Cow_435,14,5,0,0,32.7,Rainy,Field C
2022-08-11,10:15,Cow_436,8,10,0,0,32.7,Rainy,Field B
2022-08-11,10:15,Cow_437,11,9,0,0,32.7,Rainy,Field A
2022-08-11,10:15,Cow_438,11,7,0,0,32.7,Rainy,Field C
2022-08-11,10:15,Cow_439,11,0,4,0,32.7,Rainy,Field C
2022-08-11,10:15,Cow_440,5,3,7,0,32.7,Rainy,Field A
2022-08-11,10:15,Cow_441,5,6,4,0,32.7,Rainy,Field C
2022-08-11,10:15,Cow_442,2,6,7,0,32.7,Rainy,Field A
2022-08-11,10:15,Cow_443,8,1,6,0,32.7,Rainy,Field A
2022-08-11,10:15,Cow_444,7,4,4,0,32.7,Rainy,Field C
2022-08-11,10:15,Cow_445,11,7,0,0,32.7,Rainy,Field A
2022-08-11,10:15,Cow_446,7,5,3,0,32.7,Rainy,Field A
2022-08-11,10:15,Cow_447,12,9,0,0,32.7,Rainy,Field A
2022-08-11,10:15,Cow_448,6,6,3,0,32.7,Rainy,Field A
2022-08-11,10:15,Cow_449,12,10,0,0,32.7,Rainy,Field B
2022-08-11,10:15,Cow_450,5,4,6,0,32.7,Rainy,Field B
2022-08-11,10:15,Cow_451,7,8,0,0,32.7,Rainy,Field B
2022-08-11,10:15,Cow_452,7,4,4,0,32.7,Rainy,Field C
2022-08-11,10:15,Cow_453,11,0,5,0,32.7,Rainy,Field C
2022-08-11,10:15,Cow_454,5,7,3,0,32.7,Rainy,Field B
2022-08-11,10:15,Cow_455,11,0,4,0,32.7,Rainy,Field A
2022-08-11,10:15,Cow_456,10,2,3,0,32.7,Rainy,Field A
2022-08-11,10:15,Cow_457,7,1,7,0,32.7,Rainy,Field A
2022-08-11,10:15,Cow_458,14,0,5,0,32.7,Rainy,Field B
2022-08-11,10:15,Cow_459,2,10,3,0,32.7,Rainy,Field C
2022-08-11,10:15,Cow_460,5,4,6,0,32.7,Rainy,Field C
2022-08-11,10:15,Cow_461,8,0,8,0,32.7,Rainy,Field A
2022-08-11,10:15,Cow_462,9,2,4,0,32.7,Rainy,Field B
2022-08-11,10:15,Cow_463,5,5,5,0,32.7,Rainy,Field B
2022-08-11,10:15,Cow_464,11,10,0,0,32.7,Rainy,Field B
2022-08-11,10:15,Cow_465,7,4,4,0,32.7,Rainy,Field A
2022-08-11,10:15,Cow_466,11,0,5,0,32.7,Rainy,Field B
2022-08-11,10:15,Cow_467,7,2,6,0,32.7,Rainy,Field A
2022-08-11,10:15,Cow_468,9,3,3,0,32.7,Rainy,Field A
2022-08-11,10:15,Cow_469,0,10,8,0,32.7,Rainy,Field C
2022-08-11,10:15,Cow_470,6,5,4,0,32.7,Rainy,Field B
2022-08-11,10:15,Cow_471,6,4,5,0,32.7,Rainy,Field B
2022-08-11,10:15,Cow_472,0,0,0,15,32.7,Rainy,Field C
2022-08-11,10:15,Cow_473,8,3,4,0,32.7,Rainy,Field C
2022-08-11,10:15,Cow_474,9,8,0,0,32.7,Rainy,Field A
2022-08-11,10:15,Cow_475,12,0,5,0,32.7,Rainy,Field B
2022-08-11,10:15,Cow_476,8,4,3,0,32.7,Rainy,Field B
2022-08-11,10:15,Cow_477,14,8,0,0,32.7,Rainy,Field B
2022-08-11,10:15,Cow_478,11,6,0,0,32.7,Rainy,Field B
2022-08-11,10:15,Cow_479,0,8,7,0,32.7,Rainy,Field B
2022-08-11,10:15,Cow_480,5,5,5,0,32.7,Rainy,Field C
2022-08-11,10:15,Cow_481,10,1,4,0,32.7,Rainy,Field A
2022-08-11,10:15,Cow_482,12,0,3,0,32.7,Rainy,Field B
2022-08-11,10:15,Cow_483,0,7,8,0,32.7,Rainy,Field C
2022-08-11,10:15,Cow_484,0,0,0,15,32.7,Rainy,Field A
2022-08-11,10:15,Cow_485,4,6,5,0,32.7,Rainy,Field A
2022-08-11,10:15,Cow_486,6,7,2,0,32.7,Rainy,Field B
2022-08-11,10:15,Cow_487,11,0,7,0,32.7,Rainy,Field C
2022-08-11,10:15,Cow_488,2,9,4,0,32.7,Rainy,Field A
2022-08-11,10:15,Cow_489,7,10,0,0,32.7,Rainy,Field B
2022-08-11,10:15,Cow_490,13,0,7,0,32.7,Rainy,Field B
2022-08-11,10:15,Cow_491,14,9,0,0,32.7,Rainy,Field A
2022-08-11,10:15,Cow_492,13,0,8,0,32.7,Rainy,Field B
2022-08-11,10:15,Cow_493,13,6,0,0,32.7,Rainy,Field B
2022-08-11,10:15,Cow_494,0,0,0,15,32.7,Rainy,Field B
2022-08-11,10:15,Cow_495,3,7,5,0,32.7,Rainy,Field B
2022-08-11,10:15,Cow_496,8,6,1,0,32.7,Rainy,Field A
2022-08-11,10:15,Cow_497,5,5,5,0,32.7,Rainy,Field A
2022-08-11,10:15,Cow_498,8,6,1,0,32.7,Rainy,Field B
2022-08-11,10:15,Cow_499,11,0,8,0,32.7,Rainy,Field C
2022-08-11,10:15,Cow_500,8,9,0,0,32.7,Rainy,Field A
2022-08-11,10:30,Cow_1,5,7,3,0,28.0,Clear,Field A
2022-08-11,10:30,Cow_2,5,3,7,0,28.0,Clear,Field C
2022-08-11,10:30,Cow_3,0,0,0,15,28.0,Clear,Field C
2022-08-11,10:30,Cow_4,6,6,3,0,28.0,Clear,Field A
2022-08-11,10:30,Cow_5,12,8,0,0,28.0,Clear,Field B
2022-08-11,10:30,Cow_6,11,3,1,0,28.0,Clear,Field B
2022-08-11,10:30,Cow_7,13,0,5,0,28.0,Clear,Field A
2022-08-11,10:30,Cow_8,9,7,0,0,28.0,Clear,Field C
2022-08-11,10:30,Cow_9,13,0,8,0,28.0,Clear,Field B
2022-08-11,10:30,Cow_10,0,9,6,0,28.0,Clear,Field B
2022-08-11,10:30,Cow_11,8,7,0,0,28.0,Clear,Field A
2022-08-11,10:30,Cow_12,1,9,5,0,28.0,Clear,Field B
2022-08-11,10:30,Cow_13,4,6,5,0,28.0,Clear,Field B
2022-08-11,10:30,Cow_14,0,0,0,15,28.0,Clear,Field C
2022-08-11,10:30,Cow_15,3,7,5,0,28.0,Clear,Field A
2022-08-11,10:30,Cow_16,6,3,6,0,28.0,Clear,Field B
2022-08-11,10:30,Cow_17,11,0,7,0,28.0,Clear,Field A
2022-08-11,10:30,Cow_18,5,6,4,0,28.0,Clear,Field A
2022-08-11,10:30,Cow_19,12,0,6,0,28.0,Clear,Field A
2022-08-11,10:30,Cow_20,0,0,0,15,28.0,Clear,Field C
2022-08-11,10:30,Cow_21,14,10,0,0,28.0,Clear,Field B
2022-08-11,10:30,Cow_22,13,0,3,0,28.0,Clear,Field C
2022-08-11,10:30,Cow_23,2,5,8,0,28.0,Clear,Field C
2022-08-11,10:30,Cow_24,6,7,2,0,28.0,Clear,Field B
2022-08-11,10:30,Cow_25,5,5,5,0,28.0,Clear,Field A
2022-08-11,10:30,Cow_26,0,0,0,15,28.0,Clear,Field A
2022-08-11,10:30,Cow_27,13,0,5,0,28.0,Clear,Field A
2022-08-11,10:30,Cow_28,9,5,1,0,28.0,Clear,Field C
2022-08-11,10:30,Cow_29,6,4,5,0,28.0,Clear,Field B
2022-08-11,10:30,Cow_30,2,6,7,0,28.0,Clear,Field B
2022-08-11,10:30,Cow_31,11,9,0,0,28.0,Clear,Field A
2022-08-11,10:30,Cow_32,6,4,5,0,28.0,Clear,Field A
2022-08-11,10:30,Cow_33,14,0,8,0,28.0,Clear,Field B
2022-08-11,10:30,Cow_34,0,9,6,0,28.0,Clear,Field A
2022-08-11,10:30,Cow_35,6,4,5,0,28.0,Clear,Field B
2022-08-11,10:30,Cow_36,12,8,0,0,28.0,Clear,Field B
2022-08-11,10:30,Cow_37,11,0,5,0,28.0,Clear,Field C
2022-08-11,10:30,Cow_38,8,4,3,0,28.0,Clear,Field B
2022-08-11,10:30,Cow_39,8,3,4,0,28.0,Clear,Field A
2022-08-11,10:30,Cow_40,7,10,0,0,28.0,Clear,Field B
2022-08-11,10:30,Cow_41,11,0,5,0,28.0,Clear,Field B
2022-08-11,10:30,Cow_42,5,2,8,0,28.0,Clear,Field C
2022-08-11,10:30,Cow_43,14,3,0,0,28.0,Clear,Field C
2022-08-11,10:30,Cow_44,14,0,4,0,28.0,Clear,Field A
2022-08-11,10:30,Cow_45,6,5,4,0,28.0,Clear,Field C
2022-08-11,10:30,Cow_46,10,5,0,0,28.0,Clear,Field A
2022-08-11,10:30,Cow_47,8,10,0,0,28.0,Clear,Field B
2022-08-11,10:30,Cow_48,9,8,0,0,28.0,Clear,Field C
2022-08-11,10:30,Cow_49,4,3,8,0,28.0,Clear,Field C
2022-08-11,10:30,Cow_50,8,8,0,0,28.0,Clear,Field C
2022-08-11,10:30,Cow_51,14,9,0,0,28.0,Clear,Field C
2022-08-11,10:30,Cow_52,12,0,7,0,28.0,Clear,Field A
2022-08-11,10:30,Cow_53,6,5,4,0,28.0,Clear,Field A
2022-08-11,10:30,Cow_54,5,8,2,0,28.0,Clear,Field C
2022-08-11,10:30,Cow_55,14,0,8,0,28.0,Clear,Field C
2022-08-11,10:30,Cow_56,0,8,7,0,28.0,Clear,Field B
2022-08-11,10:30,Cow_57,13,3,0,0,28.0,Clear,Field A
2022-08-11,10:30,Cow_58,1,9,5,0,28.0,Clear,Field B
2022-08-11,10:30,Cow_59,5,7,3,0,28.0,Clear,Field A
2022-08-11,10:30,Cow_60,14,0,7,0,28.0,Clear,Field B
2022-08-11,10:30,Cow_61,3,6,6,0,28.0,Clear,Field C
2022-08-11,10:30,Cow_62,7,3,5,0,28.0,Clear,Field A
2022-08-11,10:30,Cow_63,13,12,0,0,28.0,Clear,Field A
2022-08-11,10:30,Cow_64,7,3,5,0,28.0,Clear,Field C
2022-08-11,10:30,Cow_65,5,3,7,0,28.0,Clear,Field C
2022-08-11,10:30,Cow_66,0,10,6,0,28.0,Clear,Field B
2022-08-11,10:30,Cow_67,9,2,4,0,28.0,Clear,Field B
2022-08-11,10:30,Cow_68,9,0,6,0,28.0,Clear,Field A
2022-08-11,10:30,Cow_69,2,9,4,0,28.0,Clear,Field A
2022-08-11,10:30,Cow_70,12,10,0,0,28.0,Clear,Field B
2022-08-11,10:30,Cow_71,4,6,5,0,28.0,Clear,Field A
2022-08-11,10:30,Cow_72,7,5,3,0,28.0,Clear,Field B
2022-08-11,10:30,Cow_73,5,3,7,0,28.0,Clear,Field B
2022-08-11,10:30,Cow_74,4,3,8,0,28.0,Clear,Field A
2022-08-11,10:30,Cow_75,13,0,6,0,28.0,Clear,Field B
2022-08-11,10:30,Cow_76,10,6,0,0,28.0,Clear,Field C
2022-08-11,10:30,Cow_77,7,4,4,0,28.0,Clear,Field B
2022-08-11,10:30,Cow_78,10,3,2,0,28.0,Clear,Field C
2022-08-11,10:30,Cow_79,0,0,0,15,28.0,Clear,Field B
2022-08-11,10:30,Cow_80,1,10,4,0,28.0,Clear,Field A
2022-08-11,10:30,Cow_81,13,8,0,0,28.0,Clear,Field C
2022-08-11,10:30,Cow_82,12,7,0,0,28.0,Clear,Field C
2022-08-11,10:30,Cow_83,5,4,6,0,28.0,Clear,Field C
2022-08-11,10:30,Cow_84,0,0,0,15,28.0,Clear,Field C
2022-08-11,10:30,Cow_85,5,2,8,0,28.0,Clear,Field A
2022-08-11,10:30,Cow_86,13,3,0,0,28.0,Clear,Field C
2022-08-11,10:30,Cow_87,6,5,4,0,28.0,Clear,Field B
2022-08-11,10:30,Cow_88,5,4,6,0,28.0,Clear,Field B
2022-08-11,10:30,Cow_89,7,8,0,0,28.0,Clear,Field A
2022-08-11,10:30,Cow_90,9,0,7,0,28.0,Clear,Field A
2022-08-11,10:30,Cow_91,11,4,0,0,28.0,Clear,Field A
2022-08-11,10:30,Cow_92,5,4,6,0,28.0,Clear,Field A
2022-08-11,10:30,Cow_93,2,7,6,0,28.0,Clear,Field C
2022-08-11,10:30,Cow_94,5,4,6,0,28.0,Clear,Field A
2022-08-11,10:30,Cow_95,13,0,5,0,28.0,Clear,Field A
2022-08-11,10:30,Cow_96,9,0,6,0,28.0,Clear,Field C
2022-08-11,10:30,Cow_97,7,3,5,0,28.0,Clear,Field B
2022-08-11,10:30,Cow_98,8,4,3,0,28.0,Clear,Field B
2022-08-11,10:30,Cow_99,4,3,8,0,28.0,Clear,Field B
2022-08-11,10:30,Cow_100,9,3,3,0,28.0,Clear,Field A
2022-08-11,10:30,Cow_101,6,2,7,0,28.0,Clear,Field C
2022-08-11,10:30,Cow_102,8,6,1,0,28.0,Clear,Field B
2022-08-11,10:30,Cow_103,12,4,0,0,28.0,Clear,Field B
2022-08-11,10:30,Cow_104,7,4,4,0,28.0,Clear,Field B
2022-08-11,10:30,Cow_105,12,4,0,0,28.0,Clear,Field B
2022-08-11,10:30,Cow_106,12,0,5,0,28.0,Clear,Field C
2022-08-11,10:30,Cow_107,6,7,2,0,28.0,Clear,Field A
2022-08-11,10:30,Cow_108,12,0,8,0,28.0,Clear,Field B
2022-08-11,10:30,Cow_109,6,4,5,0,28.0,Clear,Field B
2022-08-11,10:30,Cow_110,10,7,0,0,28.0,Clear,Field B
2022-08-11,10:30,Cow_111,2,7,6,0,28.0,Clear,Field A
2022-08-11,10:30,Cow_112,0,0,0,15,28.0,Clear,Field B
2022-08-11,10:30,Cow_113,0,10,6,0,28.0,Clear,Field A
2022-08-11,10:30,Cow_114,6,4,5,0,28.0,Clear,Field C
2022-08-11,10:30,Cow_115,0,10,6,0,28.0,Clear,Field B
2022-08-11,10:30,Cow_116,11,7,0,0,28.0,Clear,Field B
2022-08-11,10:30,Cow_117,1,9,5,0,28.0,Clear,Field A
2022-08-11,10:30,Cow_118,8,0,8,0,28.0,Clear,Field B
2022-08-11,10:30,Cow_119,0,0,0,15,28.0,Clear,Field C
2022-08-11,10:30,Cow_120,8,3,4,0,28.0,Clear,Field A
2022-08-11,10:30,Cow_121,10,0,7,0,28.0,Clear,Field A
2022-08-11,10:30,Cow_122,12,0,8,0,28.0,Clear,Field B
2022-08-11,10:30,Cow_123,9,3,3,0,28.0,Clear,Field A
2022-08-11,10:30,Cow_124,11,8,0,0,28.0,Clear,Field B
2022-08-11,10:30,Cow_125,0,0,0,15,28.0,Clear,Field A
2022-08-11,10:30,Cow_126,7,10,0,0,28.0,Clear,Field B
2022-08-11,10:30,Cow_127,6,6,3,0,28.0,Clear,Field A
2022-08-11,10:30,Cow_128,11,0,5,0,28.0,Clear,Field B
2022-08-11,10:30,Cow_129,7,2,6,0,28.0,Clear,Field C
2022-08-11,10:30,Cow_130,2,6,7,0,28.0,Clear,Field A
2022-08-11,10:30,Cow_131,3,4,8,0,28.0,Clear,Field A
2022-08-11,10:30,Cow_132,6,10,0,0,28.0,Clear,Field A
2022-08-11,10:30,Cow_133,7,9,0,0,28.0,Clear,Field B
2022-08-11,10:30,Cow_134,11,3,1,0,28.0,Clear,Field B
2022-08-11,10:30,Cow_135,6,6,3,0,28.0,Clear,Field A
2022-08-11,10:30,Cow_136,0,0,0,15,28.0,Clear,Field B
2022-08-11,10:30,Cow_137,12,0,5,0,28.0,Clear,Field A
2022-08-11,10:30,Cow_138,7,3,5,0,28.0,Clear,Field B
2022-08-11,10:30,Cow_139,12,0,4,0,28.0,Clear,Field C
2022-08-11,10:30,Cow_140,5,3,7,0,28.0,Clear,Field A
2022-08-11,10:30,Cow_141,11,1,3,0,28.0,Clear,Field B
2022-08-11,10:30,Cow_142,14,9,0,0,28.0,Clear,Field B
2022-08-11,10:30,Cow_143,11,0,7,0,28.0,Clear,Field A
2022-08-11,10:30,Cow_144,6,4,5,0,28.0,Clear,Field B
2022-08-11,10:30,Cow_145,7,1,7,0,28.0,Clear,Field C
2022-08-11,10:30,Cow_146,5,6,4,0,28.0,Clear,Field A
2022-08-11,10:30,Cow_147,13,5,0,0,28.0,Clear,Field B
2022-08-11,10:30,Cow_148,5,3,7,0,28.0,Clear,Field A
2022-08-11,10:30,Cow_149,12,8,0,0,28.0,Clear,Field B
2022-08-11,10:30,Cow_150,6,6,3,0,28.0,Clear,Field A
2022-08-11,10:30,Cow_151,9,8,0,0,28.0,Clear,Field C
2022-08-11,10:30,Cow_152,5,6,4,0,28.0,Clear,Field C
2022-08-11,10:30,Cow_153,5,9,1,0,28.0,Clear,Field C
2022-08-11,10:30,Cow_154,5,7,3,0,28.0,Clear,Field C
2022-08-11,10:30,Cow_155,13,0,7,0,28.0,Clear,Field A
2022-08-11,10:30,Cow_156,11,4,0,0,28.0,Clear,Field C
2022-08-11,10:30,Cow_157,8,4,3,0,28.0,Clear,Field A
2022-08-11,10:30,Cow_158,13,0,5,0,28.0,Clear,Field A
2022-08-11,10:30,Cow_159,13,5,0,0,28.0,Clear,Field B
2022-08-11,10:30,Cow_160,8,3,4,0,28.0,Clear,Field A
2022-08-11,10:30,Cow_161,14,3,0,0,28.0,Clear,Field A
2022-08-11,10:30,Cow_162,4,3,8,0,28.0,Clear,Field A
2022-08-11,10:30,Cow_163,2,7,6,0,28.0,Clear,Field A
2022-08-11,10:30,Cow_164,8,3,4,0,28.0,Clear,Field C
2022-08-11,10:30,Cow_165,2,8,5,0,28.0,Clear,Field C
2022-08-11,10:30,Cow_166,12,0,8,0,28.0,Clear,Field C
2022-08-11,10:30,Cow_167,3,7,5,0,28.0,Clear,Field B
2022-08-11,10:30,Cow_168,1,6,8,0,28.0,Clear,Field C
2022-08-11,10:30,Cow_169,7,3,5,0,28.0,Clear,Field B
2022-08-11,10:30,Cow_170,11,0,6,0,28.0,Clear,Field C
2022-08-11,10:30,Cow_171,13,0,3,0,28.0,Clear,Field A
2022-08-11,10:30,Cow_172,8,4,3,0,28.0,Clear,Field B
2022-08-11,10:30,Cow_173,9,2,4,0,28.0,Clear,Field B
2022-08-11,10:30,Cow_174,15,0,10,0,28.0,Clear,Field C
2022-08-11,10:30,Cow_175,14,0,6,0,28.0,Clear,Field B
2022-08-11,10:30,Cow_176,7,7,1,0,28.0,Clear,Field B
2022-08-11,10:30,Cow_177,12,0,6,0,28.0,Clear,Field C
2022-08-11,10:30,Cow_178,2,8,5,0,28.0,Clear,Field B
2022-08-11,10:30,Cow_179,6,5,4,0,28.0,Clear,Field B
2022-08-11,10:30,Cow_180,3,7,5,0,28.0,Clear,Field C
2022-08-11,10:30,Cow_181,12,0,6,0,28.0,Clear,Field B
2022-08-11,10:30,Cow_182,11,5,0,0,28.0,Clear,Field A
2022-08-11,10:30,Cow_183,10,0,7,0,28.0,Clear,Field C
2022-08-11,10:30,Cow_184,5,7,3,0,28.0,Clear,Field B
2022-08-11,10:30,Cow_185,3,6,6,0,28.0,Clear,Field A
2022-08-11,10:30,Cow_186,7,0,8,0,28.0,Clear,Field A
2022-08-11,10:30,Cow_187,9,1,5,0,28.0,Clear,Field B
2022-08-11,10:30,Cow_188,7,8,0,0,28.0,Clear,Field A
2022-08-11,10:30,Cow_189,2,8,5,0,28.0,Clear,Field B
2022-08-11,10:30,Cow_190,14,10,0,0,28.0,Clear,Field B
2022-08-11,10:30,Cow_191,13,0,3,0,28.0,Clear,Field C
2022-08-11,10:30,Cow_192,2,10,3,0,28.0,Clear,Field B
2022-08-11,10:30,Cow_193,5,4,6,0,28.0,Clear,Field A
2022-08-11,10:30,Cow_194,7,5,3,0,28.0,Clear,Field C
2022-08-11,10:30,Cow_195,7,5,3,0,28.0,Clear,Field B
2022-08-11,10:30,Cow_196,5,4,6,0,28.0,Clear,Field C
2022-08-11,10:30,Cow_197,12,0,5,0,28.0,Clear,Field C
2022-08-11,10:30,Cow_198,13,0,4,0,28.0,Clear,Field C
2022-08-11,10:30,Cow_199,9,3,3,0,28.0,Clear,Field B
2022-08-11,10:30,Cow_200,0,0,0,15,28.0,Clear,Field A
2022-08-11,10:30,Cow_201,7,3,5,0,28.0,Clear,Field A
2022-08-11,10:30,Cow_202,12,7,0,0,28.0,Clear,Field C
2022-08-11,10:30,Cow_203,0,10,7,0,28.0,Clear,Field B
2022-08-11,10:30,Cow_204,14,0,6,0,28.0,Clear,Field A
2022-08-11,10:30,Cow_205,6,3,6,0,28.0,Clear,Field A
2022-08-11,10:30,Cow_206,6,1,8,0,28.0,Clear,Field B
2022-08-11,10:30,Cow_207,6,4,5,0,28.0,Clear,Field A
2022-08-11,10:30,Cow_208,12,8,0,0,28.0,Clear,Field B
2022-08-11,10:30,Cow_209,0,9,6,0,28.0,Clear,Field A
2022-08-11,10:30,Cow_210,2,6,7,0,28.0,Clear,Field B
2022-08-11,10:30,Cow_211,2,9,4,0,28.0,Clear,Field A
2022-08-11,10:30,Cow_212,13,0,6,0,28.0,Clear,Field B
2022-08-11,10:30,Cow_213,7,3,5,0,28.0,Clear,Field A
2022-08-11,10:30,Cow_214,8,9,0,0,28.0,Clear,Field A
2022-08-11,10:30,Cow_215,8,3,4,0,28.0,Clear,Field C
2022-08-11,10:30,Cow_216,4,4,7,0,28.0,Clear,Field A
2022-08-11,10:30,Cow_217,12,3,0,0,28.0,Clear,Field A
2022-08-11,10:30,Cow_218,4,7,4,0,28.0,Clear,Field A
2022-08-11,10:30,Cow_219,0,9,6,0,28.0,Clear,Field A
2022-08-11,10:30,Cow_220,9,3,3,0,28.0,Clear,Field C
2022-08-11,10:30,Cow_221,11,0,8,0,28.0,Clear,Field B
2022-08-11,10:30,Cow_222,6,1,8,0,28.0,Clear,Field C
2022-08-11,10:30,Cow_223,12,9,0,0,28.0,Clear,Field A
2022-08-11,10:30,Cow_224,3,4,8,0,28.0,Clear,Field B
2022-08-11,10:30,Cow_225,0,0,0,15,28.0,Clear,Field A
2022-08-11,10:30,Cow_226,14,0,7,0,28.0,Clear,Field C
2022-08-11,10:30,Cow_227,5,5,5,0,28.0,Clear,Field A
2022-08-11,10:30,Cow_228,5,2,8,0,28.0,Clear,Field A
2022-08-11,10:30,Cow_229,6,9,0,0,28.0,Clear,Field B
2022-08-11,10:30,Cow_230,14,10,0,0,28.0,Clear,Field A
2022-08-11,10:30,Cow_231,6,3,6,0,28.0,Clear,Field A
2022-08-11,10:30,Cow_232,7,9,0,0,28.0,Clear,Field B
2022-08-11,10:30,Cow_233,9,0,8,0,28.0,Clear,Field C
2022-08-11,10:30,Cow_234,4,3,8,0,28.0,Clear,Field B
2022-08-11,10:30,Cow_235,0,7,9,0,28.0,Clear,Field C
2022-08-11,10:30,Cow_236,5,4,6,0,28.0,Clear,Field A
2022-08-11,10:30,Cow_237,11,8,0,0,28.0,Clear,Field B
2022-08-11,10:30,Cow_238,14,6,0,0,28.0,Clear,Field B
2022-08-11,10:30,Cow_239,8,4,3,0,28.0,Clear,Field C
2022-08-11,10:30,Cow_240,14,0,6,0,28.0,Clear,Field C
2022-08-11,10:30,Cow_241,12,6,0,0,28.0,Clear,Field A
2022-08-11,10:30,Cow_242,4,6,5,0,28.0,Clear,Field C
2022-08-11,10:30,Cow_243,11,3,1,0,28.0,Clear,Field B
2022-08-11,10:30,Cow_244,7,4,4,0,28.0,Clear,Field A
2022-08-11,10:30,Cow_245,9,7,0,0,28.0,Clear,Field C
2022-08-11,10:30,Cow_246,8,0,8,0,28.0,Clear,Field B
2022-08-11,10:30,Cow_247,0,5,10,0,28.0,Clear,Field C
2022-08-11,10:30,Cow_248,0,10,6,0,28.0,Clear,Field A
2022-08-11,10:30,Cow_249,5,6,4,0,28.0,Clear,Field B
2022-08-11,10:30,Cow_250,8,10,0,0,28.0,Clear,Field B
2022-08-11,10:30,Cow_251,0,0,0,15,28.0,Clear,Field B
2022-08-11,10:30,Cow_252,2,10,3,0,28.0,Clear,Field C
2022-08-11,10:30,Cow_253,6,5,4,0,28.0,Clear,Field C
2022-08-11,10:30,Cow_254,6,4,5,0,28.0,Clear,Field B
2022-08-11,10:30,Cow_255,9,0,6,0,28.0,Clear,Field C
2022-08-11,10:30,Cow_256,6,2,7,0,28.0,Clear,Field A
2022-08-11,10:30,Cow_257,8,5,2,0,28.0,Clear,Field A
2022-08-11,10:30,Cow_258,4,5,6,0,28.0,Clear,Field C
2022-08-11,10:30,Cow_259,13,3,0,0,28.0,Clear,Field C
2022-08-11,10:30,Cow_260,11,0,8,0,28.0,Clear,Field A
2022-08-11,10:30,Cow_261,1,8,6,0,28.0,Clear,Field A
2022-08-11,10:30,Cow_262,12,9,0,0,28.0,Clear,Field A
2022-08-11,10:30,Cow_263,13,3,0,0,28.0,Clear,Field A
2022-08-11,10:30,Cow_264,0,10,6,0,28.0,Clear,Field A
2022-08-11,10:30,Cow_265,6,3,6,0,28.0,Clear,Field B
2022-08-11,10:30,Cow_266,12,8,0,0,28.0,Clear,Field A
2022-08-11,10:30,Cow_267,1,8,6,0,28.0,Clear,Field C
2022-08-11,10:30,Cow_268,6,5,4,0,28.0,Clear,Field A
2022-08-11,10:30,Cow_269,0,10,5,0,28.0,Clear,Field B
2022-08-11,10:30,Cow_270,3,5,7,0,28.0,Clear,Field B
2022-08-11,10:30,Cow_271,1,7,7,0,28.0,Clear,Field C
2022-08-11,10:30,Cow_272,12,9,0,0,28.0,Clear,Field C
2022-08-11,10:30,Cow_273,5,7,3,0,28.0,Clear,Field A
2022-08-11,10:30,Cow_274,6,5,4,0,28.0,Clear,Field A
2022-08-11,10:30,Cow_275,14,0,5,0,28.0,Clear,Field B
2022-08-11,10:30,Cow_276,10,10,0,0,28.0,Clear,Field C
2022-08-11,10:30,Cow_277,4,3,8,0,28.0,Clear,Field A
2022-08-11,10:30,Cow_278,10,0,5,0,28.0,Clear,Field B
2022-08-11,10:30,Cow_279,8,2,5,0,28.0,Clear,Field A
2022-08-11,10:30,Cow_280,8,0,7,0,28.0,Clear,Field B
2022-08-11,10:30,Cow_281,8,3,4,0,28.0,Clear,Field C
2022-08-11,10:30,Cow_282,9,1,5,0,28.0,Clear,Field B
2022-08-11,10:30,Cow_283,2,8,5,0,28.0,Clear,Field C
2022-08-11,10:30,Cow_284,0,9,8,0,28.0,Clear,Field A
2022-08-11,10:30,Cow_285,11,5,0,0,28.0,Clear,Field C
2022-08-11,10:30,Cow_286,0,0,0,15,28.0,Clear,Field A
2022-08-11,10:30,Cow_287,11,3,1,0,28.0,Clear,Field A
2022-08-11,10:30,Cow_288,12,0,3,0,28.0,Clear,Field A
2022-08-11,10:30,Cow_289,12,0,8,0,28.0,Clear,Field A
2022-08-11,10:30,Cow_290,5,5,5,0,28.0,Clear,Field A
2022-08-11,10:30,Cow_291,6,5,4,0,28.0,Clear,Field A
2022-08-11,10:30,Cow_292,7,6,2,0,28.0,Clear,Field B
2022-08-11,10:30,Cow_293,5,8,2,0,28.0,Clear,Field B
2022-08-11,10:30,Cow_294,0,9,6,0,28.0,Clear,Field B
2022-08-11,10:30,Cow_295,5,4,6,0,28.0,Clear,Field B
2022-08-11,10:30,Cow_296,6,2,7,0,28.0,Clear,Field C
2022-08-11,10:30,Cow_297,9,0,6,0,28.0,Clear,Field C
2022-08-11,10:30,Cow_298,4,6,5,0,28.0,Clear,Field A
2022-08-11,10:30,Cow_299,6,10,0,0,28.0,Clear,Field A
2022-08-11,10:30,Cow_300,13,0,5,0,28.0,Clear,Field A
2022-08-11,10:30,Cow_301,3,7,5,0,28.0,Clear,Field C
2022-08-11,10:30,Cow_302,11,0,8,0,28.0,Clear,Field A
2022-08-11,10:30,Cow_303,8,0,7,0,28.0,Clear,Field C
2022-08-11,10:30,Cow_304,7,4,4,0,28.0,Clear,Field B
2022-08-11,10:30,Cow_305,11,1,3,0,28.0,Clear,Field A
2022-08-11,10:30,Cow_306,9,0,8,0,28.0,Clear,Field C
2022-08-11,10:30,Cow_307,9,7,0,0,28.0,Clear,Field C
2022-08-11,10:30,Cow_308,10,0,6,0,28.0,Clear,Field C
2022-08-11,10:30,Cow_309,14,0,5,0,28.0,Clear,Field A
2022-08-11,10:30,Cow_310,10,2,3,0,28.0,Clear,Field C
2022-08-11,10:30,Cow_311,0,7,8,0,28.0,Clear,Field C
2022-08-11,10:30,Cow_312,6,4,5,0,28.0,Clear,Field B
2022-08-11,10:30,Cow_313,13,0,3,0,28.0,Clear,Field A
2022-08-11,10:30,Cow_314,11,10,0,0,28.0,Clear,Field B
2022-08-11,10:30,Cow_315,0,0,0,15,28.0,Clear,Field B
2022-08-11,10:30,Cow_316,1,6,8,0,28.0,Clear,Field C
2022-08-11,10:30,Cow_317,4,6,5,0,28.0,Clear,Field C
2022-08-11,10:30,Cow_318,14,0,4,0,28.0,Clear,Field C
2022-08-11,10:30,Cow_319,7,5,3,0,28.0,Clear,Field B
2022-08-11,10:30,Cow_320,1,8,6,0,28.0,Clear,Field B
2022-08-11,10:30,Cow_321,9,3,3,0,28.0,Clear,Field A
2022-08-11,10:30,Cow_322,13,9,0,0,28.0,Clear,Field B
2022-08-11,10:30,Cow_323,5,7,3,0,28.0,Clear,Field A
2022-08-11,10:30,Cow_324,11,0,8,0,28.0,Clear,Field B
2022-08-11,10:30,Cow_325,0,0,0,15,28.0,Clear,Field A
2022-08-11,10:30,Cow_326,13,0,4,0,28.0,Clear,Field C
2022-08-11,10:30,Cow_327,6,6,3,0,28.0,Clear,Field C
2022-08-11,10:30,Cow_328,9,4,2,0,28.0,Clear,Field B
2022-08-11,10:30,Cow_329,5,9,1,0,28.0,Clear,Field C
2022-08-11,10:30,Cow_330,0,10,5,0,28.0,Clear,Field A
2022-08-11,10:30,Cow_331,7,9,0,0,28.0,Clear,Field B
2022-08-11,10:30,Cow_332,11,3,1,0,28.0,Clear,Field B
2022-08-11,10:30,Cow_333,4,6,5,0,28.0,Clear,Field B
2022-08-11,10:30,Cow_334,7,3,5,0,28.0,Clear,Field B
2022-08-11,10:30,Cow_335,13,9,0,0,28.0,Clear,Field B
2022-08-11,10:30,Cow_336,0,0,0,15,28.0,Clear,Field B
2022-08-11,10:30,Cow_337,12,8,0,0,28.0,Clear,Field C
2022-08-11,10:30,Cow_338,10,0,5,0,28.0,Clear,Field A
2022-08-11,10:30,Cow_339,12,0,7,0,28.0,Clear,Field A
2022-08-11,10:30,Cow_340,11,3,1,0,28.0,Clear,Field A
2022-08-11,10:30,Cow_341,5,4,6,0,28.0,Clear,Field C
2022-08-11,10:30,Cow_342,0,7,8,0,28.0,Clear,Field C
2022-08-11,10:30,Cow_343,7,10,0,0,28.0,Clear,Field C
2022-08-11,10:30,Cow_344,10,8,0,0,28.0,Clear,Field A
2022-08-11,10:30,Cow_345,8,3,4,0,28.0,Clear,Field A
2022-08-11,10:30,Cow_346,9,1,5,0,28.0,Clear,Field B
2022-08-11,10:30,Cow_347,9,1,5,0,28.0,Clear,Field A
2022-08-11,10:30,Cow_348,8,4,3,0,28.0,Clear,Field A
2022-08-11,10:30,Cow_349,7,2,6,0,28.0,Clear,Field A
2022-08-11,10:30,Cow_350,14,3,0,0,28.0,Clear,Field B
2022-08-11,10:30,Cow_351,5,8,2,0,28.0,Clear,Field A
2022-08-11,10:30,Cow_352,9,3,3,0,28.0,Clear,Field B
2022-08-11,10:30,Cow_353,6,3,6,0,28.0,Clear,Field A
2022-08-11,10:30,Cow_354,0,0,0,15,28.0,Clear,Field A
2022-08-11,10:30,Cow_355,5,3,7,0,28.0,Clear,Field C
2022-08-11,10:30,Cow_356,14,5,0,0,28.0,Clear,Field C
2022-08-11,10:30,Cow_357,7,3,5,0,28.0,Clear,Field B
2022-08-11,10:30,Cow_358,12,6,0,0,28.0,Clear,Field C
2022-08-11,10:30,Cow_359,12,9,0,0,28.0,Clear,Field A
2022-08-11,10:30,Cow_360,5,9,1,0,28.0,Clear,Field C
2022-08-11,10:30,Cow_361,2,8,5,0,28.0,Clear,Field B
2022-08-11,10:30,Cow_362,10,4,1,0,28.0,Clear,Field B
2022-08-11,10:30,Cow_363,12,0,7,0,28.0,Clear,Field C
2022-08-11,10:30,Cow_364,6,1,8,0,28.0,Clear,Field B
2022-08-11,10:30,Cow_365,5,3,7,0,28.0,Clear,Field A
2022-08-11,10:30,Cow_366,11,12,0,0,28.0,Clear,Field A
2022-08-11,10:30,Cow_367,2,10,3,0,28.0,Clear,Field C
2022-08-11,10:30,Cow_368,10,1,4,0,28.0,Clear,Field C
2022-08-11,10:30,Cow_369,6,3,6,0,28.0,Clear,Field C
2022-08-11,10:30,Cow_370,1,8,6,0,28.0,Clear,Field A
2022-08-11,10:30,Cow_371,4,5,6,0,28.0,Clear,Field B
2022-08-11,10:30,Cow_372,3,7,5,0,28.0,Clear,Field B
2022-08-11,10:30,Cow_373,0,8,7,0,28.0,Clear,Field C
2022-08-11,10:30,Cow_374,5,5,5,0,28.0,Clear,Field B
2022-08-11,10:30,Cow_375,4,5,6,0,28.0,Clear,Field A
2022-08-11,10:30,Cow_376,2,10,3,0,28.0,Clear,Field C
2022-08-11,10:30,Cow_377,7,8,0,0,28.0,Clear,Field A
2022-08-11,10:30,Cow_378,5,3,7,0,28.0,Clear,Field A
2022-08-11,10:30,Cow_379,5,7,3,0,28.0,Clear,Field C
2022-08-11,10:30,Cow_380,6,6,3,0,28.0,Clear,Field B
2022-08-11,10:30,Cow_381,3,5,7,0,28.0,Clear,Field A
2022-08-11,10:30,Cow_382,2,9,4,0,28.0,Clear,Field C
2022-08-11,10:30,Cow_383,0,0,0,15,28.0,Clear,Field C
2022-08-11,10:30,Cow_384,2,7,6,0,28.0,Clear,Field A
2022-08-11,10:30,Cow_385,5,6,4,0,28.0,Clear,Field B
2022-08-11,10:30,Cow_386,10,9,0,0,28.0,Clear,Field C
2022-08-11,10:30,Cow_387,11,8,0,0,28.0,Clear,Field C
2022-08-11,10:30,Cow_388,12,0,5,0,28.0,Clear,Field A
2022-08-11,10:30,Cow_389,13,3,0,0,28.0,Clear,Field B
2022-08-11,10:30,Cow_390,7,7,1,0,28.0,Clear,Field A
2022-08-11,10:30,Cow_391,2,11,2,0,28.0,Clear,Field B
2022-08-11,10:30,Cow_392,13,0,5,0,28.0,Clear,Field A
2022-08-11,10:30,Cow_393,6,6,3,0,28.0,Clear,Field C
2022-08-11,10:30,Cow_394,0,10,6,0,28.0,Clear,Field A
2022-08-11,10:30,Cow_395,0,10,6,0,28.0,Clear,Field B
2022-08-11,10:30,Cow_396,5,9,1,0,28.0,Clear,Field A
2022-08-11,10:30,Cow_397,2,10,3,0,28.0,Clear,Field A
2022-08-11,10:30,Cow_398,1,8,6,0,28.0,Clear,Field C
2022-08-11,10:30,Cow_399,0,0,0,15,28.0,Clear,Field A
2022-08-11,10:30,Cow_400,8,8,0,0,28.0,Clear,Field B
2022-08-11,10:30,Cow_401,0,0,0,15,28.0,Clear,Field A
2022-08-11,10:30,Cow_402,5,5,5,0,28.0,Clear,Field C
2022-08-11,10:30,Cow_403,11,0,6,0,28.0,Clear,Field A
2022-08-11,10:30,Cow_404,2,7,6,0,28.0,Clear,Field B
2022-08-11,10:30,Cow_405,13,0,5,0,28.0,Clear,Field B
2022-08-11,10:30,Cow_406,7,4,4,0,28.0,Clear,Field C
2022-08-11,10:30,Cow_407,13,0,7,0,28.0,Clear,Field A
2022-08-11,10:30,Cow_408,8,8,0,0,28.0,Clear,Field C
2022-08-11,10:30,Cow_409,1,9,5,0,28.0,Clear,Field A
2022-08-11,10:30,Cow_410,5,4,6,0,28.0,Clear,Field A
2022-08-11,10:30,Cow_411,13,6,0,0,28.0,Clear,Field C
2022-08-11,10:30,Cow_412,13,0,7,0,28.0,Clear,Field B
2022-08-11,10:30,Cow_413,7,7,1,0,28.0,Clear,Field A
2022-08-11,10:30,Cow_414,2,8,5,0,28.0,Clear,Field A
2022-08-11,10:30,Cow_415,9,5,1,0,28.0,Clear,Field A
2022-08-11,10:30,Cow_416,14,3,0,0,28.0,Clear,Field C
2022-08-11,10:30,Cow_417,13,6,0,0,28.0,Clear,Field A
2022-08-11,10:30,Cow_418,7,5,3,0,28.0,Clear,Field A
2022-08-11,10:30,Cow_419,5,9,1,0,28.0,Clear,Field A
2022-08-11,10:30,Cow_420,12,0,5,0,28.0,Clear,Field C
2022-08-11,10:30,Cow_421,12,0,4,0,28.0,Clear,Field C
2022-08-11,10:30,Cow_422,2,8,5,0,28.0,Clear,Field C
2022-08-11,10:30,Cow_423,5,3,7,0,28.0,Clear,Field A
2022-08-11,10:30,Cow_424,0,0,0,15,28.0,Clear,Field B
2022-08-11,10:30,Cow_425,10,1,4,0,28.0,Clear,Field B
2022-08-11,10:30,Cow_426,8,4,3,0,28.0,Clear,Field C
2022-08-11,10:30,Cow_427,5,1,9,0,28.0,Clear,Field C
2022-08-11,10:30,Cow_428,0,0,0,15,28.0,Clear,Field C
2022-08-11,10:30,Cow_429,5,2,8,0,28.0,Clear,Field C
2022-08-11,10:30,Cow_430,8,0,8,0,28.0,Clear,Field B
2022-08-11,10:30,Cow_431,7,4,4,0,28.0,Clear,Field C
2022-08-11,10:30,Cow_432,13,5,0,0,28.0,Clear,Field B
2022-08-11,10:30,Cow_433,9,3,3,0,28.0,Clear,Field B
2022-08-11,10:30,Cow_434,1,10,4,0,28.0,Clear,Field C
2022-08-11,10:30,Cow_435,5,7,3,0,28.0,Clear,Field C
2022-08-11,10:30,Cow_436,11,10,0,0,28.0,Clear,Field B
2022-08-11,10:30,Cow_437,7,3,5,0,28.0,Clear,Field A
2022-08-11,10:30,Cow_438,1,9,5,0,28.0,Clear,Field A
2022-08-11,10:30,Cow_439,10,2,3,0,28.0,Clear,Field A
2022-08-11,10:30,Cow_440,13,0,6,0,28.0,Clear,Field A
2022-08-11,10:30,Cow_441,4,7,4,0,28.0,Clear,Field C
2022-08-11,10:30,Cow_442,9,4,2,0,28.0,Clear,Field A
2022-08-11,10:30,Cow_443,14,0,7,0,28.0,Clear,Field C
2022-08-11,10:30,Cow_444,5,10,0,0,28.0,Clear,Field C
2022-08-11,10:30,Cow_445,14,6,0,0,28.0,Clear,Field B
2022-08-11,10:30,Cow_446,13,7,0,0,28.0,Clear,Field B
2022-08-11,10:30,Cow_447,0,9,8,0,28.0,Clear,Field C
2022-08-11,10:30,Cow_448,5,3,7,0,28.0,Clear,Field C
2022-08-11,10:30,Cow_449,7,8,0,0,28.0,Clear,Field C
2022-08-11,10:30,Cow_450,7,3,5,0,28.0,Clear,Field A
2022-08-11,10:30,Cow_451,7,4,4,0,28.0,Clear,Field C
2022-08-11,10:30,Cow_452,11,0,7,0,28.0,Clear,Field C
2022-08-11,10:30,Cow_453,2,10,3,0,28.0,Clear,Field A
2022-08-11,10:30,Cow_454,9,4,2,0,28.0,Clear,Field B
2022-08-11,10:30,Cow_455,9,8,0,0,28.0,Clear,Field A
2022-08-11,10:30,Cow_456,13,0,7,0,28.0,Clear,Field C
2022-08-11,10:30,Cow_457,0,9,6,0,28.0,Clear,Field B
2022-08-11,10:30,Cow_458,7,7,1,0,28.0,Clear,Field A
2022-08-11,10:30,Cow_459,14,0,3,0,28.0,Clear,Field C
2022-08-11,10:30,Cow_460,6,4,5,0,28.0,Clear,Field C
2022-08-11,10:30,Cow_461,9,3,3,0,28.0,Clear,Field B
2022-08-11,10:30,Cow_462,6,10,0,0,28.0,Clear,Field A
2022-08-11,10:30,Cow_463,8,4,3,0,28.0,Clear,Field A
2022-08-11,10:30,Cow_464,9,4,2,0,28.0,Clear,Field A
2022-08-11,10:30,Cow_465,7,2,6,0,28.0,Clear,Field B
2022-08-11,10:30,Cow_466,14,7,0,0,28.0,Clear,Field C
2022-08-11,10:30,Cow_467,5,5,5,0,28.0,Clear,Field B
2022-08-11,10:30,Cow_468,6,4,5,0,28.0,Clear,Field C
2022-08-11,10:30,Cow_469,11,5,0,0,28.0,Clear,Field A
2022-08-11,10:30,Cow_470,7,4,4,0,28.0,Clear,Field C
2022-08-11,10:30,Cow_471,5,3,7,0,28.0,Clear,Field B
2022-08-11,10:30,Cow_472,0,9,8,0,28.0,Clear,Field A
2022-08-11,10:30,Cow_473,9,6,0,0,28.0,Clear,Field C
2022-08-11,10:30,Cow_474,14,0,7,0,28.0,Clear,Field A
2022-08-11,10:30,Cow_475,14,8,0,0,28.0,Clear,Field C
2022-08-11,10:30,Cow_476,5,6,4,0,28.0,Clear,Field B
2022-08-11,10:30,Cow_477,5,5,5,0,28.0,Clear,Field C
2022-08-11,10:30,Cow_478,3,7,5,0,28.0,Clear,Field A
2022-08-11,10:30,Cow_479,11,0,6,0,28.0,Clear,Field C
2022-08-11,10:30,Cow_480,0,0,0,15,28.0,Clear,Field A
2022-08-11,10:30,Cow_481,0,10,5,0,28.0,Clear,Field C
2022-08-11,10:30,Cow_482,2,5,8,0,28.0,Clear,Field C
2022-08-11,10:30,Cow_483,7,3,5,0,28.0,Clear,Field C
2022-08-11,10:30,Cow_484,13,0,3,0,28.0,Clear,Field C
2022-08-11,10:30,Cow_485,0,0,0,15,28.0,Clear,Field C
2022-08-11,10:30,Cow_486,7,5,3,0,28.0,Clear,Field B
2022-08-11,10:30,Cow_487,13,0,5,0,28.0,Clear,Field B
2022-08-11,10:30,Cow_488,6,3,6,0,28.0,Clear,Field A
2022-08-11,10:30,Cow_489,13,8,0,0,28.0,Clear,Field B
2022-08-11,10:30,Cow_490,5,3,7,0,28.0,Clear,Field A
2022-08-11,10:30,Cow_491,11,6,0,0,28.0,Clear,Field A
2022-08-11,10:30,Cow_492,8,8,0,0,28.0,Clear,Field A
2022-08-11,10:30,Cow_493,1,10,4,0,28.0,Clear,Field B
2022-08-11,10:30,Cow_494,14,0,8,0,28.0,Clear,Field C
2022-08-11,10:30,Cow_495,6,4,5,0,28.0,Clear,Field C
2022-08-11,10:30,Cow_496,9,0,7,0,28.0,Clear,Field A
2022-08-11,10:30,Cow_497,14,0,3,0,28.0,Clear,Field C
2022-08-11,10:30,Cow_498,5,9,1,0,28.0,Clear,Field B
2022-08-11,10:30,Cow_499,7,8,0,0,28.0,Clear,Field A
2022-08-11,10:30,Cow_500,14,0,8,0,28.0,Clear,Field A
2022-08-11,10:45,Cow_1,7,10,0,0,30.1,Cloudy,Field C
2022-08-11,10:45,Cow_2,2,10,3,0,30.1,Cloudy,Field C
2022-08-11,10:45,Cow_3,13,0,3,0,30.1,Cloudy,Field C
2022-08-11,10:45,Cow_4,2,7,6,0,30.1,Cloudy,Field C
2022-08-11,10:45,Cow_5,11,5,0,0,30.1,Cloudy,Field A
2022-08-11,10:45,Cow_6,6,3,6,0,30.1,Cloudy,Field B
2022-08-11,10:45,Cow_7,0,7,8,0,30.1,Cloudy,Field A
2022-08-11,10:45,Cow_8,0,7,8,0,30.1,Cloudy,Field C
2022-08-11,10:45,Cow_9,13,0,3,0,30.1,Cloudy,Field C
2022-08-11,10:45,Cow_10,12,4,0,0,30.1,Cloudy,Field A
2022-08-11,10:45,Cow_11,5,7,3,0,30.1,Cloudy,Field C
2022-08-11,10:45,Cow_12,7,3,5,0,30.1,Cloudy,Field B
2022-08-11,10:45,Cow_13,9,6,0,0,30.1,Cloudy,Field C
2022-08-11,10:45,Cow_14,6,4,5,0,30.1,Cloudy,Field A
2022-08-11,10:45,Cow_15,4,3,8,0,30.1,Cloudy,Field B
2022-08-11,10:45,Cow_16,0,0,0,15,30.1,Cloudy,Field B
2022-08-11,10:45,Cow_17,9,3,3,0,30.1,Cloudy,Field A
2022-08-11,10:45,Cow_18,5,7,3,0,30.1,Cloudy,Field B
2022-08-11,10:45,Cow_19,7,9,0,0,30.1,Cloudy,Field B
2022-08-11,10:45,Cow_20,8,4,3,0,30.1,Cloudy,Field B
2022-08-11,10:45,Cow_21,5,8,2,0,30.1,Cloudy,Field B
2022-08-11,10:45,Cow_22,14,9,0,0,30.1,Cloudy,Field B
2022-08-11,10:45,Cow_23,9,8,0,0,30.1,Cloudy,Field B
2022-08-11,10:45,Cow_24,10,0,8,0,30.1,Cloudy,Field B
2022-08-11,10:45,Cow_25,0,8,7,0,30.1,Cloudy,Field B
2022-08-11,10:45,Cow_26,9,0,6,0,30.1,Cloudy,Field C
2022-08-11,10:45,Cow_27,6,3,6,0,30.1,Cloudy,Field B
2022-08-11,10:45,Cow_28,8,6,1,0,30.1,Cloudy,Field A
2022-08-11,10:45,Cow_29,5,6,4,0,30.1,Cloudy,Field A
2022-08-11,10:45,Cow_30,12,0,3,0,30.1,Cloudy,Field C
2022-08-11,10:45,Cow_31,14,0,7,0,30.1,Cloudy,Field C
2022-08-11,10:45,Cow_32,8,4,3,0,30.1,Cloudy,Field A
2022-08-11,10:45,Cow_33,7,3,5,0,30.1,Cloudy,Field B
2022-08-11,10:45,Cow_34,13,9,0,0,30.1,Cloudy,Field B
2022-08-11,10:45,Cow_35,7,4,4,0,30.1,Cloudy,Field A
2022-08-11,10:45,Cow_36,10,6,0,0,30.1,Cloudy,Field C
2022-08-11,10:45,Cow_37,9,0,7,0,30.1,Cloudy,Field A
2022-08-11,10:45,Cow_38,5,9,1,0,30.1,Cloudy,Field B
2022-08-11,10:45,Cow_39,6,7,2,0,30.1,Cloudy,Field A
2022-08-11,10:45,Cow_40,3,6,6,0,30.1,Cloudy,Field A
2022-08-11,10:45,Cow_41,6,5,4,0,30.1,Cloudy,Field C
2022-08-11,10:45,Cow_42,11,6,0,0,30.1,Cloudy,Field A
2022-08-11,10:45,Cow_43,11,9,0,0,30.1,Cloudy,Field A
2022-08-11,10:45,Cow_44,9,3,3,0,30.1,Cloudy,Field A
2022-08-11,10:45,Cow_45,6,6,3,0,30.1,Cloudy,Field C
2022-08-11,10:45,Cow_46,6,1,8,0,30.1,Cloudy,Field C
2022-08-11,10:45,Cow_47,6,2,7,0,30.1,Cloudy,Field A
2022-08-11,10:45,Cow_48,9,3,3,0,30.1,Cloudy,Field B
2022-08-11,10:45,Cow_49,0,9,8,0,30.1,Cloudy,Field B
2022-08-11,10:45,Cow_50,8,7,0,0,30.1,Cloudy,Field A
2022-08-11,10:45,Cow_51,3,6,6,0,30.1,Cloudy,Field A
2022-08-11,10:45,Cow_52,14,0,7,0,30.1,Cloudy,Field A
2022-08-11,10:45,Cow_53,14,0,4,0,30.1,Cloudy,Field C
2022-08-11,10:45,Cow_54,0,7,9,0,30.1,Cloudy,Field C
2022-08-11,10:45,Cow_55,3,9,3,0,30.1,Cloudy,Field B
2022-08-11,10:45,Cow_56,7,4,4,0,30.1,Cloudy,Field A
2022-08-11,10:45,Cow_57,1,10,4,0,30.1,Cloudy,Field B
2022-08-11,10:45,Cow_58,5,5,5,0,30.1,Cloudy,Field A
2022-08-11,10:45,Cow_59,7,5,3,0,30.1,Cloudy,Field A
2022-08-11,10:45,Cow_60,0,10,7,0,30.1,Cloudy,Field A
2022-08-11,10:45,Cow_61,9,0,8,0,30.1,Cloudy,Field A
2022-08-11,10:45,Cow_62,8,9,0,0,30.1,Cloudy,Field A
2022-08-11,10:45,Cow_63,13,0,6,0,30.1,Cloudy,Field A
2022-08-11,10:45,Cow_64,6,4,5,0,30.1,Cloudy,Field B
2022-08-11,10:45,Cow_65,2,9,4,0,30.1,Cloudy,Field B
2022-08-11,10:45,Cow_66,8,7,0,0,30.1,Cloudy,Field C
2022-08-11,10:45,Cow_67,14,0,4,0,30.1,Cloudy,Field C
2022-08-11,10:45,Cow_68,0,0,0,15,30.1,Cloudy,Field C
2022-08-11,10:45,Cow_69,5,5,5,0,30.1,Cloudy,Field B
2022-08-11,10:45,Cow_70,14,8,0,0,30.1,Cloudy,Field A
2022-08-11,10:45,Cow_71,11,0,8,0,30.1,Cloudy,Field C
2022-08-11,10:45,Cow_72,7,5,3,0,30.1,Cloudy,Field B
2022-08-11,10:45,Cow_73,3,6,6,0,30.1,Cloudy,Field C
2022-08-11,10:45,Cow_74,6,5,4,0,30.1,Cloudy,Field C
2022-08-11,10:45,Cow_75,11,4,0,0,30.1,Cloudy,Field A
2022-08-11,10:45,Cow_76,12,3,0,0,30.1,Cloudy,Field B
2022-08-11,10:45,Cow_77,6,3,6,0,30.1,Cloudy,Field B
2022-08-11,10:45,Cow_78,14,0,6,0,30.1,Cloudy,Field C
2022-08-11,10:45,Cow_79,0,10,7,0,30.1,Cloudy,Field B
2022-08-11,10:45,Cow_80,10,6,0,0,30.1,Cloudy,Field C
2022-08-11,10:45,Cow_81,2,5,8,0,30.1,Cloudy,Field A
2022-08-11,10:45,Cow_82,5,2,8,0,30.1,Cloudy,Field A
2022-08-11,10:45,Cow_83,14,0,7,0,30.1,Cloudy,Field C
2022-08-11,10:45,Cow_84,9,9,0,0,30.1,Cloudy,Field B
2022-08-11,10:45,Cow_85,0,7,8,0,30.1,Cloudy,Field B
2022-08-11,10:45,Cow_86,0,0,0,15,30.1,Cloudy,Field B
2022-08-11,10:45,Cow_87,9,6,0,0,30.1,Cloudy,Field A
2022-08-11,10:45,Cow_88,14,5,0,0,30.1,Cloudy,Field C
2022-08-11,10:45,Cow_89,6,8,1,0,30.1,Cloudy,Field C
2022-08-11,10:45,Cow_90,7,5,3,0,30.1,Cloudy,Field A
2022-08-11,10:45,Cow_91,10,10,0,0,30.1,Cloudy,Field A
2022-08-11,10:45,Cow_92,13,0,5,0,30.1,Cloudy,Field A
2022-08-11,10:45,Cow_93,5,4,6,0,30.1,Cloudy,Field B
2022-08-11,10:45,Cow_94,7,9,0,0,30.1,Cloudy,Field A
2022-08-11,10:45,Cow_95,10,3,2,0,30.1,Cloudy,Field B
2022-08-11,10:45,Cow_96,14,0,6,0,30.1,Cloudy,Field A
2022-08-11,10:45,Cow_97,7,5,3,0,30.1,Cloudy,Field A
2022-08-11,10:45,Cow_98,2,3,10,0,30.1,Cloudy,Field B
2022-08-11,10:45,Cow_99,10,5,0,0,30.1,Cloudy,Field B
2022-08-11,10:45,Cow_100,13,0,3,0,30.1,Cloudy,Field C
2022-08-11,10:45,Cow_101,11,7,0,0,30.1,Cloudy,Field C
2022-08-11,10:45,Cow_102,11,9,0,0,30.1,Cloudy,Field C
2022-08-11,10:45,Cow_103,14,0,8,0,30.1,Cloudy,Field A
2022-08-11,10:45,Cow_104,5,4,6,0,30.1,Cloudy,Field B
2022-08-11,10:45,Cow_105,10,8,0,0,30.1,Cloudy,Field B
2022-08-11,10:45,Cow_106,0,10,5,0,30.1,Cloudy,Field B
2022-08-11,10:45,Cow_107,11,5,0,0,30.1,Cloudy,Field B
2022-08-11,10:45,Cow_108,12,7,0,0,30.1,Cloudy,Field A
2022-08-11,10:45,Cow_109,11,1,3,0,30.1,Cloudy,Field A
2022-08-11,10:45,Cow_110,11,4,0,0,30.1,Cloudy,Field A
2022-08-11,10:45,Cow_111,0,7,8,0,30.1,Cloudy,Field A
2022-08-11,10:45,Cow_112,1,8,6,0,30.1,Cloudy,Field C
2022-08-11,10:45,Cow_113,13,4,0,0,30.1,Cloudy,Field C
2022-08-11,10:45,Cow_114,2,10,3,0,30.1,Cloudy,Field C
2022-08-11,10:45,Cow_115,12,6,0,0,30.1,Cloudy,Field C
2022-08-11,10:45,Cow_116,1,10,4,0,30.1,Cloudy,Field C
2022-08-11,10:45,Cow_117,13,10,0,0,30.1,Cloudy,Field C
2022-08-11,10:45,Cow_118,0,0,0,15,30.1,Cloudy,Field B
2022-08-11,10:45,Cow_119,9,2,4,0,30.1,Cloudy,Field C
2022-08-11,10:45,Cow_120,12,0,8,0,30.1,Cloudy,Field A
2022-08-11,10:45,Cow_121,11,8,0,0,30.1,Cloudy,Field C
2022-08-11,10:45,Cow_122,14,10,0,0,30.1,Cloudy,Field C
2022-08-11,10:45,Cow_123,5,3,7,0,30.1,Cloudy,Field C
2022-08-11,10:45,Cow_124,5,10,0,0,30.1,Cloudy,Field C
2022-08-11,10:45,Cow_125,0,0,0,15,30.1,Cloudy,Field B
2022-08-11,10:45,Cow_126,8,9,0,0,30.1,Cloudy,Field B
2022-08-11,10:45,Cow_127,5,3,7,0,30.1,Cloudy,Field B
2022-08-11,10:45,Cow_128,9,6,0,0,30.1,Cloudy,Field A
2022-08-11,10:45,Cow_129,7,5,3,0,30.1,Cloudy,Field A
2022-08-11,10:45,Cow_130,10,9,0,0,30.1,Cloudy,Field C
2022-08-11,10:45,Cow_131,0,0,0,15,30.1,Cloudy,Field A
2022-08-11,10:45,Cow_132,0,0,0,15,30.1,Cloudy,Field C
2022-08-11,10:45,Cow_133,11,9,0,0,30.1,Cloudy,Field A
2022-08-11,10:45,Cow_134,5,3,7,0,30.1,Cloudy,Field A
2022-08-11,10:45,Cow_135,9,9,0,0,30.1,Cloudy,Field B
2022-08-11,10:45,Cow_136,6,9,0,0,30.1,Cloudy,Field C
2022-08-11,10:45,Cow_137,2,6,7,0,30.1,Cloudy,Field C
2022-08-11,10:45,Cow_138,0,10,5,0,30.1,Cloudy,Field A
2022-08-11,10:45,Cow_139,0,8,7,0,30.1,Cloudy,Field B
2022-08-11,10:45,Cow_140,4,5,6,0,30.1,Cloudy,Field A
2022-08-11,10:45,Cow_141,5,6,4,0,30.1,Cloudy,Field B
2022-08-11,10:45,Cow_142,12,0,7,0,30.1,Cloudy,Field B
2022-08-11,10:45,Cow_143,0,0,0,15,30.1,Cloudy,Field C
2022-08-11,10:45,Cow_144,6,4,5,0,30.1,Cloudy,Field C
2022-08-11,10:45,Cow_145,7,4,4,0,30.1,Cloudy,Field A
2022-08-11,10:45,Cow_146,4,7,4,0,30.1,Cloudy,Field A
2022-08-11,10:45,Cow_147,0,8,8,0,30.1,Cloudy,Field A
2022-08-11,10:45,Cow_148,11,0,8,0,30.1,Cloudy,Field A
2022-08-11,10:45,Cow_149,5,8,2,0,30.1,Cloudy,Field C
2022-08-11,10:45,Cow_150,7,5,3,0,30.1,Cloudy,Field B
2022-08-11,10:45,Cow_151,8,4,3,0,30.1,Cloudy,Field A
2022-08-11,10:45,Cow_152,5,6,4,0,30.1,Cloudy,Field C
2022-08-11,10:45,Cow_153,2,10,3,0,30.1,Cloudy,Field C
2022-08-11,10:45,Cow_154,9,9,0,0,30.1,Cloudy,Field B
2022-08-11,10:45,Cow_155,8,1,6,0,30.1,Cloudy,Field B
2022-08-11,10:45,Cow_156,11,0,7,0,30.1,Cloudy,Field A
2022-08-11,10:45,Cow_157,2,9,4,0,30.1,Cloudy,Field A
2022-08-11,10:45,Cow_158,5,7,3,0,30.1,Cloudy,Field B
2022-08-11,10:45,Cow_159,0,0,0,15,30.1,Cloudy,Field C
2022-08-11,10:45,Cow_160,9,6,0,0,30.1,Cloudy,Field C
2022-08-11,10:45,Cow_161,8,5,2,0,30.1,Cloudy,Field A
2022-08-11,10:45,Cow_162,9,0,7,0,30.1,Cloudy,Field A
2022-08-11,10:45,Cow_163,0,10,6,0,30.1,Cloudy,Field C
2022-08-11,10:45,Cow_164,5,6,4,0,30.1,Cloudy,Field A
2022-08-11,10:45,Cow_165,7,1,7,0,30.1,Cloudy,Field C
2022-08-11,10:45,Cow_166,13,0,6,0,30.1,Cloudy,Field C
2022-08-11,10:45,Cow_167,4,7,4,0,30.1,Cloudy,Field B
2022-08-11,10:45,Cow_168,8,6,1,0,30.1,Cloudy,Field A
2022-08-11,10:45,Cow_169,5,6,4,0,30.1,Cloudy,Field A
2022-08-11,10:45,Cow_170,14,0,5,0,30.1,Cloudy,Field C
2022-08-11,10:45,Cow_171,6,8,1,0,30.1,Cloudy,Field B
2022-08-11,10:45,Cow_172,14,3,0,0,30.1,Cloudy,Field A
2022-08-11,10:45,Cow_173,8,5,2,0,30.1,Cloudy,Field A
2022-08-11,10:45,Cow_174,6,3,6,0,30.1,Cloudy,Field C
2022-08-11,10:45,Cow_175,1,6,8,0,30.1,Cloudy,Field A
2022-08-11,10:45,Cow_176,5,3,7,0,30.1,Cloudy,Field B
2022-08-11,10:45,Cow_177,10,7,0,0,30.1,Cloudy,Field B
2022-08-11,10:45,Cow_178,6,3,6,0,30.1,Cloudy,Field A
2022-08-11,10:45,Cow_179,6,5,4,0,30.1,Cloudy,Field A
2022-08-11,10:45,Cow_180,5,6,4,0,30.1,Cloudy,Field B
2022-08-11,10:45,Cow_181,10,9,0,0,30.1,Cloudy,Field C
2022-08-11,10:45,Cow_182,14,0,6,0,30.1,Cloudy,Field C
2022-08-11,10:45,Cow_183,9,8,0,0,30.1,Cloudy,Field C
2022-08-11,10:45,Cow_184,0,0,0,15,30.1,Cloudy,Field A
2022-08-11,10:45,Cow_185,12,7,0,0,30.1,Cloudy,Field C
2022-08-11,10:45,Cow_186,13,0,8,0,30.1,Cloudy,Field B
2022-08-11,10:45,Cow_187,0,9,8,0,30.1,Cloudy,Field C
2022-08-11,10:45,Cow_188,9,2,4,0,30.1,Cloudy,Field C
2022-08-11,10:45,Cow_189,13,9,0,0,30.1,Cloudy,Field C
2022-08-11,10:45,Cow_190,14,9,0,0,30.1,Cloudy,Field C
2022-08-11,10:45,Cow_191,0,0,0,15,30.1,Cloudy,Field B
2022-08-11,10:45,Cow_192,7,5,3,0,30.1,Cloudy,Field A
2022-08-11,10:45,Cow_193,11,0,7,0,30.1,Cloudy,Field B
2022-08-11,10:45,Cow_194,4,4,7,0,30.1,Cloudy,Field A
2022-08-11,10:45,Cow_195,7,7,1,0,30.1,Cloudy,Field A
2022-08-11,10:45,Cow_196,9,3,3,0,30.1,Cloudy,Field B
2022-08-11,10:45,Cow_197,3,6,6,0,30.1,Cloudy,Field C
2022-08-11,10:45,Cow_198,6,3,6,0,30.1,Cloudy,Field B
2022-08-11,10:45,Cow_199,10,5,0,0,30.1,Cloudy,Field A
2022-08-11,10:45,Cow_200,5,6,4,0,30.1,Cloudy,Field C
2022-08-11,10:45,Cow_201,13,0,7,0,30.1,Cloudy,Field B
2022-08-11,10:45,Cow_202,6,6,3,0,30.1,Cloudy,Field B
2022-08-11,10:45,Cow_203,0,10,7,0,30.1,Cloudy,Field B
2022-08-11,10:45,Cow_204,14,0,4,0,30.1,Cloudy,Field B
2022-08-11,10:45,Cow_205,9,2,4,0,30.1,Cloudy,Field C
2022-08-11,10:45,Cow_206,10,2,3,0,30.1,Cloudy,Field A
2022-08-11,10:45,Cow_207,0,9,7,0,30.1,Cloudy,Field C
2022-08-11,10:45,Cow_208,14,0,5,0,30.1,Cloudy,Field A
2022-08-11,10:45,Cow_209,5,5,5,0,30.1,Cloudy,Field A
2022-08-11,10:45,Cow_210,10,9,0,0,30.1,Cloudy,Field C
2022-08-11,10:45,Cow_211,2,6,7,0,30.1,Cloudy,Field B
2022-08-11,10:45,Cow_212,11,0,5,0,30.1,Cloudy,Field A
2022-08-11,10:45,Cow_213,0,7,8,0,30.1,Cloudy,Field B
2022-08-11,10:45,Cow_214,3,7,5,0,30.1,Cloudy,Field A
2022-08-11,10:45,Cow_215,0,8,8,0,30.1,Cloudy,Field B
2022-08-11,10:45,Cow_216,7,3,5,0,30.1,Cloudy,Field A
2022-08-11,10:45,Cow_217,14,5,0,0,30.1,Cloudy,Field A
2022-08-11,10:45,Cow_218,6,6,3,0,30.1,Cloudy,Field B
2022-08-11,10:45,Cow_219,13,4,0,0,30.1,Cloudy,Field A
2022-08-11,10:45,Cow_220,2,5,8,0,30.1,Cloudy,Field A
2022-08-11,10:45,Cow_221,1,8,6,0,30.1,Cloudy,Field C
2022-08-11,10:45,Cow_222,7,8,0,0,30.1,Cloudy,Field C
2022-08-11,10:45,Cow_223,11,7,0,0,30.1,Cloudy,Field A
2022-08-11,10:45,Cow_224,13,0,5,0,30.1,Cloudy,Field B
2022-08-11,10:45,Cow_225,5,5,5,0,30.1,Cloudy,Field C
2022-08-11,10:45,Cow_226,1,10,4,0,30.1,Cloudy,Field C
2022-08-11,10:45,Cow_227,12,0,3,0,30.1,Cloudy,Field B
2022-08-11,10:45,Cow_228,7,4,4,0,30.1,Cloudy,Field B
2022-08-11,10:45,Cow_229,8,3,4,0,30.1,Cloudy,Field A
2022-08-11,10:45,Cow_230,3,7,5,0,30.1,Cloudy,Field A
2022-08-11,10:45,Cow_231,7,1,7,0,30.1,Cloudy,Field A
2022-08-11,10:45,Cow_232,9,5,1,0,30.1,Cloudy,Field C
2022-08-11,10:45,Cow_233,0,0,0,15,30.1,Cloudy,Field C
2022-08-11,10:45,Cow_234,8,9,0,0,30.1,Cloudy,Field B
2022-08-11,10:45,Cow_235,15,3,0,0,30.1,Cloudy,Field B
2022-08-11,10:45,Cow_236,5,4,6,0,30.1,Cloudy,Field C
2022-08-11,10:45,Cow_237,2,9,4,0,30.1,Cloudy,Field C
2022-08-11,10:45,Cow_238,13,0,3,0,30.1,Cloudy,Field A
2022-08-11,10:45,Cow_239,9,3,3,0,30.1,Cloudy,Field B
2022-08-11,10:45,Cow_240,1,7,7,0,30.1,Cloudy,Field C
2022-08-11,10:45,Cow_241,10,0,5,0,30.1,Cloudy,Field B
2022-08-11,10:45,Cow_242,14,4,0,0,30.1,Cloudy,Field C
2022-08-11,10:45,Cow_243,5,9,1,0,30.1,Cloudy,Field B
2022-08-11,10:45,Cow_244,4,3,8,0,30.1,Cloudy,Field C
2022-08-11,10:45,Cow_245,7,8,0,0,30.1,Cloudy,Field B
2022-08-11,10:45,Cow_246,6,2,7,0,30.1,Cloudy,Field B
2022-08-11,10:45,Cow_247,0,11,4,0,30.1,Cloudy,Field C
2022-08-11,10:45,Cow_248,9,5,1,0,30.1,Cloudy,Field C
2022-08-11,10:45,Cow_249,7,1,7,0,30.1,Cloudy,Field A
2022-08-11,10:45,Cow_250,1,10,4,0,30.1,Cloudy,Field C
2022-08-11,10:45,Cow_251,8,4,3,0,30.1,Cloudy,Field B
2022-08-11,10:45,Cow_252,7,5,3,0,30.1,Cloudy,Field A
2022-08-11,10:45,Cow_253,10,3,2,0,30.1,Cloudy,Field C
2022-08-11,10:45,Cow_254,3,8,4,0,30.1,Cloudy,Field B
2022-08-11,10:45,Cow_255,12,9,0,0,30.1,Cloudy,Field B
2022-08-11,10:45,Cow_256,12,0,5,0,30.1,Cloudy,Field B
2022-08-11,10:45,Cow_257,9,0,7,0,30.1,Cloudy,Field A
2022-08-11,10:45,Cow_258,1,8,6,0,30.1,Cloudy,Field A
2022-08-11,10:45,Cow_259,8,5,2,0,30.1,Cloudy,Field B
2022-08-11,10:45,Cow_260,6,4,5,0,30.1,Cloudy,Field A
2022-08-11,10:45,Cow_261,14,8,0,0,30.1,Cloudy,Field C
2022-08-11,10:45,Cow_262,5,3,7,0,30.1,Cloudy,Field B
2022-08-11,10:45,Cow_263,5,7,3,0,30.1,Cloudy,Field C
2022-08-11,10:45,Cow_264,5,3,7,0,30.1,Cloudy,Field B
2022-08-11,10:45,Cow_265,0,0,0,15,30.1,Cloudy,Field B
2022-08-11,10:45,Cow_266,14,6,0,0,30.1,Cloudy,Field C
2022-08-11,10:45,Cow_267,4,5,6,0,30.1,Cloudy,Field B
2022-08-11,10:45,Cow_268,10,1,4,0,30.1,Cloudy,Field C
2022-08-11,10:45,Cow_269,9,0,8,0,30.1,Cloudy,Field B
2022-08-11,10:45,Cow_270,11,10,0,0,30.1,Cloudy,Field A
2022-08-11,10:45,Cow_271,0,10,7,0,30.1,Cloudy,Field C
2022-08-11,10:45,Cow_272,6,4,5,0,30.1,Cloudy,Field A
2022-08-11,10:45,Cow_273,7,7,1,0,30.1,Cloudy,Field C
2022-08-11,10:45,Cow_274,5,5,5,0,30.1,Cloudy,Field B
2022-08-11,10:45,Cow_275,8,1,6,0,30.1,Cloudy,Field A
2022-08-11,10:45,Cow_276,12,0,6,0,30.1,Cloudy,Field A
2022-08-11,10:45,Cow_277,5,5,5,0,30.1,Cloudy,Field A
2022-08-11,10:45,Cow_278,12,9,0,0,30.1,Cloudy,Field A
2022-08-11,10:45,Cow_279,4,5,6,0,30.1,Cloudy,Field C
2022-08-11,10:45,Cow_280,3,5,7,0,30.1,Cloudy,Field B
2022-08-11,10:45,Cow_281,6,6,3,0,30.1,Cloudy,Field B
2022-08-11,10:45,Cow_282,0,10,5,0,30.1,Cloudy,Field C
2022-08-11,10:45,Cow_283,0,9,7,0,30.1,Cloudy,Field C
2022-08-11,10:45,Cow_284,3,4,8,0,30.1,Cloudy,Field A
2022-08-11,10:45,Cow_285,6,3,6,0,30.1,Cloudy,Field A
2022-08-11,10:45,Cow_286,4,4,7,0,30.1,Cloudy,Field C
2022-08-11,10:45,Cow_287,6,6,3,0,30.1,Cloudy,Field B
2022-08-11,10:45,Cow_288,5,6,4,0,30.1,Cloudy,Field A
2022-08-11,10:45,Cow_289,12,0,8,0,30.1,Cloudy,Field C
2022-08-11,10:45,Cow_290,0,10,6,0,30.1,Cloudy,Field C
2022-08-11,10:45,Cow_291,13,7,0,0,30.1,Cloudy,Field B
2022-08-11,10:45,Cow_292,0,0,0,15,30.1,Cloudy,Field B
2022-08-11,10:45,Cow_293,10,6,0,0,30.1,Cloudy,Field B
2022-08-11,10:45,Cow_294,11,0,7,0,30.1,Cloudy,Field A
2022-08-11,10:45,Cow_295,10,1,4,0,30.1,Cloudy,Field A
2022-08-11,10:45,Cow_296,8,7,0,0,30.1,Cloudy,Field C
2022-08-11,10:45,Cow_297,3,5,7,0,30.1,Cloudy,Field B
2022-08-11,10:45,Cow_298,3,7,5,0,30.1,Cloudy,Field B
2022-08-11,10:45,Cow_299,13,10,0,0,30.1,Cloudy,Field C
2022-08-11,10:45,Cow_300,0,0,0,15,30.1,Cloudy,Field B
2022-08-11,10:45,Cow_301,6,5,4,0,30.1,Cloudy,Field A
2022-08-11,10:45,Cow_302,11,0,6,0,30.1,Cloudy,Field C
2022-08-11,10:45,Cow_303,14,5,0,0,30.1,Cloudy,Field C
2022-08-11,10:45,Cow_304,0,9,8,0,30.1,Cloudy,Field C
2022-08-11,10:45,Cow_305,13,0,5,0,30.1,Cloudy,Field A
2022-08-11,10:45,Cow_306,14,0,6,0,30.1,Cloudy,Field A
2022-08-11,10:45,Cow_307,7,3,5,0,30.1,Cloudy,Field C
2022-08-11,10:45,Cow_308,6,9,0,0,30.1,Cloudy,Field C
2022-08-11,10:45,Cow_309,9,3,3,0,30.1,Cloudy,Field B
2022-08-11,10:45,Cow_310,8,4,3,0,30.1,Cloudy,Field B
2022-08-11,10:45,Cow_311,0,10,5,0,30.1,Cloudy,Field C
2022-08-11,10:45,Cow_312,5,5,5,0,30.1,Cloudy,Field C
2022-08-11,10:45,Cow_313,9,0,6,0,30.1,Cloudy,Field A
2022-08-11,10:45,Cow_314,12,3,0,0,30.1,Cloudy,Field C
2022-08-11,10:45,Cow_315,8,1,6,0,30.1,Cloudy,Field B
2022-08-11,10:45,Cow_316,14,10,0,0,30.1,Cloudy,Field A
2022-08-11,10:45,Cow_317,6,3,6,0,30.1,Cloudy,Field A
2022-08-11,10:45,Cow_318,2,8,5,0,30.1,Cloudy,Field C
2022-08-11,10:45,Cow_319,2,5,8,0,30.1,Cloudy,Field A
2022-08-11,10:45,Cow_320,11,1,3,0,30.1,Cloudy,Field C
2022-08-11,10:45,Cow_321,5,7,3,0,30.1,Cloudy,Field B
2022-08-11,10:45,Cow_322,7,5,3,0,30.1,Cloudy,Field B
2022-08-11,10:45,Cow_323,5,3,7,0,30.1,Cloudy,Field B
2022-08-11,10:45,Cow_324,13,9,0,0,30.1,Cloudy,Field B
2022-08-11,10:45,Cow_325,4,5,6,0,30.1,Cloudy,Field A
2022-08-11,10:45,Cow_326,4,7,4,0,30.1,Cloudy,Field A
2022-08-11,10:45,Cow_327,14,0,3,0,30.1,Cloudy,Field C
2022-08-11,10:45,Cow_328,10,4,1,0,30.1,Cloudy,Field A
2022-08-11,10:45,Cow_329,2,10,3,0,30.1,Cloudy,Field B
2022-08-11,10:45,Cow_330,3,9,3,0,30.1,Cloudy,Field B
2022-08-11,10:45,Cow_331,9,9,0,0,30.1,Cloudy,Field B
2022-08-11,10:45,Cow_332,8,10,0,0,30.1,Cloudy,Field B
2022-08-11,10:45,Cow_333,4,3,8,0,30.1,Cloudy,Field A
2022-08-11,10:45,Cow_334,8,3,4,0,30.1,Cloudy,Field A
2022-08-11,10:45,Cow_335,11,8,0,0,30.1,Cloudy,Field C
2022-08-11,10:45,Cow_336,1,10,4,0,30.1,Cloudy,Field A
2022-08-11,10:45,Cow_337,10,4,1,0,30.1,Cloudy,Field A
2022-08-11,10:45,Cow_338,14,3,0,0,30.1,Cloudy,Field A
2022-08-11,10:45,Cow_339,8,3,4,0,30.1,Cloudy,Field C
2022-08-11,10:45,Cow_340,13,0,7,0,30.1,Cloudy,Field B
2022-08-11,10:45,Cow_341,2,6,7,0,30.1,Cloudy,Field C
2022-08-11,10:45,Cow_342,14,4,0,0,30.1,Cloudy,Field A
2022-08-11,10:45,Cow_343,13,0,5,0,30.1,Cloudy,Field C
2022-08-11,10:45,Cow_344,0,10,7,0,30.1,Cloudy,Field B
2022-08-11,10:45,Cow_345,11,1,3,0,30.1,Cloudy,Field A
2022-08-11,10:45,Cow_346,13,7,0,0,30.1,Cloudy,Field B
2022-08-11,10:45,Cow_347,8,4,3,0,30.1,Cloudy,Field A
2022-08-11,10:45,Cow_348,5,8,2,0,30.1,Cloudy,Field B
2022-08-11,10:45,Cow_349,9,2,4,0,30.1,Cloudy,Field C
2022-08-11,10:45,Cow_350,4,7,4,0,30.1,Cloudy,Field C
2022-08-11,10:45,Cow_351,14,0,3,0,30.1,Cloudy,Field B
2022-08-11,10:45,Cow_352,0,9,6,0,30.1,Cloudy,Field C
2022-08-11,10:45,Cow_353,11,1,3,0,30.1,Cloudy,Field A
2022-08-11,10:45,Cow_354,11,7,0,0,30.1,Cloudy,Field C
2022-08-11,10:45,Cow_355,10,0,8,0,30.1,Cloudy,Field B
2022-08-11,10:45,Cow_356,9,8,0,0,30.1,Cloudy,Field B
2022-08-11,10:45,Cow_357,5,7,3,0,30.1,Cloudy,Field C
2022-08-11,10:45,Cow_358,12,0,7,0,30.1,Cloudy,Field A
2022-08-11,10:45,Cow_359,0,10,7,0,30.1,Cloudy,Field C
2022-08-11,10:45,Cow_360,0,10,8,0,30.1,Cloudy,Field A
2022-08-11,10:45,Cow_361,10,0,5,0,30.1,Cloudy,Field C
2022-08-11,10:45,Cow_362,0,8,7,0,30.1,Cloudy,Field C
2022-08-11,10:45,Cow_363,13,0,3,0,30.1,Cloudy,Field A
2022-08-11,10:45,Cow_364,12,5,0,0,30.1,Cloudy,Field A
2022-08-11,10:45,Cow_365,9,1,5,0,30.1,Cloudy,Field C
2022-08-11,10:45,Cow_366,0,9,8,0,30.1,Cloudy,Field C
2022-08-11,10:45,Cow_367,7,4,4,0,30.1,Cloudy,Field C
2022-08-11,10:45,Cow_368,9,3,3,0,30.1,Cloudy,Field B
2022-08-11,10:45,Cow_369,10,0,6,0,30.1,Cloudy,Field C
2022-08-11,10:45,Cow_370,11,1,3,0,30.1,Cloudy,Field C
2022-08-11,10:45,Cow_371,8,9,0,0,30.1,Cloudy,Field B
2022-08-11,10:45,Cow_372,14,0,5,0,30.1,Cloudy,Field B
2022-08-11,10:45,Cow_373,2,9,4,0,30.1,Cloudy,Field C
2022-08-11,10:45,Cow_374,5,4,6,0,30.1,Cloudy,Field B
2022-08-11,10:45,Cow_375,3,5,7,0,30.1,Cloudy,Field C
2022-08-11,10:45,Cow_376,2,5,8,0,30.1,Cloudy,Field B
2022-08-11,10:45,Cow_377,0,10,5,0,30.1,Cloudy,Field B
2022-08-11,10:45,Cow_378,2,5,8,0,30.1,Cloudy,Field A
2022-08-11,10:45,Cow_379,9,2,4,0,30.1,Cloudy,Field C
2022-08-11,10:45,Cow_380,12,5,0,0,30.1,Cloudy,Field B
2022-08-11,10:45,Cow_381,0,0,0,15,30.1,Cloudy,Field C
2022-08-11,10:45,Cow_382,0,0,0,15,30.1,Cloudy,Field B
2022-08-11,10:45,Cow_383,7,0,8,0,30.1,Cloudy,Field A
2022-08-11,10:45,Cow_384,5,6,4,0,30.1,Cloudy,Field A
2022-08-11,10:45,Cow_385,13,0,3,0,30.1,Cloudy,Field C
2022-08-11,10:45,Cow_386,14,0,3,0,30.1,Cloudy,Field C
2022-08-11,10:45,Cow_387,6,5,4,0,30.1,Cloudy,Field B
2022-08-11,10:45,Cow_388,7,3,5,0,30.1,Cloudy,Field B
2022-08-11,10:45,Cow_389,14,0,5,0,30.1,Cloudy,Field C
2022-08-11,10:45,Cow_390,6,4,5,0,30.1,Cloudy,Field C
2022-08-11,10:45,Cow_391,6,6,3,0,30.1,Cloudy,Field C
2022-08-11,10:45,Cow_392,5,5,5,0,30.1,Cloudy,Field B
2022-08-11,10:45,Cow_393,11,0,7,0,30.1,Cloudy,Field B
2022-08-11,10:45,Cow_394,5,6,4,0,30.1,Cloudy,Field B
2022-08-11,10:45,Cow_395,8,9,0,0,30.1,Cloudy,Field A
2022-08-11,10:45,Cow_396,8,3,4,0,30.1,Cloudy,Field A
2022-08-11,10:45,Cow_397,2,5,8,0,30.1,Cloudy,Field A
2022-08-11,10:45,Cow_398,0,0,0,15,30.1,Cloudy,Field A
2022-08-11,10:45,Cow_399,0,10,6,0,30.1,Cloudy,Field C
2022-08-11,10:45,Cow_400,4,3,8,0,30.1,Cloudy,Field C
2022-08-11,10:45,Cow_401,7,8,0,0,30.1,Cloudy,Field C
2022-08-11,10:45,Cow_402,6,4,5,0,30.1,Cloudy,Field B
2022-08-11,10:45,Cow_403,1,10,4,0,30.1,Cloudy,Field B
2022-08-11,10:45,Cow_404,10,8,0,0,30.1,Cloudy,Field C
2022-08-11,10:45,Cow_405,5,7,3,0,30.1,Cloudy,Field C
2022-08-11,10:45,Cow_406,7,4,4,0,30.1,Cloudy,Field A
2022-08-11,10:45,Cow_407,0,0,0,15,30.1,Cloudy,Field C
2022-08-11,10:45,Cow_408,6,9,0,0,30.1,Cloudy,Field B
2022-08-11,10:45,Cow_409,2,8,5,0,30.1,Cloudy,Field B
2022-08-11,10:45,Cow_410,11,4,0,0,30.1,Cloudy,Field C
2022-08-11,10:45,Cow_411,12,3,0,0,30.1,Cloudy,Field A
2022-08-11,10:45,Cow_412,0,5,10,0,30.1,Cloudy,Field B
2022-08-11,10:45,Cow_413,2,6,7,0,30.1,Cloudy,Field C
2022-08-11,10:45,Cow_414,8,9,0,0,30.1,Cloudy,Field C
2022-08-11,10:45,Cow_415,13,0,8,0,30.1,Cloudy,Field A
2022-08-11,10:45,Cow_416,5,4,6,0,30.1,Cloudy,Field A
2022-08-11,10:45,Cow_417,2,10,3,0,30.1,Cloudy,Field A
2022-08-11,10:45,Cow_418,11,1,3,0,30.1,Cloudy,Field B
2022-08-11,10:45,Cow_419,8,3,4,0,30.1,Cloudy,Field C
2022-08-11,10:45,Cow_420,14,0,7,0,30.1,Cloudy,Field A
2022-08-11,10:45,Cow_421,10,6,0,0,30.1,Cloudy,Field B
2022-08-11,10:45,Cow_422,1,9,5,0,30.1,Cloudy,Field B
2022-08-11,10:45,Cow_423,5,6,4,0,30.1,Cloudy,Field A
2022-08-11,10:45,Cow_424,13,10,0,0,30.1,Cloudy,Field C
2022-08-11,10:45,Cow_425,7,3,5,0,30.1,Cloudy,Field B
2022-08-11,10:45,Cow_426,6,5,4,0,30.1,Cloudy,Field C
2022-08-11,10:45,Cow_427,7,8,0,0,30.1,Cloudy,Field C
2022-08-11,10:45,Cow_428,6,4,5,0,30.1,Cloudy,Field A
2022-08-11,10:45,Cow_429,12,6,0,0,30.1,Cloudy,Field C
2022-08-11,10:45,Cow_430,14,0,6,0,30.1,Cloudy,Field A
2022-08-11,10:45,Cow_431,5,8,2,0,30.1,Cloudy,Field C
2022-08-11,10:45,Cow_432,5,4,6,0,30.1,Cloudy,Field A
2022-08-11,10:45,Cow_433,11,0,8,0,30.1,Cloudy,Field C
2022-08-11,10:45,Cow_434,7,5,3,0,30.1,Cloudy,Field B
2022-08-11,10:45,Cow_435,6,4,5,0,30.1,Cloudy,Field B
2022-08-11,10:45,Cow_436,7,7,1,0,30.1,Cloudy,Field B
2022-08-11,10:45,Cow_437,3,9,3,0,30.1,Cloudy,Field A
2022-08-11,10:45,Cow_438,1,7,7,0,30.1,Cloudy,Field A
2022-08-11,10:45,Cow_439,12,7,0,0,30.1,Cloudy,Field A
2022-08-11,10:45,Cow_440,5,4,6,0,30.1,Cloudy,Field C
2022-08-11,10:45,Cow_441,0,0,0,15,30.1,Cloudy,Field B
2022-08-11,10:45,Cow_442,0,12,4,0,30.1,Cloudy,Field A
2022-08-11,10:45,Cow_443,0,9,6,0,30.1,Cloudy,Field B
2022-08-11,10:45,Cow_444,6,5,4,0,30.1,Cloudy,Field B
2022-08-11,10:45,Cow_445,8,9,0,0,30.1,Cloudy,Field C
2022-08-11,10:45,Cow_446,9,7,0,0,30.1,Cloudy,Field B
2022-08-11,10:45,Cow_447,6,6,3,0,30.1,Cloudy,Field C
2022-08-11,10:45,Cow_448,0,0,0,15,30.1,Cloudy,Field B
2022-08-11,10:45,Cow_449,7,5,3,0,30.1,Cloudy,Field A
2022-08-11,10:45,Cow_450,14,3,0,0,30.1,Cloudy,Field C
2022-08-11,10:45,Cow_451,5,2,8,0,30.1,Cloudy,Field B
2022-08-11,10:45,Cow_452,0,0,0,15,30.1,Cloudy,Field C
2022-08-11,10:45,Cow_453,8,3,4,0,30.1,Cloudy,Field A
2022-08-11,10:45,Cow_454,0,10,8,0,30.1,Cloudy,Field A
2022-08-11,10:45,Cow_455,1,10,4,0,30.1,Cloudy,Field A
2022-08-11,10:45,Cow_456,11,0,4,0,30.1,Cloudy,Field A
2022-08-11,10:45,Cow_457,6,8,1,0,30.1,Cloudy,Field B
2022-08-11,10:45,Cow_458,9,0,8,0,30.1,Cloudy,Field B
2022-08-11,10:45,Cow_459,7,5,3,0,30.1,Cloudy,Field B
2022-08-11,10:45,Cow_460,12,0,7,0,30.1,Cloudy,Field C
2022-08-11,10:45,Cow_461,6,6,3,0,30.1,Cloudy,Field B
2022-08-11,10:45,Cow_462,7,2,6,0,30.1,Cloudy,Field B
2022-08-11,10:45,Cow_463,9,0,7,0,30.1,Cloudy,Field B
2022-08-11,10:45,Cow_464,5,8,2,0,30.1,Cloudy,Field A
2022-08-11,10:45,Cow_465,7,2,6,0,30.1,Cloudy,Field C
2022-08-11,10:45,Cow_466,7,8,0,0,30.1,Cloudy,Field B
2022-08-11,10:45,Cow_467,7,8,0,0,30.1,Cloudy,Field C
2022-08-11,10:45,Cow_468,7,0,8,0,30.1,Cloudy,Field B
2022-08-11,10:45,Cow_469,2,8,5,0,30.1,Cloudy,Field C
2022-08-11,10:45,Cow_470,13,0,6,0,30.1,Cloudy,Field C
2022-08-11,10:45,Cow_471,14,9,0,0,30.1,Cloudy,Field B
2022-08-11,10:45,Cow_472,1,7,7,0,30.1,Cloudy,Field A
2022-08-11,10:45,Cow_473,0,10,6,0,30.1,Cloudy,Field A
2022-08-11,10:45,Cow_474,11,0,4,0,30.1,Cloudy,Field C
2022-08-11,10:45,Cow_475,5,6,4,0,30.1,Cloudy,Field C
2022-08-11,10:45,Cow_476,8,4,3,0,30.1,Cloudy,Field A
2022-08-11,10:45,Cow_477,10,0,8,0,30.1,Cloudy,Field A
2022-08-11,10:45,Cow_478,10,0,5,0,30.1,Cloudy,Field C
2022-08-11,10:45,Cow_479,11,12,0,0,30.1,Cloudy,Field B
2022-08-11,10:45,Cow_480,11,10,0,0,30.1,Cloudy,Field B
2022-08-11,10:45,Cow_481,7,6,2,0,30.1,Cloudy,Field C
2022-08-11,10:45,Cow_482,14,9,0,0,30.1,Cloudy,Field B
2022-08-11,10:45,Cow_483,3,4,8,0,30.1,Cloudy,Field C
2022-08-11,10:45,Cow_484,5,7,3,0,30.1,Cloudy,Field B
2022-08-11,10:45,Cow_485,7,2,6,0,30.1,Cloudy,Field C
2022-08-11,10:45,Cow_486,9,3,3,0,30.1,Cloudy,Field B
2022-08-11,10:45,Cow_487,7,4,4,0,30.1,Cloudy,Field C
2022-08-11,10:45,Cow_488,7,4,4,0,30.1,Cloudy,Field B
2022-08-11,10:45,Cow_489,14,0,3,0,30.1,Cloudy,Field C
2022-08-11,10:45,Cow_490,0,0,0,15,30.1,Cloudy,Field B
2022-08-11,10:45,Cow_491,11,8,0,0,30.1,Cloudy,Field A
2022-08-11,10:45,Cow_492,10,9,0,0,30.1,Cloudy,Field A
2022-08-11,10:45,Cow_493,12,10,0,0,30.1,Cloudy,Field B
2022-08-11,10:45,Cow_494,10,4,1,0,30.1,Cloudy,Field C
2022-08-11,10:45,Cow_495,13,0,6,0,30.1,Cloudy,Field C
2022-08-11,10:45,Cow_496,12,0,3,0,30.1,Cloudy,Field A
2022-08-11,10:45,Cow_497,0,7,8,0,30.1,Cloudy,Field A
2022-08-11,10:45,Cow_498,9,0,6,0,30.1,Cloudy,Field B
2022-08-11,10:45,Cow_499,5,10,0,0,30.1,Cloudy,Field C
2022-08-11,10:45,Cow_500,5,6,4,0,30.1,Cloudy,Field C
2022-08-11,11:00,Cow_1,6,2,7,0,23.6,Clear,Field B
2022-08-11,11:00,Cow_2,3,6,6,0,23.6,Clear,Field B
2022-08-11,11:00,Cow_3,14,0,8,0,23.6,Clear,Field B
2022-08-11,11:00,Cow_4,3,6,6,0,23.6,Clear,Field C
2022-08-11,11:00,Cow_5,11,0,7,0,23.6,Clear,Field C
2022-08-11,11:00,Cow_6,6,4,5,0,23.6,Clear,Field A
2022-08-11,11:00,Cow_7,0,0,0,15,23.6,Clear,Field B
2022-08-11,11:00,Cow_8,14,0,8,0,23.6,Clear,Field A
2022-08-11,11:00,Cow_9,7,2,6,0,23.6,Clear,Field B
2022-08-11,11:00,Cow_10,6,6,3,0,23.6,Clear,Field B
2022-08-11,11:00,Cow_11,7,3,5,0,23.6,Clear,Field B
2022-08-11,11:00,Cow_12,12,4,0,0,23.6,Clear,Field C
2022-08-11,11:00,Cow_13,9,5,1,0,23.6,Clear,Field C
2022-08-11,11:00,Cow_14,2,5,8,0,23.6,Clear,Field A
2022-08-11,11:00,Cow_15,6,5,4,0,23.6,Clear,Field B
2022-08-11,11:00,Cow_16,14,0,8,0,23.6,Clear,Field A
2022-08-11,11:00,Cow_17,0,0,0,15,23.6,Clear,Field B
2022-08-11,11:00,Cow_18,15,0,9,0,23.6,Clear,Field B
2022-08-11,11:00,Cow_19,10,8,0,0,23.6,Clear,Field C
2022-08-11,11:00,Cow_20,14,4,0,0,23.6,Clear,Field C
2022-08-11,11:00,Cow_21,1,6,8,0,23.6,Clear,Field B
2022-08-11,11:00,Cow_22,7,10,0,0,23.6,Clear,Field C
2022-08-11,11:00,Cow_23,9,5,1,0,23.6,Clear,Field A
2022-08-11,11:00,Cow_24,5,4,6,0,23.6,Clear,Field B
2022-08-11,11:00,Cow_25,11,3,1,0,23.6,Clear,Field A
2022-08-11,11:00,Cow_26,14,0,7,0,23.6,Clear,Field B
2022-08-11,11:00,Cow_27,8,5,2,0,23.6,Clear,Field A
2022-08-11,11:00,Cow_28,6,4,5,0,23.6,Clear,Field A
2022-08-11,11:00,Cow_29,12,0,6,0,23.6,Clear,Field A
2022-08-11,11:00,Cow_30,8,0,8,0,23.6,Clear,Field A
2022-08-11,11:00,Cow_31,0,9,8,0,23.6,Clear,Field A
2022-08-11,11:00,Cow_32,0,10,8,0,23.6,Clear,Field A
2022-08-11,11:00,Cow_33,9,0,7,0,23.6,Clear,Field C
2022-08-11,11:00,Cow_34,12,0,5,0,23.6,Clear,Field C
2022-08-11,11:00,Cow_35,14,0,6,0,23.6,Clear,Field B
2022-08-11,11:00,Cow_36,6,3,6,0,23.6,Clear,Field B
2022-08-11,11:00,Cow_37,8,7,0,0,23.6,Clear,Field C
2022-08-11,11:00,Cow_38,0,0,0,15,23.6,Clear,Field C
2022-08-11,11:00,Cow_39,12,0,3,0,23.6,Clear,Field C
2022-08-11,11:00,Cow_40,0,10,6,0,23.6,Clear,Field C
2022-08-11,11:00,Cow_41,9,1,5,0,23.6,Clear,Field B
2022-08-11,11:00,Cow_42,3,9,3,0,23.6,Clear,Field B
2022-08-11,11:00,Cow_43,7,4,4,0,23.6,Clear,Field A
2022-08-11,11:00,Cow_44,9,0,7,0,23.6,Clear,Field A
2022-08-11,11:00,Cow_45,7,4,4,0,23.6,Clear,Field A
2022-08-11,11:00,Cow_46,0,9,6,0,23.6,Clear,Field A
2022-08-11,11:00,Cow_47,9,3,3,0,23.6,Clear,Field A
2022-08-11,11:00,Cow_48,8,4,3,0,23.6,Clear,Field B
2022-08-11,11:00,Cow_49,9,8,0,0,23.6,Clear,Field B
2022-08-11,11:00,Cow_50,0,0,0,15,23.6,Clear,Field B
2022-08-11,11:00,Cow_51,4,4,7,0,23.6,Clear,Field A
2022-08-11,11:00,Cow_52,10,0,8,0,23.6,Clear,Field A
2022-08-11,11:00,Cow_53,3,9,3,0,23.6,Clear,Field C
2022-08-11,11:00,Cow_54,6,11,0,0,23.6,Clear,Field C
2022-08-11,11:00,Cow_55,0,0,0,15,23.6,Clear,Field C
2022-08-11,11:00,Cow_56,14,5,0,0,23.6,Clear,Field B
2022-08-11,11:00,Cow_57,0,0,0,15,23.6,Clear,Field A
2022-08-11,11:00,Cow_58,4,8,3,0,23.6,Clear,Field A
2022-08-11,11:00,Cow_59,14,0,7,0,23.6,Clear,Field A
2022-08-11,11:00,Cow_60,6,6,3,0,23.6,Clear,Field C
2022-08-11,11:00,Cow_61,10,9,0,0,23.6,Clear,Field C
2022-08-11,11:00,Cow_62,0,10,8,0,23.6,Clear,Field A
2022-08-11,11:00,Cow_63,6,6,3,0,23.6,Clear,Field A
2022-08-11,11:00,Cow_64,9,0,8,0,23.6,Clear,Field A
2022-08-11,11:00,Cow_65,10,5,0,0,23.6,Clear,Field C
2022-08-11,11:00,Cow_66,2,10,3,0,23.6,Clear,Field C
2022-08-11,11:00,Cow_67,2,8,5,0,23.6,Clear,Field A
2022-08-11,11:00,Cow_68,7,4,4,0,23.6,Clear,Field B
2022-08-11,11:00,Cow_69,10,2,3,0,23.6,Clear,Field C
2022-08-11,11:00,Cow_70,5,5,5,0,23.6,Clear,Field C
2022-08-11,11:00,Cow_71,7,0,8,0,23.6,Clear,Field C
2022-08-11,11:00,Cow_72,2,7,6,0,23.6,Clear,Field A
2022-08-11,11:00,Cow_73,4,6,5,0,23.6,Clear,Field A
2022-08-11,11:00,Cow_74,12,0,5,0,23.6,Clear,Field B
2022-08-11,11:00,Cow_75,5,8,2,0,23.6,Clear,Field C
2022-08-11,11:00,Cow_76,0,10,5,0,23.6,Clear,Field B
2022-08-11,11:00,Cow_77,5,6,4,0,23.6,Clear,Field B
2022-08-11,11:00,Cow_78,6,2,7,0,23.6,Clear,Field B
2022-08-11,11:00,Cow_79,10,1,4,0,23.6,Clear,Field A
2022-08-11,11:00,Cow_80,8,1,6,0,23.6,Clear,Field A
2022-08-11,11:00,Cow_81,1,10,4,0,23.6,Clear,Field B
2022-08-11,11:00,Cow_82,10,10,0,0,23.6,Clear,Field A
2022-08-11,11:00,Cow_83,0,10,8,0,23.6,Clear,Field B
2022-08-11,11:00,Cow_84,10,10,0,0,23.6,Clear,Field C
2022-08-11,11:00,Cow_85,12,0,3,0,23.6,Clear,Field A
2022-08-11,11:00,Cow_86,7,5,3,0,23.6,Clear,Field B
2022-08-11,11:00,Cow_87,6,6,3,0,23.6,Clear,Field B
2022-08-11,11:00,Cow_88,2,8,5,0,23.6,Clear,Field B
2022-08-11,11:00,Cow_89,13,4,0,0,23.6,Clear,Field A
2022-08-11,11:00,Cow_90,5,6,4,0,23.6,Clear,Field B
2022-08-11,11:00,Cow_91,12,0,7,0,23.6,Clear,Field B
2022-08-11,11:00,Cow_92,12,0,5,0,23.6,Clear,Field C
2022-08-11,11:00,Cow_93,13,0,5,0,23.6,Clear,Field C
2022-08-11,11:00,Cow_94,9,0,7,0,23.6,Clear,Field A
2022-08-11,11:00,Cow_95,10,0,5,0,23.6,Clear,Field A
2022-08-11,11:00,Cow_96,5,2,8,0,23.6,Clear,Field C
2022-08-11,11:00,Cow_97,1,6,8,0,23.6,Clear,Field B
2022-08-11,11:00,Cow_98,7,10,0,0,23.6,Clear,Field B
2022-08-11,11:00,Cow_99,12,10,0,0,23.6,Clear,Field B
2022-08-11,11:00,Cow_100,8,4,3,0,23.6,Clear,Field A
2022-08-11,11:00,Cow_101,0,10,5,0,23.6,Clear,Field C
2022-08-11,11:00,Cow_102,6,10,0,0,23.6,Clear,Field A
2022-08-11,11:00,Cow_103,10,4,1,0,23.6,Clear,Field B
2022-08-11,11:00,Cow_104,4,5,6,0,23.6,Clear,Field B
2022-08-11,11:00,Cow_105,10,10,0,0,23.6,Clear,Field A
2022-08-11,11:00,Cow_106,8,7,0,0,23.6,Clear,Field C
2022-08-11,11:00,Cow_107,9,7,0,0,23.6,Clear,Field A
2022-08-11,11:00,Cow_108,9,10,0,0,23.6,Clear,Field C
2022-08-11,11:00,Cow_109,8,1,6,0,23.6,Clear,Field B
2022-08-11,11:00,Cow_110,14,3,0,0,23.6,Clear,Field C
2022-08-11,11:00,Cow_111,10,0,5,0,23.6,Clear,Field C
2022-08-11,11:00,Cow_112,5,7,3,0,23.6,Clear,Field A
2022-08-11,11:00,Cow_113,0,10,6,0,23.6,Clear,Field A
2022-08-11,11:00,Cow_114,14,0,6,0,23.6,Clear,Field B
2022-08-11,11:00,Cow_115,7,3,5,0,23.6,Clear,Field A
2022-08-11,11:00,Cow_116,7,1,7,0,23.6,Clear,Field A
2022-08-11,11:00,Cow_117,5,10,0,0,23.6,Clear,Field A
2022-08-11,11:00,Cow_118,13,3,0,0,23.6,Clear,Field A
2022-08-11,11:00,Cow_119,3,8,4,0,23.6,Clear,Field C
2022-08-11,11:00,Cow_120,7,3,5,0,23.6,Clear,Field A
2022-08-11,11:00,Cow_121,6,6,3,0,23.6,Clear,Field B
2022-08-11,11:00,Cow_122,0,0,0,15,23.6,Clear,Field A
2022-08-11,11:00,Cow_123,14,10,0,0,23.6,Clear,Field B
2022-08-11,11:00,Cow_124,6,4,5,0,23.6,Clear,Field A
2022-08-11,11:00,Cow_125,6,4,5,0,23.6,Clear,Field C
2022-08-11,11:00,Cow_126,2,8,5,0,23.6,Clear,Field A
2022-08-11,11:00,Cow_127,12,0,7,0,23.6,Clear,Field B
2022-08-11,11:00,Cow_128,2,8,5,0,23.6,Clear,Field C
2022-08-11,11:00,Cow_129,13,0,8,0,23.6,Clear,Field C
2022-08-11,11:00,Cow_130,5,10,0,0,23.6,Clear,Field B
2022-08-11,11:00,Cow_131,0,10,8,0,23.6,Clear,Field C
2022-08-11,11:00,Cow_132,0,7,8,0,23.6,Clear,Field B
2022-08-11,11:00,Cow_133,0,0,0,15,23.6,Clear,Field B
2022-08-11,11:00,Cow_134,8,4,3,0,23.6,Clear,Field C
2022-08-11,11:00,Cow_135,4,4,7,0,23.6,Clear,Field C
2022-08-11,11:00,Cow_136,2,10,3,0,23.6,Clear,Field A
2022-08-11,11:00,Cow_137,10,1,4,0,23.6,Clear,Field A
2022-08-11,11:00,Cow_138,3,8,4,0,23.6,Clear,Field B
2022-08-11,11:00,Cow_139,13,7,0,0,23.6,Clear,Field A
2022-08-11,11:00,Cow_140,9,3,3,0,23.6,Clear,Field B
2022-08-11,11:00,Cow_141,6,8,1,0,23.6,Clear,Field B
2022-08-11,11:00,Cow_142,4,7,4,0,23.6,Clear,Field B
2022-08-11,11:00,Cow_143,8,0,7,0,23.6,Clear,Field B
2022-08-11,11:00,Cow_144,10,3,2,0,23.6,Clear,Field C
2022-08-11,11:00,Cow_145,11,10,0,0,23.6,Clear,Field B
2022-08-11,11:00,Cow_146,2,9,4,0,23.6,Clear,Field C
2022-08-11,11:00,Cow_147,7,3,5,0,23.6,Clear,Field A
2022-08-11,11:00,Cow_148,13,7,0,0,23.6,Clear,Field A
2022-08-11,11:00,Cow_149,3,4,8,0,23.6,Clear,Field A
2022-08-11,11:00,Cow_150,5,7,3,0,23.6,Clear,Field B
2022-08-11,11:00,Cow_151,2,10,3,0,23.6,Clear,Field C
2022-08-11,11:00,Cow_152,8,3,4,0,23.6,Clear,Field B
2022-08-11,11:00,Cow_153,7,9,0,0,23.6,Clear,Field B
2022-08-11,11:00,Cow_154,13,6,0,0,23.6,Clear,Field A
2022-08-11,11:00,Cow_155,11,3,1,0,23.6,Clear,Field A
2022-08-11,11:00,Cow_156,14,6,0,0,23.6,Clear,Field C
2022-08-11,11:00,Cow_157,8,3,4,0,23.6,Clear,Field C
2022-08-11,11:00,Cow_158,1,6,8,0,23.6,Clear,Field C
2022-08-11,11:00,Cow_159,3,7,5,0,23.6,Clear,Field A
2022-08-11,11:00,Cow_160,6,6,3,0,23.6,Clear,Field C
2022-08-11,11:00,Cow_161,9,2,4,0,23.6,Clear,Field A
2022-08-11,11:00,Cow_162,0,0,0,15,23.6,Clear,Field C
2022-08-11,11:00,Cow_163,8,2,5,0,23.6,Clear,Field A
2022-08-11,11:00,Cow_164,3,8,4,0,23.6,Clear,Field C
2022-08-11,11:00,Cow_165,6,6,3,0,23.6,Clear,Field B
2022-08-11,11:00,Cow_166,8,3,4,0,23.6,Clear,Field A
2022-08-11,11:00,Cow_167,14,8,0,0,23.6,Clear,Field C
2022-08-11,11:00,Cow_168,0,10,7,0,23.6,Clear,Field B
2022-08-11,11:00,Cow_169,3,5,7,0,23.6,Clear,Field B
2022-08-11,11:00,Cow_170,9,3,3,0,23.6,Clear,Field C
2022-08-11,11:00,Cow_171,9,3,3,0,23.6,Clear,Field C
2022-08-11,11:00,Cow_172,12,7,0,0,23.6,Clear,Field A
2022-08-11,11:00,Cow_173,2,7,6,0,23.6,Clear,Field B
2022-08-11,11:00,Cow_174,0,10,8,0,23.6,Clear,Field A
2022-08-11,11:00,Cow_175,5,2,8,0,23.6,Clear,Field C
2022-08-11,11:00,Cow_176,10,0,7,0,23.6,Clear,Field B
2022-08-11,11:00,Cow_177,0,9,6,0,23.6,Clear,Field C
2022-08-11,11:00,Cow_178,9,4,2,0,23.6,Clear,Field B
2022-08-11,11:00,Cow_179,6,6,3,0,23.6,Clear,Field C
2022-08-11,11:00,Cow_180,8,0,8,0,23.6,Clear,Field A
2022-08-11,11:00,Cow_181,14,0,8,0,23.6,Clear,Field A
2022-08-11,11:00,Cow_182,0,0,0,15,23.6,Clear,Field B
2022-08-11,11:00,Cow_183,8,7,0,0,23.6,Clear,Field C
2022-08-11,11:00,Cow_184,0,0,0,15,23.6,Clear,Field C
2022-08-11,11:00,Cow_185,2,9,4,0,23.6,Clear,Field C
2022-08-11,11:00,Cow_186,0,0,0,15,23.6,Clear,Field A
2022-08-11,11:00,Cow_187,6,6,3,0,23.6,Clear,Field C
2022-08-11,11:00,Cow_188,6,2,7,0,23.6,Clear,Field A
2022-08-11,11:00,Cow_189,12,0,3,0,23.6,Clear,Field C
2022-08-11,11:00,Cow_190,11,1,3,0,23.6,Clear,Field B
2022-08-11,11:00,Cow_191,14,0,3,0,23.6,Clear,Field A
2022-08-11,11:00,Cow_192,14,4,0,0,23.6,Clear,Field C
2022-08-11,11:00,Cow_193,3,4,8,0,23.6,Clear,Field A
2022-08-11,11:00,Cow_194,12,0,4,0,23.6,Clear,Field C
2022-08-11,11:00,Cow_195,11,0,7,0,23.6,Clear,Field B
2022-08-11,11:00,Cow_196,8,4,3,0,23.6,Clear,Field A
2022-08-11,11:00,Cow_197,14,4,0,0,23.6,Clear,Field C
2022-08-11,11:00,Cow_198,0,0,0,15,23.6,Clear,Field C
2022-08-11,11:00,Cow_199,6,4,5,0,23.6,Clear,Field B
2022-08-11,11:00,Cow_200,5,6,4,0,23.6,Clear,Field B
2022-08-11,11:00,Cow_201,7,3,5,0,23.6,Clear,Field B
2022-08-11,11:00,Cow_202,10,0,7,0,23.6,Clear,Field C
2022-08-11,11:00,Cow_203,5,5,5,0,23.6,Clear,Field C
2022-08-11,11:00,Cow_204,9,5,1,0,23.6,Clear,Field B
2022-08-11,11:00,Cow_205,14,0,8,0,23.6,Clear,Field B
2022-08-11,11:00,Cow_206,7,6,2,0,23.6,Clear,Field A
2022-08-11,11:00,Cow_207,6,5,4,0,23.6,Clear,Field B
2022-08-11,11:00,Cow_208,10,10,0,0,23.6,Clear,Field B
2022-08-11,11:00,Cow_209,5,10,0,0,23.6,Clear,Field B
2022-08-11,11:00,Cow_210,8,4,3,0,23.6,Clear,Field A
2022-08-11,11:00,Cow_211,8,10,0,0,23.6,Clear,Field B
2022-08-11,11:00,Cow_212,11,8,0,0,23.6,Clear,Field A
2022-08-11,11:00,Cow_213,13,0,7,0,23.6,Clear,Field B
2022-08-11,11:00,Cow_214,8,9,0,0,23.6,Clear,Field A
2022-08-11,11:00,Cow_215,5,7,3,0,23.6,Clear,Field B
2022-08-11,11:00,Cow_216,3,4,8,0,23.6,Clear,Field B
2022-08-11,11:00,Cow_217,12,4,0,0,23.6,Clear,Field A
2022-08-11,11:00,Cow_218,8,3,4,0,23.6,Clear,Field A
2022-08-11,11:00,Cow_219,13,0,5,0,23.6,Clear,Field A
2022-08-11,11:00,Cow_220,10,0,7,0,23.6,Clear,Field B
2022-08-11,11:00,Cow_221,10,1,4,0,23.6,Clear,Field A
2022-08-11,11:00,Cow_222,13,0,8,0,23.6,Clear,Field B
2022-08-11,11:00,Cow_223,11,5,0,0,23.6,Clear,Field B
2022-08-11,11:00,Cow_224,5,4,6,0,23.6,Clear,Field A
2022-08-11,11:00,Cow_225,1,6,8,0,23.6,Clear,Field B
2022-08-11,11:00,Cow_226,6,4,5,0,23.6,Clear,Field C
2022-08-11,11:00,Cow_227,11,9,0,0,23.6,Clear,Field A
2022-08-11,11:00,Cow_228,7,10,0,0,23.6,Clear,Field A
2022-08-11,11:00,Cow_229,7,4,4,0,23.6,Clear,Field A
2022-08-11,11:00,Cow_230,12,0,6,0,23.6,Clear,Field B
2022-08-11,11:00,Cow_231,8,4,3,0,23.6,Clear,Field A
2022-08-11,11:00,Cow_232,1,8,6,0,23.6,Clear,Field B
2022-08-11,11:00,Cow_233,7,6,2,0,23.6,Clear,Field C
2022-08-11,11:00,Cow_234,5,7,3,0,23.6,Clear,Field B
2022-08-11,11:00,Cow_235,5,4,6,0,23.6,Clear,Field B
2022-08-11,11:00,Cow_236,7,1,7,0,23.6,Clear,Field B
2022-08-11,11:00,Cow_237,9,4,2,0,23.6,Clear,Field C
2022-08-11,11:00,Cow_238,6,2,7,0,23.6,Clear,Field C
2022-08-11,11:00,Cow_239,14,0,3,0,23.6,Clear,Field B
2022-08-11,11:00,Cow_240,3,9,3,0,23.6,Clear,Field C
2022-08-11,11:00,Cow_241,9,7,0,0,23.6,Clear,Field B
2022-08-11,11:00,Cow_242,6,6,3,0,23.6,Clear,Field C
2022-08-11,11:00,Cow_243,11,1,3,0,23.6,Clear,Field B
2022-08-11,11:00,Cow_244,10,0,5,0,23.6,Clear,Field B
2022-08-11,11:00,Cow_245,0,9,6,0,23.6,Clear,Field B
2022-08-11,11:00,Cow_246,5,6,4,0,23.6,Clear,Field B
2022-08-11,11:00,Cow_247,0,10,6,0,23.6,Clear,Field B
2022-08-11,11:00,Cow_248,2,8,5,0,23.6,Clear,Field C
2022-08-11,11:00,Cow_249,0,10,7,0,23.6,Clear,Field C
2022-08-11,11:00,Cow_250,14,5,0,0,23.6,Clear,Field A
2022-08-11,11:00,Cow_251,5,5,5,0,23.6,Clear,Field C
2022-08-11,11:00,Cow_252,5,6,4,0,23.6,Clear,Field A
2022-08-11,11:00,Cow_253,12,0,4,0,23.6,Clear,Field C
2022-08-11,11:00,Cow_254,12,8,0,0,23.6,Clear,Field B
2022-08-11,11:00,Cow_255,0,0,0,15,23.6,Clear,Field A
2022-08-11,11:00,Cow_256,3,4,8,0,23.6,Clear,Field A
2022-08-11,11:00,Cow_257,9,0,7,0,23.6,Clear,Field C
2022-08-11,11:00,Cow_258,4,6,5,0,23.6,Clear,Field A
2022-08-11,11:00,Cow_259,11,10,0,0,23.6,Clear,Field A
2022-08-11,11:00,Cow_260,0,10,7,0,23.6,Clear,Field C
2022-08-11,11:00,Cow_261,12,10,0,0,23.6,Clear,Field C
2022-08-11,11:00,Cow_262,9,0,8,0,23.6,Clear,Field B
2022-08-11,11:00,Cow_263,13,10,0,0,23.6,Clear,Field C
2022-08-11,11:00,Cow_264,8,7,0,0,23.6,Clear,Field C
2022-08-11,11:00,Cow_265,10,0,6,0,23.6,Clear,Field A
2022-08-11,11:00,Cow_266,7,3,5,0,23.6,Clear,Field C
2022-08-11,11:00,Cow_267,14,0,6,0,23.6,Clear,Field A
2022-08-11,11:00,Cow_268,8,6,1,0,23.6,Clear,Field B
2022-08-11,11:00,Cow_269,6,3,6,0,23.6,Clear,Field A
2022-08-11,11:00,Cow_270,7,5,3,0,23.6,Clear,Field A
2022-08-11,11:00,Cow_271,0,8,8,0,23.6,Clear,Field C
2022-08-11,11:00,Cow_272,14,7,0,0,23.6,Clear,Field C
2022-08-11,11:00,Cow_273,0,0,0,15,23.6,Clear,Field A
2022-08-11,11:00,Cow_274,0,10,5,0,23.6,Clear,Field B
2022-08-11,11:00,Cow_275,12,8,0,0,23.6,Clear,Field B
2022-08-11,11:00,Cow_276,10,9,0,0,23.6,Clear,Field A
2022-08-11,11:00,Cow_277,8,10,0,0,23.6,Clear,Field A
2022-08-11,11:00,Cow_278,11,0,6,0,23.6,Clear,Field A
2022-08-11,11:00,Cow_279,8,8,0,0,23.6,Clear,Field C
2022-08-11,11:00,Cow_280,0,0,0,15,23.6,Clear,Field C
2022-08-11,11:00,Cow_281,11,0,7,0,23.6,Clear,Field C
2022-08-11,11:00,Cow_282,0,0,0,15,23.6,Clear,Field C
2022-08-11,11:00,Cow_283,7,4,4,0,23.6,Clear,Field B
2022-08-11,11:00,Cow_284,13,5,0,0,23.6,Clear,Field A
2022-08-11,11:00,Cow_285,14,0,7,0,23.6,Clear,Field C
2022-08-11,11:00,Cow_286,6,2,7,0,23.6,Clear,Field A
2022-08-11,11:00,Cow_287,5,7,3,0,23.6,Clear,Field B
2022-08-11,11:00,Cow_288,10,6,0,0,23.6,Clear,Field C
2022-08-11,11:00,Cow_289,4,3,8,0,23.6,Clear,Field A
2022-08-11,11:00,Cow_290,10,2,3,0,23.6,Clear,Field C
2022-08-11,11:00,Cow_291,14,0,5,0,23.6,Clear,Field C
2022-08-11,11:00,Cow_292,6,5,4,0,23.6,Clear,Field A
2022-08-11,11:00,Cow_293,14,0,6,0,23.6,Clear,Field C
2022-08-11,11:00,Cow_294,0,8,8,0,23.6,Clear,Field C
2022-08-11,11:00,Cow_295,14,7,0,0,23.6,Clear,Field C
2022-08-11,11:00,Cow_296,1,9,5,0,23.6,Clear,Field B
2022-08-11,11:00,Cow_297,8,0,7,0,23.6,Clear,Field A
2022-08-11,11:00,Cow_298,5,5,5,0,23.6,Clear,Field C
2022-08-11,11:00,Cow_299,1,11,3,0,23.6,Clear,Field C
2022-08-11,11:00,Cow_300,3,6,6,0,23.6,Clear,Field B
2022-08-11,11:00,Cow_301,5,5,5,0,23.6,Clear,Field A
2022-08-11,11:00,Cow_302,6,4,5,0,23.6,Clear,Field C
2022-08-11,11:00,Cow_303,5,2,8,0,23.6,Clear,Field A
2022-08-11,11:00,Cow_304,7,1,7,0,23.6,Clear,Field A
2022-08-11,11:00,Cow_305,0,8,7,0,23.6,Clear,Field B
2022-08-11,11:00,Cow_306,4,6,5,0,23.6,Clear,Field B
2022-08-11,11:00,Cow_307,10,7,0,0,23.6,Clear,Field A
2022-08-11,11:00,Cow_308,14,10,0,0,23.6,Clear,Field B
2022-08-11,11:00,Cow_309,4,3,8,0,23.6,Clear,Field B
2022-08-11,11:00,Cow_310,5,7,3,0,23.6,Clear,Field B
2022-08-11,11:00,Cow_311,5,4,6,0,23.6,Clear,Field C
2022-08-11,11:00,Cow_312,3,8,4,0,23.6,Clear,Field A
2022-08-11,11:00,Cow_313,4,4,7,0,23.6,Clear,Field A
2022-08-11,11:00,Cow_314,0,0,0,15,23.6,Clear,Field B
2022-08-11,11:00,Cow_315,11,0,5,0,23.6,Clear,Field A
2022-08-11,11:00,Cow_316,11,7,0,0,23.6,Clear,Field C
2022-08-11,11:00,Cow_317,6,6,3,0,23.6,Clear,Field C
2022-08-11,11:00,Cow_318,3,6,6,0,23.6,Clear,Field C
2022-08-11,11:00,Cow_319,7,3,5,0,23.6,Clear,Field B
2022-08-11,11:00,Cow_320,1,10,4,0,23.6,Clear,Field A
2022-08-11,11:00,Cow_321,3,7,5,0,23.6,Clear,Field A
2022-08-11,11:00,Cow_322,7,2,6,0,23.6,Clear,Field B
2022-08-11,11:00,Cow_323,0,0,0,15,23.6,Clear,Field A
2022-08-11,11:00,Cow_324,13,9,0,0,23.6,Clear,Field C
2022-08-11,11:00,Cow_325,12,4,0,0,23.6,Clear,Field C
2022-08-11,11:00,Cow_326,8,4,3,0,23.6,Clear,Field A
2022-08-11,11:00,Cow_327,8,4,3,0,23.6,Clear,Field C
2022-08-11,11:00,Cow_328,9,3,3,0,23.6,Clear,Field C
2022-08-11,11:00,Cow_329,4,5,6,0,23.6,Clear,Field B
2022-08-11,11:00,Cow_330,9,5,1,0,23.6,Clear,Field B
2022-08-11,11:00,Cow_331,11,0,5,0,23.6,Clear,Field C
2022-08-11,11:00,Cow_332,2,10,3,0,23.6,Clear,Field A
2022-08-11,11:00,Cow_333,0,9,8,0,23.6,Clear,Field A
2022-08-11,11:00,Cow_334,3,6,6,0,23.6,Clear,Field A
2022-08-11,11:00,Cow_335,7,4,4,0,23.6,Clear,Field C
2022-08-11,11:00,Cow_336,8,4,3,0,23.6,Clear,Field C
2022-08-11,11:00,Cow_337,0,7,8,0,23.6,Clear,Field C
2022-08-11,11:00,Cow_338,2,10,3,0,23.6,Clear,Field B
2022-08-11,11:00,Cow_339,4,8,3,0,23.6,Clear,Field C
2022-08-11,11:00,Cow_340,6,5,4,0,23.6,Clear,Field A
2022-08-11,11:00,Cow_341,3,9,3,0,23.6,Clear,Field B
2022-08-11,11:00,Cow_342,4,8,3,0,23.6,Clear,Field C
2022-08-11,11:00,Cow_343,14,6,0,0,23.6,Clear,Field A
2022-08-11,11:00,Cow_344,3,4,8,0,23.6,Clear,Field C
2022-08-11,11:00,Cow_345,13,7,0,0,23.6,Clear,Field C
2022-08-11,11:00,Cow_346,7,3,5,0,23.6,Clear,Field C
2022-08-11,11:00,Cow_347,12,0,5,0,23.6,Clear,Field C
2022-08-11,11:00,Cow_348,6,7,2,0,23.6,Clear,Field A
2022-08-11,11:00,Cow_349,11,0,4,0,23.6,Clear,Field A
2022-08-11,11:00,Cow_350,1,10,4,0,23.6,Clear,Field A
2022-08-11,11:00,Cow_351,8,4,3,0,23.6,Clear,Field C
2022-08-11,11:00,Cow_352,0,0,0,15,23.6,Clear,Field C
2022-08-11,11:00,Cow_353,3,6,6,0,23.6,Clear,Field A
2022-08-11,11:00,Cow_354,6,8,1,0,23.6,Clear,Field A
2022-08-11,11:00,Cow_355,8,2,5,0,23.6,Clear,Field C
2022-08-11,11:00,Cow_356,7,8,0,0,23.6,Clear,Field A
2022-08-11,11:00,Cow_357,11,0,4,0,23.6,Clear,Field C
2022-08-11,11:00,Cow_358,4,5,6,0,23.6,Clear,Field A
2022-08-11,11:00,Cow_359,5,2,8,0,23.6,Clear,Field B
2022-08-11,11:00,Cow_360,12,0,5,0,23.6,Clear,Field C
2022-08-11,11:00,Cow_361,9,4,2,0,23.6,Clear,Field B
2022-08-11,11:00,Cow_362,0,0,0,15,23.6,Clear,Field A
2022-08-11,11:00,Cow_363,9,0,8,0,23.6,Clear,Field B
2022-08-11,11:00,Cow_364,7,2,6,0,23.6,Clear,Field A
2022-08-11,11:00,Cow_365,10,9,0,0,23.6,Clear,Field A
2022-08-11,11:00,Cow_366,7,8,0,0,23.6,Clear,Field A
2022-08-11,11:00,Cow_367,3,6,6,0,23.6,Clear,Field C
2022-08-11,11:00,Cow_368,3,6,6,0,23.6,Clear,Field C
2022-08-11,11:00,Cow_369,10,4,1,0,23.6,Clear,Field C
2022-08-11,11:00,Cow_370,0,0,0,15,23.6,Clear,Field C
2022-08-11,11:00,Cow_371,0,0,0,15,23.6,Clear,Field B
2022-08-11,11:00,Cow_372,10,8,0,0,23.6,Clear,Field B
2022-08-11,11:00,Cow_373,10,2,3,0,23.6,Clear,Field A
2022-08-11,11:00,Cow_374,11,3,1,0,23.6,Clear,Field A
2022-08-11,11:00,Cow_375,12,0,4,0,23.6,Clear,Field A
2022-08-11,11:00,Cow_376,2,6,7,0,23.6,Clear,Field C
2022-08-11,11:00,Cow_377,5,5,5,0,23.6,Clear,Field B
2022-08-11,11:00,Cow_378,5,2,8,0,23.6,Clear,Field C
2022-08-11,11:00,Cow_379,2,5,8,0,23.6,Clear,Field B
2022-08-11,11:00,Cow_380,12,0,8,0,23.6,Clear,Field B
2022-08-11,11:00,Cow_381,8,11,0,0,23.6,Clear,Field B
2022-08-11,11:00,Cow_382,6,4,5,0,23.6,Clear,Field A
2022-08-11,11:00,Cow_383,0,10,5,0,23.6,Clear,Field C
2022-08-11,11:00,Cow_384,13,0,6,0,23.6,Clear,Field B
2022-08-11,11:00,Cow_385,0,0,0,15,23.6,Clear,Field A
2022-08-11,11:00,Cow_386,9,1,5,0,23.6,Clear,Field A
2022-08-11,11:00,Cow_387,7,3,5,0,23.6,Clear,Field C
2022-08-11,11:00,Cow_388,8,6,1,0,23.6,Clear,Field A
2022-08-11,11:00,Cow_389,8,9,0,0,23.6,Clear,Field A
2022-08-11,11:00,Cow_390,1,6,8,0,23.6,Clear,Field C
2022-08-11,11:00,Cow_391,12,0,10,0,23.6,Clear,Field C
2022-08-11,11:00,Cow_392,8,1,6,0,23.6,Clear,Field B
2022-08-11,11:00,Cow_393,12,5,0,0,23.6,Clear,Field C
2022-08-11,11:00,Cow_394,3,5,7,0,23.6,Clear,Field A
2022-08-11,11:00,Cow_395,7,4,4,0,23.6,Clear,Field C
2022-08-11,11:00,Cow_396,4,6,5,0,23.6,Clear,Field C
2022-08-11,11:00,Cow_397,2,5,8,0,23.6,Clear,Field B
2022-08-11,11:00,Cow_398,10,0,5,0,23.6,Clear,Field C
2022-08-11,11:00,Cow_399,0,0,0,15,23.6,Clear,Field B
2022-08-11,11:00,Cow_400,3,5,7,0,23.6,Clear,Field A
2022-08-11,11:00,Cow_401,6,2,7,0,23.6,Clear,Field A
2022-08-11,11:00,Cow_402,4,5,6,0,23.6,Clear,Field A
2022-08-11,11:00,Cow_403,8,4,3,0,23.6,Clear,Field B
2022-08-11,11:00,Cow_404,4,6,5,0,23.6,Clear,Field B
2022-08-11,11:00,Cow_405,11,7,0,0,23.6,Clear,Field B
2022-08-11,11:00,Cow_406,10,1,4,0,23.6,Clear,Field C
2022-08-11,11:00,Cow_407,3,7,5,0,23.6,Clear,Field A
2022-08-11,11:00,Cow_408,5,7,3,0,23.6,Clear,Field C
2022-08-11,11:00,Cow_409,6,8,1,0,23.6,Clear,Field A
2022-08-11,11:00,Cow_410,0,0,0,15,23.6,Clear,Field B
2022-08-11,11:00,Cow_411,13,7,0,0,23.6,Clear,Field B
2022-08-11,11:00,Cow_412,12,0,6,0,23.6,Clear,Field C
2022-08-11,11:00,Cow_413,13,0,4,0,23.6,Clear,Field B
2022-08-11,11:00,Cow_414,7,5,3,0,23.6,Clear,Field B
2022-08-11,11:00,Cow_415,8,9,0,0,23.6,Clear,Field C
2022-08-11,11:00,Cow_416,13,0,6,0,23.6,Clear,Field B
2022-08-11,11:00,Cow_417,6,4,5,0,23.6,Clear,Field B
2022-08-11,11:00,Cow_418,6,5,4,0,23.6,Clear,Field C
2022-08-11,11:00,Cow_419,0,10,5,0,23.6,Clear,Field B
2022-08-11,11:00,Cow_420,9,3,3,0,23.6,Clear,Field A
2022-08-11,11:00,Cow_421,13,3,0,0,23.6,Clear,Field C
2022-08-11,11:00,Cow_422,12,7,0,0,23.6,Clear,Field B
2022-08-11,11:00,Cow_423,12,0,4,0,23.6,Clear,Field C
2022-08-11,11:00,Cow_424,5,4,6,0,23.6,Clear,Field B
2022-08-11,11:00,Cow_425,6,3,6,0,23.6,Clear,Field B
2022-08-11,11:00,Cow_426,0,9,6,0,23.6,Clear,Field A
2022-08-11,11:00,Cow_427,13,9,0,0,23.6,Clear,Field C
2022-08-11,11:00,Cow_428,0,0,0,15,23.6,Clear,Field B
2022-08-11,11:00,Cow_429,8,4,3,0,23.6,Clear,Field C
2022-08-11,11:00,Cow_430,10,0,5,0,23.6,Clear,Field A
2022-08-11,11:00,Cow_431,1,6,8,0,23.6,Clear,Field B
2022-08-11,11:00,Cow_432,13,0,6,0,23.6,Clear,Field A
2022-08-11,11:00,Cow_433,9,1,5,0,23.6,Clear,Field B
2022-08-11,11:00,Cow_434,8,9,0,0,23.6,Clear,Field A
2022-08-11,11:00,Cow_435,8,2,5,0,23.6,Clear,Field B
2022-08-11,11:00,Cow_436,11,4,0,0,23.6,Clear,Field B
2022-08-11,11:00,Cow_437,2,9,4,0,23.6,Clear,Field A
2022-08-11,11:00,Cow_438,14,0,3,0,23.6,Clear,Field C
2022-08-11,11:00,Cow_439,9,3,3,0,23.6,Clear,Field B
2022-08-11,11:00,Cow_440,7,3,5,0,23.6,Clear,Field B
2022-08-11,11:00,Cow_441,12,0,4,0,23.6,Clear,Field A
2022-08-11,11:00,Cow_442,14,10,0,0,23.6,Clear,Field A
2022-08-11,11:00,Cow_443,0,0,0,15,23.6,Clear,Field C
2022-08-11,11:00,Cow_444,11,1,3,0,23.6,Clear,Field B
2022-08-11,11:00,Cow_445,0,10,7,0,23.6,Clear,Field C
2022-08-11,11:00,Cow_446,6,3,6,0,23.6,Clear,Field C
2022-08-11,11:00,Cow_447,10,0,8,0,23.6,Clear,Field A
2022-08-11,11:00,Cow_448,10,1,4,0,23.6,Clear,Field B
2022-08-11,11:00,Cow_449,11,9,0,0,23.6,Clear,Field B
2022-08-11,11:00,Cow_450,3,6,6,0,23.6,Clear,Field A
2022-08-11,11:00,Cow_451,4,8,3,0,23.6,Clear,Field A
2022-08-11,11:00,Cow_452,0,0,0,15,23.6,Clear,Field C
2022-08-11,11:00,Cow_453,14,10,0,0,23.6,Clear,Field A
2022-08-11,11:00,Cow_454,0,0,0,15,23.6,Clear,Field A
2022-08-11,11:00,Cow_455,8,1,6,0,23.6,Clear,Field B
2022-08-11,11:00,Cow_456,8,4,3,0,23.6,Clear,Field C
2022-08-11,11:00,Cow_457,1,9,5,0,23.6,Clear,Field B
2022-08-11,11:00,Cow_458,9,3,3,0,23.6,Clear,Field C
2022-08-11,11:00,Cow_459,10,3,2,0,23.6,Clear,Field B
2022-08-11,11:00,Cow_460,11,0,6,0,23.6,Clear,Field A
2022-08-11,11:00,Cow_461,3,4,8,0,23.6,Clear,Field C
2022-08-11,11:00,Cow_462,5,10,0,0,23.6,Clear,Field C
2022-08-11,11:00,Cow_463,11,10,0,0,23.6,Clear,Field C
2022-08-11,11:00,Cow_464,4,5,6,0,23.6,Clear,Field A
2022-08-11,11:00,Cow_465,2,9,4,0,23.6,Clear,Field B
2022-08-11,11:00,Cow_466,3,8,4,0,23.6,Clear,Field C
2022-08-11,11:00,Cow_467,1,7,7,0,23.6,Clear,Field B
2022-08-11,11:00,Cow_468,12,7,0,0,23.6,Clear,Field B
2022-08-11,11:00,Cow_469,10,3,2,0,23.6,Clear,Field C
2022-08-11,11:00,Cow_470,5,7,3,0,23.6,Clear,Field C
2022-08-11,11:00,Cow_471,11,0,7,0,23.6,Clear,Field C
2022-08-11,11:00,Cow_472,0,0,0,15,23.6,Clear,Field B
2022-08-11,11:00,Cow_473,6,5,4,0,23.6,Clear,Field A
2022-08-11,11:00,Cow_474,14,0,5,0,23.6,Clear,Field B
2022-08-11,11:00,Cow_475,3,7,5,0,23.6,Clear,Field A
2022-08-11,11:00,Cow_476,5,3,7,0,23.6,Clear,Field B
2022-08-11,11:00,Cow_477,6,4,5,0,23.6,Clear,Field B
2022-08-11,11:00,Cow_478,5,5,5,0,23.6,Clear,Field B
2022-08-11,11:00,Cow_479,9,0,7,0,23.6,Clear,Field A
2022-08-11,11:00,Cow_480,5,2,8,0,23.6,Clear,Field C
2022-08-11,11:00,Cow_481,1,10,4,0,23.6,Clear,Field C
2022-08-11,11:00,Cow_482,0,9,6,0,23.6,Clear,Field A
2022-08-11,11:00,Cow_483,8,6,1,0,23.6,Clear,Field B
2022-08-11,11:00,Cow_484,0,7,8,0,23.6,Clear,Field B
2022-08-11,11:00,Cow_485,11,7,0,0,23.6,Clear,Field C
2022-08-11,11:00,Cow_486,7,5,3,0,23.6,Clear,Field A
2022-08-11,11:00,Cow_487,2,10,3,0,23.6,Clear,Field C
2022-08-11,11:00,Cow_488,11,0,4,0,23.6,Clear,Field C
2022-08-11,11:00,Cow_489,10,10,0,0,23.6,Clear,Field C
2022-08-11,11:00,Cow_490,2,6,7,0,23.6,Clear,Field B
2022-08-11,11:00,Cow_491,0,0,0,15,23.6,Clear,Field A
2022-08-11,11:00,Cow_492,14,0,8,0,23.6,Clear,Field C
2022-08-11,11:00,Cow_493,10,6,0,0,23.6,Clear,Field B
2022-08-11,11:00,Cow_494,7,4,4,0,23.6,Clear,Field A
2022-08-11,11:00,Cow_495,4,4,7,0,23.6,Clear,Field B
2022-08-11,11:00,Cow_496,9,0,6,0,23.6,Clear,Field B
2022-08-11,11:00,Cow_497,5,3,7,0,23.6,Clear,Field A
2022-08-11,11:00,Cow_498,14,0,6,0,23.6,Clear,Field B
2022-08-11,11:00,Cow_499,8,9,0,0,23.6,Clear,Field A
2022-08-11,11:00,Cow_500,12,6,0,0,23.6,Clear,Field C
2022-08-11,11:15,Cow_1,13,8,0,0,26.5,Rainy,Field A
2022-08-11,11:15,Cow_2,10,5,0,0,26.5,Rainy,Field C
2022-08-11,11:15,Cow_3,13,0,3,0,26.5,Rainy,Field A
2022-08-11,11:15,Cow_4,3,7,5,0,26.5,Rainy,Field C
2022-08-11,11:15,Cow_5,4,3,8,0,26.5,Rainy,Field A
2022-08-11,11:15,Cow_6,12,0,4,0,26.5,Rainy,Field B
2022-08-11,11:15,Cow_7,5,4,6,0,26.5,Rainy,Field C
2022-08-11,11:15,Cow_8,6,6,3,0,26.5,Rainy,Field C
2022-08-11,11:15,Cow_9,9,2,4,0,26.5,Rainy,Field A
2022-08-11,11:15,Cow_10,8,0,8,0,26.5,Rainy,Field C
2022-08-11,11:15,Cow_11,3,4,8,0,26.5,Rainy,Field C
2022-08-11,11:15,Cow_12,2,8,5,0,26.5,Rainy,Field A
2022-08-11,11:15,Cow_13,2,10,3,0,26.5,Rainy,Field C
2022-08-11,11:15,Cow_14,13,8,0,0,26.5,Rainy,Field B
2022-08-11,11:15,Cow_15,9,8,0,0,26.5,Rainy,Field C
2022-08-11,11:15,Cow_16,14,4,0,0,26.5,Rainy,Field C
2022-08-11,11:15,Cow_17,9,2,4,0,26.5,Rainy,Field C
2022-08-11,11:15,Cow_18,15,0,6,0,26.5,Rainy,Field B
2022-08-11,11:15,Cow_19,6,7,2,0,26.5,Rainy,Field B
2022-08-11,11:15,Cow_20,12,10,0,0,26.5,Rainy,Field A
2022-08-11,11:15,Cow_21,3,3,9,0,26.5,Rainy,Field B
2022-08-11,11:15,Cow_22,7,4,4,0,26.5,Rainy,Field B
2022-08-11,11:15,Cow_23,5,7,3,0,26.5,Rainy,Field A
2022-08-11,11:15,Cow_24,1,10,4,0,26.5,Rainy,Field C
2022-08-11,11:15,Cow_25,2,8,5,0,26.5,Rainy,Field A
2022-08-11,11:15,Cow_26,13,6,0,0,26.5,Rainy,Field C
2022-08-11,11:15,Cow_27,6,4,5,0,26.5,Rainy,Field C
2022-08-11,11:15,Cow_28,9,1,5,0,26.5,Rainy,Field A
2022-08-11,11:15,Cow_29,0,10,7,0,26.5,Rainy,Field B
2022-08-11,11:15,Cow_30,3,8,4,0,26.5,Rainy,Field C
2022-08-11,11:15,Cow_31,15,9,0,0,26.5,Rainy,Field C
2022-08-11,11:15,Cow_32,9,8,0,0,26.5,Rainy,Field C
2022-08-11,11:15,Cow_33,4,8,3,0,26.5,Rainy,Field A
2022-08-11,11:15,Cow_34,7,5,3,0,26.5,Rainy,Field B
2022-08-11,11:15,Cow_35,8,9,0,0,26.5,Rainy,Field A
2022-08-11,11:15,Cow_36,12,7,0,0,26.5,Rainy,Field B
2022-08-11,11:15,Cow_37,2,10,3,0,26.5,Rainy,Field A
2022-08-11,11:15,Cow_38,6,5,4,0,26.5,Rainy,Field B
2022-08-11,11:15,Cow_39,2,10,3,0,26.5,Rainy,Field A
2022-08-11,11:15,Cow_40,10,6,0,0,26.5,Rainy,Field A
2022-08-11,11:15,Cow_41,7,5,3,0,26.5,Rainy,Field A
2022-08-11,11:15,Cow_42,0,10,5,0,26.5,Rainy,Field C
2022-08-11,11:15,Cow_43,0,0,0,15,26.5,Rainy,Field C
2022-08-11,11:15,Cow_44,0,7,8,0,26.5,Rainy,Field A
2022-08-11,11:15,Cow_45,7,4,4,0,26.5,Rainy,Field B
2022-08-11,11:15,Cow_46,4,4,7,0,26.5,Rainy,Field A
2022-08-11,11:15,Cow_47,0,0,0,15,26.5,Rainy,Field C
2022-08-11,11:15,Cow_48,11,4,0,0,26.5,Rainy,Field B
2022-08-11,11:15,Cow_49,10,0,6,0,26.5,Rainy,Field C
2022-08-11,11:15,Cow_50,6,1,8,0,26.5,Rainy,Field B
2022-08-11,11:15,Cow_51,2,5,8,0,26.5,Rainy,Field B
2022-08-11,11:15,Cow_52,7,5,3,0,26.5,Rainy,Field A
2022-08-11,11:15,Cow_53,13,7,0,0,26.5,Rainy,Field C
2022-08-11,11:15,Cow_54,8,0,9,0,26.5,Rainy,Field B
2022-08-11,11:15,Cow_55,7,2,6,0,26.5,Rainy,Field A
2022-08-11,11:15,Cow_56,7,3,5,0,26.5,Rainy,Field C
2022-08-11,11:15,Cow_57,2,5,8,0,26.5,Rainy,Field C
2022-08-11,11:15,Cow_58,1,8,6,0,26.5,Rainy,Field A
2022-08-11,11:15,Cow_59,0,0,0,15,26.5,Rainy,Field C
2022-08-11,11:15,Cow_60,6,1,8,0,26.5,Rainy,Field A
2022-08-11,11:15,Cow_61,8,0,7,0,26.5,Rainy,Field B
2022-08-11,11:15,Cow_62,13,8,0,0,26.5,Rainy,Field B
2022-08-11,11:15,Cow_63,6,6,3,0,26.5,Rainy,Field A
2022-08-11,11:15,Cow_64,1,6,8,0,26.5,Rainy,Field C
2022-08-11,11:15,Cow_65,5,3,7,0,26.5,Rainy,Field A
2022-08-11,11:15,Cow_66,13,8,0,0,26.5,Rainy,Field A
2022-08-11,11:15,Cow_67,13,3,0,0,26.5,Rainy,Field A
2022-08-11,11:15,Cow_68,14,5,0,0,26.5,Rainy,Field A
2022-08-11,11:15,Cow_69,7,2,6,0,26.5,Rainy,Field B
2022-08-11,11:15,Cow_70,4,3,8,0,26.5,Rainy,Field A
2022-08-11,11:15,Cow_71,11,9,0,0,26.5,Rainy,Field A
2022-08-11,11:15,Cow_72,7,7,1,0,26.5,Rainy,Field B
2022-08-11,11:15,Cow_73,7,1,7,0,26.5,Rainy,Field C
2022-08-11,11:15,Cow_74,7,5,3,0,26.5,Rainy,Field C
2022-08-11,11:15,Cow_75,5,3,7,0,26.5,Rainy,Field B
2022-08-11,11:15,Cow_76,5,4,6,0,26.5,Rainy,Field B
2022-08-11,11:15,Cow_77,10,0,7,0,26.5,Rainy,Field C
2022-08-11,11:15,Cow_78,10,7,0,0,26.5,Rainy,Field C
2022-08-11,11:15,Cow_79,14,5,0,0,26.5,Rainy,Field A
2022-08-11,11:15,Cow_80,9,2,4,0,26.5,Rainy,Field C
2022-08-11,11:15,Cow_81,12,5,0,0,26.5,Rainy,Field C
2022-08-11,11:15,Cow_82,13,5,0,0,26.5,Rainy,Field A
2022-08-11,11:15,Cow_83,6,6,3,0,26.5,Rainy,Field A
2022-08-11,11:15,Cow_84,5,2,8,0,26.5,Rainy,Field B
2022-08-11,11:15,Cow_85,14,0,8,0,26.5,Rainy,Field B
2022-08-11,11:15,Cow_86,14,3,0,0,26.5,Rainy,Field A
2022-08-11,11:15,Cow_87,10,0,6,0,26.5,Rainy,Field B
2022-08-11,11:15,Cow_88,13,5,0,0,26.5,Rainy,Field B
2022-08-11,11:15,Cow_89,12,9,0,0,26.5,Rainy,Field A
2022-08-11,11:15,Cow_90,8,2,5,0,26.5,Rainy,Field A
2022-08-11,11:15,Cow_91,7,3,5,0,26.5,Rainy,Field A
2022-08-11,11:15,Cow_92,0,0,0,15,26.5,Rainy,Field C
2022-08-11,11:15,Cow_93,13,0,3,0,26.5,Rainy,Field A
2022-08-11,11:15,Cow_94,11,0,6,0,26.5,Rainy,Field C
2022-08-11,11:15,Cow_95,7,1,7,0,26.5,Rainy,Field A
2022-08-11,11:15,Cow_96,7,7,1,0,26.5,Rainy,Field B
2022-08-11,11:15,Cow_97,8,7,0,0,26.5,Rainy,Field A
2022-08-11,11:15,Cow_98,5,11,0,0,26.5,Rainy,Field A
2022-08-11,11:15,Cow_99,6,3,6,0,26.5,Rainy,Field C
2022-08-11,11:15,Cow_100,5,5,5,0,26.5,Rainy,Field A
2022-08-11,11:15,Cow_101,11,4,0,0,26.5,Rainy,Field A
2022-08-11,11:15,Cow_102,11,6,0,0,26.5,Rainy,Field B
2022-08-11,11:15,Cow_103,0,10,5,0,26.5,Rainy,Field C
2022-08-11,11:15,Cow_104,12,0,4,0,26.5,Rainy,Field B
2022-08-11,11:15,Cow_105,0,0,0,15,26.5,Rainy,Field C
2022-08-11,11:15,Cow_106,0,9,6,0,26.5,Rainy,Field A
2022-08-11,11:15,Cow_107,13,10,0,0,26.5,Rainy,Field C
2022-08-11,11:15,Cow_108,5,4,6,0,26.5,Rainy,Field A
2022-08-11,11:15,Cow_109,4,4,7,0,26.5,Rainy,Field A
2022-08-11,11:15,Cow_110,9,5,1,0,26.5,Rainy,Field C
2022-08-11,11:15,Cow_111,7,4,4,0,26.5,Rainy,Field C
2022-08-11,11:15,Cow_112,5,4,6,0,26.5,Rainy,Field A
2022-08-11,11:15,Cow_113,7,3,5,0,26.5,Rainy,Field A
2022-08-11,11:15,Cow_114,8,1,6,0,26.5,Rainy,Field A
2022-08-11,11:15,Cow_115,8,8,0,0,26.5,Rainy,Field A
2022-08-11,11:15,Cow_116,6,2,7,0,26.5,Rainy,Field B
2022-08-11,11:15,Cow_117,0,0,0,15,26.5,Rainy,Field B
2022-08-11,11:15,Cow_118,6,5,4,0,26.5,Rainy,Field B
2022-08-11,11:15,Cow_119,10,9,0,0,26.5,Rainy,Field C
2022-08-11,11:15,Cow_120,9,0,6,0,26.5,Rainy,Field B
2022-08-11,11:15,Cow_121,14,0,3,0,26.5,Rainy,Field A
2022-08-11,11:15,Cow_122,0,10,6,0,26.5,Rainy,Field B
2022-08-11,11:15,Cow_123,4,3,8,0,26.5,Rainy,Field C
2022-08-11,11:15,Cow_124,0,8,7,0,26.5,Rainy,Field C
2022-08-11,11:15,Cow_125,6,5,4,0,26.5,Rainy,Field A
2022-08-11,11:15,Cow_126,10,2,3,0,26.5,Rainy,Field B
2022-08-11,11:15,Cow_127,0,9,6,0,26.5,Rainy,Field C
2022-08-11,11:15,Cow_128,6,5,4,0,26.5,Rainy,Field C
2022-08-11,11:15,Cow_129,0,7,8,0,26.5,Rainy,Field C
2022-08-11,11:15,Cow_130,13,0,7,0,26.5,Rainy,Field C
2022-08-11,11:15,Cow_131,7,8,0,0,26.5,Rainy,Field C
2022-08-11,11:15,Cow_132,5,6,4,0,26.5,Rainy,Field B
2022-08-11,11:15,Cow_133,0,10,5,0,26.5,Rainy,Field C
2022-08-11,11:15,Cow_134,5,5,5,0,26.5,Rainy,Field B
2022-08-11,11:15,Cow_135,6,5,4,0,26.5,Rainy,Field A
2022-08-11,11:15,Cow_136,5,4,6,0,26.5,Rainy,Field C
2022-08-11,11:15,Cow_137,11,4,0,0,26.5,Rainy,Field C
2022-08-11,11:15,Cow_138,3,7,5,0,26.5,Rainy,Field C
2022-08-11,11:15,Cow_139,13,6,0,0,26.5,Rainy,Field C
2022-08-11,11:15,Cow_140,4,4,7,0,26.5,Rainy,Field B
2022-08-11,11:15,Cow_141,3,6,6,0,26.5,Rainy,Field C
2022-08-11,11:15,Cow_142,5,6,4,0,26.5,Rainy,Field B
2022-08-11,11:15,Cow_143,6,4,5,0,26.5,Rainy,Field B
2022-08-11,11:15,Cow_144,0,0,0,15,26.5,Rainy,Field C
2022-08-11,11:15,Cow_145,14,10,0,0,26.5,Rainy,Field B
2022-08-11,11:15,Cow_146,12,0,6,0,26.5,Rainy,Field B
2022-08-11,11:15,Cow_147,14,4,0,0,26.5,Rainy,Field A
2022-08-11,11:15,Cow_148,11,7,0,0,26.5,Rainy,Field A
2022-08-11,11:15,Cow_149,9,1,5,0,26.5,Rainy,Field A
2022-08-11,11:15,Cow_150,2,8,5,0,26.5,Rainy,Field C
2022-08-11,11:15,Cow_151,14,0,7,0,26.5,Rainy,Field B
2022-08-11,11:15,Cow_152,11,0,5,0,26.5,Rainy,Field A
2022-08-11,11:15,Cow_153,1,6,8,0,26.5,Rainy,Field B
2022-08-11,11:15,Cow_154,7,4,4,0,26.5,Rainy,Field B
2022-08-11,11:15,Cow_155,5,2,8,0,26.5,Rainy,Field C
2022-08-11,11:15,Cow_156,12,8,0,0,26.5,Rainy,Field B
2022-08-11,11:15,Cow_157,4,6,5,0,26.5,Rainy,Field C
2022-08-11,11:15,Cow_158,2,6,7,0,26.5,Rainy,Field B
2022-08-11,11:15,Cow_159,13,0,3,0,26.5,Rainy,Field B
2022-08-11,11:15,Cow_160,12,8,0,0,26.5,Rainy,Field C
2022-08-11,11:15,Cow_161,14,0,4,0,26.5,Rainy,Field B
2022-08-11,11:15,Cow_162,8,9,0,0,26.5,Rainy,Field A
2022-08-11,11:15,Cow_163,7,7,1,0,26.5,Rainy,Field A
2022-08-11,11:15,Cow_164,0,0,0,15,26.5,Rainy,Field B
2022-08-11,11:15,Cow_165,9,10,0,0,26.5,Rainy,Field C
2022-08-11,11:15,Cow_166,9,2,4,0,26.5,Rainy,Field B
2022-08-11,11:15,Cow_167,13,0,8,0,26.5,Rainy,Field A
2022-08-11,11:15,Cow_168,0,8,7,0,26.5,Rainy,Field B
2022-08-11,11:15,Cow_169,0,0,0,15,26.5,Rainy,Field B
2022-08-11,11:15,Cow_170,14,0,4,0,26.5,Rainy,Field B
2022-08-11,11:15,Cow_171,5,6,4,0,26.5,Rainy,Field C
2022-08-11,11:15,Cow_172,5,4,6,0,26.5,Rainy,Field C
2022-08-11,11:15,Cow_173,0,0,0,15,26.5,Rainy,Field A
2022-08-11,11:15,Cow_174,0,11,8,0,26.5,Rainy,Field A
2022-08-11,11:15,Cow_175,3,8,4,0,26.5,Rainy,Field C
2022-08-11,11:15,Cow_176,1,9,5,0,26.5,Rainy,Field A
2022-08-11,11:15,Cow_177,7,5,3,0,26.5,Rainy,Field B
2022-08-11,11:15,Cow_178,10,1,4,0,26.5,Rainy,Field A
2022-08-11,11:15,Cow_179,13,4,0,0,26.5,Rainy,Field B
2022-08-11,11:15,Cow_180,4,3,8,0,26.5,Rainy,Field B
2022-08-11,11:15,Cow_181,7,3,5,0,26.5,Rainy,Field A
2022-08-11,11:15,Cow_182,14,0,7,0,26.5,Rainy,Field A
2022-08-11,11:15,Cow_183,0,0,0,15,26.5,Rainy,Field C
2022-08-11,11:15,Cow_184,10,0,6,0,26.5,Rainy,Field C
2022-08-11,11:15,Cow_185,0,10,5,0,26.5,Rainy,Field A
2022-08-11,11:15,Cow_186,1,8,6,0,26.5,Rainy,Field C
2022-08-11,11:15,Cow_187,5,5,5,0,26.5,Rainy,Field A
2022-08-11,11:15,Cow_188,5,7,3,0,26.5,Rainy,Field B
2022-08-11,11:15,Cow_189,2,10,3,0,26.5,Rainy,Field C
2022-08-11,11:15,Cow_190,2,5,8,0,26.5,Rainy,Field A
2022-08-11,11:15,Cow_191,5,8,2,0,26.5,Rainy,Field C
2022-08-11,11:15,Cow_192,0,10,8,0,26.5,Rainy,Field B
2022-08-11,11:15,Cow_193,10,0,5,0,26.5,Rainy,Field A
2022-08-11,11:15,Cow_194,12,4,0,0,26.5,Rainy,Field A
2022-08-11,11:15,Cow_195,12,4,0,0,26.5,Rainy,Field B
2022-08-11,11:15,Cow_196,5,6,4,0,26.5,Rainy,Field C
2022-08-11,11:15,Cow_197,9,9,0,0,26.5,Rainy,Field C
2022-08-11,11:15,Cow_198,5,5,5,0,26.5,Rainy,Field C
2022-08-11,11:15,Cow_199,12,0,4,0,26.5,Rainy,Field C
2022-08-11,11:15,Cow_200,14,6,0,0,26.5,Rainy,Field B
2022-08-11,11:15,Cow_201,1,6,8,0,26.5,Rainy,Field C
2022-08-11,11:15,Cow_202,8,5,2,0,26.5,Rainy,Field B
2022-08-11,11:15,Cow_203,5,4,6,0,26.5,Rainy,Field C
2022-08-11,11:15,Cow_204,7,3,5,0,26.5,Rainy,Field C
2022-08-11,11:15,Cow_205,6,4,5,0,26.5,Rainy,Field A
2022-08-11,11:15,Cow_206,6,2,7,0,26.5,Rainy,Field A
2022-08-11,11:15,Cow_207,7,4,4,0,26.5,Rainy,Field A
2022-08-11,11:15,Cow_208,9,0,7,0,26.5,Rainy,Field B
2022-08-11,11:15,Cow_209,5,3,7,0,26.5,Rainy,Field B
2022-08-11,11:15,Cow_210,4,8,3,0,26.5,Rainy,Field A
2022-08-11,11:15,Cow_211,7,9,0,0,26.5,Rainy,Field A
2022-08-11,11:15,Cow_212,11,0,7,0,26.5,Rainy,Field A
2022-08-11,11:15,Cow_213,12,7,0,0,26.5,Rainy,Field C
2022-08-11,11:15,Cow_214,6,5,4,0,26.5,Rainy,Field B
2022-08-11,11:15,Cow_215,10,1,4,0,26.5,Rainy,Field A
2022-08-11,11:15,Cow_216,6,8,1,0,26.5,Rainy,Field C
2022-08-11,11:15,Cow_217,1,7,7,0,26.5,Rainy,Field C
2022-08-11,11:15,Cow_218,2,8,5,0,26.5,Rainy,Field C
2022-08-11,11:15,Cow_219,6,4,5,0,26.5,Rainy,Field A
2022-08-11,11:15,Cow_220,5,7,3,0,26.5,Rainy,Field B
2022-08-11,11:15,Cow_221,14,8,0,0,26.5,Rainy,Field A
2022-08-11,11:15,Cow_222,4,6,5,0,26.5,Rainy,Field A
2022-08-11,11:15,Cow_223,11,5,0,0,26.5,Rainy,Field C
2022-08-11,11:15,Cow_224,14,0,4,0,26.5,Rainy,Field A
2022-08-11,11:15,Cow_225,6,6,3,0,26.5,Rainy,Field C
2022-08-11,11:15,Cow_226,11,0,5,0,26.5,Rainy,Field B
2022-08-11,11:15,Cow_227,8,2,5,0,26.5,Rainy,Field B
2022-08-11,11:15,Cow_228,11,0,4,0,26.5,Rainy,Field B
2022-08-11,11:15,Cow_229,6,5,4,0,26.5,Rainy,Field C
2022-08-11,11:15,Cow_230,10,8,0,0,26.5,Rainy,Field A
2022-08-11,11:15,Cow_231,10,0,8,0,26.5,Rainy,Field A
2022-08-11,11:15,Cow_232,3,4,8,0,26.5,Rainy,Field C
2022-08-11,11:15,Cow_233,4,5,6,0,26.5,Rainy,Field C
2022-08-11,11:15,Cow_234,6,3,6,0,26.5,Rainy,Field A
2022-08-11,11:15,Cow_235,0,12,5,0,26.5,Rainy,Field B
2022-08-11,11:15,Cow_236,0,9,8,0,26.5,Rainy,Field A
2022-08-11,11:15,Cow_237,10,0,7,0,26.5,Rainy,Field A
2022-08-11,11:15,Cow_238,7,4,4,0,26.5,Rainy,Field B
2022-08-11,11:15,Cow_239,0,10,5,0,26.5,Rainy,Field A
2022-08-11,11:15,Cow_240,10,0,6,0,26.5,Rainy,Field C
2022-08-11,11:15,Cow_241,8,6,1,0,26.5,Rainy,Field C
2022-08-11,11:15,Cow_242,14,7,0,0,26.5,Rainy,Field B
2022-08-11,11:15,Cow_243,11,6,0,0,26.5,Rainy,Field A
2022-08-11,11:15,Cow_244,0,0,0,15,26.5,Rainy,Field B
2022-08-11,11:15,Cow_245,5,8,2,0,26.5,Rainy,Field A
2022-08-11,11:15,Cow_246,7,3,5,0,26.5,Rainy,Field A
2022-08-11,11:15,Cow_247,14,6,0,0,26.5,Rainy,Field C
2022-08-11,11:15,Cow_248,6,6,3,0,26.5,Rainy,Field A
2022-08-11,11:15,Cow_249,0,8,7,0,26.5,Rainy,Field B
2022-08-11,11:15,Cow_250,11,1,3,0,26.5,Rainy,Field C
2022-08-11,11:15,Cow_251,12,0,6,0,26.5,Rainy,Field A
2022-08-11,11:15,Cow_252,6,0,10,0,26.5,Rainy,Field B
2022-08-11,11:15,Cow_253,13,10,0,0,26.5,Rainy,Field B
2022-08-11,11:15,Cow_254,10,0,8,0,26.5,Rainy,Field C
2022-08-11,11:15,Cow_255,4,7,4,0,26.5,Rainy,Field B
2022-08-11,11:15,Cow_256,5,7,3,0,26.5,Rainy,Field C
2022-08-11,11:15,Cow_257,1,6,8,0,26.5,Rainy,Field C
2022-08-11,11:15,Cow_258,0,0,0,15,26.5,Rainy,Field C
2022-08-11,11:15,Cow_259,9,9,0,0,26.5,Rainy,Field A
2022-08-11,11:15,Cow_260,2,7,6,0,26.5,Rainy,Field B
2022-08-11,11:15,Cow_261,8,0,8,0,26.5,Rainy,Field B
2022-08-11,11:15,Cow_262,5,3,7,0,26.5,Rainy,Field C
2022-08-11,11:15,Cow_263,13,7,0,0,26.5,Rainy,Field A
2022-08-11,11:15,Cow_264,4,5,6,0,26.5,Rainy,Field C
2022-08-11,11:15,Cow_265,5,4,6,0,26.5,Rainy,Field C
2022-08-11,11:15,Cow_266,5,7,3,0,26.5,Rainy,Field B
2022-08-11,11:15,Cow_267,0,0,0,15,26.5,Rainy,Field B
2022-08-11,11:15,Cow_268,9,0,6,0,26.5,Rainy,Field A
2022-08-11,11:15,Cow_269,5,6,4,0,26.5,Rainy,Field C
2022-08-11,11:15,Cow_270,9,5,1,0,26.5,Rainy,Field C
2022-08-11,11:15,Cow_271,0,9,6,0,26.5,Rainy,Field B
2022-08-11,11:15,Cow_272,0,9,7,0,26.5,Rainy,Field B
2022-08-11,11:15,Cow_273,5,4,6,0,26.5,Rainy,Field A
2022-08-11,11:15,Cow_274,11,4,0,0,26.5,Rainy,Field B
2022-08-11,11:15,Cow_275,9,5,1,0,26.5,Rainy,Field C
2022-08-11,11:15,Cow_276,0,0,0,15,26.5,Rainy,Field A
2022-08-11,11:15,Cow_277,0,0,0,15,26.5,Rainy,Field C
2022-08-11,11:15,Cow_278,0,9,7,0,26.5,Rainy,Field A
2022-08-11,11:15,Cow_279,4,8,3,0,26.5,Rainy,Field B
2022-08-11,11:15,Cow_280,8,6,1,0,26.5,Rainy,Field B
2022-08-11,11:15,Cow_281,6,4,5,0,26.5,Rainy,Field C
2022-08-11,11:15,Cow_282,5,5,5,0,26.5,Rainy,Field C
2022-08-11,11:15,Cow_283,8,3,4,0,26.5,Rainy,Field B
2022-08-11,11:15,Cow_284,8,6,1,0,26.5,Rainy,Field A
2022-08-11,11:15,Cow_285,14,0,8,0,26.5,Rainy,Field C
2022-08-11,11:15,Cow_286,11,4,0,0,26.5,Rainy,Field B
2022-08-11,11:15,Cow_287,0,10,6,0,26.5,Rainy,Field A
2022-08-11,11:15,Cow_288,14,6,0,0,26.5,Rainy,Field A
2022-08-11,11:15,Cow_289,9,0,6,0,26.5,Rainy,Field B
2022-08-11,11:15,Cow_290,8,6,1,0,26.5,Rainy,Field C
2022-08-11,11:15,Cow_291,11,8,0,0,26.5,Rainy,Field A
2022-08-11,11:15,Cow_292,11,6,0,0,26.5,Rainy,Field A
2022-08-11,11:15,Cow_293,8,7,0,0,26.5,Rainy,Field C
2022-08-11,11:15,Cow_294,4,3,8,0,26.5,Rainy,Field A
2022-08-11,11:15,Cow_295,11,8,0,0,26.5,Rainy,Field A
2022-08-11,11:15,Cow_296,8,2,5,0,26.5,Rainy,Field A
2022-08-11,11:15,Cow_297,12,7,0,0,26.5,Rainy,Field C
2022-08-11,11:15,Cow_298,9,9,0,0,26.5,Rainy,Field B
2022-08-11,11:15,Cow_299,0,10,10,0,26.5,Rainy,Field B
2022-08-11,11:15,Cow_300,7,4,4,0,26.5,Rainy,Field C
2022-08-11,11:15,Cow_301,5,4,6,0,26.5,Rainy,Field A
2022-08-11,11:15,Cow_302,5,7,3,0,26.5,Rainy,Field A
2022-08-11,11:15,Cow_303,5,5,5,0,26.5,Rainy,Field A
2022-08-11,11:15,Cow_304,8,3,4,0,26.5,Rainy,Field A
2022-08-11,11:15,Cow_305,12,0,3,0,26.5,Rainy,Field A
2022-08-11,11:15,Cow_306,10,1,4,0,26.5,Rainy,Field B
2022-08-11,11:15,Cow_307,11,0,4,0,26.5,Rainy,Field C
2022-08-11,11:15,Cow_308,6,2,7,0,26.5,Rainy,Field A
2022-08-11,11:15,Cow_309,1,7,7,0,26.5,Rainy,Field C
2022-08-11,11:15,Cow_310,14,8,0,0,26.5,Rainy,Field A
2022-08-11,11:15,Cow_311,4,5,6,0,26.5,Rainy,Field A
2022-08-11,11:15,Cow_312,12,0,8,0,26.5,Rainy,Field B
2022-08-11,11:15,Cow_313,14,4,0,0,26.5,Rainy,Field C
2022-08-11,11:15,Cow_314,0,0,0,15,26.5,Rainy,Field A
2022-08-11,11:15,Cow_315,5,5,5,0,26.5,Rainy,Field B
2022-08-11,11:15,Cow_316,14,0,4,0,26.5,Rainy,Field B
2022-08-11,11:15,Cow_317,5,5,5,0,26.5,Rainy,Field A
2022-08-11,11:15,Cow_318,6,4,5,0,26.5,Rainy,Field A
2022-08-11,11:15,Cow_319,13,0,4,0,26.5,Rainy,Field B
2022-08-11,11:15,Cow_320,5,4,6,0,26.5,Rainy,Field C
2022-08-11,11:15,Cow_321,6,2,7,0,26.5,Rainy,Field B
2022-08-11,11:15,Cow_322,4,8,3,0,26.5,Rainy,Field A
2022-08-11,11:15,Cow_323,4,8,3,0,26.5,Rainy,Field A
2022-08-11,11:15,Cow_324,6,5,4,0,26.5,Rainy,Field C
2022-08-11,11:15,Cow_325,7,4,4,0,26.5,Rainy,Field B
2022-08-11,11:15,Cow_326,8,8,0,0,26.5,Rainy,Field C
2022-08-11,11:15,Cow_327,5,5,5,0,26.5,Rainy,Field B
2022-08-11,11:15,Cow_328,0,10,6,0,26.5,Rainy,Field C
2022-08-11,11:15,Cow_329,6,3,6,0,26.5,Rainy,Field B
2022-08-11,11:15,Cow_330,2,10,3,0,26.5,Rainy,Field A
2022-08-11,11:15,Cow_331,4,6,5,0,26.5,Rainy,Field C
2022-08-11,11:15,Cow_332,3,6,6,0,26.5,Rainy,Field A
2022-08-11,11:15,Cow_333,7,7,1,0,26.5,Rainy,Field A
2022-08-11,11:15,Cow_334,1,6,8,0,26.5,Rainy,Field C
2022-08-11,11:15,Cow_335,4,3,8,0,26.5,Rainy,Field B
2022-08-11,11:15,Cow_336,0,0,0,15,26.5,Rainy,Field A
2022-08-11,11:15,Cow_337,8,0,7,0,26.5,Rainy,Field A
2022-08-11,11:15,Cow_338,11,0,7,0,26.5,Rainy,Field A
2022-08-11,11:15,Cow_339,7,2,6,0,26.5,Rainy,Field A
2022-08-11,11:15,Cow_340,9,8,0,0,26.5,Rainy,Field B
2022-08-11,11:15,Cow_341,9,10,0,0,26.5,Rainy,Field A
2022-08-11,11:15,Cow_342,0,0,0,15,26.5,Rainy,Field B
2022-08-11,11:15,Cow_343,8,4,3,0,26.5,Rainy,Field B
2022-08-11,11:15,Cow_344,14,8,0,0,26.5,Rainy,Field A
2022-08-11,11:15,Cow_345,0,8,7,0,26.5,Rainy,Field C
2022-08-11,11:15,Cow_346,5,7,3,0,26.5,Rainy,Field A
2022-08-11,11:15,Cow_347,11,4,0,0,26.5,Rainy,Field B
2022-08-11,11:15,Cow_348,11,0,10,0,26.5,Rainy,Field B
2022-08-11,11:15,Cow_349,3,9,3,0,26.5,Rainy,Field C
2022-08-11,11:15,Cow_350,9,1,5,0,26.5,Rainy,Field B
2022-08-11,11:15,Cow_351,1,9,5,0,26.5,Rainy,Field C
2022-08-11,11:15,Cow_352,9,10,0,0,26.5,Rainy,Field C
2022-08-11,11:15,Cow_353,8,5,2,0,26.5,Rainy,Field B
2022-08-11,11:15,Cow_354,4,3,8,0,26.5,Rainy,Field B
2022-08-11,11:15,Cow_355,0,0,0,15,26.5,Rainy,Field A
2022-08-11,11:15,Cow_356,5,5,5,0,26.5,Rainy,Field C
2022-08-11,11:15,Cow_357,12,9,0,0,26.5,Rainy,Field A
2022-08-11,11:15,Cow_358,10,0,8,0,26.5,Rainy,Field C
2022-08-11,11:15,Cow_359,8,1,6,0,26.5,Rainy,Field A
2022-08-11,11:15,Cow_360,13,0,6,0,26.5,Rainy,Field C
2022-08-11,11:15,Cow_361,0,0,0,15,26.5,Rainy,Field B
2022-08-11,11:15,Cow_362,2,10,3,0,26.5,Rainy,Field C
2022-08-11,11:15,Cow_363,12,0,10,0,26.5,Rainy,Field A
2022-08-11,11:15,Cow_364,12,0,5,0,26.5,Rainy,Field C
2022-08-11,11:15,Cow_365,2,5,8,0,26.5,Rainy,Field B
2022-08-11,11:15,Cow_366,4,3,8,0,26.5,Rainy,Field C
2022-08-11,11:15,Cow_367,5,3,7,0,26.5,Rainy,Field B
2022-08-11,11:15,Cow_368,2,6,7,0,26.5,Rainy,Field B
2022-08-11,11:15,Cow_369,14,7,0,0,26.5,Rainy,Field A
2022-08-11,11:15,Cow_370,14,0,6,0,26.5,Rainy,Field C
2022-08-11,11:15,Cow_371,14,5,0,0,26.5,Rainy,Field C
2022-08-11,11:15,Cow_372,0,0,0,15,26.5,Rainy,Field C
2022-08-11,11:15,Cow_373,6,4,5,0,26.5,Rainy,Field A
2022-08-11,11:15,Cow_374,10,7,0,0,26.5,Rainy,Field C
2022-08-11,11:15,Cow_375,3,9,3,0,26.5,Rainy,Field A
2022-08-11,11:15,Cow_376,14,0,6,0,26.5,Rainy,Field C
2022-08-11,11:15,Cow_377,11,1,3,0,26.5,Rainy,Field B
2022-08-11,11:15,Cow_378,5,5,5,0,26.5,Rainy,Field A
2022-08-11,11:15,Cow_379,7,2,6,0,26.5,Rainy,Field C
2022-08-11,11:15,Cow_380,4,7,4,0,26.5,Rainy,Field C
2022-08-11,11:15,Cow_381,11,5,0,0,26.5,Rainy,Field C
2022-08-11,11:15,Cow_382,13,0,8,0,26.5,Rainy,Field C
2022-08-11,11:15,Cow_383,7,4,4,0,26.5,Rainy,Field C
2022-08-11,11:15,Cow_384,9,1,5,0,26.5,Rainy,Field A
2022-08-11,11:15,Cow_385,7,4,4,0,26.5,Rainy,Field A
2022-08-11,11:15,Cow_386,5,7,3,0,26.5,Rainy,Field C
2022-08-11,11:15,Cow_387,5,7,3,0,26.5,Rainy,Field C
2022-08-11,11:15,Cow_388,0,9,8,0,26.5,Rainy,Field B
2022-08-11,11:15,Cow_389,11,0,7,0,26.5,Rainy,Field A
2022-08-11,11:15,Cow_390,0,0,0,15,26.5,Rainy,Field C
2022-08-11,11:15,Cow_391,0,8,9,0,26.5,Rainy,Field B
2022-08-11,11:15,Cow_392,10,5,0,0,26.5,Rainy,Field B
2022-08-11,11:15,Cow_393,5,6,4,0,26.5,Rainy,Field C
2022-08-11,11:15,Cow_394,12,8,0,0,26.5,Rainy,Field A
2022-08-11,11:15,Cow_395,5,7,3,0,26.5,Rainy,Field A
2022-08-11,11:15,Cow_396,9,3,3,0,26.5,Rainy,Field A
2022-08-11,11:15,Cow_397,5,6,4,0,26.5,Rainy,Field C
2022-08-11,11:15,Cow_398,0,0,0,15,26.5,Rainy,Field C
2022-08-11,11:15,Cow_399,5,7,3,0,26.5,Rainy,Field B
2022-08-11,11:15,Cow_400,13,0,5,0,26.5,Rainy,Field B
2022-08-11,11:15,Cow_401,9,5,1,0,26.5,Rainy,Field A
2022-08-11,11:15,Cow_402,12,0,6,0,26.5,Rainy,Field C
2022-08-11,11:15,Cow_403,7,4,4,0,26.5,Rainy,Field A
2022-08-11,11:15,Cow_404,7,1,7,0,26.5,Rainy,Field B
2022-08-11,11:15,Cow_405,10,1,4,0,26.5,Rainy,Field C
2022-08-11,11:15,Cow_406,1,10,4,0,26.5,Rainy,Field A
2022-08-11,11:15,Cow_407,5,5,5,0,26.5,Rainy,Field B
2022-08-11,11:15,Cow_408,0,0,0,15,26.5,Rainy,Field A
2022-08-11,11:15,Cow_409,6,8,1,0,26.5,Rainy,Field B
2022-08-11,11:15,Cow_410,1,9,5,0,26.5,Rainy,Field B
2022-08-11,11:15,Cow_411,4,8,3,0,26.5,Rainy,Field C
2022-08-11,11:15,Cow_412,6,4,5,0,26.5,Rainy,Field B
2022-08-11,11:15,Cow_413,14,6,0,0,26.5,Rainy,Field C
2022-08-11,11:15,Cow_414,12,10,0,0,26.5,Rainy,Field B
2022-08-11,11:15,Cow_415,7,3,5,0,26.5,Rainy,Field A
2022-08-11,11:15,Cow_416,10,1,4,0,26.5,Rainy,Field A
2022-08-11,11:15,Cow_417,7,3,5,0,26.5,Rainy,Field A
2022-08-11,11:15,Cow_418,8,2,5,0,26.5,Rainy,Field A
2022-08-11,11:15,Cow_419,2,5,8,0,26.5,Rainy,Field B
2022-08-11,11:15,Cow_420,8,4,3,0,26.5,Rainy,Field C
2022-08-11,11:15,Cow_421,9,3,3,0,26.5,Rainy,Field C
2022-08-11,11:15,Cow_422,4,8,3,0,26.5,Rainy,Field B
2022-08-11,11:15,Cow_423,13,9,0,0,26.5,Rainy,Field A
2022-08-11,11:15,Cow_424,3,4,8,0,26.5,Rainy,Field A
2022-08-11,11:15,Cow_425,0,0,0,15,26.5,Rainy,Field C
2022-08-11,11:15,Cow_426,11,0,8,0,26.5,Rainy,Field C
2022-08-11,11:15,Cow_427,14,9,0,0,26.5,Rainy,Field B
2022-08-11,11:15,Cow_428,14,0,3,0,26.5,Rainy,Field B
2022-08-11,11:15,Cow_429,6,3,6,0,26.5,Rainy,Field A
2022-08-11,11:15,Cow_430,8,4,3,0,26.5,Rainy,Field A
2022-08-11,11:15,Cow_431,9,3,3,0,26.5,Rainy,Field A
2022-08-11,11:15,Cow_432,7,3,5,0,26.5,Rainy,Field C
2022-08-11,11:15,Cow_433,6,3,6,0,26.5,Rainy,Field B
2022-08-11,11:15,Cow_434,7,5,3,0,26.5,Rainy,Field C
2022-08-11,11:15,Cow_435,12,3,0,0,26.5,Rainy,Field A
2022-08-11,11:15,Cow_436,0,0,0,15,26.5,Rainy,Field B
2022-08-11,11:15,Cow_437,13,0,5,0,26.5,Rainy,Field C
2022-08-11,11:15,Cow_438,7,3,5,0,26.5,Rainy,Field C
2022-08-11,11:15,Cow_439,10,8,0,0,26.5,Rainy,Field B
2022-08-11,11:15,Cow_440,9,10,0,0,26.5,Rainy,Field B
2022-08-11,11:15,Cow_441,10,5,0,0,26.5,Rainy,Field C
2022-08-11,11:15,Cow_442,12,9,0,0,26.5,Rainy,Field A
2022-08-11,11:15,Cow_443,7,3,5,0,26.5,Rainy,Field C
2022-08-11,11:15,Cow_444,14,6,0,0,26.5,Rainy,Field B
2022-08-11,11:15,Cow_445,7,10,0,0,26.5,Rainy,Field A
2022-08-11,11:15,Cow_446,2,10,3,0,26.5,Rainy,Field A
2022-08-11,11:15,Cow_447,14,3,0,0,26.5,Rainy,Field B
2022-08-11,11:15,Cow_448,10,1,4,0,26.5,Rainy,Field A
2022-08-11,11:15,Cow_449,13,0,3,0,26.5,Rainy,Field C
2022-08-11,11:15,Cow_450,8,0,7,0,26.5,Rainy,Field A
2022-08-11,11:15,Cow_451,4,6,5,0,26.5,Rainy,Field A
2022-08-11,11:15,Cow_452,9,6,0,0,26.5,Rainy,Field A
2022-08-11,11:15,Cow_453,12,0,3,0,26.5,Rainy,Field B
2022-08-11,11:15,Cow_454,8,8,0,0,26.5,Rainy,Field A
2022-08-11,11:15,Cow_455,5,10,0,0,26.5,Rainy,Field C
2022-08-11,11:15,Cow_456,3,4,8,0,26.5,Rainy,Field C
2022-08-11,11:15,Cow_457,0,8,7,0,26.5,Rainy,Field B
2022-08-11,11:15,Cow_458,12,0,7,0,26.5,Rainy,Field A
2022-08-11,11:15,Cow_459,1,7,7,0,26.5,Rainy,Field A
2022-08-11,11:15,Cow_460,8,8,0,0,26.5,Rainy,Field A
2022-08-11,11:15,Cow_461,10,0,6,0,26.5,Rainy,Field A
2022-08-11,11:15,Cow_462,3,5,7,0,26.5,Rainy,Field C
2022-08-11,11:15,Cow_463,0,7,8,0,26.5,Rainy,Field B
2022-08-11,11:15,Cow_464,0,10,5,0,26.5,Rainy,Field C
2022-08-11,11:15,Cow_465,8,9,0,0,26.5,Rainy,Field A
2022-08-11,11:15,Cow_466,0,0,0,15,26.5,Rainy,Field A
2022-08-11,11:15,Cow_467,8,1,6,0,26.5,Rainy,Field B
2022-08-11,11:15,Cow_468,2,7,6,0,26.5,Rainy,Field A
2022-08-11,11:15,Cow_469,10,3,2,0,26.5,Rainy,Field A
2022-08-11,11:15,Cow_470,6,5,4,0,26.5,Rainy,Field C
2022-08-11,11:15,Cow_471,5,7,3,0,26.5,Rainy,Field B
2022-08-11,11:15,Cow_472,7,4,4,0,26.5,Rainy,Field A
2022-08-11,11:15,Cow_473,6,7,2,0,26.5,Rainy,Field C
2022-08-11,11:15,Cow_474,4,4,7,0,26.5,Rainy,Field A
2022-08-11,11:15,Cow_475,10,8,0,0,26.5,Rainy,Field C
2022-08-11,11:15,Cow_476,10,0,5,0,26.5,Rainy,Field B
2022-08-11,11:15,Cow_477,0,0,0,15,26.5,Rainy,Field A
2022-08-11,11:15,Cow_478,13,0,4,0,26.5,Rainy,Field C
2022-08-11,11:15,Cow_479,7,2,6,0,26.5,Rainy,Field C
2022-08-11,11:15,Cow_480,5,2,8,0,26.5,Rainy,Field A
2022-08-11,11:15,Cow_481,4,3,8,0,26.5,Rainy,Field C
2022-08-11,11:15,Cow_482,2,10,3,0,26.5,Rainy,Field A
2022-08-11,11:15,Cow_483,12,9,0,0,26.5,Rainy,Field B
2022-08-11,11:15,Cow_484,13,0,3,0,26.5,Rainy,Field A
2022-08-11,11:15,Cow_485,13,0,7,0,26.5,Rainy,Field C
2022-08-11,11:15,Cow_486,3,7,5,0,26.5,Rainy,Field B
2022-08-11,11:15,Cow_487,12,0,7,0,26.5,Rainy,Field B
2022-08-11,11:15,Cow_488,8,3,4,0,26.5,Rainy,Field B
2022-08-11,11:15,Cow_489,8,0,8,0,26.5,Rainy,Field A
2022-08-11,11:15,Cow_490,8,5,2,0,26.5,Rainy,Field C
2022-08-11,11:15,Cow_491,11,0,6,0,26.5,Rainy,Field B
2022-08-11,11:15,Cow_492,7,3,5,0,26.5,Rainy,Field A
2022-08-11,11:15,Cow_493,10,4,1,0,26.5,Rainy,Field B
2022-08-11,11:15,Cow_494,9,0,7,0,26.5,Rainy,Field C
2022-08-11,11:15,Cow_495,3,6,6,0,26.5,Rainy,Field A
2022-08-11,11:15,Cow_496,1,7,7,0,26.5,Rainy,Field C
2022-08-11,11:15,Cow_497,5,3,7,0,26.5,Rainy,Field C
2022-08-11,11:15,Cow_498,7,4,4,0,26.5,Rainy,Field C
2022-08-11,11:15,Cow_499,8,6,1,0,26.5,Rainy,Field B
2022-08-11,11:15,Cow_500,5,8,2,0,26.5,Rainy,Field B
2022-08-11,11:30,Cow_1,14,0,3,0,30.5,Clear,Field C
2022-08-11,11:30,Cow_2,6,4,5,0,30.5,Clear,Field A
2022-08-11,11:30,Cow_3,3,7,5,0,30.5,Clear,Field A
2022-08-11,11:30,Cow_4,0,9,7,0,30.5,Clear,Field A
2022-08-11,11:30,Cow_5,3,8,4,0,30.5,Clear,Field A
2022-08-11,11:30,Cow_6,7,10,0,0,30.5,Clear,Field B
2022-08-11,11:30,Cow_7,12,0,3,0,30.5,Clear,Field B
2022-08-11,11:30,Cow_8,7,4,4,0,30.5,Clear,Field B
2022-08-11,11:30,Cow_9,7,0,8,0,30.5,Clear,Field A
2022-08-11,11:30,Cow_10,13,9,0,0,30.5,Clear,Field A
2022-08-11,11:30,Cow_11,10,7,0,0,30.5,Clear,Field C
2022-08-11,11:30,Cow_12,2,6,7,0,30.5,Clear,Field B
2022-08-11,11:30,Cow_13,0,0,0,15,30.5,Clear,Field C
2022-08-11,11:30,Cow_14,4,4,7,0,30.5,Clear,Field C
2022-08-11,11:30,Cow_15,8,3,4,0,30.5,Clear,Field A
2022-08-11,11:30,Cow_16,8,10,0,0,30.5,Clear,Field B
2022-08-11,11:30,Cow_17,4,3,8,0,30.5,Clear,Field C
2022-08-11,11:30,Cow_18,7,5,3,0,30.5,Clear,Field C
2022-08-11,11:30,Cow_19,5,3,7,0,30.5,Clear,Field B
2022-08-11,11:30,Cow_20,4,4,7,0,30.5,Clear,Field B
2022-08-11,11:30,Cow_21,0,7,10,0,30.5,Clear,Field B
2022-08-11,11:30,Cow_22,11,0,4,0,30.5,Clear,Field A
2022-08-11,11:30,Cow_23,3,6,6,0,30.5,Clear,Field B
2022-08-11,11:30,Cow_24,5,7,3,0,30.5,Clear,Field C
2022-08-11,11:30,Cow_25,0,10,8,0,30.5,Clear,Field C
2022-08-11,11:30,Cow_26,13,9,0,0,30.5,Clear,Field B
2022-08-11,11:30,Cow_27,12,9,0,0,30.5,Clear,Field B
2022-08-11,11:30,Cow_28,11,0,5,0,30.5,Clear,Field B
2022-08-11,11:30,Cow_29,6,5,4,0,30.5,Clear,Field C
2022-08-11,11:30,Cow_30,8,4,3,0,30.5,Clear,Field B
2022-08-11,11:30,Cow_31,3,10,2,0,30.5,Clear,Field C
2022-08-11,11:30,Cow_32,5,4,6,0,30.5,Clear,Field C
2022-08-11,11:30,Cow_33,12,8,0,0,30.5,Clear,Field C
2022-08-11,11:30,Cow_34,13,4,0,0,30.5,Clear,Field A
2022-08-11,11:30,Cow_35,2,9,4,0,30.5,Clear,Field C
2022-08-11,11:30,Cow_36,6,1,8,0,30.5,Clear,Field A
2022-08-11,11:30,Cow_37,7,4,4,0,30.5,Clear,Field B
2022-08-11,11:30,Cow_38,11,0,5,0,30.5,Clear,Field C
2022-08-11,11:30,Cow_39,7,4,4,0,30.5,Clear,Field A
2022-08-11,11:30,Cow_40,8,0,7,0,30.5,Clear,Field B
2022-08-11,11:30,Cow_41,11,0,5,0,30.5,Clear,Field B
2022-08-11,11:30,Cow_42,10,2,3,0,30.5,Clear,Field B
2022-08-11,11:30,Cow_43,13,6,0,0,30.5,Clear,Field B
2022-08-11,11:30,Cow_44,0,10,7,0,30.5,Clear,Field C
2022-08-11,11:30,Cow_45,11,0,4,0,30.5,Clear,Field B
2022-08-11,11:30,Cow_46,8,2,5,0,30.5,Clear,Field C
2022-08-11,11:30,Cow_47,7,3,5,0,30.5,Clear,Field C
2022-08-11,11:30,Cow_48,0,0,0,15,30.5,Clear,Field B
2022-08-11,11:30,Cow_49,11,7,0,0,30.5,Clear,Field C
2022-08-11,11:30,Cow_50,0,0,0,15,30.5,Clear,Field A
2022-08-11,11:30,Cow_51,12,9,0,0,30.5,Clear,Field A
2022-08-11,11:30,Cow_52,6,6,3,0,30.5,Clear,Field B
2022-08-11,11:30,Cow_53,14,0,4,0,30.5,Clear,Field A
2022-08-11,11:30,Cow_54,0,0,0,15,30.5,Clear,Field C
2022-08-11,11:30,Cow_55,5,5,5,0,30.5,Clear,Field B
2022-08-11,11:30,Cow_56,14,3,0,0,30.5,Clear,Field C
2022-08-11,11:30,Cow_57,8,9,0,0,30.5,Clear,Field B
2022-08-11,11:30,Cow_58,13,7,0,0,30.5,Clear,Field C
2022-08-11,11:30,Cow_59,14,10,0,0,30.5,Clear,Field C
2022-08-11,11:30,Cow_60,11,5,0,0,30.5,Clear,Field A
2022-08-11,11:30,Cow_61,7,8,0,0,30.5,Clear,Field C
2022-08-11,11:30,Cow_62,8,4,3,0,30.5,Clear,Field A
2022-08-11,11:30,Cow_63,11,8,0,0,30.5,Clear,Field C
2022-08-11,11:30,Cow_64,6,6,3,0,30.5,Clear,Field A
2022-08-11,11:30,Cow_65,0,0,0,15,30.5,Clear,Field B
2022-08-11,11:30,Cow_66,10,0,8,0,30.5,Clear,Field A
2022-08-11,11:30,Cow_67,12,0,4,0,30.5,Clear,Field A
2022-08-11,11:30,Cow_68,11,6,0,0,30.5,Clear,Field C
2022-08-11,11:30,Cow_69,4,6,5,0,30.5,Clear,Field B
2022-08-11,11:30,Cow_70,9,0,6,0,30.5,Clear,Field B
2022-08-11,11:30,Cow_71,12,0,4,0,30.5,Clear,Field A
2022-08-11,11:30,Cow_72,9,4,2,0,30.5,Clear,Field A
2022-08-11,11:30,Cow_73,12,0,3,0,30.5,Clear,Field B
2022-08-11,11:30,Cow_74,6,5,4,0,30.5,Clear,Field C
2022-08-11,11:30,Cow_75,10,4,1,0,30.5,Clear,Field B
2022-08-11,11:30,Cow_76,6,10,0,0,30.5,Clear,Field C
2022-08-11,11:30,Cow_77,2,6,7,0,30.5,Clear,Field B
2022-08-11,11:30,Cow_78,11,0,4,0,30.5,Clear,Field B
2022-08-11,11:30,Cow_79,11,0,8,0,30.5,Clear,Field B
2022-08-11,11:30,Cow_80,6,10,0,0,30.5,Clear,Field C
2022-08-11,11:30,Cow_81,7,5,3,0,30.5,Clear,Field C
2022-08-11,11:30,Cow_82,14,3,0,0,30.5,Clear,Field C
2022-08-11,11:30,Cow_83,5,5,5,0,30.5,Clear,Field B
2022-08-11,11:30,Cow_84,5,4,6,0,30.5,Clear,Field A
2022-08-11,11:30,Cow_85,6,8,1,0,30.5,Clear,Field A
2022-08-11,11:30,Cow_86,10,0,8,0,30.5,Clear,Field B
2022-08-11,11:30,Cow_87,7,4,4,0,30.5,Clear,Field B
2022-08-11,11:30,Cow_88,12,6,0,0,30.5,Clear,Field B
2022-08-11,11:30,Cow_89,0,10,6,0,30.5,Clear,Field B
2022-08-11,11:30,Cow_90,4,7,4,0,30.5,Clear,Field A
2022-08-11,11:30,Cow_91,5,10,0,0,30.5,Clear,Field A
2022-08-11,11:30,Cow_92,0,7,8,0,30.5,Clear,Field A
2022-08-11,11:30,Cow_93,13,4,0,0,30.5,Clear,Field C
2022-08-11,11:30,Cow_94,0,0,0,15,30.5,Clear,Field A
2022-08-11,11:30,Cow_95,11,6,0,0,30.5,Clear,Field C
2022-08-11,11:30,Cow_96,7,3,5,0,30.5,Clear,Field B
2022-08-11,11:30,Cow_97,5,5,5,0,30.5,Clear,Field B
2022-08-11,11:30,Cow_98,5,3,7,0,30.5,Clear,Field B
2022-08-11,11:30,Cow_99,13,10,0,0,30.5,Clear,Field C
2022-08-11,11:30,Cow_100,3,7,5,0,30.5,Clear,Field B
2022-08-11,11:30,Cow_101,4,3,8,0,30.5,Clear,Field A
2022-08-11,11:30,Cow_102,7,6,2,0,30.5,Clear,Field B
2022-08-11,11:30,Cow_103,8,5,2,0,30.5,Clear,Field A
2022-08-11,11:30,Cow_104,4,4,7,0,30.5,Clear,Field A
2022-08-11,11:30,Cow_105,7,3,5,0,30.5,Clear,Field A
2022-08-11,11:30,Cow_106,8,4,3,0,30.5,Clear,Field A
2022-08-11,11:30,Cow_107,12,0,7,0,30.5,Clear,Field A
2022-08-11,11:30,Cow_108,13,0,6,0,30.5,Clear,Field C
2022-08-11,11:30,Cow_109,5,7,3,0,30.5,Clear,Field B
2022-08-11,11:30,Cow_110,7,4,4,0,30.5,Clear,Field B
2022-08-11,11:30,Cow_111,7,7,1,0,30.5,Clear,Field B
2022-08-11,11:30,Cow_112,0,0,0,15,30.5,Clear,Field B
2022-08-11,11:30,Cow_113,14,3,0,0,30.5,Clear,Field A
2022-08-11,11:30,Cow_114,3,9,3,0,30.5,Clear,Field A
2022-08-11,11:30,Cow_115,11,0,6,0,30.5,Clear,Field C
2022-08-11,11:30,Cow_116,5,6,4,0,30.5,Clear,Field B
2022-08-11,11:30,Cow_117,6,5,4,0,30.5,Clear,Field A
2022-08-11,11:30,Cow_118,4,6,5,0,30.5,Clear,Field B
2022-08-11,11:30,Cow_119,11,0,7,0,30.5,Clear,Field A
2022-08-11,11:30,Cow_120,8,4,3,0,30.5,Clear,Field A
2022-08-11,11:30,Cow_121,1,8,6,0,30.5,Clear,Field B
2022-08-11,11:30,Cow_122,7,2,6,0,30.5,Clear,Field A
2022-08-11,11:30,Cow_123,13,3,0,0,30.5,Clear,Field A
2022-08-11,11:30,Cow_124,3,5,7,0,30.5,Clear,Field A
2022-08-11,11:30,Cow_125,2,6,7,0,30.5,Clear,Field A
2022-08-11,11:30,Cow_126,8,3,4,0,30.5,Clear,Field C
2022-08-11,11:30,Cow_127,9,3,3,0,30.5,Clear,Field A
2022-08-11,11:30,Cow_128,12,5,0,0,30.5,Clear,Field A
2022-08-11,11:30,Cow_129,14,7,0,0,30.5,Clear,Field B
2022-08-11,11:30,Cow_130,9,0,8,0,30.5,Clear,Field A
2022-08-11,11:30,Cow_131,12,0,6,0,30.5,Clear,Field B
2022-08-11,11:30,Cow_132,3,8,4,0,30.5,Clear,Field B
2022-08-11,11:30,Cow_133,3,8,4,0,30.5,Clear,Field A
2022-08-11,11:30,Cow_134,10,0,8,0,30.5,Clear,Field A
2022-08-11,11:30,Cow_135,10,0,8,0,30.5,Clear,Field B
2022-08-11,11:30,Cow_136,0,8,7,0,30.5,Clear,Field B
2022-08-11,11:30,Cow_137,7,4,4,0,30.5,Clear,Field B
2022-08-11,11:30,Cow_138,6,5,4,0,30.5,Clear,Field B
2022-08-11,11:30,Cow_139,0,8,7,0,30.5,Clear,Field B
2022-08-11,11:30,Cow_140,11,0,7,0,30.5,Clear,Field A
2022-08-11,11:30,Cow_141,14,7,0,0,30.5,Clear,Field A
2022-08-11,11:30,Cow_142,10,0,7,0,30.5,Clear,Field A
2022-08-11,11:30,Cow_143,12,3,0,0,30.5,Clear,Field A
2022-08-11,11:30,Cow_144,7,2,6,0,30.5,Clear,Field B
2022-08-11,11:30,Cow_145,0,0,0,15,30.5,Clear,Field B
2022-08-11,11:30,Cow_146,13,10,0,0,30.5,Clear,Field C
2022-08-11,11:30,Cow_147,7,2,6,0,30.5,Clear,Field B
2022-08-11,11:30,Cow_148,8,2,5,0,30.5,Clear,Field C
2022-08-11,11:30,Cow_149,0,8,7,0,30.5,Clear,Field B
2022-08-11,11:30,Cow_150,12,9,0,0,30.5,Clear,Field A
2022-08-11,11:30,Cow_151,12,0,5,0,30.5,Clear,Field C
2022-08-11,11:30,Cow_152,0,0,0,15,30.5,Clear,Field B
2022-08-11,11:30,Cow_153,6,2,7,0,30.5,Clear,Field B
2022-08-11,11:30,Cow_154,3,8,4,0,30.5,Clear,Field B
2022-08-11,11:30,Cow_155,10,0,6,0,30.5,Clear,Field C
2022-08-11,11:30,Cow_156,2,6,7,0,30.5,Clear,Field C
2022-08-11,11:30,Cow_157,14,0,5,0,30.5,Clear,Field C
2022-08-11,11:30,Cow_158,12,8,0,0,30.5,Clear,Field A
2022-08-11,11:30,Cow_159,5,3,7,0,30.5,Clear,Field B
2022-08-11,11:30,Cow_160,0,10,5,0,30.5,Clear,Field B
2022-08-11,11:30,Cow_161,5,4,6,0,30.5,Clear,Field C
2022-08-11,11:30,Cow_162,5,9,1,0,30.5,Clear,Field C
2022-08-11,11:30,Cow_163,0,9,6,0,30.5,Clear,Field A
2022-08-11,11:30,Cow_164,13,0,5,0,30.5,Clear,Field A
2022-08-11,11:30,Cow_165,11,0,5,0,30.5,Clear,Field C
2022-08-11,11:30,Cow_166,0,0,0,15,30.5,Clear,Field C
2022-08-11,11:30,Cow_167,4,5,6,0,30.5,Clear,Field B
2022-08-11,11:30,Cow_168,9,9,0,0,30.5,Clear,Field B
2022-08-11,11:30,Cow_169,5,3,7,0,30.5,Clear,Field B
2022-08-11,11:30,Cow_170,3,6,6,0,30.5,Clear,Field B
2022-08-11,11:30,Cow_171,6,6,3,0,30.5,Clear,Field A
2022-08-11,11:30,Cow_172,5,4,6,0,30.5,Clear,Field C
2022-08-11,11:30,Cow_173,14,4,0,0,30.5,Clear,Field A
2022-08-11,11:30,Cow_174,6,7,2,0,30.5,Clear,Field B
2022-08-11,11:30,Cow_175,11,1,3,0,30.5,Clear,Field C
2022-08-11,11:30,Cow_176,11,0,8,0,30.5,Clear,Field B
2022-08-11,11:30,Cow_177,12,0,6,0,30.5,Clear,Field C
2022-08-11,11:30,Cow_178,5,3,7,0,30.5,Clear,Field B
2022-08-11,11:30,Cow_179,5,5,5,0,30.5,Clear,Field C
2022-08-11,11:30,Cow_180,0,9,8,0,30.5,Clear,Field B
2022-08-11,11:30,Cow_181,14,8,0,0,30.5,Clear,Field B
2022-08-11,11:30,Cow_182,7,5,3,0,30.5,Clear,Field C
2022-08-11,11:30,Cow_183,6,10,0,0,30.5,Clear,Field C
2022-08-11,11:30,Cow_184,1,8,6,0,30.5,Clear,Field B
2022-08-11,11:30,Cow_185,8,9,0,0,30.5,Clear,Field B
2022-08-11,11:30,Cow_186,5,7,3,0,30.5,Clear,Field C
2022-08-11,11:30,Cow_187,7,4,4,0,30.5,Clear,Field C
2022-08-11,11:30,Cow_188,13,3,0,0,30.5,Clear,Field C
2022-08-11,11:30,Cow_189,5,6,4,0,30.5,Clear,Field A
2022-08-11,11:30,Cow_190,13,0,8,0,30.5,Clear,Field C
2022-08-11,11:30,Cow_191,9,0,6,0,30.5,Clear,Field A
2022-08-11,11:30,Cow_192,12,0,5,0,30.5,Clear,Field C
2022-08-11,11:30,Cow_193,4,8,3,0,30.5,Clear,Field B
2022-08-11,11:30,Cow_194,8,8,0,0,30.5,Clear,Field C
2022-08-11,11:30,Cow_195,14,10,0,0,30.5,Clear,Field B
2022-08-11,11:30,Cow_196,3,7,5,0,30.5,Clear,Field A
2022-08-11,11:30,Cow_197,5,6,4,0,30.5,Clear,Field B
2022-08-11,11:30,Cow_198,11,0,7,0,30.5,Clear,Field A
2022-08-11,11:30,Cow_199,12,0,4,0,30.5,Clear,Field B
2022-08-11,11:30,Cow_200,0,9,8,0,30.5,Clear,Field A
2022-08-11,11:30,Cow_201,0,0,0,15,30.5,Clear,Field B
2022-08-11,11:30,Cow_202,7,5,3,0,30.5,Clear,Field C
2022-08-11,11:30,Cow_203,3,7,5,0,30.5,Clear,Field A
2022-08-11,11:30,Cow_204,10,0,5,0,30.5,Clear,Field C
2022-08-11,11:30,Cow_205,6,4,5,0,30.5,Clear,Field B
2022-08-11,11:30,Cow_206,9,2,4,0,30.5,Clear,Field B
2022-08-11,11:30,Cow_207,3,9,3,0,30.5,Clear,Field A
2022-08-11,11:30,Cow_208,5,2,8,0,30.5,Clear,Field B
2022-08-11,11:30,Cow_209,2,6,7,0,30.5,Clear,Field C
2022-08-11,11:30,Cow_210,3,9,3,0,30.5,Clear,Field A
2022-08-11,11:30,Cow_211,14,5,0,0,30.5,Clear,Field A
2022-08-11,11:30,Cow_212,4,8,3,0,30.5,Clear,Field B
2022-08-11,11:30,Cow_213,3,6,6,0,30.5,Clear,Field C
2022-08-11,11:30,Cow_214,14,0,5,0,30.5,Clear,Field C
2022-08-11,11:30,Cow_215,12,0,5,0,30.5,Clear,Field C
2022-08-11,11:30,Cow_216,5,7,3,0,30.5,Clear,Field C
2022-08-11,11:30,Cow_217,10,2,3,0,30.5,Clear,Field A
2022-08-11,11:30,Cow_218,7,4,4,0,30.5,Clear,Field C
2022-08-11,11:30,Cow_219,14,10,0,0,30.5,Clear,Field C
2022-08-11,11:30,Cow_220,14,0,5,0,30.5,Clear,Field A
2022-08-11,11:30,Cow_221,10,7,0,0,30.5,Clear,Field B
2022-08-11,11:30,Cow_222,7,0,8,0,30.5,Clear,Field A
2022-08-11,11:30,Cow_223,5,6,4,0,30.5,Clear,Field A
2022-08-11,11:30,Cow_224,0,9,8,0,30.5,Clear,Field C
2022-08-11,11:30,Cow_225,14,7,0,0,30.5,Clear,Field A
2022-08-11,11:30,Cow_226,5,7,3,0,30.5,Clear,Field C
2022-08-11,11:30,Cow_227,14,0,3,0,30.5,Clear,Field B
2022-08-11,11:30,Cow_228,7,4,4,0,30.5,Clear,Field B
2022-08-11,11:30,Cow_229,5,5,5,0,30.5,Clear,Field B
2022-08-11,11:30,Cow_230,6,3,6,0,30.5,Clear,Field C
2022-08-11,11:30,Cow_231,9,5,1,0,30.5,Clear,Field B
2022-08-11,11:30,Cow_232,3,7,5,0,30.5,Clear,Field A
2022-08-11,11:30,Cow_233,7,10,0,0,30.5,Clear,Field C
2022-08-11,11:30,Cow_234,13,10,0,0,30.5,Clear,Field B
2022-08-11,11:30,Cow_235,13,4,0,0,30.5,Clear,Field A
2022-08-11,11:30,Cow_236,10,7,0,0,30.5,Clear,Field C
2022-08-11,11:30,Cow_237,14,0,5,0,30.5,Clear,Field A
2022-08-11,11:30,Cow_238,1,10,4,0,30.5,Clear,Field A
2022-08-11,11:30,Cow_239,12,3,0,0,30.5,Clear,Field A
2022-08-11,11:30,Cow_240,11,0,6,0,30.5,Clear,Field C
2022-08-11,11:30,Cow_241,12,10,0,0,30.5,Clear,Field C
2022-08-11,11:30,Cow_242,0,0,0,15,30.5,Clear,Field A
2022-08-11,11:30,Cow_243,11,0,8,0,30.5,Clear,Field B
2022-08-11,11:30,Cow_244,10,3,2,0,30.5,Clear,Field A
2022-08-11,11:30,Cow_245,7,0,8,0,30.5,Clear,Field C
2022-08-11,11:30,Cow_246,7,0,8,0,30.5,Clear,Field A
2022-08-11,11:30,Cow_247,8,0,7,0,30.5,Clear,Field A
2022-08-11,11:30,Cow_248,13,5,0,0,30.5,Clear,Field C
2022-08-11,11:30,Cow_249,6,5,4,0,30.5,Clear,Field B
2022-08-11,11:30,Cow_250,11,8,0,0,30.5,Clear,Field B
2022-08-11,11:30,Cow_251,8,2,5,0,30.5,Clear,Field C
2022-08-11,11:30,Cow_252,0,0,0,15,30.5,Clear,Field B
2022-08-11,11:30,Cow_253,2,10,3,0,30.5,Clear,Field C
2022-08-11,11:30,Cow_254,3,7,5,0,30.5,Clear,Field A
2022-08-11,11:30,Cow_255,14,0,6,0,30.5,Clear,Field C
2022-08-11,11:30,Cow_256,14,0,4,0,30.5,Clear,Field B
2022-08-11,11:30,Cow_257,14,8,0,0,30.5,Clear,Field B
2022-08-11,11:30,Cow_258,8,4,3,0,30.5,Clear,Field C
2022-08-11,11:30,Cow_259,10,7,0,0,30.5,Clear,Field B
2022-08-11,11:30,Cow_260,13,0,4,0,30.5,Clear,Field B
2022-08-11,11:30,Cow_261,2,10,3,0,30.5,Clear,Field A
2022-08-11,11:30,Cow_262,8,4,3,0,30.5,Clear,Field B
2022-08-11,11:30,Cow_263,6,3,6,0,30.5,Clear,Field C
2022-08-11,11:30,Cow_264,11,8,0,0,30.5,Clear,Field B
2022-08-11,11:30,Cow_265,3,8,4,0,30.5,Clear,Field A
2022-08-11,11:30,Cow_266,14,0,6,0,30.5,Clear,Field B
2022-08-11,11:30,Cow_267,12,6,0,0,30.5,Clear,Field B
2022-08-11,11:30,Cow_268,5,8,2,0,30.5,Clear,Field C
2022-08-11,11:30,Cow_269,14,0,4,0,30.5,Clear,Field B
2022-08-11,11:30,Cow_270,10,0,7,0,30.5,Clear,Field A
2022-08-11,11:30,Cow_271,11,3,1,0,30.5,Clear,Field A
2022-08-11,11:30,Cow_272,0,0,0,15,30.5,Clear,Field C
2022-08-11,11:30,Cow_273,8,0,8,0,30.5,Clear,Field B
2022-08-11,11:30,Cow_274,12,6,0,0,30.5,Clear,Field B
2022-08-11,11:30,Cow_275,6,5,4,0,30.5,Clear,Field A
2022-08-11,11:30,Cow_276,6,8,1,0,30.5,Clear,Field A
2022-08-11,11:30,Cow_277,3,7,5,0,30.5,Clear,Field C
2022-08-11,11:30,Cow_278,10,1,4,0,30.5,Clear,Field B
2022-08-11,11:30,Cow_279,9,3,3,0,30.5,Clear,Field C
2022-08-11,11:30,Cow_280,0,0,0,15,30.5,Clear,Field B
2022-08-11,11:30,Cow_281,3,6,6,0,30.5,Clear,Field A
2022-08-11,11:30,Cow_282,14,3,0,0,30.5,Clear,Field B
2022-08-11,11:30,Cow_283,9,3,3,0,30.5,Clear,Field B
2022-08-11,11:30,Cow_284,2,8,5,0,30.5,Clear,Field C
2022-08-11,11:30,Cow_285,0,10,5,0,30.5,Clear,Field B
2022-08-11,11:30,Cow_286,3,4,8,0,30.5,Clear,Field B
2022-08-11,11:30,Cow_287,0,0,0,15,30.5,Clear,Field B
2022-08-11,11:30,Cow_288,10,6,0,0,30.5,Clear,Field A
2022-08-11,11:30,Cow_289,0,10,6,0,30.5,Clear,Field B
2022-08-11,11:30,Cow_290,8,4,3,0,30.5,Clear,Field C
2022-08-11,11:30,Cow_291,6,1,8,0,30.5,Clear,Field C
2022-08-11,11:30,Cow_292,12,10,0,0,30.5,Clear,Field B
2022-08-11,11:30,Cow_293,6,3,6,0,30.5,Clear,Field B
2022-08-11,11:30,Cow_294,8,4,3,0,30.5,Clear,Field A
2022-08-11,11:30,Cow_295,7,4,4,0,30.5,Clear,Field A
2022-08-11,11:30,Cow_296,5,10,0,0,30.5,Clear,Field B
2022-08-11,11:30,Cow_297,10,0,6,0,30.5,Clear,Field B
2022-08-11,11:30,Cow_298,4,8,3,0,30.5,Clear,Field B
2022-08-11,11:30,Cow_299,6,1,8,0,30.5,Clear,Field C
2022-08-11,11:30,Cow_300,11,0,6,0,30.5,Clear,Field C
2022-08-11,11:30,Cow_301,0,8,7,0,30.5,Clear,Field C
2022-08-11,11:30,Cow_302,0,10,5,0,30.5,Clear,Field C
2022-08-11,11:30,Cow_303,3,6,6,0,30.5,Clear,Field B
2022-08-11,11:30,Cow_304,0,0,0,15,30.5,Clear,Field B
2022-08-11,11:30,Cow_305,13,4,0,0,30.5,Clear,Field A
2022-08-11,11:30,Cow_306,6,10,0,0,30.5,Clear,Field C
2022-08-11,11:30,Cow_307,14,0,3,0,30.5,Clear,Field A
2022-08-11,11:30,Cow_308,0,0,0,15,30.5,Clear,Field B
2022-08-11,11:30,Cow_309,8,3,4,0,30.5,Clear,Field C
2022-08-11,11:30,Cow_310,7,3,5,0,30.5,Clear,Field C
2022-08-11,11:30,Cow_311,4,8,3,0,30.5,Clear,Field A
2022-08-11,11:30,Cow_312,5,6,4,0,30.5,Clear,Field B
2022-08-11,11:30,Cow_313,6,4,5,0,30.5,Clear,Field C
2022-08-11,11:30,Cow_314,4,8,3,0,30.5,Clear,Field A
2022-08-11,11:30,Cow_315,10,3,2,0,30.5,Clear,Field A
2022-08-11,11:30,Cow_316,13,0,6,0,30.5,Clear,Field C
2022-08-11,11:30,Cow_317,14,0,3,0,30.5,Clear,Field B
2022-08-11,11:30,Cow_318,12,3,0,0,30.5,Clear,Field A
2022-08-11,11:30,Cow_319,1,8,6,0,30.5,Clear,Field C
2022-08-11,11:30,Cow_320,13,0,7,0,30.5,Clear,Field A
2022-08-11,11:30,Cow_321,0,0,0,15,30.5,Clear,Field A
2022-08-11,11:30,Cow_322,0,0,0,15,30.5,Clear,Field B
2022-08-11,11:30,Cow_323,9,2,4,0,30.5,Clear,Field A
2022-08-11,11:30,Cow_324,13,3,0,0,30.5,Clear,Field B
2022-08-11,11:30,Cow_325,12,0,6,0,30.5,Clear,Field A
2022-08-11,11:30,Cow_326,13,9,0,0,30.5,Clear,Field A
2022-08-11,11:30,Cow_327,6,5,4,0,30.5,Clear,Field C
2022-08-11,11:30,Cow_328,6,5,4,0,30.5,Clear,Field B
2022-08-11,11:30,Cow_329,0,10,7,0,30.5,Clear,Field C
2022-08-11,11:30,Cow_330,7,3,5,0,30.5,Clear,Field A
2022-08-11,11:30,Cow_331,0,0,0,15,30.5,Clear,Field B
2022-08-11,11:30,Cow_332,5,9,1,0,30.5,Clear,Field B
2022-08-11,11:30,Cow_333,1,10,4,0,30.5,Clear,Field C
2022-08-11,11:30,Cow_334,11,7,0,0,30.5,Clear,Field B
2022-08-11,11:30,Cow_335,9,1,5,0,30.5,Clear,Field B
2022-08-11,11:30,Cow_336,12,0,5,0,30.5,Clear,Field B
2022-08-11,11:30,Cow_337,10,2,3,0,30.5,Clear,Field C
2022-08-11,11:30,Cow_338,0,10,7,0,30.5,Clear,Field B
2022-08-11,11:30,Cow_339,5,10,0,0,30.5,Clear,Field B
2022-08-11,11:30,Cow_340,8,3,4,0,30.5,Clear,Field A
2022-08-11,11:30,Cow_341,5,8,2,0,30.5,Clear,Field C
2022-08-11,11:30,Cow_342,4,3,8,0,30.5,Clear,Field B
2022-08-11,11:30,Cow_343,14,9,0,0,30.5,Clear,Field B
2022-08-11,11:30,Cow_344,0,0,0,15,30.5,Clear,Field C
2022-08-11,11:30,Cow_345,11,7,0,0,30.5,Clear,Field C
2022-08-11,11:30,Cow_346,0,9,8,0,30.5,Clear,Field A
2022-08-11,11:30,Cow_347,14,9,0,0,30.5,Clear,Field A
2022-08-11,11:30,Cow_348,1,8,6,0,30.5,Clear,Field B
2022-08-11,11:30,Cow_349,12,0,7,0,30.5,Clear,Field A
2022-08-11,11:30,Cow_350,7,4,4,0,30.5,Clear,Field C
2022-08-11,11:30,Cow_351,3,8,4,0,30.5,Clear,Field A
2022-08-11,11:30,Cow_352,13,6,0,0,30.5,Clear,Field C
2022-08-11,11:30,Cow_353,10,1,4,0,30.5,Clear,Field A
2022-08-11,11:30,Cow_354,7,10,0,0,30.5,Clear,Field A
2022-08-11,11:30,Cow_355,7,4,4,0,30.5,Clear,Field C
2022-08-11,11:30,Cow_356,8,4,3,0,30.5,Clear,Field C
2022-08-11,11:30,Cow_357,12,3,0,0,30.5,Clear,Field A
2022-08-11,11:30,Cow_358,1,10,4,0,30.5,Clear,Field A
2022-08-11,11:30,Cow_359,7,5,3,0,30.5,Clear,Field B
2022-08-11,11:30,Cow_360,6,3,6,0,30.5,Clear,Field C
2022-08-11,11:30,Cow_361,10,0,6,0,30.5,Clear,Field B
2022-08-11,11:30,Cow_362,5,10,0,0,30.5,Clear,Field B
2022-08-11,11:30,Cow_363,7,3,5,0,30.5,Clear,Field B
2022-08-11,11:30,Cow_364,0,7,8,0,30.5,Clear,Field C
2022-08-11,11:30,Cow_365,2,9,4,0,30.5,Clear,Field B
2022-08-11,11:30,Cow_366,5,6,4,0,30.5,Clear,Field A
2022-08-11,11:30,Cow_367,3,9,3,0,30.5,Clear,Field C
2022-08-11,11:30,Cow_368,0,9,6,0,30.5,Clear,Field A
2022-08-11,11:30,Cow_369,5,6,4,0,30.5,Clear,Field A
2022-08-11,11:30,Cow_370,10,10,0,0,30.5,Clear,Field B
2022-08-11,11:30,Cow_371,2,5,8,0,30.5,Clear,Field B
2022-08-11,11:30,Cow_372,6,10,0,0,30.5,Clear,Field C
2022-08-11,11:30,Cow_373,0,0,0,15,30.5,Clear,Field A
2022-08-11,11:30,Cow_374,8,0,8,0,30.5,Clear,Field A
2022-08-11,11:30,Cow_375,10,4,1,0,30.5,Clear,Field B
2022-08-11,11:30,Cow_376,7,5,3,0,30.5,Clear,Field B
2022-08-11,11:30,Cow_377,1,9,5,0,30.5,Clear,Field C
2022-08-11,11:30,Cow_378,9,10,0,0,30.5,Clear,Field C
2022-08-11,11:30,Cow_379,2,6,7,0,30.5,Clear,Field B
2022-08-11,11:30,Cow_380,5,8,2,0,30.5,Clear,Field A
2022-08-11,11:30,Cow_381,13,0,10,0,30.5,Clear,Field C
2022-08-11,11:30,Cow_382,13,3,0,0,30.5,Clear,Field B
2022-08-11,11:30,Cow_383,4,3,8,0,30.5,Clear,Field C
2022-08-11,11:30,Cow_384,14,0,5,0,30.5,Clear,Field B
2022-08-11,11:30,Cow_385,7,7,1,0,30.5,Clear,Field C
2022-08-11,11:30,Cow_386,6,8,1,0,30.5,Clear,Field C
2022-08-11,11:30,Cow_387,14,0,5,0,30.5,Clear,Field B
2022-08-11,11:30,Cow_388,0,8,7,0,30.5,Clear,Field A
2022-08-11,11:30,Cow_389,6,8,1,0,30.5,Clear,Field C
2022-08-11,11:30,Cow_390,6,8,1,0,30.5,Clear,Field B
2022-08-11,11:30,Cow_391,9,1,5,0,30.5,Clear,Field A
2022-08-11,11:30,Cow_392,10,7,0,0,30.5,Clear,Field B
2022-08-11,11:30,Cow_393,5,6,4,0,30.5,Clear,Field A
2022-08-11,11:30,Cow_394,0,9,6,0,30.5,Clear,Field B
2022-08-11,11:30,Cow_395,10,11,0,0,30.5,Clear,Field A
2022-08-11,11:30,Cow_396,6,2,7,0,30.5,Clear,Field B
2022-08-11,11:30,Cow_397,11,0,7,0,30.5,Clear,Field C
2022-08-11,11:30,Cow_398,7,1,7,0,30.5,Clear,Field B
2022-08-11,11:30,Cow_399,10,3,2,0,30.5,Clear,Field A
2022-08-11,11:30,Cow_400,9,3,3,0,30.5,Clear,Field A
2022-08-11,11:30,Cow_401,0,9,6,0,30.5,Clear,Field C
2022-08-11,11:30,Cow_402,11,7,0,0,30.5,Clear,Field B
2022-08-11,11:30,Cow_403,10,7,0,0,30.5,Clear,Field C
2022-08-11,11:30,Cow_404,9,3,3,0,30.5,Clear,Field B
2022-08-11,11:30,Cow_405,5,5,5,0,30.5,Clear,Field A
2022-08-11,11:30,Cow_406,14,0,3,0,30.5,Clear,Field C
2022-08-11,11:30,Cow_407,6,4,5,0,30.5,Clear,Field C
2022-08-11,11:30,Cow_408,7,6,2,0,30.5,Clear,Field C
2022-08-11,11:30,Cow_409,0,0,0,15,30.5,Clear,Field B
2022-08-11,11:30,Cow_410,11,0,4,0,30.5,Clear,Field C
2022-08-11,11:30,Cow_411,8,4,3,0,30.5,Clear,Field A
2022-08-11,11:30,Cow_412,11,10,0,0,30.5,Clear,Field B
2022-08-11,11:30,Cow_413,6,3,6,0,30.5,Clear,Field B
2022-08-11,11:30,Cow_414,12,0,4,0,30.5,Clear,Field C
2022-08-11,11:30,Cow_415,1,6,8,0,30.5,Clear,Field C
2022-08-11,11:30,Cow_416,8,7,0,0,30.5,Clear,Field A
2022-08-11,11:30,Cow_417,9,2,4,0,30.5,Clear,Field A
2022-08-11,11:30,Cow_418,0,10,8,0,30.5,Clear,Field B
2022-08-11,11:30,Cow_419,0,0,0,15,30.5,Clear,Field A
2022-08-11,11:30,Cow_420,5,5,5,0,30.5,Clear,Field C
2022-08-11,11:30,Cow_421,5,7,3,0,30.5,Clear,Field C
2022-08-11,11:30,Cow_422,0,9,6,0,30.5,Clear,Field B
2022-08-11,11:30,Cow_423,11,0,8,0,30.5,Clear,Field B
2022-08-11,11:30,Cow_424,14,0,5,0,30.5,Clear,Field B
2022-08-11,11:30,Cow_425,9,3,3,0,30.5,Clear,Field B
2022-08-11,11:30,Cow_426,8,0,7,0,30.5,Clear,Field A
2022-08-11,11:30,Cow_427,15,0,10,0,30.5,Clear,Field B
2022-08-11,11:30,Cow_428,8,4,3,0,30.5,Clear,Field C
2022-08-11,11:30,Cow_429,6,5,4,0,30.5,Clear,Field B
2022-08-11,11:30,Cow_430,11,10,0,0,30.5,Clear,Field A
2022-08-11,11:30,Cow_431,7,5,3,0,30.5,Clear,Field A
2022-08-11,11:30,Cow_432,13,0,7,0,30.5,Clear,Field C
2022-08-11,11:30,Cow_433,13,10,0,0,30.5,Clear,Field C
2022-08-11,11:30,Cow_434,14,9,0,0,30.5,Clear,Field B
2022-08-11,11:30,Cow_435,14,10,0,0,30.5,Clear,Field A
2022-08-11,11:30,Cow_436,5,4,6,0,30.5,Clear,Field B
2022-08-11,11:30,Cow_437,7,5,3,0,30.5,Clear,Field A
2022-08-11,11:30,Cow_438,13,7,0,0,30.5,Clear,Field B
2022-08-11,11:30,Cow_439,11,5,0,0,30.5,Clear,Field A
2022-08-11,11:30,Cow_440,7,4,4,0,30.5,Clear,Field B
2022-08-11,11:30,Cow_441,9,1,5,0,30.5,Clear,Field B
2022-08-11,11:30,Cow_442,3,10,2,0,30.5,Clear,Field C
2022-08-11,11:30,Cow_443,5,2,8,0,30.5,Clear,Field C
2022-08-11,11:30,Cow_444,4,3,8,0,30.5,Clear,Field A
2022-08-11,11:30,Cow_445,7,8,0,0,30.5,Clear,Field B
2022-08-11,11:30,Cow_446,13,0,5,0,30.5,Clear,Field C
2022-08-11,11:30,Cow_447,6,4,5,0,30.5,Clear,Field A
2022-08-11,11:30,Cow_448,10,0,5,0,30.5,Clear,Field C
2022-08-11,11:30,Cow_449,8,3,4,0,30.5,Clear,Field B
2022-08-11,11:30,Cow_450,5,3,7,0,30.5,Clear,Field B
2022-08-11,11:30,Cow_451,7,4,4,0,30.5,Clear,Field A
2022-08-11,11:30,Cow_452,7,4,4,0,30.5,Clear,Field A
2022-08-11,11:30,Cow_453,10,9,0,0,30.5,Clear,Field C
2022-08-11,11:30,Cow_454,9,9,0,0,30.5,Clear,Field B
2022-08-11,11:30,Cow_455,14,3,0,0,30.5,Clear,Field C
2022-08-11,11:30,Cow_456,1,8,6,0,30.5,Clear,Field B
2022-08-11,11:30,Cow_457,8,10,0,0,30.5,Clear,Field C
2022-08-11,11:30,Cow_458,0,0,0,15,30.5,Clear,Field C
2022-08-11,11:30,Cow_459,7,1,7,0,30.5,Clear,Field B
2022-08-11,11:30,Cow_460,11,0,4,0,30.5,Clear,Field C
2022-08-11,11:30,Cow_461,3,8,4,0,30.5,Clear,Field C
2022-08-11,11:30,Cow_462,14,4,0,0,30.5,Clear,Field B
2022-08-11,11:30,Cow_463,1,9,5,0,30.5,Clear,Field A
2022-08-11,11:30,Cow_464,0,10,8,0,30.5,Clear,Field C
2022-08-11,11:30,Cow_465,9,6,0,0,30.5,Clear,Field C
2022-08-11,11:30,Cow_466,6,3,6,0,30.5,Clear,Field C
2022-08-11,11:30,Cow_467,12,3,0,0,30.5,Clear,Field C
2022-08-11,11:30,Cow_468,6,6,3,0,30.5,Clear,Field B
2022-08-11,11:30,Cow_469,6,3,6,0,30.5,Clear,Field A
2022-08-11,11:30,Cow_470,12,0,5,0,30.5,Clear,Field C
2022-08-11,11:30,Cow_471,11,1,3,0,30.5,Clear,Field B
2022-08-11,11:30,Cow_472,12,10,0,0,30.5,Clear,Field A
2022-08-11,11:30,Cow_473,5,2,8,0,30.5,Clear,Field C
2022-08-11,11:30,Cow_474,7,8,0,0,30.5,Clear,Field A
2022-08-11,11:30,Cow_475,0,0,0,15,30.5,Clear,Field B
2022-08-11,11:30,Cow_476,14,0,6,0,30.5,Clear,Field B
2022-08-11,11:30,Cow_477,3,7,5,0,30.5,Clear,Field B
2022-08-11,11:30,Cow_478,10,5,0,0,30.5,Clear,Field C
2022-08-11,11:30,Cow_479,5,9,1,0,30.5,Clear,Field B
2022-08-11,11:30,Cow_480,1,8,6,0,30.5,Clear,Field A
2022-08-11,11:30,Cow_481,1,9,5,0,30.5,Clear,Field A
2022-08-11,11:30,Cow_482,5,2,8,0,30.5,Clear,Field B
2022-08-11,11:30,Cow_483,7,0,8,0,30.5,Clear,Field A
2022-08-11,11:30,Cow_484,10,0,6,0,30.5,Clear,Field B
2022-08-11,11:30,Cow_485,7,6,2,0,30.5,Clear,Field C
2022-08-11,11:30,Cow_486,8,3,4,0,30.5,Clear,Field B
2022-08-11,11:30,Cow_487,0,9,6,0,30.5,Clear,Field B
2022-08-11,11:30,Cow_488,6,5,4,0,30.5,Clear,Field C
2022-08-11,11:30,Cow_489,5,7,3,0,30.5,Clear,Field C
2022-08-11,11:30,Cow_490,6,4,5,0,30.5,Clear,Field C
2022-08-11,11:30,Cow_491,0,9,8,0,30.5,Clear,Field A
2022-08-11,11:30,Cow_492,8,3,4,0,30.5,Clear,Field C
2022-08-11,11:30,Cow_493,9,0,7,0,30.5,Clear,Field C
2022-08-11,11:30,Cow_494,8,4,3,0,30.5,Clear,Field C
2022-08-11,11:30,Cow_495,7,1,7,0,30.5,Clear,Field C
2022-08-11,11:30,Cow_496,10,0,8,0,30.5,Clear,Field C
2022-08-11,11:30,Cow_497,9,0,8,0,30.5,Clear,Field B
2022-08-11,11:30,Cow_498,2,10,3,0,30.5,Clear,Field B
2022-08-11,11:30,Cow_499,10,2,3,0,30.5,Clear,Field B
2022-08-11,11:30,Cow_500,12,0,4,0,30.5,Clear,Field A
2022-08-11,11:45,Cow_1,10,0,7,0,35.1,Clear,Field A
2022-08-11,11:45,Cow_2,13,0,8,0,35.1,Clear,Field A
2022-08-11,11:45,Cow_3,10,6,0,0,35.1,Clear,Field A
2022-08-11,11:45,Cow_4,10,1,4,0,35.1,Clear,Field B
2022-08-11,11:45,Cow_5,11,7,0,0,35.1,Clear,Field A
2022-08-11,11:45,Cow_6,8,0,7,0,35.1,Clear,Field B
2022-08-11,11:45,Cow_7,7,8,0,0,35.1,Clear,Field A
2022-08-11,11:45,Cow_8,11,1,3,0,35.1,Clear,Field C
2022-08-11,11:45,Cow_9,8,4,3,0,35.1,Clear,Field C
2022-08-11,11:45,Cow_10,9,8,0,0,35.1,Clear,Field C
2022-08-11,11:45,Cow_11,8,9,0,0,35.1,Clear,Field B
2022-08-11,11:45,Cow_12,7,4,4,0,35.1,Clear,Field B
2022-08-11,11:45,Cow_13,7,0,8,0,35.1,Clear,Field A
2022-08-11,11:45,Cow_14,3,8,4,0,35.1,Clear,Field C
2022-08-11,11:45,Cow_15,0,8,8,0,35.1,Clear,Field A
2022-08-11,11:45,Cow_16,4,5,6,0,35.1,Clear,Field C
2022-08-11,11:45,Cow_17,4,4,7,0,35.1,Clear,Field A
2022-08-11,11:45,Cow_18,5,5,5,0,35.1,Clear,Field A
2022-08-11,11:45,Cow_19,7,6,2,0,35.1,Clear,Field B
2022-08-11,11:45,Cow_20,8,0,7,0,35.1,Clear,Field C
2022-08-11,11:45,Cow_21,1,11,3,0,35.1,Clear,Field C
2022-08-11,11:45,Cow_22,12,8,0,0,35.1,Clear,Field C
2022-08-11,11:45,Cow_23,0,9,6,0,35.1,Clear,Field B
2022-08-11,11:45,Cow_24,2,6,7,0,35.1,Clear,Field C
2022-08-11,11:45,Cow_25,9,5,1,0,35.1,Clear,Field A
2022-08-11,11:45,Cow_26,0,10,8,0,35.1,Clear,Field A
2022-08-11,11:45,Cow_27,1,8,6,0,35.1,Clear,Field A
2022-08-11,11:45,Cow_28,11,0,8,0,35.1,Clear,Field A
2022-08-11,11:45,Cow_29,0,0,0,15,35.1,Clear,Field C
2022-08-11,11:45,Cow_30,0,8,7,0,35.1,Clear,Field C
2022-08-11,11:45,Cow_31,5,4,6,0,35.1,Clear,Field B
2022-08-11,11:45,Cow_32,6,6,3,0,35.1,Clear,Field B
2022-08-11,11:45,Cow_33,2,5,8,0,35.1,Clear,Field B
2022-08-11,11:45,Cow_34,2,7,6,0,35.1,Clear,Field C
2022-08-11,11:45,Cow_35,1,8,6,0,35.1,Clear,Field B
2022-08-11,11:45,Cow_36,5,7,3,0,35.1,Clear,Field C
2022-08-11,11:45,Cow_37,7,4,4,0,35.1,Clear,Field A
2022-08-11,11:45,Cow_38,11,3,1,0,35.1,Clear,Field A
2022-08-11,11:45,Cow_39,6,10,0,0,35.1,Clear,Field B
2022-08-11,11:45,Cow_40,3,9,3,0,35.1,Clear,Field B
2022-08-11,11:45,Cow_41,5,4,6,0,35.1,Clear,Field B
2022-08-11,11:45,Cow_42,0,0,0,15,35.1,Clear,Field A
2022-08-11,11:45,Cow_43,3,7,5,0,35.1,Clear,Field B
2022-08-11,11:45,Cow_44,10,1,4,0,35.1,Clear,Field A
2022-08-11,11:45,Cow_45,5,6,4,0,35.1,Clear,Field B
2022-08-11,11:45,Cow_46,5,6,4,0,35.1,Clear,Field A
2022-08-11,11:45,Cow_47,14,0,8,0,35.1,Clear,Field A
2022-08-11,11:45,Cow_48,2,7,6,0,35.1,Clear,Field B
2022-08-11,11:45,Cow_49,12,0,3,0,35.1,Clear,Field A
2022-08-11,11:45,Cow_50,4,3,8,0,35.1,Clear,Field A
2022-08-11,11:45,Cow_51,8,4,3,0,35.1,Clear,Field B
2022-08-11,11:45,Cow_52,9,9,0,0,35.1,Clear,Field B
2022-08-11,11:45,Cow_53,7,3,5,0,35.1,Clear,Field A
2022-08-11,11:45,Cow_54,3,9,3,0,35.1,Clear,Field B
2022-08-11,11:45,Cow_55,6,6,3,0,35.1,Clear,Field B
2022-08-11,11:45,Cow_56,8,3,4,0,35.1,Clear,Field C
2022-08-11,11:45,Cow_57,1,10,4,0,35.1,Clear,Field A
2022-08-11,11:45,Cow_58,14,0,6,0,35.1,Clear,Field A
2022-08-11,11:45,Cow_59,1,7,7,0,35.1,Clear,Field C
2022-08-11,11:45,Cow_60,7,3,5,0,35.1,Clear,Field C
2022-08-11,11:45,Cow_61,4,3,8,0,35.1,Clear,Field B
2022-08-11,11:45,Cow_62,5,7,3,0,35.1,Clear,Field A
2022-08-11,11:45,Cow_63,0,5,10,0,35.1,Clear,Field B
2022-08-11,11:45,Cow_64,9,3,3,0,35.1,Clear,Field B
2022-08-11,11:45,Cow_65,14,0,7,0,35.1,Clear,Field B
2022-08-11,11:45,Cow_66,14,0,6,0,35.1,Clear,Field B
2022-08-11,11:45,Cow_67,9,10,0,0,35.1,Clear,Field B
2022-08-11,11:45,Cow_68,12,9,0,0,35.1,Clear,Field B
2022-08-11,11:45,Cow_69,6,6,3,0,35.1,Clear,Field C
2022-08-11,11:45,Cow_70,9,0,8,0,35.1,Clear,Field C
2022-08-11,11:45,Cow_71,14,0,5,0,35.1,Clear,Field A
2022-08-11,11:45,Cow_72,0,7,8,0,35.1,Clear,Field B
2022-08-11,11:45,Cow_73,1,8,6,0,35.1,Clear,Field C
2022-08-11,11:45,Cow_74,7,5,3,0,35.1,Clear,Field C
2022-08-11,11:45,Cow_75,1,5,9,0,35.1,Clear,Field C
2022-08-11,11:45,Cow_76,11,6,0,0,35.1,Clear,Field B
2022-08-11,11:45,Cow_77,4,5,6,0,35.1,Clear,Field A
2022-08-11,11:45,Cow_78,0,0,0,15,35.1,Clear,Field A
2022-08-11,11:45,Cow_79,5,7,3,0,35.1,Clear,Field A
2022-08-11,11:45,Cow_80,2,7,6,0,35.1,Clear,Field C
2022-08-11,11:45,Cow_81,7,5,3,0,35.1,Clear,Field B
2022-08-11,11:45,Cow_82,0,0,0,15,35.1,Clear,Field C
2022-08-11,11:45,Cow_83,10,8,0,0,35.1,Clear,Field C
2022-08-11,11:45,Cow_84,0,9,6,0,35.1,Clear,Field C
2022-08-11,11:45,Cow_85,12,9,0,0,35.1,Clear,Field C
2022-08-11,11:45,Cow_86,3,6,6,0,35.1,Clear,Field C
2022-08-11,11:45,Cow_87,3,9,3,0,35.1,Clear,Field A
2022-08-11,11:45,Cow_88,6,6,3,0,35.1,Clear,Field B
2022-08-11,11:45,Cow_89,5,4,6,0,35.1,Clear,Field A
2022-08-11,11:45,Cow_90,8,3,4,0,35.1,Clear,Field C
2022-08-11,11:45,Cow_91,11,1,3,0,35.1,Clear,Field A
2022-08-11,11:45,Cow_92,4,8,3,0,35.1,Clear,Field C
2022-08-11,11:45,Cow_93,10,1,4,0,35.1,Clear,Field A
2022-08-11,11:45,Cow_94,2,9,4,0,35.1,Clear,Field C
2022-08-11,11:45,Cow_95,7,4,4,0,35.1,Clear,Field B
2022-08-11,11:45,Cow_96,12,0,3,0,35.1,Clear,Field A
2022-08-11,11:45,Cow_97,8,7,0,0,35.1,Clear,Field C
2022-08-11,11:45,Cow_98,9,4,2,0,35.1,Clear,Field C
2022-08-11,11:45,Cow_99,5,7,3,0,35.1,Clear,Field C
2022-08-11,11:45,Cow_100,11,1,3,0,35.1,Clear,Field B
2022-08-11,11:45,Cow_101,8,7,0,0,35.1,Clear,Field A
2022-08-11,11:45,Cow_102,8,4,3,0,35.1,Clear,Field B
2022-08-11,11:45,Cow_103,0,7,8,0,35.1,Clear,Field C
2022-08-11,11:45,Cow_104,13,6,0,0,35.1,Clear,Field C
2022-08-11,11:45,Cow_105,5,7,3,0,35.1,Clear,Field A
2022-08-11,11:45,Cow_106,12,0,4,0,35.1,Clear,Field A
2022-08-11,11:45,Cow_107,1,8,6,0,35.1,Clear,Field A
2022-08-11,11:45,Cow_108,6,4,5,0,35.1,Clear,Field C
2022-08-11,11:45,Cow_109,9,10,0,0,35.1,Clear,Field B
2022-08-11,11:45,Cow_110,5,5,5,0,35.1,Clear,Field B
2022-08-11,11:45,Cow_111,7,5,3,0,35.1,Clear,Field A
2022-08-11,11:45,Cow_112,8,4,3,0,35.1,Clear,Field A
2022-08-11,11:45,Cow_113,0,0,0,15,35.1,Clear,Field C
2022-08-11,11:45,Cow_114,13,10,0,0,35.1,Clear,Field C
2022-08-11,11:45,Cow_115,4,6,5,0,35.1,Clear,Field C
2022-08-11,11:45,Cow_116,9,9,0,0,35.1,Clear,Field C
2022-08-11,11:45,Cow_117,2,9,4,0,35.1,Clear,Field C
2022-08-11,11:45,Cow_118,9,0,6,0,35.1,Clear,Field C
2022-08-11,11:45,Cow_119,7,4,4,0,35.1,Clear,Field C
2022-08-11,11:45,Cow_120,12,9,0,0,35.1,Clear,Field C
2022-08-11,11:45,Cow_121,14,6,0,0,35.1,Clear,Field C
2022-08-11,11:45,Cow_122,5,5,5,0,35.1,Clear,Field A
2022-08-11,11:45,Cow_123,7,5,3,0,35.1,Clear,Field A
2022-08-11,11:45,Cow_124,5,4,6,0,35.1,Clear,Field A
2022-08-11,11:45,Cow_125,0,10,7,0,35.1,Clear,Field A
2022-08-11,11:45,Cow_126,8,4,3,0,35.1,Clear,Field B
2022-08-11,11:45,Cow_127,8,4,3,0,35.1,Clear,Field B
2022-08-11,11:45,Cow_128,14,0,3,0,35.1,Clear,Field A
2022-08-11,11:45,Cow_129,0,7,8,0,35.1,Clear,Field B
2022-08-11,11:45,Cow_130,7,7,1,0,35.1,Clear,Field C
2022-08-11,11:45,Cow_131,14,0,5,0,35.1,Clear,Field B
2022-08-11,11:45,Cow_132,14,8,0,0,35.1,Clear,Field A
2022-08-11,11:45,Cow_133,4,8,3,0,35.1,Clear,Field B
2022-08-11,11:45,Cow_134,11,4,0,0,35.1,Clear,Field B
2022-08-11,11:45,Cow_135,0,0,0,15,35.1,Clear,Field A
2022-08-11,11:45,Cow_136,7,3,5,0,35.1,Clear,Field B
2022-08-11,11:45,Cow_137,0,8,8,0,35.1,Clear,Field B
2022-08-11,11:45,Cow_138,10,1,4,0,35.1,Clear,Field B
2022-08-11,11:45,Cow_139,8,9,0,0,35.1,Clear,Field A
2022-08-11,11:45,Cow_140,7,4,4,0,35.1,Clear,Field A
2022-08-11,11:45,Cow_141,8,2,5,0,35.1,Clear,Field A
2022-08-11,11:45,Cow_142,14,0,8,0,35.1,Clear,Field C
2022-08-11,11:45,Cow_143,7,4,4,0,35.1,Clear,Field A
2022-08-11,11:45,Cow_144,7,3,5,0,35.1,Clear,Field B
2022-08-11,11:45,Cow_145,6,10,0,0,35.1,Clear,Field B
2022-08-11,11:45,Cow_146,11,0,8,0,35.1,Clear,Field A
2022-08-11,11:45,Cow_147,8,0,8,0,35.1,Clear,Field B
2022-08-11,11:45,Cow_148,9,3,3,0,35.1,Clear,Field B
2022-08-11,11:45,Cow_149,8,1,6,0,35.1,Clear,Field A
2022-08-11,11:45,Cow_150,6,9,0,0,35.1,Clear,Field B
2022-08-11,11:45,Cow_151,0,0,0,15,35.1,Clear,Field C
2022-08-11,11:45,Cow_152,0,10,7,0,35.1,Clear,Field B
2022-08-11,11:45,Cow_153,10,8,0,0,35.1,Clear,Field A
2022-08-11,11:45,Cow_154,0,9,7,0,35.1,Clear,Field A
2022-08-11,11:45,Cow_155,14,5,0,0,35.1,Clear,Field A
2022-08-11,11:45,Cow_156,9,3,3,0,35.1,Clear,Field A
2022-08-11,11:45,Cow_157,9,3,3,0,35.1,Clear,Field B
2022-08-11,11:45,Cow_158,4,6,5,0,35.1,Clear,Field B
2022-08-11,11:45,Cow_159,7,3,5,0,35.1,Clear,Field B
2022-08-11,11:45,Cow_160,8,10,0,0,35.1,Clear,Field B
2022-08-11,11:45,Cow_161,5,7,3,0,35.1,Clear,Field B
2022-08-11,11:45,Cow_162,2,8,5,0,35.1,Clear,Field B
2022-08-11,11:45,Cow_163,11,8,0,0,35.1,Clear,Field B
2022-08-11,11:45,Cow_164,0,9,8,0,35.1,Clear,Field A
2022-08-11,11:45,Cow_165,0,10,6,0,35.1,Clear,Field C
2022-08-11,11:45,Cow_166,6,6,3,0,35.1,Clear,Field B
2022-08-11,11:45,Cow_167,4,6,5,0,35.1,Clear,Field C
2022-08-11,11:45,Cow_168,6,7,2,0,35.1,Clear,Field C
2022-08-11,11:45,Cow_169,14,5,0,0,35.1,Clear,Field A
2022-08-11,11:45,Cow_170,0,9,7,0,35.1,Clear,Field A
2022-08-11,11:45,Cow_171,12,0,8,0,35.1,Clear,Field C
2022-08-11,11:45,Cow_172,8,8,0,0,35.1,Clear,Field A
2022-08-11,11:45,Cow_173,0,8,7,0,35.1,Clear,Field B
2022-08-11,11:45,Cow_174,7,4,4,0,35.1,Clear,Field A
2022-08-11,11:45,Cow_175,9,3,3,0,35.1,Clear,Field A
2022-08-11,11:45,Cow_176,6,4,5,0,35.1,Clear,Field C
2022-08-11,11:45,Cow_177,5,3,7,0,35.1,Clear,Field B
2022-08-11,11:45,Cow_178,6,5,4,0,35.1,Clear,Field A
2022-08-11,11:45,Cow_179,7,5,3,0,35.1,Clear,Field A
2022-08-11,11:45,Cow_180,6,1,8,0,35.1,Clear,Field B
2022-08-11,11:45,Cow_181,0,0,0,15,35.1,Clear,Field A
2022-08-11,11:45,Cow_182,0,0,0,15,35.1,Clear,Field A
2022-08-11,11:45,Cow_183,13,4,0,0,35.1,Clear,Field C
2022-08-11,11:45,Cow_184,0,10,7,0,35.1,Clear,Field C
2022-08-11,11:45,Cow_185,4,8,3,0,35.1,Clear,Field A
2022-08-11,11:45,Cow_186,6,4,5,0,35.1,Clear,Field C
2022-08-11,11:45,Cow_187,4,4,7,0,35.1,Clear,Field C
2022-08-11,11:45,Cow_188,8,3,4,0,35.1,Clear,Field A
2022-08-11,11:45,Cow_189,9,0,6,0,35.1,Clear,Field A
2022-08-11,11:45,Cow_190,0,10,7,0,35.1,Clear,Field A
2022-08-11,11:45,Cow_191,5,4,6,0,35.1,Clear,Field B
2022-08-11,11:45,Cow_192,0,8,8,0,35.1,Clear,Field A
2022-08-11,11:45,Cow_193,2,6,7,0,35.1,Clear,Field C
2022-08-11,11:45,Cow_194,4,6,5,0,35.1,Clear,Field C
2022-08-11,11:45,Cow_195,6,3,6,0,35.1,Clear,Field A
2022-08-11,11:45,Cow_196,5,6,4,0,35.1,Clear,Field B
2022-08-11,11:45,Cow_197,6,5,4,0,35.1,Clear,Field B
2022-08-11,11:45,Cow_198,12,0,3,0,35.1,Clear,Field B
2022-08-11,11:45,Cow_199,14,0,7,0,35.1,Clear,Field C
2022-08-11,11:45,Cow_200,7,3,5,0,35.1,Clear,Field B
2022-08-11,11:45,Cow_201,11,1,3,0,35.1,Clear,Field A
2022-08-11,11:45,Cow_202,6,10,0,0,35.1,Clear,Field C
2022-08-11,11:45,Cow_203,10,2,3,0,35.1,Clear,Field C
2022-08-11,11:45,Cow_204,2,6,7,0,35.1,Clear,Field C
2022-08-11,11:45,Cow_205,0,0,0,15,35.1,Clear,Field B
2022-08-11,11:45,Cow_206,13,5,0,0,35.1,Clear,Field C
2022-08-11,11:45,Cow_207,11,1,3,0,35.1,Clear,Field B
2022-08-11,11:45,Cow_208,6,6,3,0,35.1,Clear,Field B
2022-08-11,11:45,Cow_209,6,1,8,0,35.1,Clear,Field A
2022-08-11,11:45,Cow_210,10,2,3,0,35.1,Clear,Field A
2022-08-11,11:45,Cow_211,12,6,0,0,35.1,Clear,Field B
2022-08-11,11:45,Cow_212,5,7,3,0,35.1,Clear,Field C
2022-08-11,11:45,Cow_213,9,5,1,0,35.1,Clear,Field B
2022-08-11,11:45,Cow_214,5,8,2,0,35.1,Clear,Field C
2022-08-11,11:45,Cow_215,12,5,0,0,35.1,Clear,Field A
2022-08-11,11:45,Cow_216,5,4,6,0,35.1,Clear,Field A
2022-08-11,11:45,Cow_217,10,0,7,0,35.1,Clear,Field B
2022-08-11,11:45,Cow_218,12,0,6,0,35.1,Clear,Field B
2022-08-11,11:45,Cow_219,6,6,3,0,35.1,Clear,Field A
2022-08-11,11:45,Cow_220,9,0,7,0,35.1,Clear,Field A
2022-08-11,11:45,Cow_221,8,0,7,0,35.1,Clear,Field A
2022-08-11,11:45,Cow_222,13,0,8,0,35.1,Clear,Field B
2022-08-11,11:45,Cow_223,13,0,4,0,35.1,Clear,Field A
2022-08-11,11:45,Cow_224,5,3,7,0,35.1,Clear,Field B
2022-08-11,11:45,Cow_225,12,5,0,0,35.1,Clear,Field B
2022-08-11,11:45,Cow_226,14,5,0,0,35.1,Clear,Field B
2022-08-11,11:45,Cow_227,1,7,7,0,35.1,Clear,Field A
2022-08-11,11:45,Cow_228,3,5,7,0,35.1,Clear,Field C
2022-08-11,11:45,Cow_229,5,4,6,0,35.1,Clear,Field A
2022-08-11,11:45,Cow_230,6,4,5,0,35.1,Clear,Field B
2022-08-11,11:45,Cow_231,14,0,6,0,35.1,Clear,Field B
2022-08-11,11:45,Cow_232,13,5,0,0,35.1,Clear,Field A
2022-08-11,11:45,Cow_233,12,8,0,0,35.1,Clear,Field C
2022-08-11,11:45,Cow_234,9,4,2,0,35.1,Clear,Field C
2022-08-11,11:45,Cow_235,2,5,8,0,35.1,Clear,Field C
2022-08-11,11:45,Cow_236,11,3,1,0,35.1,Clear,Field B
2022-08-11,11:45,Cow_237,0,0,0,15,35.1,Clear,Field C
2022-08-11,11:45,Cow_238,6,4,5,0,35.1,Clear,Field A
2022-08-11,11:45,Cow_239,8,0,7,0,35.1,Clear,Field C
2022-08-11,11:45,Cow_240,14,0,3,0,35.1,Clear,Field A
2022-08-11,11:45,Cow_241,9,3,3,0,35.1,Clear,Field C
2022-08-11,11:45,Cow_242,11,3,1,0,35.1,Clear,Field A
2022-08-11,11:45,Cow_243,6,6,3,0,35.1,Clear,Field C
2022-08-11,11:45,Cow_244,8,3,4,0,35.1,Clear,Field C
2022-08-11,11:45,Cow_245,14,10,0,0,35.1,Clear,Field A
2022-08-11,11:45,Cow_246,7,5,3,0,35.1,Clear,Field C
2022-08-11,11:45,Cow_247,1,11,3,0,35.1,Clear,Field B
2022-08-11,11:45,Cow_248,12,0,4,0,35.1,Clear,Field B
2022-08-11,11:45,Cow_249,9,9,0,0,35.1,Clear,Field A
2022-08-11,11:45,Cow_250,0,9,7,0,35.1,Clear,Field A
2022-08-11,11:45,Cow_251,7,10,0,0,35.1,Clear,Field A
2022-08-11,11:45,Cow_252,7,4,4,0,35.1,Clear,Field C
2022-08-11,11:45,Cow_253,0,0,0,15,35.1,Clear,Field A
2022-08-11,11:45,Cow_254,9,9,0,0,35.1,Clear,Field C
2022-08-11,11:45,Cow_255,14,10,0,0,35.1,Clear,Field C
2022-08-11,11:45,Cow_256,12,0,7,0,35.1,Clear,Field A
2022-08-11,11:45,Cow_257,8,4,3,0,35.1,Clear,Field C
2022-08-11,11:45,Cow_258,14,5,0,0,35.1,Clear,Field C
2022-08-11,11:45,Cow_259,0,0,0,15,35.1,Clear,Field C
2022-08-11,11:45,Cow_260,5,4,6,0,35.1,Clear,Field B
2022-08-11,11:45,Cow_261,9,3,3,0,35.1,Clear,Field A
2022-08-11,11:45,Cow_262,0,8,8,0,35.1,Clear,Field C
2022-08-11,11:45,Cow_263,5,6,4,0,35.1,Clear,Field A
2022-08-11,11:45,Cow_264,11,0,7,0,35.1,Clear,Field B
2022-08-11,11:45,Cow_265,0,0,0,15,35.1,Clear,Field C
2022-08-11,11:45,Cow_266,11,9,0,0,35.1,Clear,Field C
2022-08-11,11:45,Cow_267,0,10,6,0,35.1,Clear,Field C
2022-08-11,11:45,Cow_268,8,2,5,0,35.1,Clear,Field B
2022-08-11,11:45,Cow_269,5,3,7,0,35.1,Clear,Field A
2022-08-11,11:45,Cow_270,9,3,3,0,35.1,Clear,Field A
2022-08-11,11:45,Cow_271,10,6,0,0,35.1,Clear,Field C
2022-08-11,11:45,Cow_272,5,5,5,0,35.1,Clear,Field B
2022-08-11,11:45,Cow_273,9,8,0,0,35.1,Clear,Field C
2022-08-11,11:45,Cow_274,14,3,0,0,35.1,Clear,Field B
2022-08-11,11:45,Cow_275,5,6,4,0,35.1,Clear,Field B
2022-08-11,11:45,Cow_276,8,3,4,0,35.1,Clear,Field B
2022-08-11,11:45,Cow_277,8,3,4,0,35.1,Clear,Field C
2022-08-11,11:45,Cow_278,0,0,0,15,35.1,Clear,Field B
2022-08-11,11:45,Cow_279,7,3,5,0,35.1,Clear,Field A
2022-08-11,11:45,Cow_280,0,9,8,0,35.1,Clear,Field B
2022-08-11,11:45,Cow_281,0,0,0,15,35.1,Clear,Field B
2022-08-11,11:45,Cow_282,6,6,3,0,35.1,Clear,Field C
2022-08-11,11:45,Cow_283,14,8,0,0,35.1,Clear,Field C
2022-08-11,11:45,Cow_284,12,0,8,0,35.1,Clear,Field A
2022-08-11,11:45,Cow_285,9,0,8,0,35.1,Clear,Field C
2022-08-11,11:45,Cow_286,10,0,8,0,35.1,Clear,Field C
2022-08-11,11:45,Cow_287,0,8,7,0,35.1,Clear,Field C
2022-08-11,11:45,Cow_288,9,5,1,0,35.1,Clear,Field C
2022-08-11,11:45,Cow_289,14,9,0,0,35.1,Clear,Field B
2022-08-11,11:45,Cow_290,3,4,8,0,35.1,Clear,Field B
2022-08-11,11:45,Cow_291,0,10,8,0,35.1,Clear,Field B
2022-08-11,11:45,Cow_292,14,3,0,0,35.1,Clear,Field A
2022-08-11,11:45,Cow_293,8,3,4,0,35.1,Clear,Field A
2022-08-11,11:45,Cow_294,13,0,7,0,35.1,Clear,Field B
2022-08-11,11:45,Cow_295,2,7,6,0,35.1,Clear,Field B
2022-08-11,11:45,Cow_296,0,9,7,0,35.1,Clear,Field B
2022-08-11,11:45,Cow_297,9,5,1,0,35.1,Clear,Field A
2022-08-11,11:45,Cow_298,3,6,6,0,35.1,Clear,Field B
2022-08-11,11:45,Cow_299,2,3,10,0,35.1,Clear,Field C
2022-08-11,11:45,Cow_300,12,0,3,0,35.1,Clear,Field C
2022-08-11,11:45,Cow_301,0,9,6,0,35.1,Clear,Field B
2022-08-11,11:45,Cow_302,5,10,0,0,35.1,Clear,Field A
2022-08-11,11:45,Cow_303,13,9,0,0,35.1,Clear,Field A
2022-08-11,11:45,Cow_304,3,6,6,0,35.1,Clear,Field A
2022-08-11,11:45,Cow_305,7,3,5,0,35.1,Clear,Field C
2022-08-11,11:45,Cow_306,12,0,7,0,35.1,Clear,Field C
2022-08-11,11:45,Cow_307,4,5,6,0,35.1,Clear,Field C
2022-08-11,11:45,Cow_308,0,0,0,15,35.1,Clear,Field C
2022-08-11,11:45,Cow_309,13,5,0,0,35.1,Clear,Field A
2022-08-11,11:45,Cow_310,5,4,6,0,35.1,Clear,Field B
2022-08-11,11:45,Cow_311,2,5,8,0,35.1,Clear,Field C
2022-08-11,11:45,Cow_312,10,10,0,0,35.1,Clear,Field C
2022-08-11,11:45,Cow_313,8,3,4,0,35.1,Clear,Field C
2022-08-11,11:45,Cow_314,1,7,7,0,35.1,Clear,Field A
2022-08-11,11:45,Cow_315,12,6,0,0,35.1,Clear,Field B
2022-08-11,11:45,Cow_316,0,0,0,15,35.1,Clear,Field A
2022-08-11,11:45,Cow_317,12,0,6,0,35.1,Clear,Field B
2022-08-11,11:45,Cow_318,5,3,7,0,35.1,Clear,Field B
2022-08-11,11:45,Cow_319,0,0,0,15,35.1,Clear,Field B
2022-08-11,11:45,Cow_320,0,10,6,0,35.1,Clear,Field B
2022-08-11,11:45,Cow_321,5,3,7,0,35.1,Clear,Field A
2022-08-11,11:45,Cow_322,7,0,8,0,35.1,Clear,Field A
2022-08-11,11:45,Cow_323,14,0,6,0,35.1,Clear,Field B
2022-08-11,11:45,Cow_324,2,7,6,0,35.1,Clear,Field A
2022-08-11,11:45,Cow_325,9,3,3,0,35.1,Clear,Field B
2022-08-11,11:45,Cow_326,6,4,5,0,35.1,Clear,Field C
2022-08-11,11:45,Cow_327,7,9,0,0,35.1,Clear,Field A
2022-08-11,11:45,Cow_328,13,4,0,0,35.1,Clear,Field B
2022-08-11,11:45,Cow_329,7,7,1,0,35.1,Clear,Field C
2022-08-11,11:45,Cow_330,13,0,8,0,35.1,Clear,Field B
2022-08-11,11:45,Cow_331,8,4,3,0,35.1,Clear,Field B
2022-08-11,11:45,Cow_332,13,0,6,0,35.1,Clear,Field A
2022-08-11,11:45,Cow_333,2,6,7,0,35.1,Clear,Field A
2022-08-11,11:45,Cow_334,2,6,7,0,35.1,Clear,Field B
2022-08-11,11:45,Cow_335,8,3,4,0,35.1,Clear,Field A
2022-08-11,11:45,Cow_336,5,6,4,0,35.1,Clear,Field B
2022-08-11,11:45,Cow_337,13,5,0,0,35.1,Clear,Field B
2022-08-11,11:45,Cow_338,5,6,4,0,35.1,Clear,Field C
2022-08-11,11:45,Cow_339,6,6,3,0,35.1,Clear,Field A
2022-08-11,11:45,Cow_340,5,3,7,0,35.1,Clear,Field B
2022-08-11,11:45,Cow_341,6,10,0,0,35.1,Clear,Field B
2022-08-11,11:45,Cow_342,12,0,7,0,35.1,Clear,Field C
2022-08-11,11:45,Cow_343,0,10,5,0,35.1,Clear,Field A
2022-08-11,11:45,Cow_344,5,3,7,0,35.1,Clear,Field A
2022-08-11,11:45,Cow_345,5,2,8,0,35.1,Clear,Field A
2022-08-11,11:45,Cow_346,0,9,8,0,35.1,Clear,Field B
2022-08-11,11:45,Cow_347,10,2,3,0,35.1,Clear,Field B
2022-08-11,11:45,Cow_348,9,7,0,0,35.1,Clear,Field B
2022-08-11,11:45,Cow_349,1,6,8,0,35.1,Clear,Field C
2022-08-11,11:45,Cow_350,7,3,5,0,35.1,Clear,Field B
2022-08-11,11:45,Cow_351,5,6,4,0,35.1,Clear,Field A
2022-08-11,11:45,Cow_352,9,4,2,0,35.1,Clear,Field C
2022-08-11,11:45,Cow_353,9,6,0,0,35.1,Clear,Field B
2022-08-11,11:45,Cow_354,9,0,7,0,35.1,Clear,Field A
2022-08-11,11:45,Cow_355,5,4,6,0,35.1,Clear,Field A
2022-08-11,11:45,Cow_356,2,5,8,0,35.1,Clear,Field C
2022-08-11,11:45,Cow_357,9,10,0,0,35.1,Clear,Field A
2022-08-11,11:45,Cow_358,7,4,4,0,35.1,Clear,Field A
2022-08-11,11:45,Cow_359,7,5,3,0,35.1,Clear,Field B
2022-08-11,11:45,Cow_360,8,2,5,0,35.1,Clear,Field A
2022-08-11,11:45,Cow_361,9,3,3,0,35.1,Clear,Field C
2022-08-11,11:45,Cow_362,5,7,3,0,35.1,Clear,Field A
2022-08-11,11:45,Cow_363,7,1,7,0,35.1,Clear,Field C
2022-08-11,11:45,Cow_364,10,1,4,0,35.1,Clear,Field B
2022-08-11,11:45,Cow_365,5,8,2,0,35.1,Clear,Field C
2022-08-11,11:45,Cow_366,4,6,5,0,35.1,Clear,Field A
2022-08-11,11:45,Cow_367,11,0,6,0,35.1,Clear,Field C
2022-08-11,11:45,Cow_368,9,6,0,0,35.1,Clear,Field A
2022-08-11,11:45,Cow_369,1,8,6,0,35.1,Clear,Field A
2022-08-11,11:45,Cow_370,0,10,7,0,35.1,Clear,Field B
2022-08-11,11:45,Cow_371,0,9,7,0,35.1,Clear,Field B
2022-08-11,11:45,Cow_372,11,8,0,0,35.1,Clear,Field A
2022-08-11,11:45,Cow_373,0,10,8,0,35.1,Clear,Field A
2022-08-11,11:45,Cow_374,11,0,5,0,35.1,Clear,Field B
2022-08-11,11:45,Cow_375,0,8,8,0,35.1,Clear,Field C
2022-08-11,11:45,Cow_376,14,8,0,0,35.1,Clear,Field C
2022-08-11,11:45,Cow_377,2,9,4,0,35.1,Clear,Field C
2022-08-11,11:45,Cow_378,7,3,5,0,35.1,Clear,Field A
2022-08-11,11:45,Cow_379,7,3,5,0,35.1,Clear,Field C
2022-08-11,11:45,Cow_380,14,0,5,0,35.1,Clear,Field C
2022-08-11,11:45,Cow_381,5,6,4,0,35.1,Clear,Field B
2022-08-11,11:45,Cow_382,1,9,5,0,35.1,Clear,Field A
2022-08-11,11:45,Cow_383,7,8,0,0,35.1,Clear,Field A
2022-08-11,11:45,Cow_384,4,5,6,0,35.1,Clear,Field A
2022-08-11,11:45,Cow_385,5,4,6,0,35.1,Clear,Field B
2022-08-11,11:45,Cow_386,4,8,3,0,35.1,Clear,Field B
2022-08-11,11:45,Cow_387,9,3,3,0,35.1,Clear,Field A
2022-08-11,11:45,Cow_388,10,6,0,0,35.1,Clear,Field B
2022-08-11,11:45,Cow_389,12,6,0,0,35.1,Clear,Field B
2022-08-11,11:45,Cow_390,12,0,7,0,35.1,Clear,Field C
2022-08-11,11:45,Cow_391,0,9,9,0,35.1,Clear,Field B
2022-08-11,11:45,Cow_392,9,2,4,0,35.1,Clear,Field B
2022-08-11,11:45,Cow_393,9,0,6,0,35.1,Clear,Field A
2022-08-11,11:45,Cow_394,14,0,5,0,35.1,Clear,Field B
2022-08-11,11:45,Cow_395,1,9,5,0,35.1,Clear,Field A
2022-08-11,11:45,Cow_396,14,0,6,0,35.1,Clear,Field C
2022-08-11,11:45,Cow_397,9,3,3,0,35.1,Clear,Field A
2022-08-11,11:45,Cow_398,11,5,0,0,35.1,Clear,Field B
2022-08-11,11:45,Cow_399,6,4,5,0,35.1,Clear,Field A
2022-08-11,11:45,Cow_400,0,0,0,15,35.1,Clear,Field B
2022-08-11,11:45,Cow_401,4,7,4,0,35.1,Clear,Field B
2022-08-11,11:45,Cow_402,0,9,8,0,35.1,Clear,Field B
2022-08-11,11:45,Cow_403,10,2,3,0,35.1,Clear,Field B
2022-08-11,11:45,Cow_404,12,0,6,0,35.1,Clear,Field B
2022-08-11,11:45,Cow_405,2,7,6,0,35.1,Clear,Field A
2022-08-11,11:45,Cow_406,3,4,8,0,35.1,Clear,Field A
2022-08-11,11:45,Cow_407,0,10,6,0,35.1,Clear,Field C
2022-08-11,11:45,Cow_408,14,10,0,0,35.1,Clear,Field C
2022-08-11,11:45,Cow_409,12,4,0,0,35.1,Clear,Field C
2022-08-11,11:45,Cow_410,14,0,7,0,35.1,Clear,Field B
2022-08-11,11:45,Cow_411,0,0,0,15,35.1,Clear,Field A
2022-08-11,11:45,Cow_412,8,11,0,0,35.1,Clear,Field B
2022-08-11,11:45,Cow_413,0,0,0,15,35.1,Clear,Field C
2022-08-11,11:45,Cow_414,7,10,0,0,35.1,Clear,Field C
2022-08-11,11:45,Cow_415,13,9,0,0,35.1,Clear,Field B
2022-08-11,11:45,Cow_416,10,0,5,0,35.1,Clear,Field A
2022-08-11,11:45,Cow_417,2,5,8,0,35.1,Clear,Field B
2022-08-11,11:45,Cow_418,7,3,5,0,35.1,Clear,Field B
2022-08-11,11:45,Cow_419,6,4,5,0,35.1,Clear,Field C
2022-08-11,11:45,Cow_420,11,10,0,0,35.1,Clear,Field B
2022-08-11,11:45,Cow_421,8,6,1,0,35.1,Clear,Field B
2022-08-11,11:45,Cow_422,8,2,5,0,35.1,Clear,Field C
2022-08-11,11:45,Cow_423,6,6,3,0,35.1,Clear,Field B
2022-08-11,11:45,Cow_424,12,4,0,0,35.1,Clear,Field C
2022-08-11,11:45,Cow_425,12,0,8,0,35.1,Clear,Field B
2022-08-11,11:45,Cow_426,11,6,0,0,35.1,Clear,Field A
2022-08-11,11:45,Cow_427,11,10,0,0,35.1,Clear,Field C
2022-08-11,11:45,Cow_428,12,0,7,0,35.1,Clear,Field C
2022-08-11,11:45,Cow_429,8,0,7,0,35.1,Clear,Field A
2022-08-11,11:45,Cow_430,11,9,0,0,35.1,Clear,Field C
2022-08-11,11:45,Cow_431,13,0,4,0,35.1,Clear,Field C
2022-08-11,11:45,Cow_432,6,6,3,0,35.1,Clear,Field A
2022-08-11,11:45,Cow_433,11,8,0,0,35.1,Clear,Field A
2022-08-11,11:45,Cow_434,11,0,4,0,35.1,Clear,Field C
2022-08-11,11:45,Cow_435,11,0,5,0,35.1,Clear,Field B
2022-08-11,11:45,Cow_436,13,5,0,0,35.1,Clear,Field A
2022-08-11,11:45,Cow_437,6,4,5,0,35.1,Clear,Field B
2022-08-11,11:45,Cow_438,12,6,0,0,35.1,Clear,Field B
2022-08-11,11:45,Cow_439,8,8,0,0,35.1,Clear,Field C
2022-08-11,11:45,Cow_440,14,7,0,0,35.1,Clear,Field C
2022-08-11,11:45,Cow_441,14,0,4,0,35.1,Clear,Field B
2022-08-11,11:45,Cow_442,12,0,7,0,35.1,Clear,Field B
2022-08-11,11:45,Cow_443,1,10,4,0,35.1,Clear,Field C
2022-08-11,11:45,Cow_444,12,0,6,0,35.1,Clear,Field B
2022-08-11,11:45,Cow_445,7,3,5,0,35.1,Clear,Field C
2022-08-11,11:45,Cow_446,8,5,2,0,35.1,Clear,Field B
2022-08-11,11:45,Cow_447,8,6,1,0,35.1,Clear,Field C
2022-08-11,11:45,Cow_448,0,0,0,15,35.1,Clear,Field A
2022-08-11,11:45,Cow_449,6,6,3,0,35.1,Clear,Field C
2022-08-11,11:45,Cow_450,0,10,5,0,35.1,Clear,Field A
2022-08-11,11:45,Cow_451,13,5,0,0,35.1,Clear,Field B
2022-08-11,11:45,Cow_452,2,9,4,0,35.1,Clear,Field A
2022-08-11,11:45,Cow_453,6,5,4,0,35.1,Clear,Field C
2022-08-11,11:45,Cow_454,11,0,8,0,35.1,Clear,Field B
2022-08-11,11:45,Cow_455,8,9,0,0,35.1,Clear,Field C
2022-08-11,11:45,Cow_456,5,5,5,0,35.1,Clear,Field C
2022-08-11,11:45,Cow_457,8,10,0,0,35.1,Clear,Field C
2022-08-11,11:45,Cow_458,7,5,3,0,35.1,Clear,Field A
2022-08-11,11:45,Cow_459,6,5,4,0,35.1,Clear,Field B
2022-08-11,11:45,Cow_460,8,3,4,0,35.1,Clear,Field A
2022-08-11,11:45,Cow_461,6,5,4,0,35.1,Clear,Field B
2022-08-11,11:45,Cow_462,5,7,3,0,35.1,Clear,Field A
2022-08-11,11:45,Cow_463,14,7,0,0,35.1,Clear,Field B
2022-08-11,11:45,Cow_464,10,10,0,0,35.1,Clear,Field B
2022-08-11,11:45,Cow_465,13,9,0,0,35.1,Clear,Field C
2022-08-11,11:45,Cow_466,8,3,4,0,35.1,Clear,Field B
2022-08-11,11:45,Cow_467,8,4,3,0,35.1,Clear,Field A
2022-08-11,11:45,Cow_468,5,5,5,0,35.1,Clear,Field B
2022-08-11,11:45,Cow_469,11,1,3,0,35.1,Clear,Field C
2022-08-11,11:45,Cow_470,6,8,1,0,35.1,Clear,Field A
2022-08-11,11:45,Cow_471,5,6,4,0,35.1,Clear,Field B
2022-08-11,11:45,Cow_472,8,4,3,0,35.1,Clear,Field C
2022-08-11,11:45,Cow_473,7,2,6,0,35.1,Clear,Field A
2022-08-11,11:45,Cow_474,10,0,6,0,35.1,Clear,Field B
2022-08-11,11:45,Cow_475,8,3,4,0,35.1,Clear,Field B
2022-08-11,11:45,Cow_476,7,4,4,0,35.1,Clear,Field A
2022-08-11,11:45,Cow_477,12,0,4,0,35.1,Clear,Field B
2022-08-11,11:45,Cow_478,14,0,7,0,35.1,Clear,Field A
2022-08-11,11:45,Cow_479,8,5,2,0,35.1,Clear,Field A
2022-08-11,11:45,Cow_480,6,8,1,0,35.1,Clear,Field A
2022-08-11,11:45,Cow_481,7,4,4,0,35.1,Clear,Field A
2022-08-11,11:45,Cow_482,3,8,4,0,35.1,Clear,Field B
2022-08-11,11:45,Cow_483,14,0,5,0,35.1,Clear,Field A
2022-08-11,11:45,Cow_484,3,8,4,0,35.1,Clear,Field A
2022-08-11,11:45,Cow_485,2,6,7,0,35.1,Clear,Field C
2022-08-11,11:45,Cow_486,9,3,3,0,35.1,Clear,Field C
2022-08-11,11:45,Cow_487,0,10,7,0,35.1,Clear,Field C
2022-08-11,11:45,Cow_488,13,8,0,0,35.1,Clear,Field A
2022-08-11,11:45,Cow_489,0,10,7,0,35.1,Clear,Field A
2022-08-11,11:45,Cow_490,7,5,3,0,35.1,Clear,Field C
2022-08-11,11:45,Cow_491,5,7,3,0,35.1,Clear,Field A
2022-08-11,11:45,Cow_492,14,10,0,0,35.1,Clear,Field A
2022-08-11,11:45,Cow_493,7,4,4,0,35.1,Clear,Field A
2022-08-11,11:45,Cow_494,11,5,0,0,35.1,Clear,Field C
2022-08-11,11:45,Cow_495,3,4,8,0,35.1,Clear,Field C
2022-08-11,11:45,Cow_496,13,0,7,0,35.1,Clear,Field A
2022-08-11,11:45,Cow_497,1,6,8,0,35.1,Clear,Field C
2022-08-11,11:45,Cow_498,7,3,5,0,35.1,Clear,Field A
2022-08-11,11:45,Cow_499,0,0,0,15,35.1,Clear,Field C
2022-08-11,11:45,Cow_500,14,4,0,0,35.1,Clear,Field C
2022-08-11,12:00,Cow_1,5,4,6,0,36.2,Cloudy,Field C
2022-08-11,12:00,Cow_2,0,9,8,0,36.2,Cloudy,Field C
2022-08-11,12:00,Cow_3,0,10,7,0,36.2,Cloudy,Field B
2022-08-11,12:00,Cow_4,12,0,4,0,36.2,Cloudy,Field C
2022-08-11,12:00,Cow_5,2,6,7,0,36.2,Cloudy,Field C
2022-08-11,12:00,Cow_6,7,8,0,0,36.2,Cloudy,Field A
2022-08-11,12:00,Cow_7,12,0,5,0,36.2,Cloudy,Field B
2022-08-11,12:00,Cow_8,9,8,0,0,36.2,Cloudy,Field C
2022-08-11,12:00,Cow_9,7,6,2,0,36.2,Cloudy,Field C
2022-08-11,12:00,Cow_10,2,9,4,0,36.2,Cloudy,Field C
2022-08-11,12:00,Cow_11,7,10,0,0,36.2,Cloudy,Field C
2022-08-11,12:00,Cow_12,0,0,0,15,36.2,Cloudy,Field A
2022-08-11,12:00,Cow_13,5,6,4,0,36.2,Cloudy,Field C
2022-08-11,12:00,Cow_14,13,6,0,0,36.2,Cloudy,Field C
2022-08-11,12:00,Cow_15,13,3,0,0,36.2,Cloudy,Field C
2022-08-11,12:00,Cow_16,9,0,7,0,36.2,Cloudy,Field A
2022-08-11,12:00,Cow_17,8,6,1,0,36.2,Cloudy,Field A
2022-08-11,12:00,Cow_18,8,0,7,0,36.2,Cloudy,Field A
2022-08-11,12:00,Cow_19,0,9,7,0,36.2,Cloudy,Field B
2022-08-11,12:00,Cow_20,6,3,6,0,36.2,Cloudy,Field A
2022-08-11,12:00,Cow_21,8,0,8,0,36.2,Cloudy,Field B
2022-08-11,12:00,Cow_22,6,4,5,0,36.2,Cloudy,Field A
2022-08-11,12:00,Cow_23,10,9,0,0,36.2,Cloudy,Field C
2022-08-11,12:00,Cow_24,12,4,0,0,36.2,Cloudy,Field A
2022-08-11,12:00,Cow_25,9,0,6,0,36.2,Cloudy,Field B
2022-08-11,12:00,Cow_26,0,7,8,0,36.2,Cloudy,Field A
2022-08-11,12:00,Cow_27,0,10,7,0,36.2,Cloudy,Field A
2022-08-11,12:00,Cow_28,14,9,0,0,36.2,Cloudy,Field A
2022-08-11,12:00,Cow_29,8,5,2,0,36.2,Cloudy,Field C
2022-08-11,12:00,Cow_30,0,0,0,15,36.2,Cloudy,Field C
2022-08-11,12:00,Cow_31,12,3,0,0,36.2,Cloudy,Field C
2022-08-11,12:00,Cow_32,10,10,0,0,36.2,Cloudy,Field A
2022-08-11,12:00,Cow_33,1,6,8,0,36.2,Cloudy,Field B
2022-08-11,12:00,Cow_34,7,5,3,0,36.2,Cloudy,Field B
2022-08-11,12:00,Cow_35,12,3,0,0,36.2,Cloudy,Field B
2022-08-11,12:00,Cow_36,1,9,5,0,36.2,Cloudy,Field A
2022-08-11,12:00,Cow_37,0,9,6,0,36.2,Cloudy,Field A
2022-08-11,12:00,Cow_38,5,5,5,0,36.2,Cloudy,Field B
2022-08-11,12:00,Cow_39,12,0,7,0,36.2,Cloudy,Field B
2022-08-11,12:00,Cow_40,5,5,5,0,36.2,Cloudy,Field C
2022-08-11,12:00,Cow_41,1,6,8,0,36.2,Cloudy,Field A
2022-08-11,12:00,Cow_42,4,4,7,0,36.2,Cloudy,Field A
2022-08-11,12:00,Cow_43,5,4,6,0,36.2,Cloudy,Field B
2022-08-11,12:00,Cow_44,9,7,0,0,36.2,Cloudy,Field B
2022-08-11,12:00,Cow_45,11,5,0,0,36.2,Cloudy,Field A
2022-08-11,12:00,Cow_46,13,0,7,0,36.2,Cloudy,Field C
2022-08-11,12:00,Cow_47,5,4,6,0,36.2,Cloudy,Field B
2022-08-11,12:00,Cow_48,4,6,5,0,36.2,Cloudy,Field C
2022-08-11,12:00,Cow_49,0,8,8,0,36.2,Cloudy,Field C
2022-08-11,12:00,Cow_50,6,5,4,0,36.2,Cloudy,Field B
2022-08-11,12:00,Cow_51,7,3,5,0,36.2,Cloudy,Field B
2022-08-11,12:00,Cow_52,1,6,8,0,36.2,Cloudy,Field B
2022-08-11,12:00,Cow_53,13,0,4,0,36.2,Cloudy,Field A
2022-08-11,12:00,Cow_54,6,11,0,0,36.2,Cloudy,Field C
2022-08-11,12:00,Cow_55,1,6,8,0,36.2,Cloudy,Field C
2022-08-11,12:00,Cow_56,13,0,5,0,36.2,Cloudy,Field A
2022-08-11,12:00,Cow_57,5,7,3,0,36.2,Cloudy,Field A
2022-08-11,12:00,Cow_58,2,8,5,0,36.2,Cloudy,Field B
2022-08-11,12:00,Cow_59,9,0,7,0,36.2,Cloudy,Field C
2022-08-11,12:00,Cow_60,0,10,7,0,36.2,Cloudy,Field B
2022-08-11,12:00,Cow_61,10,9,0,0,36.2,Cloudy,Field B
2022-08-11,12:00,Cow_62,9,8,0,0,36.2,Cloudy,Field B
2022-08-11,12:00,Cow_63,9,0,9,0,36.2,Cloudy,Field B
2022-08-11,12:00,Cow_64,8,6,1,0,36.2,Cloudy,Field B
2022-08-11,12:00,Cow_65,6,4,5,0,36.2,Cloudy,Field A
2022-08-11,12:00,Cow_66,5,4,6,0,36.2,Cloudy,Field C
2022-08-11,12:00,Cow_67,6,5,4,0,36.2,Cloudy,Field C
2022-08-11,12:00,Cow_68,0,0,0,15,36.2,Cloudy,Field B
2022-08-11,12:00,Cow_69,0,9,7,0,36.2,Cloudy,Field B
2022-08-11,12:00,Cow_70,8,4,3,0,36.2,Cloudy,Field B
2022-08-11,12:00,Cow_71,12,0,8,0,36.2,Cloudy,Field B
2022-08-11,12:00,Cow_72,0,10,6,0,36.2,Cloudy,Field B
2022-08-11,12:00,Cow_73,8,5,2,0,36.2,Cloudy,Field B
2022-08-11,12:00,Cow_74,14,9,0,0,36.2,Cloudy,Field A
2022-08-11,12:00,Cow_75,11,0,5,0,36.2,Cloudy,Field B
2022-08-11,12:00,Cow_76,11,7,0,0,36.2,Cloudy,Field C
2022-08-11,12:00,Cow_77,0,10,8,0,36.2,Cloudy,Field A
2022-08-11,12:00,Cow_78,13,0,6,0,36.2,Cloudy,Field B
2022-08-11,12:00,Cow_79,14,0,8,0,36.2,Cloudy,Field B
2022-08-11,12:00,Cow_80,13,0,3,0,36.2,Cloudy,Field B
2022-08-11,12:00,Cow_81,5,7,3,0,36.2,Cloudy,Field B
2022-08-11,12:00,Cow_82,0,0,0,15,36.2,Cloudy,Field A
2022-08-11,12:00,Cow_83,3,5,7,0,36.2,Cloudy,Field C
2022-08-11,12:00,Cow_84,0,0,0,15,36.2,Cloudy,Field C
2022-08-11,12:00,Cow_85,13,3,0,0,36.2,Cloudy,Field C
2022-08-11,12:00,Cow_86,0,0,0,15,36.2,Cloudy,Field B
2022-08-11,12:00,Cow_87,12,4,0,0,36.2,Cloudy,Field C
2022-08-11,12:00,Cow_88,8,2,5,0,36.2,Cloudy,Field C
2022-08-11,12:00,Cow_89,12,0,7,0,36.2,Cloudy,Field A
2022-08-11,12:00,Cow_90,9,3,3,0,36.2,Cloudy,Field C
2022-08-11,12:00,Cow_91,9,2,4,0,36.2,Cloudy,Field C
2022-08-11,12:00,Cow_92,8,4,3,0,36.2,Cloudy,Field C
2022-08-11,12:00,Cow_93,12,0,6,0,36.2,Cloudy,Field B
2022-08-11,12:00,Cow_94,10,9,0,0,36.2,Cloudy,Field A
2022-08-11,12:00,Cow_95,4,6,5,0,36.2,Cloudy,Field C
2022-08-11,12:00,Cow_96,6,6,3,0,36.2,Cloudy,Field B
2022-08-11,12:00,Cow_97,5,5,5,0,36.2,Cloudy,Field C
2022-08-11,12:00,Cow_98,15,12,0,0,36.2,Cloudy,Field C
2022-08-11,12:00,Cow_99,14,0,4,0,36.2,Cloudy,Field A
2022-08-11,12:00,Cow_100,5,5,5,0,36.2,Cloudy,Field A
2022-08-11,12:00,Cow_101,13,0,8,0,36.2,Cloudy,Field A
2022-08-11,12:00,Cow_102,7,0,8,0,36.2,Cloudy,Field A
2022-08-11,12:00,Cow_103,12,3,0,0,36.2,Cloudy,Field A
2022-08-11,12:00,Cow_104,0,10,6,0,36.2,Cloudy,Field A
2022-08-11,12:00,Cow_105,9,0,7,0,36.2,Cloudy,Field C
2022-08-11,12:00,Cow_106,10,1,4,0,36.2,Cloudy,Field A
2022-08-11,12:00,Cow_107,0,9,8,0,36.2,Cloudy,Field B
2022-08-11,12:00,Cow_108,6,1,8,0,36.2,Cloudy,Field A
2022-08-11,12:00,Cow_109,8,3,4,0,36.2,Cloudy,Field B
2022-08-11,12:00,Cow_110,2,8,5,0,36.2,Cloudy,Field B
2022-08-11,12:00,Cow_111,9,3,3,0,36.2,Cloudy,Field C
2022-08-11,12:00,Cow_112,5,3,7,0,36.2,Cloudy,Field A
2022-08-11,12:00,Cow_113,14,3,0,0,36.2,Cloudy,Field C
2022-08-11,12:00,Cow_114,9,1,5,0,36.2,Cloudy,Field B
2022-08-11,12:00,Cow_115,0,8,7,0,36.2,Cloudy,Field C
2022-08-11,12:00,Cow_116,8,8,0,0,36.2,Cloudy,Field B
2022-08-11,12:00,Cow_117,13,0,5,0,36.2,Cloudy,Field A
2022-08-11,12:00,Cow_118,7,8,0,0,36.2,Cloudy,Field B
2022-08-11,12:00,Cow_119,13,0,7,0,36.2,Cloudy,Field B
2022-08-11,12:00,Cow_120,10,4,1,0,36.2,Cloudy,Field A
2022-08-11,12:00,Cow_121,7,5,3,0,36.2,Cloudy,Field A
2022-08-11,12:00,Cow_122,14,8,0,0,36.2,Cloudy,Field C
2022-08-11,12:00,Cow_123,9,0,7,0,36.2,Cloudy,Field B
2022-08-11,12:00,Cow_124,3,7,5,0,36.2,Cloudy,Field C
2022-08-11,12:00,Cow_125,0,7,8,0,36.2,Cloudy,Field B
2022-08-11,12:00,Cow_126,10,9,0,0,36.2,Cloudy,Field B
2022-08-11,12:00,Cow_127,10,7,0,0,36.2,Cloudy,Field B
2022-08-11,12:00,Cow_128,12,0,3,0,36.2,Cloudy,Field A
2022-08-11,12:00,Cow_129,5,8,2,0,36.2,Cloudy,Field C
2022-08-11,12:00,Cow_130,13,0,4,0,36.2,Cloudy,Field A
2022-08-11,12:00,Cow_131,7,4,4,0,36.2,Cloudy,Field C
2022-08-11,12:00,Cow_132,2,8,5,0,36.2,Cloudy,Field B
2022-08-11,12:00,Cow_133,7,10,0,0,36.2,Cloudy,Field C
2022-08-11,12:00,Cow_134,9,10,0,0,36.2,Cloudy,Field A
2022-08-11,12:00,Cow_135,5,5,5,0,36.2,Cloudy,Field A
2022-08-11,12:00,Cow_136,9,10,0,0,36.2,Cloudy,Field B
2022-08-11,12:00,Cow_137,7,4,4,0,36.2,Cloudy,Field B
2022-08-11,12:00,Cow_138,3,4,8,0,36.2,Cloudy,Field B
2022-08-11,12:00,Cow_139,11,6,0,0,36.2,Cloudy,Field B
2022-08-11,12:00,Cow_140,2,6,7,0,36.2,Cloudy,Field B
2022-08-11,12:00,Cow_141,7,8,0,0,36.2,Cloudy,Field C
2022-08-11,12:00,Cow_142,12,7,0,0,36.2,Cloudy,Field B
2022-08-11,12:00,Cow_143,11,5,0,0,36.2,Cloudy,Field C
2022-08-11,12:00,Cow_144,0,8,8,0,36.2,Cloudy,Field C
2022-08-11,12:00,Cow_145,7,4,4,0,36.2,Cloudy,Field A
2022-08-11,12:00,Cow_146,1,8,6,0,36.2,Cloudy,Field B
2022-08-11,12:00,Cow_147,0,10,7,0,36.2,Cloudy,Field C
2022-08-11,12:00,Cow_148,10,5,0,0,36.2,Cloudy,Field C
2022-08-11,12:00,Cow_149,0,10,5,0,36.2,Cloudy,Field B
2022-08-11,12:00,Cow_150,9,8,0,0,36.2,Cloudy,Field B
2022-08-11,12:00,Cow_151,13,8,0,0,36.2,Cloudy,Field A
2022-08-11,12:00,Cow_152,5,4,6,0,36.2,Cloudy,Field A
2022-08-11,12:00,Cow_153,9,3,3,0,36.2,Cloudy,Field C
2022-08-11,12:00,Cow_154,5,6,4,0,36.2,Cloudy,Field A
2022-08-11,12:00,Cow_155,13,10,0,0,36.2,Cloudy,Field A
2022-08-11,12:00,Cow_156,13,6,0,0,36.2,Cloudy,Field C
2022-08-11,12:00,Cow_157,10,3,2,0,36.2,Cloudy,Field C
2022-08-11,12:00,Cow_158,8,4,3,0,36.2,Cloudy,Field C
2022-08-11,12:00,Cow_159,9,0,7,0,36.2,Cloudy,Field A
2022-08-11,12:00,Cow_160,9,0,8,0,36.2,Cloudy,Field A
2022-08-11,12:00,Cow_161,7,9,0,0,36.2,Cloudy,Field B
2022-08-11,12:00,Cow_162,12,0,4,0,36.2,Cloudy,Field A
2022-08-11,12:00,Cow_163,7,10,0,0,36.2,Cloudy,Field B
2022-08-11,12:00,Cow_164,0,0,0,15,36.2,Cloudy,Field A
2022-08-11,12:00,Cow_165,6,1,8,0,36.2,Cloudy,Field B
2022-08-11,12:00,Cow_166,8,3,4,0,36.2,Cloudy,Field A
2022-08-11,12:00,Cow_167,0,9,6,0,36.2,Cloudy,Field B
2022-08-11,12:00,Cow_168,6,3,6,0,36.2,Cloudy,Field C
2022-08-11,12:00,Cow_169,6,8,1,0,36.2,Cloudy,Field C
2022-08-11,12:00,Cow_170,5,6,4,0,36.2,Cloudy,Field C
2022-08-11,12:00,Cow_171,8,4,3,0,36.2,Cloudy,Field B
2022-08-11,12:00,Cow_172,0,9,7,0,36.2,Cloudy,Field C
2022-08-11,12:00,Cow_173,11,0,8,0,36.2,Cloudy,Field A
2022-08-11,12:00,Cow_174,7,10,0,0,36.2,Cloudy,Field A
2022-08-11,12:00,Cow_175,7,10,0,0,36.2,Cloudy,Field A
2022-08-11,12:00,Cow_176,10,3,2,0,36.2,Cloudy,Field A
2022-08-11,12:00,Cow_177,4,8,3,0,36.2,Cloudy,Field A
2022-08-11,12:00,Cow_178,7,0,8,0,36.2,Cloudy,Field C
2022-08-11,12:00,Cow_179,8,0,7,0,36.2,Cloudy,Field B
2022-08-11,12:00,Cow_180,5,4,6,0,36.2,Cloudy,Field C
2022-08-11,12:00,Cow_181,14,5,0,0,36.2,Cloudy,Field B
2022-08-11,12:00,Cow_182,12,0,8,0,36.2,Cloudy,Field A
2022-08-11,12:00,Cow_183,13,10,0,0,36.2,Cloudy,Field B
2022-08-11,12:00,Cow_184,10,8,0,0,36.2,Cloudy,Field B
2022-08-11,12:00,Cow_185,13,7,0,0,36.2,Cloudy,Field C
2022-08-11,12:00,Cow_186,12,3,0,0,36.2,Cloudy,Field B
2022-08-11,12:00,Cow_187,0,8,7,0,36.2,Cloudy,Field C
2022-08-11,12:00,Cow_188,4,3,8,0,36.2,Cloudy,Field C
2022-08-11,12:00,Cow_189,6,2,7,0,36.2,Cloudy,Field C
2022-08-11,12:00,Cow_190,1,6,8,0,36.2,Cloudy,Field B
2022-08-11,12:00,Cow_191,11,5,0,0,36.2,Cloudy,Field A
2022-08-11,12:00,Cow_192,10,5,0,0,36.2,Cloudy,Field C
2022-08-11,12:00,Cow_193,9,0,6,0,36.2,Cloudy,Field C
2022-08-11,12:00,Cow_194,13,7,0,0,36.2,Cloudy,Field B
2022-08-11,12:00,Cow_195,12,7,0,0,36.2,Cloudy,Field A
2022-08-11,12:00,Cow_196,2,9,4,0,36.2,Cloudy,Field B
2022-08-11,12:00,Cow_197,7,1,7,0,36.2,Cloudy,Field A
2022-08-11,12:00,Cow_198,14,8,0,0,36.2,Cloudy,Field A
2022-08-11,12:00,Cow_199,7,4,4,0,36.2,Cloudy,Field A
2022-08-11,12:00,Cow_200,2,7,6,0,36.2,Cloudy,Field A
2022-08-11,12:00,Cow_201,11,1,3,0,36.2,Cloudy,Field C
2022-08-11,12:00,Cow_202,14,0,4,0,36.2,Cloudy,Field B
2022-08-11,12:00,Cow_203,12,0,5,0,36.2,Cloudy,Field C
2022-08-11,12:00,Cow_204,13,10,0,0,36.2,Cloudy,Field B
2022-08-11,12:00,Cow_205,12,5,0,0,36.2,Cloudy,Field B
2022-08-11,12:00,Cow_206,0,10,8,0,36.2,Cloudy,Field B
2022-08-11,12:00,Cow_207,5,7,3,0,36.2,Cloudy,Field C
2022-08-11,12:00,Cow_208,6,3,6,0,36.2,Cloudy,Field B
2022-08-11,12:00,Cow_209,1,8,6,0,36.2,Cloudy,Field C
2022-08-11,12:00,Cow_210,2,10,3,0,36.2,Cloudy,Field A
2022-08-11,12:00,Cow_211,7,2,6,0,36.2,Cloudy,Field C
2022-08-11,12:00,Cow_212,0,0,0,15,36.2,Cloudy,Field A
2022-08-11,12:00,Cow_213,4,8,3,0,36.2,Cloudy,Field C
2022-08-11,12:00,Cow_214,7,5,3,0,36.2,Cloudy,Field A
2022-08-11,12:00,Cow_215,9,9,0,0,36.2,Cloudy,Field A
2022-08-11,12:00,Cow_216,14,0,6,0,36.2,Cloudy,Field C
2022-08-11,12:00,Cow_217,0,10,6,0,36.2,Cloudy,Field C
2022-08-11,12:00,Cow_218,10,3,2,0,36.2,Cloudy,Field A
2022-08-11,12:00,Cow_219,8,4,3,0,36.2,Cloudy,Field C
2022-08-11,12:00,Cow_220,14,9,0,0,36.2,Cloudy,Field C
2022-08-11,12:00,Cow_221,11,9,0,0,36.2,Cloudy,Field C
2022-08-11,12:00,Cow_222,11,0,4,0,36.2,Cloudy,Field A
2022-08-11,12:00,Cow_223,11,0,8,0,36.2,Cloudy,Field C
2022-08-11,12:00,Cow_224,8,7,0,0,36.2,Cloudy,Field B
2022-08-11,12:00,Cow_225,4,7,4,0,36.2,Cloudy,Field C
2022-08-11,12:00,Cow_226,6,4,5,0,36.2,Cloudy,Field B
2022-08-11,12:00,Cow_227,13,0,7,0,36.2,Cloudy,Field C
2022-08-11,12:00,Cow_228,13,3,0,0,36.2,Cloudy,Field B
2022-08-11,12:00,Cow_229,0,0,0,15,36.2,Cloudy,Field A
2022-08-11,12:00,Cow_230,5,5,5,0,36.2,Cloudy,Field B
2022-08-11,12:00,Cow_231,14,10,0,0,36.2,Cloudy,Field B
2022-08-11,12:00,Cow_232,0,0,0,15,36.2,Cloudy,Field A
2022-08-11,12:00,Cow_233,0,8,8,0,36.2,Cloudy,Field B
2022-08-11,12:00,Cow_234,0,10,8,0,36.2,Cloudy,Field A
2022-08-11,12:00,Cow_235,0,7,10,0,36.2,Cloudy,Field A
2022-08-11,12:00,Cow_236,10,1,4,0,36.2,Cloudy,Field C
2022-08-11,12:00,Cow_237,5,5,5,0,36.2,Cloudy,Field A
2022-08-11,12:00,Cow_238,11,1,3,0,36.2,Cloudy,Field B
2022-08-11,12:00,Cow_239,3,6,6,0,36.2,Cloudy,Field A
2022-08-11,12:00,Cow_240,0,10,6,0,36.2,Cloudy,Field A
2022-08-11,12:00,Cow_241,5,6,4,0,36.2,Cloudy,Field B
2022-08-11,12:00,Cow_242,12,3,0,0,36.2,Cloudy,Field B
2022-08-11,12:00,Cow_243,13,8,0,0,36.2,Cloudy,Field C
2022-08-11,12:00,Cow_244,3,7,5,0,36.2,Cloudy,Field C
2022-08-11,12:00,Cow_245,0,9,7,0,36.2,Cloudy,Field B
2022-08-11,12:00,Cow_246,11,4,0,0,36.2,Cloudy,Field B
2022-08-11,12:00,Cow_247,0,6,10,0,36.2,Cloudy,Field C
2022-08-11,12:00,Cow_248,10,2,3,0,36.2,Cloudy,Field C
2022-08-11,12:00,Cow_249,14,4,0,0,36.2,Cloudy,Field A
2022-08-11,12:00,Cow_250,8,4,3,0,36.2,Cloudy,Field B
2022-08-11,12:00,Cow_251,12,0,4,0,36.2,Cloudy,Field C
2022-08-11,12:00,Cow_252,2,8,5,0,36.2,Cloudy,Field A
2022-08-11,12:00,Cow_253,0,0,0,15,36.2,Cloudy,Field C
2022-08-11,12:00,Cow_254,5,6,4,0,36.2,Cloudy,Field C
2022-08-11,12:00,Cow_255,14,6,0,0,36.2,Cloudy,Field A
2022-08-11,12:00,Cow_256,5,3,7,0,36.2,Cloudy,Field C
2022-08-11,12:00,Cow_257,4,6,5,0,36.2,Cloudy,Field C
2022-08-11,12:00,Cow_258,11,0,8,0,36.2,Cloudy,Field B
2022-08-11,12:00,Cow_259,12,9,0,0,36.2,Cloudy,Field A
2022-08-11,12:00,Cow_260,12,0,6,0,36.2,Cloudy,Field A
2022-08-11,12:00,Cow_261,1,8,6,0,36.2,Cloudy,Field A
2022-08-11,12:00,Cow_262,0,9,6,0,36.2,Cloudy,Field B
2022-08-11,12:00,Cow_263,12,0,4,0,36.2,Cloudy,Field A
2022-08-11,12:00,Cow_264,11,0,4,0,36.2,Cloudy,Field B
2022-08-11,12:00,Cow_265,4,8,3,0,36.2,Cloudy,Field A
2022-08-11,12:00,Cow_266,5,3,7,0,36.2,Cloudy,Field A
2022-08-11,12:00,Cow_267,2,6,7,0,36.2,Cloudy,Field C
2022-08-11,12:00,Cow_268,0,0,0,15,36.2,Cloudy,Field C
2022-08-11,12:00,Cow_269,12,0,5,0,36.2,Cloudy,Field A
2022-08-11,12:00,Cow_270,4,5,6,0,36.2,Cloudy,Field B
2022-08-11,12:00,Cow_271,13,4,0,0,36.2,Cloudy,Field A
2022-08-11,12:00,Cow_272,11,0,6,0,36.2,Cloudy,Field B
2022-08-11,12:00,Cow_273,9,10,0,0,36.2,Cloudy,Field C
2022-08-11,12:00,Cow_274,11,0,5,0,36.2,Cloudy,Field C
2022-08-11,12:00,Cow_275,8,0,8,0,36.2,Cloudy,Field A
2022-08-11,12:00,Cow_276,1,8,6,0,36.2,Cloudy,Field C
2022-08-11,12:00,Cow_277,7,6,2,0,36.2,Cloudy,Field C
2022-08-11,12:00,Cow_278,0,0,0,15,36.2,Cloudy,Field B
2022-08-11,12:00,Cow_279,0,0,0,15,36.2,Cloudy,Field A
2022-08-11,12:00,Cow_280,3,9,3,0,36.2,Cloudy,Field C
2022-08-11,12:00,Cow_281,0,10,8,0,36.2,Cloudy,Field B
2022-08-11,12:00,Cow_282,11,3,1,0,36.2,Cloudy,Field C
2022-08-11,12:00,Cow_283,12,0,7,0,36.2,Cloudy,Field A
2022-08-11,12:00,Cow_284,1,10,4,0,36.2,Cloudy,Field C
2022-08-11,12:00,Cow_285,3,6,6,0,36.2,Cloudy,Field A
2022-08-11,12:00,Cow_286,4,5,6,0,36.2,Cloudy,Field B
2022-08-11,12:00,Cow_287,14,0,4,0,36.2,Cloudy,Field A
2022-08-11,12:00,Cow_288,5,5,5,0,36.2,Cloudy,Field B
2022-08-11,12:00,Cow_289,0,10,5,0,36.2,Cloudy,Field A
2022-08-11,12:00,Cow_290,14,6,0,0,36.2,Cloudy,Field A
2022-08-11,12:00,Cow_291,6,6,3,0,36.2,Cloudy,Field A
2022-08-11,12:00,Cow_292,5,6,4,0,36.2,Cloudy,Field C
2022-08-11,12:00,Cow_293,5,12,0,0,36.2,Cloudy,Field A
2022-08-11,12:00,Cow_294,6,3,6,0,36.2,Cloudy,Field A
2022-08-11,12:00,Cow_295,13,0,8,0,36.2,Cloudy,Field C
2022-08-11,12:00,Cow_296,11,5,0,0,36.2,Cloudy,Field A
2022-08-11,12:00,Cow_297,10,9,0,0,36.2,Cloudy,Field C
2022-08-11,12:00,Cow_298,1,7,7,0,36.2,Cloudy,Field A
2022-08-11,12:00,Cow_299,14,0,3,0,36.2,Cloudy,Field B
2022-08-11,12:00,Cow_300,0,9,8,0,36.2,Cloudy,Field B
2022-08-11,12:00,Cow_301,14,5,0,0,36.2,Cloudy,Field B
2022-08-11,12:00,Cow_302,10,4,1,0,36.2,Cloudy,Field C
2022-08-11,12:00,Cow_303,13,0,6,0,36.2,Cloudy,Field B
2022-08-11,12:00,Cow_304,13,0,4,0,36.2,Cloudy,Field B
2022-08-11,12:00,Cow_305,8,8,0,0,36.2,Cloudy,Field B
2022-08-11,12:00,Cow_306,11,0,7,0,36.2,Cloudy,Field C
2022-08-11,12:00,Cow_307,14,9,0,0,36.2,Cloudy,Field B
2022-08-11,12:00,Cow_308,13,4,0,0,36.2,Cloudy,Field B
2022-08-11,12:00,Cow_309,6,10,0,0,36.2,Cloudy,Field A
2022-08-11,12:00,Cow_310,5,2,8,0,36.2,Cloudy,Field A
2022-08-11,12:00,Cow_311,0,9,6,0,36.2,Cloudy,Field B
2022-08-11,12:00,Cow_312,13,8,0,0,36.2,Cloudy,Field A
2022-08-11,12:00,Cow_313,1,10,4,0,36.2,Cloudy,Field C
2022-08-11,12:00,Cow_314,11,3,1,0,36.2,Cloudy,Field C
2022-08-11,12:00,Cow_315,0,10,8,0,36.2,Cloudy,Field A
2022-08-11,12:00,Cow_316,9,3,3,0,36.2,Cloudy,Field A
2022-08-11,12:00,Cow_317,5,4,6,0,36.2,Cloudy,Field C
2022-08-11,12:00,Cow_318,0,9,6,0,36.2,Cloudy,Field B
2022-08-11,12:00,Cow_319,5,4,6,0,36.2,Cloudy,Field C
2022-08-11,12:00,Cow_320,6,3,6,0,36.2,Cloudy,Field B
2022-08-11,12:00,Cow_321,3,9,3,0,36.2,Cloudy,Field C
2022-08-11,12:00,Cow_322,11,1,3,0,36.2,Cloudy,Field A
2022-08-11,12:00,Cow_323,8,6,1,0,36.2,Cloudy,Field A
2022-08-11,12:00,Cow_324,3,4,8,0,36.2,Cloudy,Field A
2022-08-11,12:00,Cow_325,14,0,6,0,36.2,Cloudy,Field B
2022-08-11,12:00,Cow_326,13,4,0,0,36.2,Cloudy,Field B
2022-08-11,12:00,Cow_327,6,3,6,0,36.2,Cloudy,Field B
2022-08-11,12:00,Cow_328,4,5,6,0,36.2,Cloudy,Field C
2022-08-11,12:00,Cow_329,6,9,0,0,36.2,Cloudy,Field C
2022-08-11,12:00,Cow_330,2,7,6,0,36.2,Cloudy,Field C
2022-08-11,12:00,Cow_331,3,9,3,0,36.2,Cloudy,Field B
2022-08-11,12:00,Cow_332,7,5,3,0,36.2,Cloudy,Field C
2022-08-11,12:00,Cow_333,7,2,6,0,36.2,Cloudy,Field A
2022-08-11,12:00,Cow_334,13,0,6,0,36.2,Cloudy,Field B
2022-08-11,12:00,Cow_335,9,4,2,0,36.2,Cloudy,Field C
2022-08-11,12:00,Cow_336,4,3,8,0,36.2,Cloudy,Field A
2022-08-11,12:00,Cow_337,0,0,0,15,36.2,Cloudy,Field A
2022-08-11,12:00,Cow_338,14,3,0,0,36.2,Cloudy,Field C
2022-08-11,12:00,Cow_339,11,6,0,0,36.2,Cloudy,Field C
2022-08-11,12:00,Cow_340,9,0,8,0,36.2,Cloudy,Field B
2022-08-11,12:00,Cow_341,4,5,6,0,36.2,Cloudy,Field A
2022-08-11,12:00,Cow_342,6,4,5,0,36.2,Cloudy,Field A
2022-08-11,12:00,Cow_343,3,5,7,0,36.2,Cloudy,Field A
2022-08-11,12:00,Cow_344,11,3,1,0,36.2,Cloudy,Field A
2022-08-11,12:00,Cow_345,11,9,0,0,36.2,Cloudy,Field A
2022-08-11,12:00,Cow_346,12,0,6,0,36.2,Cloudy,Field A
2022-08-11,12:00,Cow_347,0,10,6,0,36.2,Cloudy,Field A
2022-08-11,12:00,Cow_348,0,0,0,15,36.2,Cloudy,Field C
2022-08-11,12:00,Cow_349,8,4,3,0,36.2,Cloudy,Field B
2022-08-11,12:00,Cow_350,0,0,0,15,36.2,Cloudy,Field C
2022-08-11,12:00,Cow_351,14,0,8,0,36.2,Cloudy,Field A
2022-08-11,12:00,Cow_352,0,9,8,0,36.2,Cloudy,Field A
2022-08-11,12:00,Cow_353,1,6,8,0,36.2,Cloudy,Field A
2022-08-11,12:00,Cow_354,9,0,6,0,36.2,Cloudy,Field B
2022-08-11,12:00,Cow_355,5,4,6,0,36.2,Cloudy,Field B
2022-08-11,12:00,Cow_356,5,4,6,0,36.2,Cloudy,Field C
2022-08-11,12:00,Cow_357,10,1,4,0,36.2,Cloudy,Field A
2022-08-11,12:00,Cow_358,4,4,7,0,36.2,Cloudy,Field B
2022-08-11,12:00,Cow_359,13,9,0,0,36.2,Cloudy,Field C
2022-08-11,12:00,Cow_360,9,2,4,0,36.2,Cloudy,Field B
2022-08-11,12:00,Cow_361,9,0,7,0,36.2,Cloudy,Field C
2022-08-11,12:00,Cow_362,11,0,8,0,36.2,Cloudy,Field C
2022-08-11,12:00,Cow_363,8,5,2,0,36.2,Cloudy,Field B
2022-08-11,12:00,Cow_364,6,10,0,0,36.2,Cloudy,Field A
2022-08-11,12:00,Cow_365,11,0,7,0,36.2,Cloudy,Field C
2022-08-11,12:00,Cow_366,0,0,0,15,36.2,Cloudy,Field A
2022-08-11,12:00,Cow_367,13,9,0,0,36.2,Cloudy,Field B
2022-08-11,12:00,Cow_368,11,0,6,0,36.2,Cloudy,Field B
2022-08-11,12:00,Cow_369,7,10,0,0,36.2,Cloudy,Field B
2022-08-11,12:00,Cow_370,9,6,0,0,36.2,Cloudy,Field A
2022-08-11,12:00,Cow_371,8,0,7,0,36.2,Cloudy,Field B
2022-08-11,12:00,Cow_372,0,7,8,0,36.2,Cloudy,Field B
2022-08-11,12:00,Cow_373,2,5,8,0,36.2,Cloudy,Field A
2022-08-11,12:00,Cow_374,7,3,5,0,36.2,Cloudy,Field C
2022-08-11,12:00,Cow_375,10,0,6,0,36.2,Cloudy,Field B
2022-08-11,12:00,Cow_376,4,4,7,0,36.2,Cloudy,Field C
2022-08-11,12:00,Cow_377,3,8,4,0,36.2,Cloudy,Field A
2022-08-11,12:00,Cow_378,11,0,8,0,36.2,Cloudy,Field A
2022-08-11,12:00,Cow_379,11,0,7,0,36.2,Cloudy,Field A
2022-08-11,12:00,Cow_380,7,3,5,0,36.2,Cloudy,Field C
2022-08-11,12:00,Cow_381,6,5,4,0,36.2,Cloudy,Field B
2022-08-11,12:00,Cow_382,10,9,0,0,36.2,Cloudy,Field B
2022-08-11,12:00,Cow_383,4,4,7,0,36.2,Cloudy,Field B
2022-08-11,12:00,Cow_384,2,6,7,0,36.2,Cloudy,Field A
2022-08-11,12:00,Cow_385,12,8,0,0,36.2,Cloudy,Field B
2022-08-11,12:00,Cow_386,12,8,0,0,36.2,Cloudy,Field C
2022-08-11,12:00,Cow_387,0,0,0,15,36.2,Cloudy,Field A
2022-08-11,12:00,Cow_388,14,10,0,0,36.2,Cloudy,Field A
2022-08-11,12:00,Cow_389,7,9,0,0,36.2,Cloudy,Field B
2022-08-11,12:00,Cow_390,4,6,5,0,36.2,Cloudy,Field A
2022-08-11,12:00,Cow_391,10,10,0,0,36.2,Cloudy,Field B
2022-08-11,12:00,Cow_392,2,8,5,0,36.2,Cloudy,Field A
2022-08-11,12:00,Cow_393,6,6,3,0,36.2,Cloudy,Field B
2022-08-11,12:00,Cow_394,8,3,4,0,36.2,Cloudy,Field C
2022-08-11,12:00,Cow_395,5,5,5,0,36.2,Cloudy,Field B
2022-08-11,12:00,Cow_396,13,0,5,0,36.2,Cloudy,Field A
2022-08-11,12:00,Cow_397,13,0,5,0,36.2,Cloudy,Field B
2022-08-11,12:00,Cow_398,3,8,4,0,36.2,Cloudy,Field C
2022-08-11,12:00,Cow_399,7,8,0,0,36.2,Cloudy,Field B
2022-08-11,12:00,Cow_400,11,0,6,0,36.2,Cloudy,Field B
2022-08-11,12:00,Cow_401,5,9,1,0,36.2,Cloudy,Field C
2022-08-11,12:00,Cow_402,12,5,0,0,36.2,Cloudy,Field B
2022-08-11,12:00,Cow_403,11,10,0,0,36.2,Cloudy,Field A
2022-08-11,12:00,Cow_404,5,10,0,0,36.2,Cloudy,Field B
2022-08-11,12:00,Cow_405,10,4,1,0,36.2,Cloudy,Field B
2022-08-11,12:00,Cow_406,0,10,6,0,36.2,Cloudy,Field B
2022-08-11,12:00,Cow_407,5,6,4,0,36.2,Cloudy,Field B
2022-08-11,12:00,Cow_408,0,0,0,15,36.2,Cloudy,Field A
2022-08-11,12:00,Cow_409,6,9,0,0,36.2,Cloudy,Field C
2022-08-11,12:00,Cow_410,0,0,0,15,36.2,Cloudy,Field B
2022-08-11,12:00,Cow_411,0,0,0,15,36.2,Cloudy,Field C
2022-08-11,12:00,Cow_412,7,5,3,0,36.2,Cloudy,Field A
2022-08-11,12:00,Cow_413,7,4,4,0,36.2,Cloudy,Field B
2022-08-11,12:00,Cow_414,11,0,7,0,36.2,Cloudy,Field A
2022-08-11,12:00,Cow_415,8,9,0,0,36.2,Cloudy,Field A
2022-08-11,12:00,Cow_416,7,5,3,0,36.2,Cloudy,Field B
2022-08-11,12:00,Cow_417,8,0,8,0,36.2,Cloudy,Field B
2022-08-11,12:00,Cow_418,8,2,5,0,36.2,Cloudy,Field A
2022-08-11,12:00,Cow_419,13,0,6,0,36.2,Cloudy,Field C
2022-08-11,12:00,Cow_420,0,10,5,0,36.2,Cloudy,Field C
2022-08-11,12:00,Cow_421,6,3,6,0,36.2,Cloudy,Field B
2022-08-11,12:00,Cow_422,3,6,6,0,36.2,Cloudy,Field C
2022-08-11,12:00,Cow_423,11,3,1,0,36.2,Cloudy,Field B
2022-08-11,12:00,Cow_424,5,6,4,0,36.2,Cloudy,Field A
2022-08-11,12:00,Cow_425,14,0,5,0,36.2,Cloudy,Field A
2022-08-11,12:00,Cow_426,0,0,0,15,36.2,Cloudy,Field B
2022-08-11,12:00,Cow_427,11,9,0,0,36.2,Cloudy,Field A
2022-08-11,12:00,Cow_428,6,4,5,0,36.2,Cloudy,Field B
2022-08-11,12:00,Cow_429,5,3,7,0,36.2,Cloudy,Field C
2022-08-11,12:00,Cow_430,12,9,0,0,36.2,Cloudy,Field A
2022-08-11,12:00,Cow_431,6,5,4,0,36.2,Cloudy,Field A
2022-08-11,12:00,Cow_432,6,9,0,0,36.2,Cloudy,Field B
2022-08-11,12:00,Cow_433,5,3,7,0,36.2,Cloudy,Field C
2022-08-11,12:00,Cow_434,4,8,3,0,36.2,Cloudy,Field A
2022-08-11,12:00,Cow_435,8,2,5,0,36.2,Cloudy,Field C
2022-08-11,12:00,Cow_436,4,6,5,0,36.2,Cloudy,Field C
2022-08-11,12:00,Cow_437,2,10,3,0,36.2,Cloudy,Field C
2022-08-11,12:00,Cow_438,0,0,0,15,36.2,Cloudy,Field A
2022-08-11,12:00,Cow_439,14,0,5,0,36.2,Cloudy,Field B
2022-08-11,12:00,Cow_440,10,3,2,0,36.2,Cloudy,Field B
2022-08-11,12:00,Cow_441,5,6,4,0,36.2,Cloudy,Field B
2022-08-11,12:00,Cow_442,10,11,0,0,36.2,Cloudy,Field A
2022-08-11,12:00,Cow_443,12,0,4,0,36.2,Cloudy,Field C
2022-08-11,12:00,Cow_444,2,10,3,0,36.2,Cloudy,Field A
2022-08-11,12:00,Cow_445,4,5,6,0,36.2,Cloudy,Field C
2022-08-11,12:00,Cow_446,1,6,8,0,36.2,Cloudy,Field A
2022-08-11,12:00,Cow_447,8,3,4,0,36.2,Cloudy,Field C
2022-08-11,12:00,Cow_448,5,6,4,0,36.2,Cloudy,Field A
2022-08-11,12:00,Cow_449,13,7,0,0,36.2,Cloudy,Field A
2022-08-11,12:00,Cow_450,10,0,6,0,36.2,Cloudy,Field B
2022-08-11,12:00,Cow_451,7,2,6,0,36.2,Cloudy,Field B
2022-08-11,12:00,Cow_452,9,2,4,0,36.2,Cloudy,Field A
2022-08-11,12:00,Cow_453,5,7,3,0,36.2,Cloudy,Field A
2022-08-11,12:00,Cow_454,9,8,0,0,36.2,Cloudy,Field B
2022-08-11,12:00,Cow_455,5,4,6,0,36.2,Cloudy,Field C
2022-08-11,12:00,Cow_456,5,6,4,0,36.2,Cloudy,Field A
2022-08-11,12:00,Cow_457,2,8,5,0,36.2,Cloudy,Field A
2022-08-11,12:00,Cow_458,8,0,7,0,36.2,Cloudy,Field A
2022-08-11,12:00,Cow_459,0,7,8,0,36.2,Cloudy,Field C
2022-08-11,12:00,Cow_460,11,8,0,0,36.2,Cloudy,Field C
2022-08-11,12:00,Cow_461,5,3,7,0,36.2,Cloudy,Field B
2022-08-11,12:00,Cow_462,12,5,0,0,36.2,Cloudy,Field A
2022-08-11,12:00,Cow_463,8,3,4,0,36.2,Cloudy,Field B
2022-08-11,12:00,Cow_464,1,10,4,0,36.2,Cloudy,Field A
2022-08-11,12:00,Cow_465,3,9,3,0,36.2,Cloudy,Field B
2022-08-11,12:00,Cow_466,13,6,0,0,36.2,Cloudy,Field C
2022-08-11,12:00,Cow_467,0,9,7,0,36.2,Cloudy,Field A
2022-08-11,12:00,Cow_468,5,2,8,0,36.2,Cloudy,Field B
2022-08-11,12:00,Cow_469,14,4,0,0,36.2,Cloudy,Field C
2022-08-11,12:00,Cow_470,0,0,0,15,36.2,Cloudy,Field B
2022-08-11,12:00,Cow_471,0,9,8,0,36.2,Cloudy,Field A
2022-08-11,12:00,Cow_472,4,3,8,0,36.2,Cloudy,Field C
2022-08-11,12:00,Cow_473,11,0,8,0,36.2,Cloudy,Field C
2022-08-11,12:00,Cow_474,5,2,8,0,36.2,Cloudy,Field B
2022-08-11,12:00,Cow_475,5,5,5,0,36.2,Cloudy,Field A
2022-08-11,12:00,Cow_476,7,1,7,0,36.2,Cloudy,Field C
2022-08-11,12:00,Cow_477,14,0,8,0,36.2,Cloudy,Field B
2022-08-11,12:00,Cow_478,0,0,0,15,36.2,Cloudy,Field C
2022-08-11,12:00,Cow_479,0,11,8,0,36.2,Cloudy,Field B
2022-08-11,12:00,Cow_480,13,4,0,0,36.2,Cloudy,Field B
2022-08-11,12:00,Cow_481,2,8,5,0,36.2,Cloudy,Field A
2022-08-11,12:00,Cow_482,1,10,4,0,36.2,Cloudy,Field A
2022-08-11,12:00,Cow_483,12,9,0,0,36.2,Cloudy,Field C
2022-08-11,12:00,Cow_484,11,0,4,0,36.2,Cloudy,Field A
2022-08-11,12:00,Cow_485,3,4,8,0,36.2,Cloudy,Field B
2022-08-11,12:00,Cow_486,5,3,7,0,36.2,Cloudy,Field A
2022-08-11,12:00,Cow_487,10,8,0,0,36.2,Cloudy,Field B
2022-08-11,12:00,Cow_488,6,3,6,0,36.2,Cloudy,Field B
2022-08-11,12:00,Cow_489,0,10,7,0,36.2,Cloudy,Field B
2022-08-11,12:00,Cow_490,8,9,0,0,36.2,Cloudy,Field A
2022-08-11,12:00,Cow_491,14,0,6,0,36.2,Cloudy,Field C
2022-08-11,12:00,Cow_492,12,0,4,0,36.2,Cloudy,Field C
2022-08-11,12:00,Cow_493,10,7,0,0,36.2,Cloudy,Field B
2022-08-11,12:00,Cow_494,7,7,1,0,36.2,Cloudy,Field C
2022-08-11,12:00,Cow_495,11,8,0,0,36.2,Cloudy,Field C
2022-08-11,12:00,Cow_496,0,0,0,15,36.2,Cloudy,Field C
2022-08-11,12:00,Cow_497,0,0,0,15,36.2,Cloudy,Field B
2022-08-11,12:00,Cow_498,9,2,4,0,36.2,Cloudy,Field C
2022-08-11,12:00,Cow_499,8,7,0,0,36.2,Cloudy,Field A
2022-08-11,12:00,Cow_500,13,3,0,0,36.2,Cloudy,Field A
2022-08-11,12:15,Cow_1,5,3,7,0,32.7,Clear,Field A
2022-08-11,12:15,Cow_2,5,3,7,0,32.7,Clear,Field A
2022-08-11,12:15,Cow_3,11,1,3,0,32.7,Clear,Field B
2022-08-11,12:15,Cow_4,10,0,6,0,32.7,Clear,Field B
2022-08-11,12:15,Cow_5,6,1,8,0,32.7,Clear,Field B
2022-08-11,12:15,Cow_6,13,6,0,0,32.7,Clear,Field B
2022-08-11,12:15,Cow_7,0,0,0,15,32.7,Clear,Field B
2022-08-11,12:15,Cow_8,0,0,0,15,32.7,Clear,Field B
2022-08-11,12:15,Cow_9,12,5,0,0,32.7,Clear,Field C
2022-08-11,12:15,Cow_10,11,4,0,0,32.7,Clear,Field C
2022-08-11,12:15,Cow_11,11,10,0,0,32.7,Clear,Field A
2022-08-11,12:15,Cow_12,11,6,0,0,32.7,Clear,Field C
2022-08-11,12:15,Cow_13,1,6,8,0,32.7,Clear,Field A
2022-08-11,12:15,Cow_14,5,8,2,0,32.7,Clear,Field A
2022-08-11,12:15,Cow_15,5,3,7,0,32.7,Clear,Field B
2022-08-11,12:15,Cow_16,8,3,4,0,32.7,Clear,Field C
2022-08-11,12:15,Cow_17,5,3,7,0,32.7,Clear,Field A
2022-08-11,12:15,Cow_18,5,6,4,0,32.7,Clear,Field B
2022-08-11,12:15,Cow_19,13,7,0,0,32.7,Clear,Field A
2022-08-11,12:15,Cow_20,5,5,5,0,32.7,Clear,Field A
2022-08-11,12:15,Cow_21,11,1,3,0,32.7,Clear,Field A
2022-08-11,12:15,Cow_22,3,7,5,0,32.7,Clear,Field A
2022-08-11,12:15,Cow_23,4,4,7,0,32.7,Clear,Field A
2022-08-11,12:15,Cow_24,0,0,0,15,32.7,Clear,Field C
2022-08-11,12:15,Cow_25,11,3,1,0,32.7,Clear,Field C
2022-08-11,12:15,Cow_26,14,4,0,0,32.7,Clear,Field A
2022-08-11,12:15,Cow_27,14,5,0,0,32.7,Clear,Field B
2022-08-11,12:15,Cow_28,10,3,2,0,32.7,Clear,Field C
2022-08-11,12:15,Cow_29,11,4,0,0,32.7,Clear,Field C
2022-08-11,12:15,Cow_30,7,5,3,0,32.7,Clear,Field B
2022-08-11,12:15,Cow_31,11,11,0,0,32.7,Clear,Field A
2022-08-11,12:15,Cow_32,1,10,4,0,32.7,Clear,Field C
2022-08-11,12:15,Cow_33,3,8,4,0,32.7,Clear,Field C
2022-08-11,12:15,Cow_34,2,9,4,0,32.7,Clear,Field B
2022-08-11,12:15,Cow_35,13,7,0,0,32.7,Clear,Field A
2022-08-11,12:15,Cow_36,5,4,6,0,32.7,Clear,Field A
2022-08-11,12:15,Cow_37,13,0,7,0,32.7,Clear,Field B
2022-08-11,12:15,Cow_38,4,6,5,0,32.7,Clear,Field C
2022-08-11,12:15,Cow_39,0,0,0,15,32.7,Clear,Field A
2022-08-11,12:15,Cow_40,2,7,6,0,32.7,Clear,Field B
2022-08-11,12:15,Cow_41,0,8,8,0,32.7,Clear,Field A
2022-08-11,12:15,Cow_42,3,4,8,0,32.7,Clear,Field A
2022-08-11,12:15,Cow_43,2,5,8,0,32.7,Clear,Field A
2022-08-11,12:15,Cow_44,0,10,7,0,32.7,Clear,Field B
2022-08-11,12:15,Cow_45,2,5,8,0,32.7,Clear,Field B
2022-08-11,12:15,Cow_46,5,3,7,0,32.7,Clear,Field B
2022-08-11,12:15,Cow_47,0,10,6,0,32.7,Clear,Field A
2022-08-11,12:15,Cow_48,14,3,0,0,32.7,Clear,Field A
2022-08-11,12:15,Cow_49,11,5,0,0,32.7,Clear,Field A
2022-08-11,12:15,Cow_50,9,0,7,0,32.7,Clear,Field C
2022-08-11,12:15,Cow_51,13,7,0,0,32.7,Clear,Field A
2022-08-11,12:15,Cow_52,1,6,8,0,32.7,Clear,Field C
2022-08-11,12:15,Cow_53,14,0,8,0,32.7,Clear,Field B
2022-08-11,12:15,Cow_54,13,0,8,0,32.7,Clear,Field A
2022-08-11,12:15,Cow_55,13,0,7,0,32.7,Clear,Field C
2022-08-11,12:15,Cow_56,10,0,5,0,32.7,Clear,Field A
2022-08-11,12:15,Cow_57,0,0,0,15,32.7,Clear,Field C
2022-08-11,12:15,Cow_58,9,6,0,0,32.7,Clear,Field B
2022-08-11,12:15,Cow_59,10,0,8,0,32.7,Clear,Field A
2022-08-11,12:15,Cow_60,12,0,8,0,32.7,Clear,Field B
2022-08-11,12:15,Cow_61,12,8,0,0,32.7,Clear,Field B
2022-08-11,12:15,Cow_62,1,7,7,0,32.7,Clear,Field A
2022-08-11,12:15,Cow_63,0,10,6,0,32.7,Clear,Field C
2022-08-11,12:15,Cow_64,11,6,0,0,32.7,Clear,Field C
2022-08-11,12:15,Cow_65,0,7,8,0,32.7,Clear,Field B
2022-08-11,12:15,Cow_66,0,0,0,15,32.7,Clear,Field C
2022-08-11,12:15,Cow_67,8,4,3,0,32.7,Clear,Field B
2022-08-11,12:15,Cow_68,2,6,7,0,32.7,Clear,Field B
2022-08-11,12:15,Cow_69,5,5,5,0,32.7,Clear,Field A
2022-08-11,12:15,Cow_70,6,3,6,0,32.7,Clear,Field A
2022-08-11,12:15,Cow_71,13,0,3,0,32.7,Clear,Field B
2022-08-11,12:15,Cow_72,10,3,2,0,32.7,Clear,Field A
2022-08-11,12:15,Cow_73,0,9,6,0,32.7,Clear,Field C
2022-08-11,12:15,Cow_74,9,2,4,0,32.7,Clear,Field C
2022-08-11,12:15,Cow_75,11,11,0,0,32.7,Clear,Field A
2022-08-11,12:15,Cow_76,14,7,0,0,32.7,Clear,Field A
2022-08-11,12:15,Cow_77,12,0,8,0,32.7,Clear,Field C
2022-08-11,12:15,Cow_78,6,10,0,0,32.7,Clear,Field A
2022-08-11,12:15,Cow_79,14,0,5,0,32.7,Clear,Field C
2022-08-11,12:15,Cow_80,0,10,8,0,32.7,Clear,Field A
2022-08-11,12:15,Cow_81,12,0,5,0,32.7,Clear,Field B
2022-08-11,12:15,Cow_82,6,9,0,0,32.7,Clear,Field B
2022-08-11,12:15,Cow_83,4,7,4,0,32.7,Clear,Field A
2022-08-11,12:15,Cow_84,11,0,5,0,32.7,Clear,Field C
2022-08-11,12:15,Cow_85,9,6,0,0,32.7,Clear,Field C
2022-08-11,12:15,Cow_86,7,4,4,0,32.7,Clear,Field A
2022-08-11,12:15,Cow_87,8,1,6,0,32.7,Clear,Field B
2022-08-11,12:15,Cow_88,5,5,5,0,32.7,Clear,Field C
2022-08-11,12:15,Cow_89,8,4,3,0,32.7,Clear,Field B
2022-08-11,12:15,Cow_90,14,0,3,0,32.7,Clear,Field A
2022-08-11,12:15,Cow_91,6,3,6,0,32.7,Clear,Field B
2022-08-11,12:15,Cow_92,13,8,0,0,32.7,Clear,Field C
2022-08-11,12:15,Cow_93,0,0,0,15,32.7,Clear,Field C
2022-08-11,12:15,Cow_94,12,3,0,0,32.7,Clear,Field B
2022-08-11,12:15,Cow_95,1,9,5,0,32.7,Clear,Field A
2022-08-11,12:15,Cow_96,9,4,2,0,32.7,Clear,Field A
2022-08-11,12:15,Cow_97,8,4,3,0,32.7,Clear,Field C
2022-08-11,12:15,Cow_98,7,4,4,0,32.7,Clear,Field A
2022-08-11,12:15,Cow_99,2,5,8,0,32.7,Clear,Field C
2022-08-11,12:15,Cow_100,7,3,5,0,32.7,Clear,Field A
2022-08-11,12:15,Cow_101,14,3,0,0,32.7,Clear,Field C
2022-08-11,12:15,Cow_102,6,6,3,0,32.7,Clear,Field A
2022-08-11,12:15,Cow_103,10,6,0,0,32.7,Clear,Field A
2022-08-11,12:15,Cow_104,10,0,6,0,32.7,Clear,Field A
2022-08-11,12:15,Cow_105,1,8,6,0,32.7,Clear,Field C
2022-08-11,12:15,Cow_106,12,0,5,0,32.7,Clear,Field A
2022-08-11,12:15,Cow_107,14,0,3,0,32.7,Clear,Field C
2022-08-11,12:15,Cow_108,11,4,0,0,32.7,Clear,Field C
2022-08-11,12:15,Cow_109,0,9,7,0,32.7,Clear,Field B
2022-08-11,12:15,Cow_110,8,4,3,0,32.7,Clear,Field C
2022-08-11,12:15,Cow_111,10,0,6,0,32.7,Clear,Field B
2022-08-11,12:15,Cow_112,7,6,2,0,32.7,Clear,Field A
2022-08-11,12:15,Cow_113,13,7,0,0,32.7,Clear,Field A
2022-08-11,12:15,Cow_114,5,5,5,0,32.7,Clear,Field A
2022-08-11,12:15,Cow_115,12,0,7,0,32.7,Clear,Field A
2022-08-11,12:15,Cow_116,7,2,6,0,32.7,Clear,Field C
2022-08-11,12:15,Cow_117,9,3,3,0,32.7,Clear,Field A
2022-08-11,12:15,Cow_118,3,5,7,0,32.7,Clear,Field C
2022-08-11,12:15,Cow_119,0,8,8,0,32.7,Clear,Field B
2022-08-11,12:15,Cow_120,9,2,4,0,32.7,Clear,Field B
2022-08-11,12:15,Cow_121,7,6,2,0,32.7,Clear,Field C
2022-08-11,12:15,Cow_122,3,7,5,0,32.7,Clear,Field C
2022-08-11,12:15,Cow_123,14,0,6,0,32.7,Clear,Field C
2022-08-11,12:15,Cow_124,13,6,0,0,32.7,Clear,Field A
2022-08-11,12:15,Cow_125,9,9,0,0,32.7,Clear,Field A
2022-08-11,12:15,Cow_126,3,7,5,0,32.7,Clear,Field C
2022-08-11,12:15,Cow_127,5,5,5,0,32.7,Clear,Field B
2022-08-11,12:15,Cow_128,11,9,0,0,32.7,Clear,Field A
2022-08-11,12:15,Cow_129,6,4,5,0,32.7,Clear,Field B
2022-08-11,12:15,Cow_130,3,9,3,0,32.7,Clear,Field A
2022-08-11,12:15,Cow_131,13,5,0,0,32.7,Clear,Field C
2022-08-11,12:15,Cow_132,11,10,0,0,32.7,Clear,Field A
2022-08-11,12:15,Cow_133,5,4,6,0,32.7,Clear,Field A
2022-08-11,12:15,Cow_134,8,3,4,0,32.7,Clear,Field B
2022-08-11,12:15,Cow_135,8,4,3,0,32.7,Clear,Field C
2022-08-11,12:15,Cow_136,9,0,7,0,32.7,Clear,Field C
2022-08-11,12:15,Cow_137,7,2,6,0,32.7,Clear,Field A
2022-08-11,12:15,Cow_138,6,2,7,0,32.7,Clear,Field B
2022-08-11,12:15,Cow_139,2,6,7,0,32.7,Clear,Field C
2022-08-11,12:15,Cow_140,0,8,8,0,32.7,Clear,Field B
2022-08-11,12:15,Cow_141,7,5,3,0,32.7,Clear,Field C
2022-08-11,12:15,Cow_142,12,8,0,0,32.7,Clear,Field B
2022-08-11,12:15,Cow_143,10,10,0,0,32.7,Clear,Field B
2022-08-11,12:15,Cow_144,9,7,0,0,32.7,Clear,Field C
2022-08-11,12:15,Cow_145,5,7,3,0,32.7,Clear,Field C
2022-08-11,12:15,Cow_146,11,1,3,0,32.7,Clear,Field A
2022-08-11,12:15,Cow_147,2,10,3,0,32.7,Clear,Field C
2022-08-11,12:15,Cow_148,8,7,0,0,32.7,Clear,Field A
2022-08-11,12:15,Cow_149,5,5,5,0,32.7,Clear,Field A
2022-08-11,12:15,Cow_150,10,0,5,0,32.7,Clear,Field C
2022-08-11,12:15,Cow_151,1,8,6,0,32.7,Clear,Field A
2022-08-11,12:15,Cow_152,5,4,6,0,32.7,Clear,Field B
2022-08-11,12:15,Cow_153,12,9,0,0,32.7,Clear,Field B
2022-08-11,12:15,Cow_154,8,0,7,0,32.7,Clear,Field C
2022-08-11,12:15,Cow_155,4,8,3,0,32.7,Clear,Field C
2022-08-11,12:15,Cow_156,14,0,3,0,32.7,Clear,Field B
2022-08-11,12:15,Cow_157,0,10,8,0,32.7,Clear,Field A
2022-08-11,12:15,Cow_158,10,0,6,0,32.7,Clear,Field B
2022-08-11,12:15,Cow_159,11,0,6,0,32.7,Clear,Field A
2022-08-11,12:15,Cow_160,5,7,3,0,32.7,Clear,Field A
2022-08-11,12:15,Cow_161,3,4,8,0,32.7,Clear,Field A
2022-08-11,12:15,Cow_162,3,7,5,0,32.7,Clear,Field A
2022-08-11,12:15,Cow_163,2,10,3,0,32.7,Clear,Field C
2022-08-11,12:15,Cow_164,0,0,0,15,32.7,Clear,Field A
2022-08-11,12:15,Cow_165,12,0,5,0,32.7,Clear,Field C
2022-08-11,12:15,Cow_166,6,6,3,0,32.7,Clear,Field C
2022-08-11,12:15,Cow_167,9,5,1,0,32.7,Clear,Field A
2022-08-11,12:15,Cow_168,7,9,0,0,32.7,Clear,Field A
2022-08-11,12:15,Cow_169,14,4,0,0,32.7,Clear,Field A
2022-08-11,12:15,Cow_170,14,0,8,0,32.7,Clear,Field B
2022-08-11,12:15,Cow_171,10,4,1,0,32.7,Clear,Field C
2022-08-11,12:15,Cow_172,9,10,0,0,32.7,Clear,Field C
2022-08-11,12:15,Cow_173,2,6,7,0,32.7,Clear,Field B
2022-08-11,12:15,Cow_174,6,4,5,0,32.7,Clear,Field B
2022-08-11,12:15,Cow_175,14,5,0,0,32.7,Clear,Field C
2022-08-11,12:15,Cow_176,0,0,0,15,32.7,Clear,Field A
2022-08-11,12:15,Cow_177,13,10,0,0,32.7,Clear,Field B
2022-08-11,12:15,Cow_178,1,6,8,0,32.7,Clear,Field A
2022-08-11,12:15,Cow_179,9,0,8,0,32.7,Clear,Field A
2022-08-11,12:15,Cow_180,5,7,3,0,32.7,Clear,Field B
2022-08-11,12:15,Cow_181,0,0,0,15,32.7,Clear,Field A
2022-08-11,12:15,Cow_182,12,7,0,0,32.7,Clear,Field B
2022-08-11,12:15,Cow_183,0,9,8,0,32.7,Clear,Field C
2022-08-11,12:15,Cow_184,0,0,0,15,32.7,Clear,Field B
2022-08-11,12:15,Cow_185,11,0,5,0,32.7,Clear,Field C
2022-08-11,12:15,Cow_186,11,0,8,0,32.7,Clear,Field A
2022-08-11,12:15,Cow_187,8,2,5,0,32.7,Clear,Field B
2022-08-11,12:15,Cow_188,0,10,8,0,32.7,Clear,Field C
2022-08-11,12:15,Cow_189,12,7,0,0,32.7,Clear,Field B
2022-08-11,12:15,Cow_190,8,10,0,0,32.7,Clear,Field B
2022-08-11,12:15,Cow_191,10,0,5,0,32.7,Clear,Field C
2022-08-11,12:15,Cow_192,12,0,5,0,32.7,Clear,Field C
2022-08-11,12:15,Cow_193,5,3,7,0,32.7,Clear,Field B
2022-08-11,12:15,Cow_194,9,2,4,0,32.7,Clear,Field B
2022-08-11,12:15,Cow_195,11,7,0,0,32.7,Clear,Field A
2022-08-11,12:15,Cow_196,8,3,4,0,32.7,Clear,Field B
2022-08-11,12:15,Cow_197,14,0,3,0,32.7,Clear,Field C
2022-08-11,12:15,Cow_198,8,4,3,0,32.7,Clear,Field B
2022-08-11,12:15,Cow_199,13,9,0,0,32.7,Clear,Field A
2022-08-11,12:15,Cow_200,6,3,6,0,32.7,Clear,Field B
2022-08-11,12:15,Cow_201,0,8,8,0,32.7,Clear,Field C
2022-08-11,12:15,Cow_202,8,1,6,0,32.7,Clear,Field A
2022-08-11,12:15,Cow_203,0,9,8,0,32.7,Clear,Field B
2022-08-11,12:15,Cow_204,3,4,8,0,32.7,Clear,Field A
2022-08-11,12:15,Cow_205,9,0,8,0,32.7,Clear,Field C
2022-08-11,12:15,Cow_206,11,9,0,0,32.7,Clear,Field B
2022-08-11,12:15,Cow_207,14,8,0,0,32.7,Clear,Field A
2022-08-11,12:15,Cow_208,4,3,8,0,32.7,Clear,Field B
2022-08-11,12:15,Cow_209,12,5,0,0,32.7,Clear,Field A
2022-08-11,12:15,Cow_210,6,5,4,0,32.7,Clear,Field C
2022-08-11,12:15,Cow_211,6,3,6,0,32.7,Clear,Field C
2022-08-11,12:15,Cow_212,12,0,8,0,32.7,Clear,Field C
2022-08-11,12:15,Cow_213,10,8,0,0,32.7,Clear,Field B
2022-08-11,12:15,Cow_214,10,7,0,0,32.7,Clear,Field A
2022-08-11,12:15,Cow_215,4,6,5,0,32.7,Clear,Field A
2022-08-11,12:15,Cow_216,6,3,6,0,32.7,Clear,Field B
2022-08-11,12:15,Cow_217,8,0,7,0,32.7,Clear,Field C
2022-08-11,12:15,Cow_218,13,0,8,0,32.7,Clear,Field C
2022-08-11,12:15,Cow_219,14,0,5,0,32.7,Clear,Field B
2022-08-11,12:15,Cow_220,11,9,0,0,32.7,Clear,Field C
2022-08-11,12:15,Cow_221,8,2,5,0,32.7,Clear,Field A
2022-08-11,12:15,Cow_222,0,0,0,15,32.7,Clear,Field A
2022-08-11,12:15,Cow_223,0,9,7,0,32.7,Clear,Field C
2022-08-11,12:15,Cow_224,8,4,3,0,32.7,Clear,Field B
2022-08-11,12:15,Cow_225,6,4,5,0,32.7,Clear,Field A
2022-08-11,12:15,Cow_226,1,7,7,0,32.7,Clear,Field A
2022-08-11,12:15,Cow_227,9,10,0,0,32.7,Clear,Field A
2022-08-11,12:15,Cow_228,12,0,4,0,32.7,Clear,Field C
2022-08-11,12:15,Cow_229,5,6,4,0,32.7,Clear,Field A
2022-08-11,12:15,Cow_230,11,0,7,0,32.7,Clear,Field A
2022-08-11,12:15,Cow_231,1,6,8,0,32.7,Clear,Field C
2022-08-11,12:15,Cow_232,9,3,3,0,32.7,Clear,Field A
2022-08-11,12:15,Cow_233,6,4,5,0,32.7,Clear,Field C
2022-08-11,12:15,Cow_234,6,3,6,0,32.7,Clear,Field C
2022-08-11,12:15,Cow_235,7,11,0,0,32.7,Clear,Field B
2022-08-11,12:15,Cow_236,1,7,7,0,32.7,Clear,Field B
2022-08-11,12:15,Cow_237,12,3,0,0,32.7,Clear,Field A
2022-08-11,12:15,Cow_238,2,7,6,0,32.7,Clear,Field C
2022-08-11,12:15,Cow_239,7,1,7,0,32.7,Clear,Field C
2022-08-11,12:15,Cow_240,6,2,7,0,32.7,Clear,Field C
2022-08-11,12:15,Cow_241,4,3,8,0,32.7,Clear,Field C
2022-08-11,12:15,Cow_242,0,8,7,0,32.7,Clear,Field A
2022-08-11,12:15,Cow_243,6,1,8,0,32.7,Clear,Field B
2022-08-11,12:15,Cow_244,11,5,0,0,32.7,Clear,Field B
2022-08-11,12:15,Cow_245,2,9,4,0,32.7,Clear,Field B
2022-08-11,12:15,Cow_246,9,4,2,0,32.7,Clear,Field B
2022-08-11,12:15,Cow_247,0,11,7,0,32.7,Clear,Field C
2022-08-11,12:15,Cow_248,14,5,0,0,32.7,Clear,Field A
2022-08-11,12:15,Cow_249,2,5,8,0,32.7,Clear,Field B
2022-08-11,12:15,Cow_250,2,10,3,0,32.7,Clear,Field A
2022-08-11,12:15,Cow_251,5,4,6,0,32.7,Clear,Field A
2022-08-11,12:15,Cow_252,9,12,0,0,32.7,Clear,Field C
2022-08-11,12:15,Cow_253,6,8,1,0,32.7,Clear,Field B
2022-08-11,12:15,Cow_254,0,0,0,15,32.7,Clear,Field B
2022-08-11,12:15,Cow_255,14,8,0,0,32.7,Clear,Field C
2022-08-11,12:15,Cow_256,0,10,6,0,32.7,Clear,Field A
2022-08-11,12:15,Cow_257,7,5,3,0,32.7,Clear,Field B
2022-08-11,12:15,Cow_258,6,2,7,0,32.7,Clear,Field A
2022-08-11,12:15,Cow_259,3,4,8,0,32.7,Clear,Field B
2022-08-11,12:15,Cow_260,8,0,8,0,32.7,Clear,Field B
2022-08-11,12:15,Cow_261,5,2,8,0,32.7,Clear,Field A
2022-08-11,12:15,Cow_262,7,1,7,0,32.7,Clear,Field C
2022-08-11,12:15,Cow_263,8,3,4,0,32.7,Clear,Field A
2022-08-11,12:15,Cow_264,11,0,5,0,32.7,Clear,Field B
2022-08-11,12:15,Cow_265,0,8,7,0,32.7,Clear,Field B
2022-08-11,12:15,Cow_266,8,8,0,0,32.7,Clear,Field B
2022-08-11,12:15,Cow_267,8,3,4,0,32.7,Clear,Field A
2022-08-11,12:15,Cow_268,9,9,0,0,32.7,Clear,Field B
2022-08-11,12:15,Cow_269,14,0,3,0,32.7,Clear,Field A
2022-08-11,12:15,Cow_270,10,4,1,0,32.7,Clear,Field C
2022-08-11,12:15,Cow_271,0,8,7,0,32.7,Clear,Field C
2022-08-11,12:15,Cow_272,13,7,0,0,32.7,Clear,Field C
2022-08-11,12:15,Cow_273,11,9,0,0,32.7,Clear,Field C
2022-08-11,12:15,Cow_274,11,3,1,0,32.7,Clear,Field C
2022-08-11,12:15,Cow_275,2,7,6,0,32.7,Clear,Field A
2022-08-11,12:15,Cow_276,5,3,7,0,32.7,Clear,Field B
2022-08-11,12:15,Cow_277,1,9,5,0,32.7,Clear,Field C
2022-08-11,12:15,Cow_278,12,10,0,0,32.7,Clear,Field B
2022-08-11,12:15,Cow_279,8,7,0,0,32.7,Clear,Field A
2022-08-11,12:15,Cow_280,6,5,4,0,32.7,Clear,Field B
2022-08-11,12:15,Cow_281,2,8,5,0,32.7,Clear,Field A
2022-08-11,12:15,Cow_282,0,9,6,0,32.7,Clear,Field C
2022-08-11,12:15,Cow_283,5,6,4,0,32.7,Clear,Field B
2022-08-11,12:15,Cow_284,7,9,0,0,32.7,Clear,Field C
2022-08-11,12:15,Cow_285,7,3,5,0,32.7,Clear,Field C
2022-08-11,12:15,Cow_286,2,6,7,0,32.7,Clear,Field A
2022-08-11,12:15,Cow_287,12,0,7,0,32.7,Clear,Field B
2022-08-11,12:15,Cow_288,8,4,3,0,32.7,Clear,Field A
2022-08-11,12:15,Cow_289,6,7,2,0,32.7,Clear,Field A
2022-08-11,12:15,Cow_290,3,5,7,0,32.7,Clear,Field B
2022-08-11,12:15,Cow_291,4,5,6,0,32.7,Clear,Field B
2022-08-11,12:15,Cow_292,14,0,7,0,32.7,Clear,Field A
2022-08-11,12:15,Cow_293,5,3,7,0,32.7,Clear,Field C
2022-08-11,12:15,Cow_294,6,4,5,0,32.7,Clear,Field B
2022-08-11,12:15,Cow_295,6,10,0,0,32.7,Clear,Field B
2022-08-11,12:15,Cow_296,13,0,5,0,32.7,Clear,Field B
2022-08-11,12:15,Cow_297,10,0,5,0,32.7,Clear,Field A
2022-08-11,12:15,Cow_298,6,3,6,0,32.7,Clear,Field C
2022-08-11,12:15,Cow_299,8,10,0,0,32.7,Clear,Field A
2022-08-11,12:15,Cow_300,4,6,5,0,32.7,Clear,Field C
2022-08-11,12:15,Cow_301,5,6,4,0,32.7,Clear,Field C
2022-08-11,12:15,Cow_302,0,8,7,0,32.7,Clear,Field C
2022-08-11,12:15,Cow_303,11,9,0,0,32.7,Clear,Field B
2022-08-11,12:15,Cow_304,11,0,7,0,32.7,Clear,Field C
2022-08-11,12:15,Cow_305,8,3,4,0,32.7,Clear,Field B
2022-08-11,12:15,Cow_306,11,9,0,0,32.7,Clear,Field A
2022-08-11,12:15,Cow_307,7,3,5,0,32.7,Clear,Field C
2022-08-11,12:15,Cow_308,6,10,0,0,32.7,Clear,Field C
2022-08-11,12:15,Cow_309,11,0,7,0,32.7,Clear,Field B
2022-08-11,12:15,Cow_310,13,0,5,0,32.7,Clear,Field B
2022-08-11,12:15,Cow_311,7,4,4,0,32.7,Clear,Field B
2022-08-11,12:15,Cow_312,4,4,7,0,32.7,Clear,Field A
2022-08-11,12:15,Cow_313,6,4,5,0,32.7,Clear,Field A
2022-08-11,12:15,Cow_314,4,8,3,0,32.7,Clear,Field C
2022-08-11,12:15,Cow_315,9,3,3,0,32.7,Clear,Field B
2022-08-11,12:15,Cow_316,0,10,5,0,32.7,Clear,Field C
2022-08-11,12:15,Cow_317,7,4,4,0,32.7,Clear,Field C
2022-08-11,12:15,Cow_318,5,6,4,0,32.7,Clear,Field C
2022-08-11,12:15,Cow_319,9,0,6,0,32.7,Clear,Field C
2022-08-11,12:15,Cow_320,8,0,8,0,32.7,Clear,Field C
2022-08-11,12:15,Cow_321,5,4,6,0,32.7,Clear,Field C
2022-08-11,12:15,Cow_322,4,3,8,0,32.7,Clear,Field C
2022-08-11,12:15,Cow_323,6,3,6,0,32.7,Clear,Field B
2022-08-11,12:15,Cow_324,10,0,8,0,32.7,Clear,Field C
2022-08-11,12:15,Cow_325,4,6,5,0,32.7,Clear,Field B
2022-08-11,12:15,Cow_326,5,6,4,0,32.7,Clear,Field A
2022-08-11,12:15,Cow_327,0,10,6,0,32.7,Clear,Field B
2022-08-11,12:15,Cow_328,13,0,4,0,32.7,Clear,Field A
2022-08-11,12:15,Cow_329,5,7,3,0,32.7,Clear,Field C
2022-08-11,12:15,Cow_330,7,5,3,0,32.7,Clear,Field B
2022-08-11,12:15,Cow_331,12,10,0,0,32.7,Clear,Field A
2022-08-11,12:15,Cow_332,10,7,0,0,32.7,Clear,Field B
2022-08-11,12:15,Cow_333,8,1,6,0,32.7,Clear,Field C
2022-08-11,12:15,Cow_334,5,5,5,0,32.7,Clear,Field B
2022-08-11,12:15,Cow_335,0,0,0,15,32.7,Clear,Field C
2022-08-11,12:15,Cow_336,5,3,7,0,32.7,Clear,Field B
2022-08-11,12:15,Cow_337,6,8,1,0,32.7,Clear,Field A
2022-08-11,12:15,Cow_338,8,3,4,0,32.7,Clear,Field B
2022-08-11,12:15,Cow_339,5,7,3,0,32.7,Clear,Field C
2022-08-11,12:15,Cow_340,13,5,0,0,32.7,Clear,Field C
2022-08-11,12:15,Cow_341,12,0,4,0,32.7,Clear,Field C
2022-08-11,12:15,Cow_342,11,0,4,0,32.7,Clear,Field A
2022-08-11,12:15,Cow_343,0,0,0,15,32.7,Clear,Field C
2022-08-11,12:15,Cow_344,12,0,4,0,32.7,Clear,Field C
2022-08-11,12:15,Cow_345,1,8,6,0,32.7,Clear,Field B
2022-08-11,12:15,Cow_346,7,5,3,0,32.7,Clear,Field C
2022-08-11,12:15,Cow_347,6,3,6,0,32.7,Clear,Field B
2022-08-11,12:15,Cow_348,9,0,9,0,32.7,Clear,Field C
2022-08-11,12:15,Cow_349,6,6,3,0,32.7,Clear,Field A
2022-08-11,12:15,Cow_350,0,8,7,0,32.7,Clear,Field A
2022-08-11,12:15,Cow_351,0,0,0,15,32.7,Clear,Field A
2022-08-11,12:15,Cow_352,14,0,5,0,32.7,Clear,Field C
2022-08-11,12:15,Cow_353,8,0,7,0,32.7,Clear,Field C
2022-08-11,12:15,Cow_354,0,10,6,0,32.7,Clear,Field B
2022-08-11,12:15,Cow_355,10,9,0,0,32.7,Clear,Field C
2022-08-11,12:15,Cow_356,12,0,6,0,32.7,Clear,Field A
2022-08-11,12:15,Cow_357,6,3,6,0,32.7,Clear,Field C
2022-08-11,12:15,Cow_358,0,0,0,15,32.7,Clear,Field A
2022-08-11,12:15,Cow_359,9,1,5,0,32.7,Clear,Field C
2022-08-11,12:15,Cow_360,11,1,3,0,32.7,Clear,Field C
2022-08-11,12:15,Cow_361,4,3,8,0,32.7,Clear,Field C
2022-08-11,12:15,Cow_362,13,0,3,0,32.7,Clear,Field C
2022-08-11,12:15,Cow_363,3,7,5,0,32.7,Clear,Field B
2022-08-11,12:15,Cow_364,0,8,8,0,32.7,Clear,Field B
2022-08-11,12:15,Cow_365,14,0,7,0,32.7,Clear,Field B
2022-08-11,12:15,Cow_366,10,0,10,0,32.7,Clear,Field A
2022-08-11,12:15,Cow_367,11,0,7,0,32.7,Clear,Field A
2022-08-11,12:15,Cow_368,14,4,0,0,32.7,Clear,Field B
2022-08-11,12:15,Cow_369,7,4,4,0,32.7,Clear,Field A
2022-08-11,12:15,Cow_370,14,0,8,0,32.7,Clear,Field A
2022-08-11,12:15,Cow_371,0,0,0,15,32.7,Clear,Field A
2022-08-11,12:15,Cow_372,6,6,3,0,32.7,Clear,Field C
2022-08-11,12:15,Cow_373,7,3,5,0,32.7,Clear,Field A
2022-08-11,12:15,Cow_374,6,2,7,0,32.7,Clear,Field C
2022-08-11,12:15,Cow_375,0,10,5,0,32.7,Clear,Field A
2022-08-11,12:15,Cow_376,9,6,0,0,32.7,Clear,Field B
2022-08-11,12:15,Cow_377,7,3,5,0,32.7,Clear,Field A
2022-08-11,12:15,Cow_378,11,1,3,0,32.7,Clear,Field A
2022-08-11,12:15,Cow_379,9,1,5,0,32.7,Clear,Field B
2022-08-11,12:15,Cow_380,14,0,6,0,32.7,Clear,Field B
2022-08-11,12:15,Cow_381,0,0,0,15,32.7,Clear,Field C
2022-08-11,12:15,Cow_382,8,1,6,0,32.7,Clear,Field B
2022-08-11,12:15,Cow_383,11,10,0,0,32.7,Clear,Field C
2022-08-11,12:15,Cow_384,9,0,8,0,32.7,Clear,Field B
2022-08-11,12:15,Cow_385,5,6,4,0,32.7,Clear,Field B
2022-08-11,12:15,Cow_386,5,3,7,0,32.7,Clear,Field C
2022-08-11,12:15,Cow_387,11,4,0,0,32.7,Clear,Field A
2022-08-11,12:15,Cow_388,0,0,0,15,32.7,Clear,Field A
2022-08-11,12:15,Cow_389,14,0,3,0,32.7,Clear,Field A
2022-08-11,12:15,Cow_390,1,7,7,0,32.7,Clear,Field B
2022-08-11,12:15,Cow_391,0,11,6,0,32.7,Clear,Field B
2022-08-11,12:15,Cow_392,6,7,2,0,32.7,Clear,Field B
2022-08-11,12:15,Cow_393,5,4,6,0,32.7,Clear,Field B
2022-08-11,12:15,Cow_394,11,9,0,0,32.7,Clear,Field A
2022-08-11,12:15,Cow_395,0,0,0,15,32.7,Clear,Field C
2022-08-11,12:15,Cow_396,8,3,4,0,32.7,Clear,Field B
2022-08-11,12:15,Cow_397,5,9,1,0,32.7,Clear,Field C
2022-08-11,12:15,Cow_398,11,0,5,0,32.7,Clear,Field C
2022-08-11,12:15,Cow_399,12,10,0,0,32.7,Clear,Field A
2022-08-11,12:15,Cow_400,14,0,7,0,32.7,Clear,Field A
2022-08-11,12:15,Cow_401,6,6,3,0,32.7,Clear,Field B
2022-08-11,12:15,Cow_402,8,5,2,0,32.7,Clear,Field C
2022-08-11,12:15,Cow_403,2,8,5,0,32.7,Clear,Field A
2022-08-11,12:15,Cow_404,7,1,7,0,32.7,Clear,Field C
2022-08-11,12:15,Cow_405,3,9,3,0,32.7,Clear,Field A
2022-08-11,12:15,Cow_406,14,10,0,0,32.7,Clear,Field A
2022-08-11,12:15,Cow_407,6,4,5,0,32.7,Clear,Field A
2022-08-11,12:15,Cow_408,11,6,0,0,32.7,Clear,Field A
2022-08-11,12:15,Cow_409,10,2,3,0,32.7,Clear,Field B
2022-08-11,12:15,Cow_410,7,0,8,0,32.7,Clear,Field B
2022-08-11,12:15,Cow_411,13,0,3,0,32.7,Clear,Field A
2022-08-11,12:15,Cow_412,11,0,6,0,32.7,Clear,Field A
2022-08-11,12:15,Cow_413,4,5,6,0,32.7,Clear,Field C
2022-08-11,12:15,Cow_414,13,0,5,0,32.7,Clear,Field B
2022-08-11,12:15,Cow_415,14,8,0,0,32.7,Clear,Field C
2022-08-11,12:15,Cow_416,0,8,8,0,32.7,Clear,Field A
2022-08-11,12:15,Cow_417,5,7,3,0,32.7,Clear,Field B
2022-08-11,12:15,Cow_418,5,4,6,0,32.7,Clear,Field A
2022-08-11,12:15,Cow_419,12,10,0,0,32.7,Clear,Field B
2022-08-11,12:15,Cow_420,4,3,8,0,32.7,Clear,Field A
2022-08-11,12:15,Cow_421,6,5,4,0,32.7,Clear,Field A
2022-08-11,12:15,Cow_422,0,0,0,15,32.7,Clear,Field A
2022-08-11,12:15,Cow_423,1,9,5,0,32.7,Clear,Field C
2022-08-11,12:15,Cow_424,5,4,6,0,32.7,Clear,Field B
2022-08-11,12:15,Cow_425,0,9,8,0,32.7,Clear,Field A
2022-08-11,12:15,Cow_426,3,9,3,0,32.7,Clear,Field B
2022-08-11,12:15,Cow_427,3,9,3,0,32.7,Clear,Field C
2022-08-11,12:15,Cow_428,0,10,7,0,32.7,Clear,Field B
2022-08-11,12:15,Cow_429,1,10,4,0,32.7,Clear,Field A
2022-08-11,12:15,Cow_430,0,0,0,15,32.7,Clear,Field C
2022-08-11,12:15,Cow_431,13,8,0,0,32.7,Clear,Field B
2022-08-11,12:15,Cow_432,14,10,0,0,32.7,Clear,Field A
2022-08-11,12:15,Cow_433,8,3,4,0,32.7,Clear,Field A
2022-08-11,12:15,Cow_434,2,9,4,0,32.7,Clear,Field B
2022-08-11,12:15,Cow_435,4,6,5,0,32.7,Clear,Field B
2022-08-11,12:15,Cow_436,2,7,6,0,32.7,Clear,Field B
2022-08-11,12:15,Cow_437,8,2,5,0,32.7,Clear,Field C
2022-08-11,12:15,Cow_438,1,6,8,0,32.7,Clear,Field C
2022-08-11,12:15,Cow_439,8,5,2,0,32.7,Clear,Field A
2022-08-11,12:15,Cow_440,4,5,6,0,32.7,Clear,Field A
2022-08-11,12:15,Cow_441,11,0,7,0,32.7,Clear,Field A
2022-08-11,12:15,Cow_442,7,0,9,0,32.7,Clear,Field B
2022-08-11,12:15,Cow_443,5,7,3,0,32.7,Clear,Field A
2022-08-11,12:15,Cow_444,0,0,0,15,32.7,Clear,Field A
2022-08-11,12:15,Cow_445,7,3,5,0,32.7,Clear,Field C
2022-08-11,12:15,Cow_446,8,0,8,0,32.7,Clear,Field C
2022-08-11,12:15,Cow_447,4,5,6,0,32.7,Clear,Field B
2022-08-11,12:15,Cow_448,12,0,7,0,32.7,Clear,Field C
2022-08-11,12:15,Cow_449,5,5,5,0,32.7,Clear,Field B
2022-08-11,12:15,Cow_450,8,3,4,0,32.7,Clear,Field C
2022-08-11,12:15,Cow_451,5,6,4,0,32.7,Clear,Field A
2022-08-11,12:15,Cow_452,14,9,0,0,32.7,Clear,Field B
2022-08-11,12:15,Cow_453,3,6,6,0,32.7,Clear,Field B
2022-08-11,12:15,Cow_454,10,1,4,0,32.7,Clear,Field B
2022-08-11,12:15,Cow_455,13,0,5,0,32.7,Clear,Field B
2022-08-11,12:15,Cow_456,6,1,8,0,32.7,Clear,Field C
2022-08-11,12:15,Cow_457,13,3,0,0,32.7,Clear,Field C
2022-08-11,12:15,Cow_458,4,4,7,0,32.7,Clear,Field B
2022-08-11,12:15,Cow_459,14,3,0,0,32.7,Clear,Field A
2022-08-11,12:15,Cow_460,14,0,6,0,32.7,Clear,Field B
2022-08-11,12:15,Cow_461,14,0,7,0,32.7,Clear,Field C
2022-08-11,12:15,Cow_462,5,2,8,0,32.7,Clear,Field A
2022-08-11,12:15,Cow_463,8,3,4,0,32.7,Clear,Field C
2022-08-11,12:15,Cow_464,8,4,3,0,32.7,Clear,Field A
2022-08-11,12:15,Cow_465,7,1,7,0,32.7,Clear,Field B
2022-08-11,12:15,Cow_466,5,5,5,0,32.7,Clear,Field C
2022-08-11,12:15,Cow_467,13,5,0,0,32.7,Clear,Field A
2022-08-11,12:15,Cow_468,7,5,3,0,32.7,Clear,Field A
2022-08-11,12:15,Cow_469,10,0,7,0,32.7,Clear,Field B
2022-08-11,12:15,Cow_470,3,6,6,0,32.7,Clear,Field A
2022-08-11,12:15,Cow_471,10,0,6,0,32.7,Clear,Field C
2022-08-11,12:15,Cow_472,4,4,7,0,32.7,Clear,Field C
2022-08-11,12:15,Cow_473,10,1,4,0,32.7,Clear,Field A
2022-08-11,12:15,Cow_474,11,5,0,0,32.7,Clear,Field C
2022-08-11,12:15,Cow_475,12,0,4,0,32.7,Clear,Field B
2022-08-11,12:15,Cow_476,5,4,6,0,32.7,Clear,Field A
2022-08-11,12:15,Cow_477,7,6,2,0,32.7,Clear,Field B
2022-08-11,12:15,Cow_478,12,4,0,0,32.7,Clear,Field C
2022-08-11,12:15,Cow_479,5,6,4,0,32.7,Clear,Field B
2022-08-11,12:15,Cow_480,5,3,7,0,32.7,Clear,Field B
2022-08-11,12:15,Cow_481,12,7,0,0,32.7,Clear,Field A
2022-08-11,12:15,Cow_482,4,7,4,0,32.7,Clear,Field A
2022-08-11,12:15,Cow_483,10,0,8,0,32.7,Clear,Field C
2022-08-11,12:15,Cow_484,9,4,2,0,32.7,Clear,Field C
2022-08-11,12:15,Cow_485,2,7,6,0,32.7,Clear,Field A
2022-08-11,12:15,Cow_486,7,3,5,0,32.7,Clear,Field A
2022-08-11,12:15,Cow_487,6,2,7,0,32.7,Clear,Field B
2022-08-11,12:15,Cow_488,0,10,6,0,32.7,Clear,Field A
2022-08-11,12:15,Cow_489,0,8,8,0,32.7,Clear,Field C
2022-08-11,12:15,Cow_490,10,0,6,0,32.7,Clear,Field B
2022-08-11,12:15,Cow_491,6,9,0,0,32.7,Clear,Field B
2022-08-11,12:15,Cow_492,3,9,3,0,32.7,Clear,Field B
2022-08-11,12:15,Cow_493,6,7,2,0,32.7,Clear,Field A
2022-08-11,12:15,Cow_494,9,2,4,0,32.7,Clear,Field A
2022-08-11,12:15,Cow_495,7,0,8,0,32.7,Clear,Field C
2022-08-11,12:15,Cow_496,5,7,3,0,32.7,Clear,Field C
2022-08-11,12:15,Cow_497,14,0,8,0,32.7,Clear,Field A
2022-08-11,12:15,Cow_498,11,4,0,0,32.7,Clear,Field C
2022-08-11,12:15,Cow_499,5,7,3,0,32.7,Clear,Field B
2022-08-11,12:15,Cow_500,12,0,6,0,32.7,Clear,Field A
2022-08-11,12:30,Cow_1,8,3,4,0,23.7,Clear,Field B
2022-08-11,12:30,Cow_2,1,7,7,0,23.7,Clear,Field A
2022-08-11,12:30,Cow_3,11,1,3,0,23.7,Clear,Field A
2022-08-11,12:30,Cow_4,9,3,3,0,23.7,Clear,Field C
2022-08-11,12:30,Cow_5,9,6,0,0,23.7,Clear,Field C
2022-08-11,12:30,Cow_6,7,8,0,0,23.7,Clear,Field B
2022-08-11,12:30,Cow_7,10,7,0,0,23.7,Clear,Field C
2022-08-11,12:30,Cow_8,8,7,0,0,23.7,Clear,Field B
2022-08-11,12:30,Cow_9,11,0,4,0,23.7,Clear,Field A
2022-08-11,12:30,Cow_10,5,4,6,0,23.7,Clear,Field A
2022-08-11,12:30,Cow_11,9,6,0,0,23.7,Clear,Field C
2022-08-11,12:30,Cow_12,0,10,5,0,23.7,Clear,Field A
2022-08-11,12:30,Cow_13,6,5,4,0,23.7,Clear,Field B
2022-08-11,12:30,Cow_14,7,4,4,0,23.7,Clear,Field A
2022-08-11,12:30,Cow_15,13,0,5,0,23.7,Clear,Field A
2022-08-11,12:30,Cow_16,9,3,3,0,23.7,Clear,Field A
2022-08-11,12:30,Cow_17,5,5,5,0,23.7,Clear,Field B
2022-08-11,12:30,Cow_18,9,8,0,0,23.7,Clear,Field A
2022-08-11,12:30,Cow_19,14,4,0,0,23.7,Clear,Field A
2022-08-11,12:30,Cow_20,0,9,7,0,23.7,Clear,Field A
2022-08-11,12:30,Cow_21,0,10,10,0,23.7,Clear,Field C
2022-08-11,12:30,Cow_22,11,10,0,0,23.7,Clear,Field B
2022-08-11,12:30,Cow_23,0,0,0,15,23.7,Clear,Field A
2022-08-11,12:30,Cow_24,6,8,1,0,23.7,Clear,Field B
2022-08-11,12:30,Cow_25,9,0,7,0,23.7,Clear,Field C
2022-08-11,12:30,Cow_26,4,4,7,0,23.7,Clear,Field C
2022-08-11,12:30,Cow_27,13,8,0,0,23.7,Clear,Field B
2022-08-11,12:30,Cow_28,0,8,8,0,23.7,Clear,Field B
2022-08-11,12:30,Cow_29,1,6,8,0,23.7,Clear,Field B
2022-08-11,12:30,Cow_30,7,5,3,0,23.7,Clear,Field B
2022-08-11,12:30,Cow_31,5,9,1,0,23.7,Clear,Field A
2022-08-11,12:30,Cow_32,9,5,1,0,23.7,Clear,Field A
2022-08-11,12:30,Cow_33,3,9,3,0,23.7,Clear,Field C
2022-08-11,12:30,Cow_34,7,4,4,0,23.7,Clear,Field B
2022-08-11,12:30,Cow_35,6,3,6,0,23.7,Clear,Field B
2022-08-11,12:30,Cow_36,9,5,1,0,23.7,Clear,Field B
2022-08-11,12:30,Cow_37,0,0,0,15,23.7,Clear,Field B
2022-08-11,12:30,Cow_38,8,5,2,0,23.7,Clear,Field B
2022-08-11,12:30,Cow_39,8,0,8,0,23.7,Clear,Field C
2022-08-11,12:30,Cow_40,5,10,0,0,23.7,Clear,Field A
2022-08-11,12:30,Cow_41,7,4,4,0,23.7,Clear,Field B
2022-08-11,12:30,Cow_42,14,0,5,0,23.7,Clear,Field B
2022-08-11,12:30,Cow_43,6,5,4,0,23.7,Clear,Field A
2022-08-11,12:30,Cow_44,5,3,7,0,23.7,Clear,Field A
2022-08-11,12:30,Cow_45,5,3,7,0,23.7,Clear,Field C
2022-08-11,12:30,Cow_46,12,5,0,0,23.7,Clear,Field B
2022-08-11,12:30,Cow_47,7,10,0,0,23.7,Clear,Field B
2022-08-11,12:30,Cow_48,7,3,5,0,23.7,Clear,Field A
2022-08-11,12:30,Cow_49,7,3,5,0,23.7,Clear,Field C
2022-08-11,12:30,Cow_50,12,0,6,0,23.7,Clear,Field C
2022-08-11,12:30,Cow_51,12,8,0,0,23.7,Clear,Field B
2022-08-11,12:30,Cow_52,13,0,3,0,23.7,Clear,Field B
2022-08-11,12:30,Cow_53,5,3,7,0,23.7,Clear,Field A
2022-08-11,12:30,Cow_54,0,11,8,0,23.7,Clear,Field A
2022-08-11,12:30,Cow_55,10,10,0,0,23.7,Clear,Field C
2022-08-11,12:30,Cow_56,7,1,7,0,23.7,Clear,Field A
2022-08-11,12:30,Cow_57,14,0,6,0,23.7,Clear,Field C
2022-08-11,12:30,Cow_58,0,0,0,15,23.7,Clear,Field A
2022-08-11,12:30,Cow_59,10,4,1,0,23.7,Clear,Field C
2022-08-11,12:30,Cow_60,3,6,6,0,23.7,Clear,Field A
2022-08-11,12:30,Cow_61,7,6,2,0,23.7,Clear,Field A
2022-08-11,12:30,Cow_62,12,6,0,0,23.7,Clear,Field B
2022-08-11,12:30,Cow_63,14,0,6,0,23.7,Clear,Field B
2022-08-11,12:30,Cow_64,9,9,0,0,23.7,Clear,Field B
2022-08-11,12:30,Cow_65,0,0,0,15,23.7,Clear,Field B
2022-08-11,12:30,Cow_66,8,3,4,0,23.7,Clear,Field A
2022-08-11,12:30,Cow_67,12,0,4,0,23.7,Clear,Field C
2022-08-11,12:30,Cow_68,0,10,8,0,23.7,Clear,Field A
2022-08-11,12:30,Cow_69,12,7,0,0,23.7,Clear,Field B
2022-08-11,12:30,Cow_70,8,1,6,0,23.7,Clear,Field A
2022-08-11,12:30,Cow_71,4,5,6,0,23.7,Clear,Field B
2022-08-11,12:30,Cow_72,3,6,6,0,23.7,Clear,Field B
2022-08-11,12:30,Cow_73,12,9,0,0,23.7,Clear,Field A
2022-08-11,12:30,Cow_74,10,5,0,0,23.7,Clear,Field A
2022-08-11,12:30,Cow_75,0,7,8,0,23.7,Clear,Field C
2022-08-11,12:30,Cow_76,8,3,4,0,23.7,Clear,Field C
2022-08-11,12:30,Cow_77,10,2,3,0,23.7,Clear,Field C
2022-08-11,12:30,Cow_78,1,6,8,0,23.7,Clear,Field C
2022-08-11,12:30,Cow_79,6,1,8,0,23.7,Clear,Field C
2022-08-11,12:30,Cow_80,0,9,8,0,23.7,Clear,Field C
2022-08-11,12:30,Cow_81,4,5,6,0,23.7,Clear,Field C
2022-08-11,12:30,Cow_82,13,0,8,0,23.7,Clear,Field C
2022-08-11,12:30,Cow_83,5,3,7,0,23.7,Clear,Field B
2022-08-11,12:30,Cow_84,3,7,5,0,23.7,Clear,Field C
2022-08-11,12:30,Cow_85,13,0,4,0,23.7,Clear,Field A
2022-08-11,12:30,Cow_86,14,7,0,0,23.7,Clear,Field C
2022-08-11,12:30,Cow_87,6,6,3,0,23.7,Clear,Field B
2022-08-11,12:30,Cow_88,6,8,1,0,23.7,Clear,Field B
2022-08-11,12:30,Cow_89,2,6,7,0,23.7,Clear,Field A
2022-08-11,12:30,Cow_90,2,10,3,0,23.7,Clear,Field C
2022-08-11,12:30,Cow_91,3,8,4,0,23.7,Clear,Field A
2022-08-11,12:30,Cow_92,5,4,6,0,23.7,Clear,Field A
2022-08-11,12:30,Cow_93,10,7,0,0,23.7,Clear,Field B
2022-08-11,12:30,Cow_94,1,7,7,0,23.7,Clear,Field A
2022-08-11,12:30,Cow_95,2,5,8,0,23.7,Clear,Field C
2022-08-11,12:30,Cow_96,12,0,6,0,23.7,Clear,Field C
2022-08-11,12:30,Cow_97,7,6,2,0,23.7,Clear,Field A
2022-08-11,12:30,Cow_98,15,0,2,0,23.7,Clear,Field C
2022-08-11,12:30,Cow_99,9,4,2,0,23.7,Clear,Field A
2022-08-11,12:30,Cow_100,8,3,4,0,23.7,Clear,Field A
2022-08-11,12:30,Cow_101,14,0,4,0,23.7,Clear,Field C
2022-08-11,12:30,Cow_102,0,0,0,15,23.7,Clear,Field A
2022-08-11,12:30,Cow_103,13,0,6,0,23.7,Clear,Field B
2022-08-11,12:30,Cow_104,5,5,5,0,23.7,Clear,Field C
2022-08-11,12:30,Cow_105,3,9,3,0,23.7,Clear,Field A
2022-08-11,12:30,Cow_106,7,4,4,0,23.7,Clear,Field A
2022-08-11,12:30,Cow_107,10,0,7,0,23.7,Clear,Field B
2022-08-11,12:30,Cow_108,8,4,3,0,23.7,Clear,Field B
2022-08-11,12:30,Cow_109,5,5,5,0,23.7,Clear,Field A
2022-08-11,12:30,Cow_110,9,6,0,0,23.7,Clear,Field B
2022-08-11,12:30,Cow_111,13,7,0,0,23.7,Clear,Field C
2022-08-11,12:30,Cow_112,12,4,0,0,23.7,Clear,Field B
2022-08-11,12:30,Cow_113,11,0,5,0,23.7,Clear,Field C
2022-08-11,12:30,Cow_114,9,8,0,0,23.7,Clear,Field B
2022-08-11,12:30,Cow_115,13,0,5,0,23.7,Clear,Field C
2022-08-11,12:30,Cow_116,6,4,5,0,23.7,Clear,Field B
2022-08-11,12:30,Cow_117,2,5,8,0,23.7,Clear,Field A
2022-08-11,12:30,Cow_118,0,9,7,0,23.7,Clear,Field B
2022-08-11,12:30,Cow_119,8,0,7,0,23.7,Clear,Field C
2022-08-11,12:30,Cow_120,12,0,3,0,23.7,Clear,Field B
2022-08-11,12:30,Cow_121,6,5,4,0,23.7,Clear,Field B
2022-08-11,12:30,Cow_122,5,8,2,0,23.7,Clear,Field C
2022-08-11,12:30,Cow_123,6,5,4,0,23.7,Clear,Field B
2022-08-11,12:30,Cow_124,6,10,0,0,23.7,Clear,Field A
2022-08-11,12:30,Cow_125,12,8,0,0,23.7,Clear,Field B
2022-08-11,12:30,Cow_126,10,0,5,0,23.7,Clear,Field A
2022-08-11,12:30,Cow_127,6,3,6,0,23.7,Clear,Field C
2022-08-11,12:30,Cow_128,0,0,0,15,23.7,Clear,Field B
2022-08-11,12:30,Cow_129,6,6,3,0,23.7,Clear,Field C
2022-08-11,12:30,Cow_130,6,4,5,0,23.7,Clear,Field A
2022-08-11,12:30,Cow_131,6,3,6,0,23.7,Clear,Field A
2022-08-11,12:30,Cow_132,11,0,4,0,23.7,Clear,Field A
2022-08-11,12:30,Cow_133,4,3,8,0,23.7,Clear,Field C
2022-08-11,12:30,Cow_134,0,7,8,0,23.7,Clear,Field C
2022-08-11,12:30,Cow_135,5,5,5,0,23.7,Clear,Field C
2022-08-11,12:30,Cow_136,14,8,0,0,23.7,Clear,Field C
2022-08-11,12:30,Cow_137,9,3,3,0,23.7,Clear,Field A
2022-08-11,12:30,Cow_138,14,5,0,0,23.7,Clear,Field C
2022-08-11,12:30,Cow_139,9,6,0,0,23.7,Clear,Field B
2022-08-11,12:30,Cow_140,12,0,5,0,23.7,Clear,Field C
2022-08-11,12:30,Cow_141,2,6,7,0,23.7,Clear,Field B
2022-08-11,12:30,Cow_142,13,0,8,0,23.7,Clear,Field B
2022-08-11,12:30,Cow_143,11,4,0,0,23.7,Clear,Field C
2022-08-11,12:30,Cow_144,0,9,7,0,23.7,Clear,Field A
2022-08-11,12:30,Cow_145,9,7,0,0,23.7,Clear,Field C
2022-08-11,12:30,Cow_146,9,3,3,0,23.7,Clear,Field C
2022-08-11,12:30,Cow_147,1,7,7,0,23.7,Clear,Field A
2022-08-11,12:30,Cow_148,9,5,1,0,23.7,Clear,Field B
2022-08-11,12:30,Cow_149,2,7,6,0,23.7,Clear,Field C
2022-08-11,12:30,Cow_150,11,8,0,0,23.7,Clear,Field A
2022-08-11,12:30,Cow_151,0,8,8,0,23.7,Clear,Field A
2022-08-11,12:30,Cow_152,9,6,0,0,23.7,Clear,Field A
2022-08-11,12:30,Cow_153,14,0,3,0,23.7,Clear,Field C
2022-08-11,12:30,Cow_154,5,5,5,0,23.7,Clear,Field C
2022-08-11,12:30,Cow_155,14,0,7,0,23.7,Clear,Field C
2022-08-11,12:30,Cow_156,12,0,3,0,23.7,Clear,Field B
2022-08-11,12:30,Cow_157,7,5,3,0,23.7,Clear,Field A
2022-08-11,12:30,Cow_158,3,8,4,0,23.7,Clear,Field A
2022-08-11,12:30,Cow_159,0,0,0,15,23.7,Clear,Field C
2022-08-11,12:30,Cow_160,5,7,3,0,23.7,Clear,Field C
2022-08-11,12:30,Cow_161,14,7,0,0,23.7,Clear,Field A
2022-08-11,12:30,Cow_162,10,0,7,0,23.7,Clear,Field B
2022-08-11,12:30,Cow_163,13,0,5,0,23.7,Clear,Field A
2022-08-11,12:30,Cow_164,5,7,3,0,23.7,Clear,Field C
2022-08-11,12:30,Cow_165,5,3,7,0,23.7,Clear,Field C
2022-08-11,12:30,Cow_166,14,6,0,0,23.7,Clear,Field A
2022-08-11,12:30,Cow_167,9,0,8,0,23.7,Clear,Field A
2022-08-11,12:30,Cow_168,0,8,7,0,23.7,Clear,Field C
2022-08-11,12:30,Cow_169,12,4,0,0,23.7,Clear,Field C
2022-08-11,12:30,Cow_170,0,10,7,0,23.7,Clear,Field B
2022-08-11,12:30,Cow_171,1,8,6,0,23.7,Clear,Field C
2022-08-11,12:30,Cow_172,9,3,3,0,23.7,Clear,Field B
2022-08-11,12:30,Cow_173,14,3,0,0,23.7,Clear,Field C
2022-08-11,12:30,Cow_174,7,4,4,0,23.7,Clear,Field C
2022-08-11,12:30,Cow_175,5,5,5,0,23.7,Clear,Field B
2022-08-11,12:30,Cow_176,5,7,3,0,23.7,Clear,Field B
2022-08-11,12:30,Cow_177,6,10,0,0,23.7,Clear,Field B
2022-08-11,12:30,Cow_178,6,4,5,0,23.7,Clear,Field C
2022-08-11,12:30,Cow_179,0,0,0,15,23.7,Clear,Field B
2022-08-11,12:30,Cow_180,13,0,3,0,23.7,Clear,Field B
2022-08-11,12:30,Cow_181,12,0,8,0,23.7,Clear,Field B
2022-08-11,12:30,Cow_182,7,5,3,0,23.7,Clear,Field C
2022-08-11,12:30,Cow_183,4,8,3,0,23.7,Clear,Field B
2022-08-11,12:30,Cow_184,13,0,7,0,23.7,Clear,Field C
2022-08-11,12:30,Cow_185,7,3,5,0,23.7,Clear,Field A
2022-08-11,12:30,Cow_186,5,5,5,0,23.7,Clear,Field C
2022-08-11,12:30,Cow_187,2,6,7,0,23.7,Clear,Field A
2022-08-11,12:30,Cow_188,7,0,8,0,23.7,Clear,Field B
2022-08-11,12:30,Cow_189,12,10,0,0,23.7,Clear,Field A
2022-08-11,12:30,Cow_190,9,7,0,0,23.7,Clear,Field A
2022-08-11,12:30,Cow_191,14,3,0,0,23.7,Clear,Field A
2022-08-11,12:30,Cow_192,0,0,0,15,23.7,Clear,Field C
2022-08-11,12:30,Cow_193,5,5,5,0,23.7,Clear,Field C
2022-08-11,12:30,Cow_194,0,0,0,15,23.7,Clear,Field C
2022-08-11,12:30,Cow_195,12,0,7,0,23.7,Clear,Field B
2022-08-11,12:30,Cow_196,9,3,3,0,23.7,Clear,Field C
2022-08-11,12:30,Cow_197,6,3,6,0,23.7,Clear,Field C
2022-08-11,12:30,Cow_198,13,0,6,0,23.7,Clear,Field A
2022-08-11,12:30,Cow_199,7,5,3,0,23.7,Clear,Field B
2022-08-11,12:30,Cow_200,13,0,7,0,23.7,Clear,Field C
2022-08-11,12:30,Cow_201,12,0,5,0,23.7,Clear,Field C
2022-08-11,12:30,Cow_202,0,0,0,15,23.7,Clear,Field B
2022-08-11,12:30,Cow_203,5,5,5,0,23.7,Clear,Field A
2022-08-11,12:30,Cow_204,7,0,8,0,23.7,Clear,Field A
2022-08-11,12:30,Cow_205,2,8,5,0,23.7,Clear,Field B
2022-08-11,12:30,Cow_206,0,0,0,15,23.7,Clear,Field A
2022-08-11,12:30,Cow_207,6,3,6,0,23.7,Clear,Field C
2022-08-11,12:30,Cow_208,6,4,5,0,23.7,Clear,Field C
2022-08-11,12:30,Cow_209,4,4,7,0,23.7,Clear,Field B
2022-08-11,12:30,Cow_210,5,7,3,0,23.7,Clear,Field C
2022-08-11,12:30,Cow_211,10,6,0,0,23.7,Clear,Field C
2022-08-11,12:30,Cow_212,12,0,5,0,23.7,Clear,Field A
2022-08-11,12:30,Cow_213,12,7,0,0,23.7,Clear,Field B
2022-08-11,12:30,Cow_214,13,6,0,0,23.7,Clear,Field C
2022-08-11,12:30,Cow_215,14,6,0,0,23.7,Clear,Field A
2022-08-11,12:30,Cow_216,0,0,0,15,23.7,Clear,Field B
2022-08-11,12:30,Cow_217,6,10,0,0,23.7,Clear,Field A
2022-08-11,12:30,Cow_218,9,5,1,0,23.7,Clear,Field C
2022-08-11,12:30,Cow_219,3,8,4,0,23.7,Clear,Field A
2022-08-11,12:30,Cow_220,7,9,0,0,23.7,Clear,Field C
2022-08-11,12:30,Cow_221,12,6,0,0,23.7,Clear,Field B
2022-08-11,12:30,Cow_222,7,5,3,0,23.7,Clear,Field A
2022-08-11,12:30,Cow_223,6,6,3,0,23.7,Clear,Field B
2022-08-11,12:30,Cow_224,9,10,0,0,23.7,Clear,Field A
2022-08-11,12:30,Cow_225,2,5,8,0,23.7,Clear,Field A
2022-08-11,12:30,Cow_226,11,1,3,0,23.7,Clear,Field C
2022-08-11,12:30,Cow_227,10,10,0,0,23.7,Clear,Field C
2022-08-11,12:30,Cow_228,6,3,6,0,23.7,Clear,Field C
2022-08-11,12:30,Cow_229,3,7,5,0,23.7,Clear,Field B
2022-08-11,12:30,Cow_230,13,10,0,0,23.7,Clear,Field B
2022-08-11,12:30,Cow_231,2,6,7,0,23.7,Clear,Field A
2022-08-11,12:30,Cow_232,3,4,8,0,23.7,Clear,Field B
2022-08-11,12:30,Cow_233,0,0,0,15,23.7,Clear,Field A
2022-08-11,12:30,Cow_234,14,0,6,0,23.7,Clear,Field A
2022-08-11,12:30,Cow_235,8,4,3,0,23.7,Clear,Field A
2022-08-11,12:30,Cow_236,8,1,6,0,23.7,Clear,Field C
2022-08-11,12:30,Cow_237,9,3,3,0,23.7,Clear,Field A
2022-08-11,12:30,Cow_238,12,0,3,0,23.7,Clear,Field C
2022-08-11,12:30,Cow_239,6,6,3,0,23.7,Clear,Field B
2022-08-11,12:30,Cow_240,5,2,8,0,23.7,Clear,Field A
2022-08-11,12:30,Cow_241,7,7,1,0,23.7,Clear,Field A
2022-08-11,12:30,Cow_242,14,0,3,0,23.7,Clear,Field C
2022-08-11,12:30,Cow_243,0,0,0,15,23.7,Clear,Field B
2022-08-11,12:30,Cow_244,8,4,3,0,23.7,Clear,Field B
2022-08-11,12:30,Cow_245,7,4,4,0,23.7,Clear,Field B
2022-08-11,12:30,Cow_246,0,9,8,0,23.7,Clear,Field C
2022-08-11,12:30,Cow_247,0,0,0,15,23.7,Clear,Field C
2022-08-11,12:30,Cow_248,0,0,0,15,23.7,Clear,Field B
2022-08-11,12:30,Cow_249,4,4,7,0,23.7,Clear,Field B
2022-08-11,12:30,Cow_250,14,3,0,0,23.7,Clear,Field A
2022-08-11,12:30,Cow_251,6,5,4,0,23.7,Clear,Field C
2022-08-11,12:30,Cow_252,3,7,5,0,23.7,Clear,Field C
2022-08-11,12:30,Cow_253,11,7,0,0,23.7,Clear,Field A
2022-08-11,12:30,Cow_254,3,8,4,0,23.7,Clear,Field B
2022-08-11,12:30,Cow_255,9,4,2,0,23.7,Clear,Field A
2022-08-11,12:30,Cow_256,7,6,2,0,23.7,Clear,Field B
2022-08-11,12:30,Cow_257,1,9,5,0,23.7,Clear,Field B
2022-08-11,12:30,Cow_258,5,6,4,0,23.7,Clear,Field B
2022-08-11,12:30,Cow_259,6,5,4,0,23.7,Clear,Field C
2022-08-11,12:30,Cow_260,5,4,6,0,23.7,Clear,Field A
2022-08-11,12:30,Cow_261,11,0,8,0,23.7,Clear,Field C
2022-08-11,12:30,Cow_262,0,7,8,0,23.7,Clear,Field B
2022-08-11,12:30,Cow_263,3,9,3,0,23.7,Clear,Field A
2022-08-11,12:30,Cow_264,7,2,6,0,23.7,Clear,Field C
2022-08-11,12:30,Cow_265,7,9,0,0,23.7,Clear,Field B
2022-08-11,12:30,Cow_266,8,3,4,0,23.7,Clear,Field C
2022-08-11,12:30,Cow_267,14,0,3,0,23.7,Clear,Field B
2022-08-11,12:30,Cow_268,2,10,3,0,23.7,Clear,Field B
2022-08-11,12:30,Cow_269,6,3,6,0,23.7,Clear,Field B
2022-08-11,12:30,Cow_270,3,7,5,0,23.7,Clear,Field C
2022-08-11,12:30,Cow_271,13,0,4,0,23.7,Clear,Field A
2022-08-11,12:30,Cow_272,9,0,7,0,23.7,Clear,Field C
2022-08-11,12:30,Cow_273,6,3,6,0,23.7,Clear,Field A
2022-08-11,12:30,Cow_274,0,10,7,0,23.7,Clear,Field A
2022-08-11,12:30,Cow_275,11,4,0,0,23.7,Clear,Field B
2022-08-11,12:30,Cow_276,12,0,3,0,23.7,Clear,Field B
2022-08-11,12:30,Cow_277,6,4,5,0,23.7,Clear,Field A
2022-08-11,12:30,Cow_278,12,0,3,0,23.7,Clear,Field A
2022-08-11,12:30,Cow_279,6,8,1,0,23.7,Clear,Field B
2022-08-11,12:30,Cow_280,7,3,5,0,23.7,Clear,Field C
2022-08-11,12:30,Cow_281,11,5,0,0,23.7,Clear,Field B
2022-08-11,12:30,Cow_282,13,0,7,0,23.7,Clear,Field C
2022-08-11,12:30,Cow_283,8,0,7,0,23.7,Clear,Field A
2022-08-11,12:30,Cow_284,14,0,3,0,23.7,Clear,Field C
2022-08-11,12:30,Cow_285,14,0,8,0,23.7,Clear,Field C
2022-08-11,12:30,Cow_286,14,0,3,0,23.7,Clear,Field B
2022-08-11,12:30,Cow_287,8,3,4,0,23.7,Clear,Field A
2022-08-11,12:30,Cow_288,11,1,3,0,23.7,Clear,Field A
2022-08-11,12:30,Cow_289,6,4,5,0,23.7,Clear,Field B
2022-08-11,12:30,Cow_290,14,0,5,0,23.7,Clear,Field C
2022-08-11,12:30,Cow_291,14,0,8,0,23.7,Clear,Field A
2022-08-11,12:30,Cow_292,6,2,7,0,23.7,Clear,Field C
2022-08-11,12:30,Cow_293,0,11,6,0,23.7,Clear,Field C
2022-08-11,12:30,Cow_294,1,8,6,0,23.7,Clear,Field B
2022-08-11,12:30,Cow_295,3,9,3,0,23.7,Clear,Field B
2022-08-11,12:30,Cow_296,2,5,8,0,23.7,Clear,Field C
2022-08-11,12:30,Cow_297,0,7,8,0,23.7,Clear,Field A
2022-08-11,12:30,Cow_298,13,0,7,0,23.7,Clear,Field C
2022-08-11,12:30,Cow_299,7,4,4,0,23.7,Clear,Field B
2022-08-11,12:30,Cow_300,9,0,6,0,23.7,Clear,Field A
2022-08-11,12:30,Cow_301,11,0,4,0,23.7,Clear,Field C
2022-08-11,12:30,Cow_302,5,2,8,0,23.7,Clear,Field C
2022-08-11,12:30,Cow_303,3,8,4,0,23.7,Clear,Field B
2022-08-11,12:30,Cow_304,1,6,8,0,23.7,Clear,Field A
2022-08-11,12:30,Cow_305,8,1,6,0,23.7,Clear,Field C
2022-08-11,12:30,Cow_306,13,6,0,0,23.7,Clear,Field B
2022-08-11,12:30,Cow_307,3,7,5,0,23.7,Clear,Field B
2022-08-11,12:30,Cow_308,8,6,1,0,23.7,Clear,Field A
2022-08-11,12:30,Cow_309,1,8,6,0,23.7,Clear,Field A
2022-08-11,12:30,Cow_310,9,3,3,0,23.7,Clear,Field B
2022-08-11,12:30,Cow_311,0,9,7,0,23.7,Clear,Field B
2022-08-11,12:30,Cow_312,5,4,6,0,23.7,Clear,Field B
2022-08-11,12:30,Cow_313,6,5,4,0,23.7,Clear,Field B
2022-08-11,12:30,Cow_314,14,7,0,0,23.7,Clear,Field A
2022-08-11,12:30,Cow_315,3,5,7,0,23.7,Clear,Field C
2022-08-11,12:30,Cow_316,3,5,7,0,23.7,Clear,Field C
2022-08-11,12:30,Cow_317,0,0,0,15,23.7,Clear,Field A
2022-08-11,12:30,Cow_318,10,0,6,0,23.7,Clear,Field B
2022-08-11,12:30,Cow_319,7,2,6,0,23.7,Clear,Field A
2022-08-11,12:30,Cow_320,0,0,0,15,23.7,Clear,Field B
2022-08-11,12:30,Cow_321,9,10,0,0,23.7,Clear,Field A
2022-08-11,12:30,Cow_322,1,7,7,0,23.7,Clear,Field A
2022-08-11,12:30,Cow_323,8,6,1,0,23.7,Clear,Field C
2022-08-11,12:30,Cow_324,2,5,8,0,23.7,Clear,Field B
2022-08-11,12:30,Cow_325,8,3,4,0,23.7,Clear,Field C
2022-08-11,12:30,Cow_326,7,3,5,0,23.7,Clear,Field B
2022-08-11,12:30,Cow_327,2,5,8,0,23.7,Clear,Field B
2022-08-11,12:30,Cow_328,2,7,6,0,23.7,Clear,Field C
2022-08-11,12:30,Cow_329,12,0,7,0,23.7,Clear,Field C
2022-08-11,12:30,Cow_330,0,0,0,15,23.7,Clear,Field A
2022-08-11,12:30,Cow_331,0,9,7,0,23.7,Clear,Field B
2022-08-11,12:30,Cow_332,1,7,7,0,23.7,Clear,Field A
2022-08-11,12:30,Cow_333,0,10,6,0,23.7,Clear,Field B
2022-08-11,12:30,Cow_334,5,6,4,0,23.7,Clear,Field B
2022-08-11,12:30,Cow_335,2,8,5,0,23.7,Clear,Field C
2022-08-11,12:30,Cow_336,9,3,3,0,23.7,Clear,Field C
2022-08-11,12:30,Cow_337,10,0,8,0,23.7,Clear,Field B
2022-08-11,12:30,Cow_338,7,4,4,0,23.7,Clear,Field A
2022-08-11,12:30,Cow_339,4,8,3,0,23.7,Clear,Field A
2022-08-11,12:30,Cow_340,7,5,3,0,23.7,Clear,Field B
2022-08-11,12:30,Cow_341,2,6,7,0,23.7,Clear,Field C
2022-08-11,12:30,Cow_342,9,0,7,0,23.7,Clear,Field B
2022-08-11,12:30,Cow_343,0,0,0,15,23.7,Clear,Field B
2022-08-11,12:30,Cow_344,6,1,8,0,23.7,Clear,Field B
2022-08-11,12:30,Cow_345,9,1,5,0,23.7,Clear,Field C
2022-08-11,12:30,Cow_346,0,0,0,15,23.7,Clear,Field A
2022-08-11,12:30,Cow_347,0,0,0,15,23.7,Clear,Field A
2022-08-11,12:30,Cow_348,6,5,4,0,23.7,Clear,Field C
2022-08-11,12:30,Cow_349,0,10,8,0,23.7,Clear,Field B
2022-08-11,12:30,Cow_350,4,6,5,0,23.7,Clear,Field A
2022-08-11,12:30,Cow_351,0,0,0,15,23.7,Clear,Field B
2022-08-11,12:30,Cow_352,7,4,4,0,23.7,Clear,Field A
2022-08-11,12:30,Cow_353,11,0,7,0,23.7,Clear,Field C
2022-08-11,12:30,Cow_354,0,10,5,0,23.7,Clear,Field B
2022-08-11,12:30,Cow_355,2,10,3,0,23.7,Clear,Field A
2022-08-11,12:30,Cow_356,0,7,8,0,23.7,Clear,Field A
2022-08-11,12:30,Cow_357,11,0,8,0,23.7,Clear,Field A
2022-08-11,12:30,Cow_358,4,7,4,0,23.7,Clear,Field B
2022-08-11,12:30,Cow_359,6,7,2,0,23.7,Clear,Field C
2022-08-11,12:30,Cow_360,13,3,0,0,23.7,Clear,Field A
2022-08-11,12:30,Cow_361,8,6,1,0,23.7,Clear,Field A
2022-08-11,12:30,Cow_362,0,7,8,0,23.7,Clear,Field B
2022-08-11,12:30,Cow_363,7,2,6,0,23.7,Clear,Field C
2022-08-11,12:30,Cow_364,10,1,4,0,23.7,Clear,Field C
2022-08-11,12:30,Cow_365,6,5,4,0,23.7,Clear,Field B
2022-08-11,12:30,Cow_366,2,11,2,0,23.7,Clear,Field A
2022-08-11,12:30,Cow_367,0,0,0,15,23.7,Clear,Field C
2022-08-11,12:30,Cow_368,0,10,6,0,23.7,Clear,Field C
2022-08-11,12:30,Cow_369,2,10,3,0,23.7,Clear,Field B
2022-08-11,12:30,Cow_370,7,5,3,0,23.7,Clear,Field C
2022-08-11,12:30,Cow_371,9,6,0,0,23.7,Clear,Field B
2022-08-11,12:30,Cow_372,9,6,0,0,23.7,Clear,Field A
2022-08-11,12:30,Cow_373,0,0,0,15,23.7,Clear,Field A
2022-08-11,12:30,Cow_374,10,0,6,0,23.7,Clear,Field C
2022-08-11,12:30,Cow_375,1,8,6,0,23.7,Clear,Field B
2022-08-11,12:30,Cow_376,12,0,3,0,23.7,Clear,Field A
2022-08-11,12:30,Cow_377,13,3,0,0,23.7,Clear,Field C
2022-08-11,12:30,Cow_378,5,7,3,0,23.7,Clear,Field C
2022-08-11,12:30,Cow_379,11,0,4,0,23.7,Clear,Field C
2022-08-11,12:30,Cow_380,13,7,0,0,23.7,Clear,Field A
2022-08-11,12:30,Cow_381,0,7,8,0,23.7,Clear,Field A
2022-08-11,12:30,Cow_382,0,8,7,0,23.7,Clear,Field B
2022-08-11,12:30,Cow_383,10,0,6,0,23.7,Clear,Field B
2022-08-11,12:30,Cow_384,14,4,0,0,23.7,Clear,Field B
2022-08-11,12:30,Cow_385,5,2,8,0,23.7,Clear,Field C
2022-08-11,12:30,Cow_386,8,3,4,0,23.7,Clear,Field C
2022-08-11,12:30,Cow_387,9,0,8,0,23.7,Clear,Field B
2022-08-11,12:30,Cow_388,0,0,0,15,23.7,Clear,Field A
2022-08-11,12:30,Cow_389,1,10,4,0,23.7,Clear,Field C
2022-08-11,12:30,Cow_390,5,5,5,0,23.7,Clear,Field B
2022-08-11,12:30,Cow_391,9,3,3,0,23.7,Clear,Field B
2022-08-11,12:30,Cow_392,5,4,6,0,23.7,Clear,Field A
2022-08-11,12:30,Cow_393,14,10,0,0,23.7,Clear,Field A
2022-08-11,12:30,Cow_394,12,0,4,0,23.7,Clear,Field A
2022-08-11,12:30,Cow_395,15,0,6,0,23.7,Clear,Field B
2022-08-11,12:30,Cow_396,1,6,8,0,23.7,Clear,Field B
2022-08-11,12:30,Cow_397,0,9,7,0,23.7,Clear,Field B
2022-08-11,12:30,Cow_398,5,6,4,0,23.7,Clear,Field B
2022-08-11,12:30,Cow_399,6,5,4,0,23.7,Clear,Field A
2022-08-11,12:30,Cow_400,7,5,3,0,23.7,Clear,Field A
2022-08-11,12:30,Cow_401,11,0,5,0,23.7,Clear,Field B
2022-08-11,12:30,Cow_402,0,9,8,0,23.7,Clear,Field C
2022-08-11,12:30,Cow_403,10,0,5,0,23.7,Clear,Field C
2022-08-11,12:30,Cow_404,13,7,0,0,23.7,Clear,Field B
2022-08-11,12:30,Cow_405,0,0,0,15,23.7,Clear,Field A
2022-08-11,12:30,Cow_406,0,0,0,15,23.7,Clear,Field C
2022-08-11,12:30,Cow_407,4,7,4,0,23.7,Clear,Field C
2022-08-11,12:30,Cow_408,11,10,0,0,23.7,Clear,Field C
2022-08-11,12:30,Cow_409,0,0,0,15,23.7,Clear,Field C
2022-08-11,12:30,Cow_410,12,8,0,0,23.7,Clear,Field B
2022-08-11,12:30,Cow_411,0,9,7,0,23.7,Clear,Field C
2022-08-11,12:30,Cow_412,9,2,4,0,23.7,Clear,Field B
2022-08-11,12:30,Cow_413,6,9,0,0,23.7,Clear,Field B
2022-08-11,12:30,Cow_414,14,0,3,0,23.7,Clear,Field B
2022-08-11,12:30,Cow_415,0,8,8,0,23.7,Clear,Field B
2022-08-11,12:30,Cow_416,6,5,4,0,23.7,Clear,Field B
2022-08-11,12:30,Cow_417,14,0,8,0,23.7,Clear,Field C
2022-08-11,12:30,Cow_418,6,7,2,0,23.7,Clear,Field C
2022-08-11,12:30,Cow_419,11,0,5,0,23.7,Clear,Field B
2022-08-11,12:30,Cow_420,12,8,0,0,23.7,Clear,Field A
2022-08-11,12:30,Cow_421,13,0,8,0,23.7,Clear,Field C
2022-08-11,12:30,Cow_422,1,8,6,0,23.7,Clear,Field B
2022-08-11,12:30,Cow_423,1,7,7,0,23.7,Clear,Field C
2022-08-11,12:30,Cow_424,0,0,0,15,23.7,Clear,Field C
2022-08-11,12:30,Cow_425,0,0,0,15,23.7,Clear,Field B
2022-08-11,12:30,Cow_426,0,10,5,0,23.7,Clear,Field A
2022-08-11,12:30,Cow_427,6,0,9,0,23.7,Clear,Field B
2022-08-11,12:30,Cow_428,6,4,5,0,23.7,Clear,Field B
2022-08-11,12:30,Cow_429,0,0,0,15,23.7,Clear,Field B
2022-08-11,12:30,Cow_430,11,7,0,0,23.7,Clear,Field A
2022-08-11,12:30,Cow_431,10,2,3,0,23.7,Clear,Field C
2022-08-11,12:30,Cow_432,12,4,0,0,23.7,Clear,Field B
2022-08-11,12:30,Cow_433,13,0,4,0,23.7,Clear,Field C
2022-08-11,12:30,Cow_434,7,10,0,0,23.7,Clear,Field B
2022-08-11,12:30,Cow_435,0,10,8,0,23.7,Clear,Field C
2022-08-11,12:30,Cow_436,10,8,0,0,23.7,Clear,Field A
2022-08-11,12:30,Cow_437,13,9,0,0,23.7,Clear,Field A
2022-08-11,12:30,Cow_438,6,3,6,0,23.7,Clear,Field A
2022-08-11,12:30,Cow_439,8,10,0,0,23.7,Clear,Field A
2022-08-11,12:30,Cow_440,6,6,3,0,23.7,Clear,Field A
2022-08-11,12:30,Cow_441,6,5,4,0,23.7,Clear,Field B
2022-08-11,12:30,Cow_442,0,10,10,0,23.7,Clear,Field C
2022-08-11,12:30,Cow_443,12,5,0,0,23.7,Clear,Field A
2022-08-11,12:30,Cow_444,11,9,0,0,23.7,Clear,Field C
2022-08-11,12:30,Cow_445,6,4,5,0,23.7,Clear,Field C
2022-08-11,12:30,Cow_446,8,0,7,0,23.7,Clear,Field C
2022-08-11,12:30,Cow_447,8,4,3,0,23.7,Clear,Field B
2022-08-11,12:30,Cow_448,9,3,3,0,23.7,Clear,Field A
2022-08-11,12:30,Cow_449,9,4,2,0,23.7,Clear,Field C
2022-08-11,12:30,Cow_450,6,4,5,0,23.7,Clear,Field A
2022-08-11,12:30,Cow_451,14,0,7,0,23.7,Clear,Field A
2022-08-11,12:30,Cow_452,3,6,6,0,23.7,Clear,Field C
2022-08-11,12:30,Cow_453,8,4,3,0,23.7,Clear,Field C
2022-08-11,12:30,Cow_454,14,0,5,0,23.7,Clear,Field A
2022-08-11,12:30,Cow_455,0,0,0,15,23.7,Clear,Field B
2022-08-11,12:30,Cow_456,14,0,4,0,23.7,Clear,Field C
2022-08-11,12:30,Cow_457,7,5,3,0,23.7,Clear,Field C
2022-08-11,12:30,Cow_458,6,3,6,0,23.7,Clear,Field A
2022-08-11,12:30,Cow_459,2,7,6,0,23.7,Clear,Field B
2022-08-11,12:30,Cow_460,8,8,0,0,23.7,Clear,Field C
2022-08-11,12:30,Cow_461,0,0,0,15,23.7,Clear,Field B
2022-08-11,12:30,Cow_462,9,2,4,0,23.7,Clear,Field C
2022-08-11,12:30,Cow_463,9,10,0,0,23.7,Clear,Field C
2022-08-11,12:30,Cow_464,12,0,7,0,23.7,Clear,Field B
2022-08-11,12:30,Cow_465,11,6,0,0,23.7,Clear,Field A
2022-08-11,12:30,Cow_466,5,3,7,0,23.7,Clear,Field B
2022-08-11,12:30,Cow_467,7,4,4,0,23.7,Clear,Field A
2022-08-11,12:30,Cow_468,5,5,5,0,23.7,Clear,Field C
2022-08-11,12:30,Cow_469,10,2,3,0,23.7,Clear,Field A
2022-08-11,12:30,Cow_470,11,5,0,0,23.7,Clear,Field A
2022-08-11,12:30,Cow_471,14,8,0,0,23.7,Clear,Field A
2022-08-11,12:30,Cow_472,5,3,7,0,23.7,Clear,Field B
2022-08-11,12:30,Cow_473,10,1,4,0,23.7,Clear,Field A
2022-08-11,12:30,Cow_474,0,10,8,0,23.7,Clear,Field B
2022-08-11,12:30,Cow_475,0,10,5,0,23.7,Clear,Field A
2022-08-11,12:30,Cow_476,1,7,7,0,23.7,Clear,Field B
2022-08-11,12:30,Cow_477,6,6,3,0,23.7,Clear,Field B
2022-08-11,12:30,Cow_478,5,8,2,0,23.7,Clear,Field A
2022-08-11,12:30,Cow_479,13,0,6,0,23.7,Clear,Field C
2022-08-11,12:30,Cow_480,8,1,6,0,23.7,Clear,Field C
2022-08-11,12:30,Cow_481,7,5,3,0,23.7,Clear,Field B
2022-08-11,12:30,Cow_482,8,0,8,0,23.7,Clear,Field B
2022-08-11,12:30,Cow_483,3,8,4,0,23.7,Clear,Field B
2022-08-11,12:30,Cow_484,0,9,8,0,23.7,Clear,Field C
2022-08-11,12:30,Cow_485,1,6,8,0,23.7,Clear,Field B
2022-08-11,12:30,Cow_486,9,8,0,0,23.7,Clear,Field C
2022-08-11,12:30,Cow_487,0,0,0,15,23.7,Clear,Field C
2022-08-11,12:30,Cow_488,5,5,5,0,23.7,Clear,Field A
2022-08-11,12:30,Cow_489,9,2,4,0,23.7,Clear,Field B
2022-08-11,12:30,Cow_490,7,9,0,0,23.7,Clear,Field C
2022-08-11,12:30,Cow_491,10,4,1,0,23.7,Clear,Field C
2022-08-11,12:30,Cow_492,7,3,5,0,23.7,Clear,Field C
2022-08-11,12:30,Cow_493,2,6,7,0,23.7,Clear,Field B
2022-08-11,12:30,Cow_494,0,0,0,15,23.7,Clear,Field B
2022-08-11,12:30,Cow_495,6,10,0,0,23.7,Clear,Field B
2022-08-11,12:30,Cow_496,9,4,2,0,23.7,Clear,Field B
2022-08-11,12:30,Cow_497,1,6,8,0,23.7,Clear,Field C
2022-08-11,12:30,Cow_498,0,8,8,0,23.7,Clear,Field B
2022-08-11,12:30,Cow_499,4,3,8,0,23.7,Clear,Field A
2022-08-11,12:30,Cow_500,0,10,8,0,23.7,Clear,Field C
2022-08-11,12:45,Cow_1,9,2,4,0,27.0,Cloudy,Field B
2022-08-11,12:45,Cow_2,0,10,5,0,27.0,Cloudy,Field C
2022-08-11,12:45,Cow_3,9,3,3,0,27.0,Cloudy,Field A
2022-08-11,12:45,Cow_4,0,7,8,0,27.0,Cloudy,Field A
2022-08-11,12:45,Cow_5,3,6,6,0,27.0,Cloudy,Field B
2022-08-11,12:45,Cow_6,6,5,4,0,27.0,Cloudy,Field B
2022-08-11,12:45,Cow_7,9,1,5,0,27.0,Cloudy,Field A
2022-08-11,12:45,Cow_8,3,6,6,0,27.0,Cloudy,Field A
2022-08-11,12:45,Cow_9,7,3,5,0,27.0,Cloudy,Field A
2022-08-11,12:45,Cow_10,11,0,5,0,27.0,Cloudy,Field A
2022-08-11,12:45,Cow_11,0,10,8,0,27.0,Cloudy,Field B
2022-08-11,12:45,Cow_12,8,4,3,0,27.0,Cloudy,Field C
2022-08-11,12:45,Cow_13,9,5,1,0,27.0,Cloudy,Field B
2022-08-11,12:45,Cow_14,3,4,8,0,27.0,Cloudy,Field B
2022-08-11,12:45,Cow_15,4,7,4,0,27.0,Cloudy,Field C
2022-08-11,12:45,Cow_16,8,0,8,0,27.0,Cloudy,Field B
2022-08-11,12:45,Cow_17,8,4,3,0,27.0,Cloudy,Field B
2022-08-11,12:45,Cow_18,13,0,3,0,27.0,Cloudy,Field B
2022-08-11,12:45,Cow_19,0,8,8,0,27.0,Cloudy,Field B
2022-08-11,12:45,Cow_20,9,0,8,0,27.0,Cloudy,Field B
2022-08-11,12:45,Cow_21,6,6,3,0,27.0,Cloudy,Field A
2022-08-11,12:45,Cow_22,6,3,6,0,27.0,Cloudy,Field A
2022-08-11,12:45,Cow_23,7,10,0,0,27.0,Cloudy,Field B
2022-08-11,12:45,Cow_24,6,1,8,0,27.0,Cloudy,Field C
2022-08-11,12:45,Cow_25,9,7,0,0,27.0,Cloudy,Field A
2022-08-11,12:45,Cow_26,7,9,0,0,27.0,Cloudy,Field C
2022-08-11,12:45,Cow_27,8,0,8,0,27.0,Cloudy,Field C
2022-08-11,12:45,Cow_28,0,9,6,0,27.0,Cloudy,Field B
2022-08-11,12:45,Cow_29,3,7,5,0,27.0,Cloudy,Field B
2022-08-11,12:45,Cow_30,0,0,0,15,27.0,Cloudy,Field A
2022-08-11,12:45,Cow_31,0,0,0,15,27.0,Cloudy,Field C
2022-08-11,12:45,Cow_32,10,0,6,0,27.0,Cloudy,Field A
2022-08-11,12:45,Cow_33,4,4,7,0,27.0,Cloudy,Field C
2022-08-11,12:45,Cow_34,13,6,0,0,27.0,Cloudy,Field B
2022-08-11,12:45,Cow_35,8,6,1,0,27.0,Cloudy,Field C
2022-08-11,12:45,Cow_36,11,4,0,0,27.0,Cloudy,Field A
2022-08-11,12:45,Cow_37,3,8,4,0,27.0,Cloudy,Field A
2022-08-11,12:45,Cow_38,6,5,4,0,27.0,Cloudy,Field C
2022-08-11,12:45,Cow_39,0,0,0,15,27.0,Cloudy,Field C
2022-08-11,12:45,Cow_40,3,4,8,0,27.0,Cloudy,Field A
2022-08-11,12:45,Cow_41,3,6,6,0,27.0,Cloudy,Field B
2022-08-11,12:45,Cow_42,10,6,0,0,27.0,Cloudy,Field A
2022-08-11,12:45,Cow_43,0,10,6,0,27.0,Cloudy,Field C
2022-08-11,12:45,Cow_44,0,0,0,15,27.0,Cloudy,Field A
2022-08-11,12:45,Cow_45,0,0,0,15,27.0,Cloudy,Field B
2022-08-11,12:45,Cow_46,0,0,0,15,27.0,Cloudy,Field C
2022-08-11,12:45,Cow_47,6,5,4,0,27.0,Cloudy,Field B
2022-08-11,12:45,Cow_48,6,4,5,0,27.0,Cloudy,Field A
2022-08-11,12:45,Cow_49,14,10,0,0,27.0,Cloudy,Field A
2022-08-11,12:45,Cow_50,0,8,7,0,27.0,Cloudy,Field C
2022-08-11,12:45,Cow_51,5,2,8,0,27.0,Cloudy,Field C
2022-08-11,12:45,Cow_52,13,0,4,0,27.0,Cloudy,Field C
2022-08-11,12:45,Cow_53,12,7,0,0,27.0,Cloudy,Field A
2022-08-11,12:45,Cow_54,13,11,0,0,27.0,Cloudy,Field B
2022-08-11,12:45,Cow_55,0,0,0,15,27.0,Cloudy,Field B
2022-08-11,12:45,Cow_56,0,0,0,15,27.0,Cloudy,Field A
2022-08-11,12:45,Cow_57,0,8,8,0,27.0,Cloudy,Field B
2022-08-11,12:45,Cow_58,13,0,7,0,27.0,Cloudy,Field B
2022-08-11,12:45,Cow_59,6,3,6,0,27.0,Cloudy,Field B
2022-08-11,12:45,Cow_60,9,3,3,0,27.0,Cloudy,Field A
2022-08-11,12:45,Cow_61,8,0,7,0,27.0,Cloudy,Field B
2022-08-11,12:45,Cow_62,10,4,1,0,27.0,Cloudy,Field C
2022-08-11,12:45,Cow_63,10,8,0,0,27.0,Cloudy,Field C
2022-08-11,12:45,Cow_64,9,4,2,0,27.0,Cloudy,Field C
2022-08-11,12:45,Cow_65,5,3,7,0,27.0,Cloudy,Field A
2022-08-11,12:45,Cow_66,6,6,3,0,27.0,Cloudy,Field C
2022-08-11,12:45,Cow_67,5,3,7,0,27.0,Cloudy,Field A
2022-08-11,12:45,Cow_68,11,5,0,0,27.0,Cloudy,Field B
2022-08-11,12:45,Cow_69,11,10,0,0,27.0,Cloudy,Field B
2022-08-11,12:45,Cow_70,14,10,0,0,27.0,Cloudy,Field B
2022-08-11,12:45,Cow_71,6,5,4,0,27.0,Cloudy,Field A
2022-08-11,12:45,Cow_72,10,5,0,0,27.0,Cloudy,Field C
2022-08-11,12:45,Cow_73,6,6,3,0,27.0,Cloudy,Field B
2022-08-11,12:45,Cow_74,11,4,0,0,27.0,Cloudy,Field B
2022-08-11,12:45,Cow_75,0,0,0,15,27.0,Cloudy,Field B
2022-08-11,12:45,Cow_76,0,10,5,0,27.0,Cloudy,Field B
2022-08-11,12:45,Cow_77,7,3,5,0,27.0,Cloudy,Field B
2022-08-11,12:45,Cow_78,7,0,8,0,27.0,Cloudy,Field C
2022-08-11,12:45,Cow_79,7,8,0,0,27.0,Cloudy,Field C
2022-08-11,12:45,Cow_80,8,3,4,0,27.0,Cloudy,Field B
2022-08-11,12:45,Cow_81,14,0,8,0,27.0,Cloudy,Field A
2022-08-11,12:45,Cow_82,5,6,4,0,27.0,Cloudy,Field B
2022-08-11,12:45,Cow_83,13,0,5,0,27.0,Cloudy,Field B
2022-08-11,12:45,Cow_84,14,9,0,0,27.0,Cloudy,Field C
2022-08-11,12:45,Cow_85,12,7,0,0,27.0,Cloudy,Field B
2022-08-11,12:45,Cow_86,10,7,0,0,27.0,Cloudy,Field B
2022-08-11,12:45,Cow_87,0,0,0,15,27.0,Cloudy,Field C
2022-08-11,12:45,Cow_88,10,1,4,0,27.0,Cloudy,Field C
2022-08-11,12:45,Cow_89,0,0,0,15,27.0,Cloudy,Field C
2022-08-11,12:45,Cow_90,3,9,3,0,27.0,Cloudy,Field B
2022-08-11,12:45,Cow_91,14,0,5,0,27.0,Cloudy,Field C
2022-08-11,12:45,Cow_92,8,3,4,0,27.0,Cloudy,Field A
2022-08-11,12:45,Cow_93,1,6,8,0,27.0,Cloudy,Field B
2022-08-11,12:45,Cow_94,6,4,5,0,27.0,Cloudy,Field B
2022-08-11,12:45,Cow_95,5,7,3,0,27.0,Cloudy,Field B
2022-08-11,12:45,Cow_96,0,8,8,0,27.0,Cloudy,Field C
2022-08-11,12:45,Cow_97,0,0,0,15,27.0,Cloudy,Field B
2022-08-11,12:45,Cow_98,13,0,2,0,27.0,Cloudy,Field B
2022-08-11,12:45,Cow_99,8,3,4,0,27.0,Cloudy,Field C
2022-08-11,12:45,Cow_100,6,3,6,0,27.0,Cloudy,Field B
2022-08-11,12:45,Cow_101,5,5,5,0,27.0,Cloudy,Field A
2022-08-11,12:45,Cow_102,12,5,0,0,27.0,Cloudy,Field A
2022-08-11,12:45,Cow_103,9,0,7,0,27.0,Cloudy,Field C
2022-08-11,12:45,Cow_104,5,7,3,0,27.0,Cloudy,Field C
2022-08-11,12:45,Cow_105,10,10,0,0,27.0,Cloudy,Field B
2022-08-11,12:45,Cow_106,14,7,0,0,27.0,Cloudy,Field C
2022-08-11,12:45,Cow_107,0,10,7,0,27.0,Cloudy,Field A
2022-08-11,12:45,Cow_108,6,2,7,0,27.0,Cloudy,Field C
2022-08-11,12:45,Cow_109,6,6,3,0,27.0,Cloudy,Field A
2022-08-11,12:45,Cow_110,8,3,4,0,27.0,Cloudy,Field B
2022-08-11,12:45,Cow_111,6,3,6,0,27.0,Cloudy,Field A
2022-08-11,12:45,Cow_112,13,3,0,0,27.0,Cloudy,Field B
2022-08-11,12:45,Cow_113,12,0,3,0,27.0,Cloudy,Field C
2022-08-11,12:45,Cow_114,14,0,3,0,27.0,Cloudy,Field B
2022-08-11,12:45,Cow_115,6,9,0,0,27.0,Cloudy,Field C
2022-08-11,12:45,Cow_116,8,7,0,0,27.0,Cloudy,Field A
2022-08-11,12:45,Cow_117,5,4,6,0,27.0,Cloudy,Field B
2022-08-11,12:45,Cow_118,12,9,0,0,27.0,Cloudy,Field A
2022-08-11,12:45,Cow_119,5,4,6,0,27.0,Cloudy,Field A
2022-08-11,12:45,Cow_120,9,0,7,0,27.0,Cloudy,Field A
2022-08-11,12:45,Cow_121,0,8,8,0,27.0,Cloudy,Field A
2022-08-11,12:45,Cow_122,8,5,2,0,27.0,Cloudy,Field B
2022-08-11,12:45,Cow_123,9,1,5,0,27.0,Cloudy,Field C
2022-08-11,12:45,Cow_124,5,6,4,0,27.0,Cloudy,Field C
2022-08-11,12:45,Cow_125,3,8,4,0,27.0,Cloudy,Field A
2022-08-11,12:45,Cow_126,13,0,4,0,27.0,Cloudy,Field B
2022-08-11,12:45,Cow_127,0,0,0,15,27.0,Cloudy,Field B
2022-08-11,12:45,Cow_128,12,6,0,0,27.0,Cloudy,Field C
2022-08-11,12:45,Cow_129,14,0,5,0,27.0,Cloudy,Field A
2022-08-11,12:45,Cow_130,0,0,0,15,27.0,Cloudy,Field B
2022-08-11,12:45,Cow_131,6,3,6,0,27.0,Cloudy,Field C
2022-08-11,12:45,Cow_132,9,0,6,0,27.0,Cloudy,Field C
2022-08-11,12:45,Cow_133,9,2,4,0,27.0,Cloudy,Field B
2022-08-11,12:45,Cow_134,9,8,0,0,27.0,Cloudy,Field A
2022-08-11,12:45,Cow_135,13,0,6,0,27.0,Cloudy,Field C
2022-08-11,12:45,Cow_136,6,5,4,0,27.0,Cloudy,Field A
2022-08-11,12:45,Cow_137,8,5,2,0,27.0,Cloudy,Field C
2022-08-11,12:45,Cow_138,0,0,0,15,27.0,Cloudy,Field C
2022-08-11,12:45,Cow_139,10,0,8,0,27.0,Cloudy,Field A
2022-08-11,12:45,Cow_140,5,5,5,0,27.0,Cloudy,Field B
2022-08-11,12:45,Cow_141,5,3,7,0,27.0,Cloudy,Field A
2022-08-11,12:45,Cow_142,14,8,0,0,27.0,Cloudy,Field C
2022-08-11,12:45,Cow_143,10,6,0,0,27.0,Cloudy,Field C
2022-08-11,12:45,Cow_144,4,7,4,0,27.0,Cloudy,Field A
2022-08-11,12:45,Cow_145,6,4,5,0,27.0,Cloudy,Field C
2022-08-11,12:45,Cow_146,1,10,4,0,27.0,Cloudy,Field B
2022-08-11,12:45,Cow_147,8,2,5,0,27.0,Cloudy,Field C
2022-08-11,12:45,Cow_148,5,2,8,0,27.0,Cloudy,Field C
2022-08-11,12:45,Cow_149,11,0,7,0,27.0,Cloudy,Field C
2022-08-11,12:45,Cow_150,10,3,2,0,27.0,Cloudy,Field C
2022-08-11,12:45,Cow_151,7,4,4,0,27.0,Cloudy,Field B
2022-08-11,12:45,Cow_152,9,0,8,0,27.0,Cloudy,Field A
2022-08-11,12:45,Cow_153,0,9,7,0,27.0,Cloudy,Field C
2022-08-11,12:45,Cow_154,13,0,3,0,27.0,Cloudy,Field A
2022-08-11,12:45,Cow_155,11,5,0,0,27.0,Cloudy,Field C
2022-08-11,12:45,Cow_156,9,0,7,0,27.0,Cloudy,Field A
2022-08-11,12:45,Cow_157,5,5,5,0,27.0,Cloudy,Field C
2022-08-11,12:45,Cow_158,7,8,0,0,27.0,Cloudy,Field C
2022-08-11,12:45,Cow_159,8,4,3,0,27.0,Cloudy,Field A
2022-08-11,12:45,Cow_160,0,0,0,15,27.0,Cloudy,Field B
2022-08-11,12:45,Cow_161,1,9,5,0,27.0,Cloudy,Field B
2022-08-11,12:45,Cow_162,4,7,4,0,27.0,Cloudy,Field B
2022-08-11,12:45,Cow_163,6,4,5,0,27.0,Cloudy,Field A
2022-08-11,12:45,Cow_164,11,8,0,0,27.0,Cloudy,Field A
2022-08-11,12:45,Cow_165,8,0,7,0,27.0,Cloudy,Field A
2022-08-11,12:45,Cow_166,3,7,5,0,27.0,Cloudy,Field B
2022-08-11,12:45,Cow_167,12,5,0,0,27.0,Cloudy,Field C
2022-08-11,12:45,Cow_168,1,8,6,0,27.0,Cloudy,Field B
2022-08-11,12:45,Cow_169,12,6,0,0,27.0,Cloudy,Field A
2022-08-11,12:45,Cow_170,14,0,4,0,27.0,Cloudy,Field A
2022-08-11,12:45,Cow_171,6,3,6,0,27.0,Cloudy,Field A
2022-08-11,12:45,Cow_172,1,7,7,0,27.0,Cloudy,Field A
2022-08-11,12:45,Cow_173,8,3,4,0,27.0,Cloudy,Field A
2022-08-11,12:45,Cow_174,9,12,0,0,27.0,Cloudy,Field C
2022-08-11,12:45,Cow_175,14,7,0,0,27.0,Cloudy,Field A
2022-08-11,12:45,Cow_176,5,4,6,0,27.0,Cloudy,Field A
2022-08-11,12:45,Cow_177,5,6,4,0,27.0,Cloudy,Field B
2022-08-11,12:45,Cow_178,11,8,0,0,27.0,Cloudy,Field B
2022-08-11,12:45,Cow_179,0,0,0,15,27.0,Cloudy,Field B
2022-08-11,12:45,Cow_180,9,2,4,0,27.0,Cloudy,Field A
2022-08-11,12:45,Cow_181,9,3,3,0,27.0,Cloudy,Field A
2022-08-11,12:45,Cow_182,7,0,8,0,27.0,Cloudy,Field A
2022-08-11,12:45,Cow_183,5,7,3,0,27.0,Cloudy,Field B
2022-08-11,12:45,Cow_184,12,0,7,0,27.0,Cloudy,Field B
2022-08-11,12:45,Cow_185,9,1,5,0,27.0,Cloudy,Field B
2022-08-11,12:45,Cow_186,6,5,4,0,27.0,Cloudy,Field C
2022-08-11,12:45,Cow_187,8,4,3,0,27.0,Cloudy,Field B
2022-08-11,12:45,Cow_188,0,0,0,15,27.0,Cloudy,Field C
2022-08-11,12:45,Cow_189,4,3,8,0,27.0,Cloudy,Field B
2022-08-11,12:45,Cow_190,11,1,3,0,27.0,Cloudy,Field B
2022-08-11,12:45,Cow_191,0,0,0,15,27.0,Cloudy,Field C
2022-08-11,12:45,Cow_192,0,10,6,0,27.0,Cloudy,Field C
2022-08-11,12:45,Cow_193,6,8,1,0,27.0,Cloudy,Field A
2022-08-11,12:45,Cow_194,0,0,0,15,27.0,Cloudy,Field A
2022-08-11,12:45,Cow_195,7,4,4,0,27.0,Cloudy,Field C
2022-08-11,12:45,Cow_196,0,0,0,15,27.0,Cloudy,Field A
2022-08-11,12:45,Cow_197,6,4,5,0,27.0,Cloudy,Field A
2022-08-11,12:45,Cow_198,0,0,0,15,27.0,Cloudy,Field A
2022-08-11,12:45,Cow_199,1,8,6,0,27.0,Cloudy,Field C
2022-08-11,12:45,Cow_200,4,4,7,0,27.0,Cloudy,Field C
2022-08-11,12:45,Cow_201,11,3,1,0,27.0,Cloudy,Field C
2022-08-11,12:45,Cow_202,6,3,6,0,27.0,Cloudy,Field C
2022-08-11,12:45,Cow_203,0,9,6,0,27.0,Cloudy,Field A
2022-08-11,12:45,Cow_204,3,8,4,0,27.0,Cloudy,Field B
2022-08-11,12:45,Cow_205,5,3,7,0,27.0,Cloudy,Field A
2022-08-11,12:45,Cow_206,8,4,3,0,27.0,Cloudy,Field C
2022-08-11,12:45,Cow_207,0,0,0,15,27.0,Cloudy,Field C
2022-08-11,12:45,Cow_208,0,0,0,15,27.0,Cloudy,Field A
2022-08-11,12:45,Cow_209,5,5,5,0,27.0,Cloudy,Field A
2022-08-11,12:45,Cow_210,14,3,0,0,27.0,Cloudy,Field A
2022-08-11,12:45,Cow_211,8,3,4,0,27.0,Cloudy,Field B
2022-08-11,12:45,Cow_212,6,8,1,0,27.0,Cloudy,Field A
2022-08-11,12:45,Cow_213,7,2,6,0,27.0,Cloudy,Field A
2022-08-11,12:45,Cow_214,10,1,4,0,27.0,Cloudy,Field A
2022-08-11,12:45,Cow_215,8,4,3,0,27.0,Cloudy,Field C
2022-08-11,12:45,Cow_216,9,9,0,0,27.0,Cloudy,Field B
2022-08-11,12:45,Cow_217,4,5,6,0,27.0,Cloudy,Field C
2022-08-11,12:45,Cow_218,6,6,3,0,27.0,Cloudy,Field A
2022-08-11,12:45,Cow_219,0,0,0,15,27.0,Cloudy,Field A
2022-08-11,12:45,Cow_220,11,10,0,0,27.0,Cloudy,Field B
2022-08-11,12:45,Cow_221,6,6,3,0,27.0,Cloudy,Field A
2022-08-11,12:45,Cow_222,8,4,3,0,27.0,Cloudy,Field C
2022-08-11,12:45,Cow_223,13,0,8,0,27.0,Cloudy,Field C
2022-08-11,12:45,Cow_224,8,5,2,0,27.0,Cloudy,Field B
2022-08-11,12:45,Cow_225,5,4,6,0,27.0,Cloudy,Field A
2022-08-11,12:45,Cow_226,14,8,0,0,27.0,Cloudy,Field A
2022-08-11,12:45,Cow_227,4,3,8,0,27.0,Cloudy,Field A
2022-08-11,12:45,Cow_228,13,3,0,0,27.0,Cloudy,Field C
2022-08-11,12:45,Cow_229,0,0,0,15,27.0,Cloudy,Field B
2022-08-11,12:45,Cow_230,5,2,8,0,27.0,Cloudy,Field A
2022-08-11,12:45,Cow_231,8,4,3,0,27.0,Cloudy,Field C
2022-08-11,12:45,Cow_232,9,9,0,0,27.0,Cloudy,Field A
2022-08-11,12:45,Cow_233,7,8,0,0,27.0,Cloudy,Field A
2022-08-11,12:45,Cow_234,5,5,5,0,27.0,Cloudy,Field B
2022-08-11,12:45,Cow_235,0,0,0,15,27.0,Cloudy,Field B
2022-08-11,12:45,Cow_236,5,2,8,0,27.0,Cloudy,Field B
2022-08-11,12:45,Cow_237,5,6,4,0,27.0,Cloudy,Field A
2022-08-11,12:45,Cow_238,12,5,0,0,27.0,Cloudy,Field A
2022-08-11,12:45,Cow_239,12,0,5,0,27.0,Cloudy,Field B
2022-08-11,12:45,Cow_240,0,10,5,0,27.0,Cloudy,Field A
2022-08-11,12:45,Cow_241,10,0,6,0,27.0,Cloudy,Field A
2022-08-11,12:45,Cow_242,8,8,0,0,27.0,Cloudy,Field B
2022-08-11,12:45,Cow_243,6,6,3,0,27.0,Cloudy,Field A
2022-08-11,12:45,Cow_244,8,10,0,0,27.0,Cloudy,Field A
2022-08-11,12:45,Cow_245,12,8,0,0,27.0,Cloudy,Field C
2022-08-11,12:45,Cow_246,5,5,5,0,27.0,Cloudy,Field C
2022-08-11,12:45,Cow_247,5,5,5,0,27.0,Cloudy,Field B
2022-08-11,12:45,Cow_248,14,9,0,0,27.0,Cloudy,Field C
2022-08-11,12:45,Cow_249,9,8,0,0,27.0,Cloudy,Field B
2022-08-11,12:45,Cow_250,5,8,2,0,27.0,Cloudy,Field C
2022-08-11,12:45,Cow_251,7,9,0,0,27.0,Cloudy,Field C
2022-08-11,12:45,Cow_252,3,5,7,0,27.0,Cloudy,Field B
2022-08-11,12:45,Cow_253,10,0,7,0,27.0,Cloudy,Field C
2022-08-11,12:45,Cow_254,6,4,5,0,27.0,Cloudy,Field B
2022-08-11,12:45,Cow_255,2,8,5,0,27.0,Cloudy,Field A
2022-08-11,12:45,Cow_256,7,2,6,0,27.0,Cloudy,Field A
2022-08-11,12:45,Cow_257,0,0,0,15,27.0,Cloudy,Field A
2022-08-11,12:45,Cow_258,12,0,7,0,27.0,Cloudy,Field A
2022-08-11,12:45,Cow_259,9,0,8,0,27.0,Cloudy,Field B
2022-08-11,12:45,Cow_260,6,8,1,0,27.0,Cloudy,Field B
2022-08-11,12:45,Cow_261,8,8,0,0,27.0,Cloudy,Field B
2022-08-11,12:45,Cow_262,12,4,0,0,27.0,Cloudy,Field C
2022-08-11,12:45,Cow_263,10,5,0,0,27.0,Cloudy,Field C
2022-08-11,12:45,Cow_264,14,9,0,0,27.0,Cloudy,Field C
2022-08-11,12:45,Cow_265,10,3,2,0,27.0,Cloudy,Field A
2022-08-11,12:45,Cow_266,8,3,4,0,27.0,Cloudy,Field B
2022-08-11,12:45,Cow_267,4,3,8,0,27.0,Cloudy,Field B
2022-08-11,12:45,Cow_268,13,0,6,0,27.0,Cloudy,Field B
2022-08-11,12:45,Cow_269,0,0,0,15,27.0,Cloudy,Field A
2022-08-11,12:45,Cow_270,6,7,2,0,27.0,Cloudy,Field B
2022-08-11,12:45,Cow_271,8,1,6,0,27.0,Cloudy,Field B
2022-08-11,12:45,Cow_272,0,8,8,0,27.0,Cloudy,Field C
2022-08-11,12:45,Cow_273,5,7,3,0,27.0,Cloudy,Field A
2022-08-11,12:45,Cow_274,8,5,2,0,27.0,Cloudy,Field B
2022-08-11,12:45,Cow_275,13,0,8,0,27.0,Cloudy,Field C
2022-08-11,12:45,Cow_276,5,4,6,0,27.0,Cloudy,Field B
2022-08-11,12:45,Cow_277,6,2,7,0,27.0,Cloudy,Field B
2022-08-11,12:45,Cow_278,7,4,4,0,27.0,Cloudy,Field B
2022-08-11,12:45,Cow_279,1,7,7,0,27.0,Cloudy,Field B
2022-08-11,12:45,Cow_280,0,10,6,0,27.0,Cloudy,Field B
2022-08-11,12:45,Cow_281,6,5,4,0,27.0,Cloudy,Field A
2022-08-11,12:45,Cow_282,6,5,4,0,27.0,Cloudy,Field C
2022-08-11,12:45,Cow_283,14,9,0,0,27.0,Cloudy,Field C
2022-08-11,12:45,Cow_284,5,7,3,0,27.0,Cloudy,Field C
2022-08-11,12:45,Cow_285,12,5,0,0,27.0,Cloudy,Field C
2022-08-11,12:45,Cow_286,6,10,0,0,27.0,Cloudy,Field C
2022-08-11,12:45,Cow_287,9,0,7,0,27.0,Cloudy,Field B
2022-08-11,12:45,Cow_288,14,4,0,0,27.0,Cloudy,Field B
2022-08-11,12:45,Cow_289,10,10,0,0,27.0,Cloudy,Field C
2022-08-11,12:45,Cow_290,11,7,0,0,27.0,Cloudy,Field B
2022-08-11,12:45,Cow_291,4,3,8,0,27.0,Cloudy,Field B
2022-08-11,12:45,Cow_292,11,0,5,0,27.0,Cloudy,Field A
2022-08-11,12:45,Cow_293,11,7,0,0,27.0,Cloudy,Field C
2022-08-11,12:45,Cow_294,13,5,0,0,27.0,Cloudy,Field A
2022-08-11,12:45,Cow_295,5,7,3,0,27.0,Cloudy,Field A
2022-08-11,12:45,Cow_296,2,10,3,0,27.0,Cloudy,Field B
2022-08-11,12:45,Cow_297,7,5,3,0,27.0,Cloudy,Field B
2022-08-11,12:45,Cow_298,0,0,0,15,27.0,Cloudy,Field A
2022-08-11,12:45,Cow_299,10,0,7,0,27.0,Cloudy,Field A
2022-08-11,12:45,Cow_300,4,5,6,0,27.0,Cloudy,Field B
2022-08-11,12:45,Cow_301,2,6,7,0,27.0,Cloudy,Field C
2022-08-11,12:45,Cow_302,14,0,3,0,27.0,Cloudy,Field A
2022-08-11,12:45,Cow_303,5,7,3,0,27.0,Cloudy,Field C
2022-08-11,12:45,Cow_304,12,5,0,0,27.0,Cloudy,Field A
2022-08-11,12:45,Cow_305,0,0,0,15,27.0,Cloudy,Field A
2022-08-11,12:45,Cow_306,10,7,0,0,27.0,Cloudy,Field A
2022-08-11,12:45,Cow_307,2,8,5,0,27.0,Cloudy,Field B
2022-08-11,12:45,Cow_308,7,3,5,0,27.0,Cloudy,Field A
2022-08-11,12:45,Cow_309,10,0,7,0,27.0,Cloudy,Field A
2022-08-11,12:45,Cow_310,0,9,6,0,27.0,Cloudy,Field C
2022-08-11,12:45,Cow_311,1,6,8,0,27.0,Cloudy,Field C
2022-08-11,12:45,Cow_312,0,0,0,15,27.0,Cloudy,Field B
2022-08-11,12:45,Cow_313,0,0,0,15,27.0,Cloudy,Field A
2022-08-11,12:45,Cow_314,11,7,0,0,27.0,Cloudy,Field B
2022-08-11,12:45,Cow_315,12,6,0,0,27.0,Cloudy,Field C
2022-08-11,12:45,Cow_316,13,0,6,0,27.0,Cloudy,Field A
2022-08-11,12:45,Cow_317,11,0,5,0,27.0,Cloudy,Field B
2022-08-11,12:45,Cow_318,7,3,5,0,27.0,Cloudy,Field C
2022-08-11,12:45,Cow_319,3,7,5,0,27.0,Cloudy,Field C
2022-08-11,12:45,Cow_320,6,6,3,0,27.0,Cloudy,Field B
2022-08-11,12:45,Cow_321,6,4,5,0,27.0,Cloudy,Field A
2022-08-11,12:45,Cow_322,0,10,6,0,27.0,Cloudy,Field C
2022-08-11,12:45,Cow_323,7,0,8,0,27.0,Cloudy,Field A
2022-08-11,12:45,Cow_324,5,4,6,0,27.0,Cloudy,Field A
2022-08-11,12:45,Cow_325,9,2,4,0,27.0,Cloudy,Field C
2022-08-11,12:45,Cow_326,14,0,6,0,27.0,Cloudy,Field B
2022-08-11,12:45,Cow_327,7,4,4,0,27.0,Cloudy,Field B
2022-08-11,12:45,Cow_328,8,7,0,0,27.0,Cloudy,Field A
2022-08-11,12:45,Cow_329,13,0,7,0,27.0,Cloudy,Field A
2022-08-11,12:45,Cow_330,11,1,3,0,27.0,Cloudy,Field B
2022-08-11,12:45,Cow_331,6,4,5,0,27.0,Cloudy,Field B
2022-08-11,12:45,Cow_332,6,6,3,0,27.0,Cloudy,Field A
2022-08-11,12:45,Cow_333,10,0,7,0,27.0,Cloudy,Field C
2022-08-11,12:45,Cow_334,0,0,0,15,27.0,Cloudy,Field B
2022-08-11,12:45,Cow_335,12,7,0,0,27.0,Cloudy,Field C
2022-08-11,12:45,Cow_336,6,5,4,0,27.0,Cloudy,Field C
2022-08-11,12:45,Cow_337,1,6,8,0,27.0,Cloudy,Field C
2022-08-11,12:45,Cow_338,2,9,4,0,27.0,Cloudy,Field A
2022-08-11,12:45,Cow_339,4,3,8,0,27.0,Cloudy,Field B
2022-08-11,12:45,Cow_340,6,7,2,0,27.0,Cloudy,Field A
2022-08-11,12:45,Cow_341,3,8,4,0,27.0,Cloudy,Field C
2022-08-11,12:45,Cow_342,4,4,7,0,27.0,Cloudy,Field A
2022-08-11,12:45,Cow_343,6,3,6,0,27.0,Cloudy,Field C
2022-08-11,12:45,Cow_344,12,10,0,0,27.0,Cloudy,Field A
2022-08-11,12:45,Cow_345,8,4,3,0,27.0,Cloudy,Field B
2022-08-11,12:45,Cow_346,8,5,2,0,27.0,Cloudy,Field B
2022-08-11,12:45,Cow_347,6,7,2,0,27.0,Cloudy,Field C
2022-08-11,12:45,Cow_348,1,6,8,0,27.0,Cloudy,Field B
2022-08-11,12:45,Cow_349,3,5,7,0,27.0,Cloudy,Field B
2022-08-11,12:45,Cow_350,0,8,8,0,27.0,Cloudy,Field B
2022-08-11,12:45,Cow_351,5,3,7,0,27.0,Cloudy,Field C
2022-08-11,12:45,Cow_352,0,10,7,0,27.0,Cloudy,Field C
2022-08-11,12:45,Cow_353,9,3,3,0,27.0,Cloudy,Field A
2022-08-11,12:45,Cow_354,0,8,8,0,27.0,Cloudy,Field A
2022-08-11,12:45,Cow_355,9,0,6,0,27.0,Cloudy,Field B
2022-08-11,12:45,Cow_356,5,8,2,0,27.0,Cloudy,Field C
2022-08-11,12:45,Cow_357,6,4,5,0,27.0,Cloudy,Field A
2022-08-11,12:45,Cow_358,12,3,0,0,27.0,Cloudy,Field A
2022-08-11,12:45,Cow_359,9,0,7,0,27.0,Cloudy,Field B
2022-08-11,12:45,Cow_360,5,5,5,0,27.0,Cloudy,Field A
2022-08-11,12:45,Cow_361,7,1,7,0,27.0,Cloudy,Field A
2022-08-11,12:45,Cow_362,4,8,3,0,27.0,Cloudy,Field C
2022-08-11,12:45,Cow_363,14,8,0,0,27.0,Cloudy,Field B
2022-08-11,12:45,Cow_364,6,8,1,0,27.0,Cloudy,Field B
2022-08-11,12:45,Cow_365,2,5,8,0,27.0,Cloudy,Field C
2022-08-11,12:45,Cow_366,2,4,9,0,27.0,Cloudy,Field C
2022-08-11,12:45,Cow_367,3,4,8,0,27.0,Cloudy,Field C
2022-08-11,12:45,Cow_368,5,6,4,0,27.0,Cloudy,Field A
2022-08-11,12:45,Cow_369,11,10,0,0,27.0,Cloudy,Field C
2022-08-11,12:45,Cow_370,12,0,4,0,27.0,Cloudy,Field C
2022-08-11,12:45,Cow_371,12,0,5,0,27.0,Cloudy,Field A
2022-08-11,12:45,Cow_372,0,10,5,0,27.0,Cloudy,Field B
2022-08-11,12:45,Cow_373,6,9,0,0,27.0,Cloudy,Field C
2022-08-11,12:45,Cow_374,14,0,3,0,27.0,Cloudy,Field C
2022-08-11,12:45,Cow_375,14,0,5,0,27.0,Cloudy,Field A
2022-08-11,12:45,Cow_376,12,0,7,0,27.0,Cloudy,Field C
2022-08-11,12:45,Cow_377,8,7,0,0,27.0,Cloudy,Field A
2022-08-11,12:45,Cow_378,5,7,3,0,27.0,Cloudy,Field A
2022-08-11,12:45,Cow_379,6,3,6,0,27.0,Cloudy,Field C
2022-08-11,12:45,Cow_380,5,3,7,0,27.0,Cloudy,Field C
2022-08-11,12:45,Cow_381,4,8,3,0,27.0,Cloudy,Field C
2022-08-11,12:45,Cow_382,6,3,6,0,27.0,Cloudy,Field B
2022-08-11,12:45,Cow_383,5,3,7,0,27.0,Cloudy,Field C
2022-08-11,12:45,Cow_384,6,10,0,0,27.0,Cloudy,Field A
2022-08-11,12:45,Cow_385,7,0,8,0,27.0,Cloudy,Field A
2022-08-11,12:45,Cow_386,5,3,7,0,27.0,Cloudy,Field A
2022-08-11,12:45,Cow_387,2,5,8,0,27.0,Cloudy,Field A
2022-08-11,12:45,Cow_388,11,1,3,0,27.0,Cloudy,Field C
2022-08-11,12:45,Cow_389,7,0,8,0,27.0,Cloudy,Field A
2022-08-11,12:45,Cow_390,6,6,3,0,27.0,Cloudy,Field C
2022-08-11,12:45,Cow_391,9,8,0,0,27.0,Cloudy,Field B
2022-08-11,12:45,Cow_392,6,4,5,0,27.0,Cloudy,Field C
2022-08-11,12:45,Cow_393,6,4,5,0,27.0,Cloudy,Field B
2022-08-11,12:45,Cow_394,9,3,3,0,27.0,Cloudy,Field C
2022-08-11,12:45,Cow_395,14,5,0,0,27.0,Cloudy,Field C
2022-08-11,12:45,Cow_396,4,3,8,0,27.0,Cloudy,Field A
2022-08-11,12:45,Cow_397,4,3,8,0,27.0,Cloudy,Field C
2022-08-11,12:45,Cow_398,11,4,0,0,27.0,Cloudy,Field A
2022-08-11,12:45,Cow_399,6,5,4,0,27.0,Cloudy,Field C
2022-08-11,12:45,Cow_400,13,0,7,0,27.0,Cloudy,Field B
2022-08-11,12:45,Cow_401,0,0,0,15,27.0,Cloudy,Field C
2022-08-11,12:45,Cow_402,5,6,4,0,27.0,Cloudy,Field B
2022-08-11,12:45,Cow_403,6,3,6,0,27.0,Cloudy,Field B
2022-08-11,12:45,Cow_404,0,0,0,15,27.0,Cloudy,Field B
2022-08-11,12:45,Cow_405,6,6,3,0,27.0,Cloudy,Field B
2022-08-11,12:45,Cow_406,6,4,5,0,27.0,Cloudy,Field C
2022-08-11,12:45,Cow_407,4,4,7,0,27.0,Cloudy,Field C
2022-08-11,12:45,Cow_408,4,3,8,0,27.0,Cloudy,Field B
2022-08-11,12:45,Cow_409,0,10,8,0,27.0,Cloudy,Field A
2022-08-11,12:45,Cow_410,0,0,0,15,27.0,Cloudy,Field B
2022-08-11,12:45,Cow_411,5,6,4,0,27.0,Cloudy,Field A
2022-08-11,12:45,Cow_412,0,10,9,0,27.0,Cloudy,Field A
2022-08-11,12:45,Cow_413,13,3,0,0,27.0,Cloudy,Field B
2022-08-11,12:45,Cow_414,12,8,0,0,27.0,Cloudy,Field A
2022-08-11,12:45,Cow_415,6,6,3,0,27.0,Cloudy,Field A
2022-08-11,12:45,Cow_416,13,0,8,0,27.0,Cloudy,Field A
2022-08-11,12:45,Cow_417,14,0,7,0,27.0,Cloudy,Field A
2022-08-11,12:45,Cow_418,14,0,5,0,27.0,Cloudy,Field B
2022-08-11,12:45,Cow_419,0,10,8,0,27.0,Cloudy,Field C
2022-08-11,12:45,Cow_420,10,7,0,0,27.0,Cloudy,Field B
2022-08-11,12:45,Cow_421,0,9,8,0,27.0,Cloudy,Field A
2022-08-11,12:45,Cow_422,5,5,5,0,27.0,Cloudy,Field C
2022-08-11,12:45,Cow_423,14,3,0,0,27.0,Cloudy,Field B
2022-08-11,12:45,Cow_424,7,4,4,0,27.0,Cloudy,Field A
2022-08-11,12:45,Cow_425,7,0,8,0,27.0,Cloudy,Field C
2022-08-11,12:45,Cow_426,10,0,6,0,27.0,Cloudy,Field A
2022-08-11,12:45,Cow_427,3,5,7,0,27.0,Cloudy,Field C
2022-08-11,12:45,Cow_428,8,5,2,0,27.0,Cloudy,Field C
2022-08-11,12:45,Cow_429,12,5,0,0,27.0,Cloudy,Field C
2022-08-11,12:45,Cow_430,8,3,4,0,27.0,Cloudy,Field C
2022-08-11,12:45,Cow_431,12,10,0,0,27.0,Cloudy,Field C
2022-08-11,12:45,Cow_432,8,0,8,0,27.0,Cloudy,Field B
2022-08-11,12:45,Cow_433,10,6,0,0,27.0,Cloudy,Field A
2022-08-11,12:45,Cow_434,5,3,7,0,27.0,Cloudy,Field C
2022-08-11,12:45,Cow_435,6,6,3,0,27.0,Cloudy,Field B
2022-08-11,12:45,Cow_436,11,0,4,0,27.0,Cloudy,Field B
2022-08-11,12:45,Cow_437,9,4,2,0,27.0,Cloudy,Field A
2022-08-11,12:45,Cow_438,0,10,5,0,27.0,Cloudy,Field A
2022-08-11,12:45,Cow_439,0,8,8,0,27.0,Cloudy,Field C
2022-08-11,12:45,Cow_440,0,10,8,0,27.0,Cloudy,Field C
2022-08-11,12:45,Cow_441,10,4,1,0,27.0,Cloudy,Field A
2022-08-11,12:45,Cow_442,9,4,2,0,27.0,Cloudy,Field A
2022-08-11,12:45,Cow_443,2,6,7,0,27.0,Cloudy,Field C
2022-08-11,12:45,Cow_444,4,5,6,0,27.0,Cloudy,Field A
2022-08-11,12:45,Cow_445,14,0,5,0,27.0,Cloudy,Field A
2022-08-11,12:45,Cow_446,7,2,6,0,27.0,Cloudy,Field B
2022-08-11,12:45,Cow_447,5,6,4,0,27.0,Cloudy,Field C
2022-08-11,12:45,Cow_448,8,3,4,0,27.0,Cloudy,Field B
2022-08-11,12:45,Cow_449,0,10,7,0,27.0,Cloudy,Field B
2022-08-11,12:45,Cow_450,14,3,0,0,27.0,Cloudy,Field C
2022-08-11,12:45,Cow_451,3,6,6,0,27.0,Cloudy,Field A
2022-08-11,12:45,Cow_452,5,2,8,0,27.0,Cloudy,Field A
2022-08-11,12:45,Cow_453,11,0,4,0,27.0,Cloudy,Field B
2022-08-11,12:45,Cow_454,11,0,6,0,27.0,Cloudy,Field C
2022-08-11,12:45,Cow_455,14,0,6,0,27.0,Cloudy,Field B
2022-08-11,12:45,Cow_456,0,0,0,15,27.0,Cloudy,Field C
2022-08-11,12:45,Cow_457,10,3,2,0,27.0,Cloudy,Field C
2022-08-11,12:45,Cow_458,5,4,6,0,27.0,Cloudy,Field C
2022-08-11,12:45,Cow_459,13,7,0,0,27.0,Cloudy,Field B
2022-08-11,12:45,Cow_460,0,0,0,15,27.0,Cloudy,Field C
2022-08-11,12:45,Cow_461,0,0,0,15,27.0,Cloudy,Field B
2022-08-11,12:45,Cow_462,8,3,4,0,27.0,Cloudy,Field B
2022-08-11,12:45,Cow_463,0,0,0,15,27.0,Cloudy,Field C
2022-08-11,12:45,Cow_464,12,0,7,0,27.0,Cloudy,Field C
2022-08-11,12:45,Cow_465,2,7,6,0,27.0,Cloudy,Field A
2022-08-11,12:45,Cow_466,0,10,7,0,27.0,Cloudy,Field A
2022-08-11,12:45,Cow_467,8,3,4,0,27.0,Cloudy,Field A
2022-08-11,12:45,Cow_468,8,10,0,0,27.0,Cloudy,Field A
2022-08-11,12:45,Cow_469,5,2,8,0,27.0,Cloudy,Field B
2022-08-11,12:45,Cow_470,1,6,8,0,27.0,Cloudy,Field B
2022-08-11,12:45,Cow_471,0,9,7,0,27.0,Cloudy,Field C
2022-08-11,12:45,Cow_472,11,10,0,0,27.0,Cloudy,Field C
2022-08-11,12:45,Cow_473,5,10,0,0,27.0,Cloudy,Field B
2022-08-11,12:45,Cow_474,9,2,4,0,27.0,Cloudy,Field A
2022-08-11,12:45,Cow_475,0,10,6,0,27.0,Cloudy,Field B
2022-08-11,12:45,Cow_476,9,0,8,0,27.0,Cloudy,Field A
2022-08-11,12:45,Cow_477,6,6,3,0,27.0,Cloudy,Field A
2022-08-11,12:45,Cow_478,5,3,7,0,27.0,Cloudy,Field B
2022-08-11,12:45,Cow_479,3,5,7,0,27.0,Cloudy,Field C
2022-08-11,12:45,Cow_480,8,0,7,0,27.0,Cloudy,Field A
2022-08-11,12:45,Cow_481,9,3,3,0,27.0,Cloudy,Field A
2022-08-11,12:45,Cow_482,9,9,0,0,27.0,Cloudy,Field A
2022-08-11,12:45,Cow_483,10,5,0,0,27.0,Cloudy,Field A
2022-08-11,12:45,Cow_484,6,6,3,0,27.0,Cloudy,Field B
2022-08-11,12:45,Cow_485,6,9,0,0,27.0,Cloudy,Field A
2022-08-11,12:45,Cow_486,9,2,4,0,27.0,Cloudy,Field B
2022-08-11,12:45,Cow_487,7,6,2,0,27.0,Cloudy,Field C
2022-08-11,12:45,Cow_488,7,6,2,0,27.0,Cloudy,Field A
2022-08-11,12:45,Cow_489,12,0,7,0,27.0,Cloudy,Field B
2022-08-11,12:45,Cow_490,5,5,5,0,27.0,Cloudy,Field A
2022-08-11,12:45,Cow_491,2,6,7,0,27.0,Cloudy,Field B
2022-08-11,12:45,Cow_492,8,4,3,0,27.0,Cloudy,Field A
2022-08-11,12:45,Cow_493,9,3,3,0,27.0,Cloudy,Field A
2022-08-11,12:45,Cow_494,11,0,5,0,27.0,Cloudy,Field C
2022-08-11,12:45,Cow_495,5,7,3,0,27.0,Cloudy,Field A
2022-08-11,12:45,Cow_496,8,6,1,0,27.0,Cloudy,Field A
2022-08-11,12:45,Cow_497,8,8,0,0,27.0,Cloudy,Field C
2022-08-11,12:45,Cow_498,9,6,0,0,27.0,Cloudy,Field C
2022-08-11,12:45,Cow_499,9,3,3,0,27.0,Cloudy,Field C
2022-08-11,12:45,Cow_500,5,8,2,0,27.0,Cloudy,Field B
2022-08-11,13:00,Cow_1,13,0,8,0,36.1,Rainy,Field B
2022-08-11,13:00,Cow_2,11,10,0,0,36.1,Rainy,Field B
2022-08-11,13:00,Cow_3,0,10,7,0,36.1,Rainy,Field B
2022-08-11,13:00,Cow_4,0,9,8,0,36.1,Rainy,Field A
2022-08-11,13:00,Cow_5,3,8,4,0,36.1,Rainy,Field B
2022-08-11,13:00,Cow_6,14,6,0,0,36.1,Rainy,Field A
2022-08-11,13:00,Cow_7,13,7,0,0,36.1,Rainy,Field B
2022-08-11,13:00,Cow_8,9,5,1,0,36.1,Rainy,Field B
2022-08-11,13:00,Cow_9,2,5,8,0,36.1,Rainy,Field B
2022-08-11,13:00,Cow_10,11,0,6,0,36.1,Rainy,Field C
2022-08-11,13:00,Cow_11,6,3,6,0,36.1,Rainy,Field B
2022-08-11,13:00,Cow_12,8,0,8,0,36.1,Rainy,Field B
2022-08-11,13:00,Cow_13,7,3,5,0,36.1,Rainy,Field B
2022-08-11,13:00,Cow_14,9,0,6,0,36.1,Rainy,Field B
2022-08-11,13:00,Cow_15,5,4,6,0,36.1,Rainy,Field C
2022-08-11,13:00,Cow_16,0,0,0,15,36.1,Rainy,Field A
2022-08-11,13:00,Cow_17,2,10,3,0,36.1,Rainy,Field A
2022-08-11,13:00,Cow_18,11,2,2,0,36.1,Rainy,Field A
2022-08-11,13:00,Cow_19,12,6,0,0,36.1,Rainy,Field B
2022-08-11,13:00,Cow_20,3,8,4,0,36.1,Rainy,Field C
2022-08-11,13:00,Cow_21,9,3,3,0,36.1,Rainy,Field B
2022-08-11,13:00,Cow_22,9,1,5,0,36.1,Rainy,Field A
2022-08-11,13:00,Cow_23,6,5,4,0,36.1,Rainy,Field A
2022-08-11,13:00,Cow_24,10,5,0,0,36.1,Rainy,Field A
2022-08-11,13:00,Cow_25,5,5,5,0,36.1,Rainy,Field C
2022-08-11,13:00,Cow_26,11,0,6,0,36.1,Rainy,Field B
2022-08-11,13:00,Cow_27,0,10,8,0,36.1,Rainy,Field A
2022-08-11,13:00,Cow_28,13,0,7,0,36.1,Rainy,Field A
2022-08-11,13:00,Cow_29,7,5,3,0,36.1,Rainy,Field B
2022-08-11,13:00,Cow_30,5,5,5,0,36.1,Rainy,Field C
2022-08-11,13:00,Cow_31,9,0,6,0,36.1,Rainy,Field A
2022-08-11,13:00,Cow_32,11,0,5,0,36.1,Rainy,Field B
2022-08-11,13:00,Cow_33,14,7,0,0,36.1,Rainy,Field C
2022-08-11,13:00,Cow_34,14,7,0,0,36.1,Rainy,Field A
2022-08-11,13:00,Cow_35,5,9,1,0,36.1,Rainy,Field A
2022-08-11,13:00,Cow_36,8,7,0,0,36.1,Rainy,Field A
2022-08-11,13:00,Cow_37,7,3,5,0,36.1,Rainy,Field A
2022-08-11,13:00,Cow_38,8,4,3,0,36.1,Rainy,Field C
2022-08-11,13:00,Cow_39,6,5,4,0,36.1,Rainy,Field C
2022-08-11,13:00,Cow_40,1,6,8,0,36.1,Rainy,Field A
2022-08-11,13:00,Cow_41,7,4,4,0,36.1,Rainy,Field A
2022-08-11,13:00,Cow_42,9,2,4,0,36.1,Rainy,Field B
2022-08-11,13:00,Cow_43,0,7,8,0,36.1,Rainy,Field C
2022-08-11,13:00,Cow_44,6,3,6,0,36.1,Rainy,Field C
2022-08-11,13:00,Cow_45,4,5,6,0,36.1,Rainy,Field A
2022-08-11,13:00,Cow_46,10,7,0,0,36.1,Rainy,Field B
2022-08-11,13:00,Cow_47,5,5,5,0,36.1,Rainy,Field B
2022-08-11,13:00,Cow_48,1,8,6,0,36.1,Rainy,Field A
2022-08-11,13:00,Cow_49,4,8,3,0,36.1,Rainy,Field B
2022-08-11,13:00,Cow_50,9,0,8,0,36.1,Rainy,Field C
2022-08-11,13:00,Cow_51,9,9,0,0,36.1,Rainy,Field A
2022-08-11,13:00,Cow_52,8,3,4,0,36.1,Rainy,Field B
2022-08-11,13:00,Cow_53,5,2,8,0,36.1,Rainy,Field C
2022-08-11,13:00,Cow_54,11,10,0,0,36.1,Rainy,Field C
2022-08-11,13:00,Cow_55,9,0,6,0,36.1,Rainy,Field A
2022-08-11,13:00,Cow_56,5,6,4,0,36.1,Rainy,Field B
2022-08-11,13:00,Cow_57,9,5,1,0,36.1,Rainy,Field B
2022-08-11,13:00,Cow_58,7,5,3,0,36.1,Rainy,Field C
2022-08-11,13:00,Cow_59,8,0,7,0,36.1,Rainy,Field C
2022-08-11,13:00,Cow_60,10,6,0,0,36.1,Rainy,Field B
2022-08-11,13:00,Cow_61,14,0,3,0,36.1,Rainy,Field A
2022-08-11,13:00,Cow_62,7,6,2,0,36.1,Rainy,Field A
2022-08-11,13:00,Cow_63,0,0,0,15,36.1,Rainy,Field C
2022-08-11,13:00,Cow_64,9,10,0,0,36.1,Rainy,Field A
2022-08-11,13:00,Cow_65,12,0,5,0,36.1,Rainy,Field C
2022-08-11,13:00,Cow_66,6,5,4,0,36.1,Rainy,Field B
2022-08-11,13:00,Cow_67,9,0,8,0,36.1,Rainy,Field A
2022-08-11,13:00,Cow_68,10,0,8,0,36.1,Rainy,Field A
2022-08-11,13:00,Cow_69,8,10,0,0,36.1,Rainy,Field C
2022-08-11,13:00,Cow_70,12,3,0,0,36.1,Rainy,Field C
2022-08-11,13:00,Cow_71,9,0,6,0,36.1,Rainy,Field C
2022-08-11,13:00,Cow_72,5,2,8,0,36.1,Rainy,Field A
2022-08-11,13:00,Cow_73,12,6,0,0,36.1,Rainy,Field B
2022-08-11,13:00,Cow_74,3,6,6,0,36.1,Rainy,Field C
2022-08-11,13:00,Cow_75,8,6,1,0,36.1,Rainy,Field C
2022-08-11,13:00,Cow_76,0,7,8,0,36.1,Rainy,Field A
2022-08-11,13:00,Cow_77,7,4,4,0,36.1,Rainy,Field B
2022-08-11,13:00,Cow_78,4,6,5,0,36.1,Rainy,Field B
2022-08-11,13:00,Cow_79,3,7,5,0,36.1,Rainy,Field C
2022-08-11,13:00,Cow_80,5,7,3,0,36.1,Rainy,Field A
2022-08-11,13:00,Cow_81,5,4,6,0,36.1,Rainy,Field A
2022-08-11,13:00,Cow_82,12,0,7,0,36.1,Rainy,Field C
2022-08-11,13:00,Cow_83,13,8,0,0,36.1,Rainy,Field A
2022-08-11,13:00,Cow_84,0,0,0,15,36.1,Rainy,Field B
2022-08-11,13:00,Cow_85,7,4,4,0,36.1,Rainy,Field A
2022-08-11,13:00,Cow_86,2,8,5,0,36.1,Rainy,Field C
2022-08-11,13:00,Cow_87,0,9,7,0,36.1,Rainy,Field B
2022-08-11,13:00,Cow_88,14,0,6,0,36.1,Rainy,Field B
2022-08-11,13:00,Cow_89,12,3,0,0,36.1,Rainy,Field A
2022-08-11,13:00,Cow_90,0,7,8,0,36.1,Rainy,Field A
2022-08-11,13:00,Cow_91,0,8,7,0,36.1,Rainy,Field B
2022-08-11,13:00,Cow_92,9,7,0,0,36.1,Rainy,Field A
2022-08-11,13:00,Cow_93,6,3,6,0,36.1,Rainy,Field A
2022-08-11,13:00,Cow_94,0,0,0,15,36.1,Rainy,Field A
2022-08-11,13:00,Cow_95,10,0,5,0,36.1,Rainy,Field B
2022-08-11,13:00,Cow_96,8,1,6,0,36.1,Rainy,Field B
2022-08-11,13:00,Cow_97,9,2,4,0,36.1,Rainy,Field B
2022-08-11,13:00,Cow_98,9,0,9,0,36.1,Rainy,Field C
2022-08-11,13:00,Cow_99,5,6,4,0,36.1,Rainy,Field B
2022-08-11,13:00,Cow_100,11,1,3,0,36.1,Rainy,Field C
2022-08-11,13:00,Cow_101,9,6,0,0,36.1,Rainy,Field B
2022-08-11,13:00,Cow_102,14,0,7,0,36.1,Rainy,Field B
2022-08-11,13:00,Cow_103,0,0,0,15,36.1,Rainy,Field B
2022-08-11,13:00,Cow_104,8,9,0,0,36.1,Rainy,Field C
2022-08-11,13:00,Cow_105,4,8,3,0,36.1,Rainy,Field A
2022-08-11,13:00,Cow_106,8,7,0,0,36.1,Rainy,Field A
2022-08-11,13:00,Cow_107,0,0,0,15,36.1,Rainy,Field C
2022-08-11,13:00,Cow_108,7,8,0,0,36.1,Rainy,Field B
2022-08-11,13:00,Cow_109,9,2,4,0,36.1,Rainy,Field C
2022-08-11,13:00,Cow_110,8,8,0,0,36.1,Rainy,Field B
2022-08-11,13:00,Cow_111,0,9,6,0,36.1,Rainy,Field A
2022-08-11,13:00,Cow_112,14,0,8,0,36.1,Rainy,Field B
2022-08-11,13:00,Cow_113,5,5,5,0,36.1,Rainy,Field A
2022-08-11,13:00,Cow_114,0,7,8,0,36.1,Rainy,Field A
2022-08-11,13:00,Cow_115,9,10,0,0,36.1,Rainy,Field A
2022-08-11,13:00,Cow_116,10,0,5,0,36.1,Rainy,Field B
2022-08-11,13:00,Cow_117,8,4,3,0,36.1,Rainy,Field A
2022-08-11,13:00,Cow_118,10,0,5,0,36.1,Rainy,Field C
2022-08-11,13:00,Cow_119,1,7,7,0,36.1,Rainy,Field B
2022-08-11,13:00,Cow_120,14,5,0,0,36.1,Rainy,Field B
2022-08-11,13:00,Cow_121,2,8,5,0,36.1,Rainy,Field C
2022-08-11,13:00,Cow_122,11,5,0,0,36.1,Rainy,Field A
2022-08-11,13:00,Cow_123,4,3,8,0,36.1,Rainy,Field B
2022-08-11,13:00,Cow_124,5,5,5,0,36.1,Rainy,Field A
2022-08-11,13:00,Cow_125,13,10,0,0,36.1,Rainy,Field C
2022-08-11,13:00,Cow_126,5,3,7,0,36.1,Rainy,Field A
2022-08-11,13:00,Cow_127,14,10,0,0,36.1,Rainy,Field A
2022-08-11,13:00,Cow_128,4,7,4,0,36.1,Rainy,Field C
2022-08-11,13:00,Cow_129,3,6,6,0,36.1,Rainy,Field B
2022-08-11,13:00,Cow_130,7,3,5,0,36.1,Rainy,Field A
2022-08-11,13:00,Cow_131,0,0,0,15,36.1,Rainy,Field C
2022-08-11,13:00,Cow_132,5,7,3,0,36.1,Rainy,Field C
2022-08-11,13:00,Cow_133,7,4,4,0,36.1,Rainy,Field A
2022-08-11,13:00,Cow_134,6,7,2,0,36.1,Rainy,Field A
2022-08-11,13:00,Cow_135,11,0,7,0,36.1,Rainy,Field C
2022-08-11,13:00,Cow_136,6,5,4,0,36.1,Rainy,Field A
2022-08-11,13:00,Cow_137,7,3,5,0,36.1,Rainy,Field C
2022-08-11,13:00,Cow_138,3,5,7,0,36.1,Rainy,Field A
2022-08-11,13:00,Cow_139,0,0,0,15,36.1,Rainy,Field B
2022-08-11,13:00,Cow_140,4,4,7,0,36.1,Rainy,Field A
2022-08-11,13:00,Cow_141,8,3,4,0,36.1,Rainy,Field C
2022-08-11,13:00,Cow_142,0,10,5,0,36.1,Rainy,Field C
2022-08-11,13:00,Cow_143,6,6,3,0,36.1,Rainy,Field B
2022-08-11,13:00,Cow_144,8,4,3,0,36.1,Rainy,Field A
2022-08-11,13:00,Cow_145,6,3,6,0,36.1,Rainy,Field A
2022-08-11,13:00,Cow_146,10,0,5,0,36.1,Rainy,Field A
2022-08-11,13:00,Cow_147,2,6,7,0,36.1,Rainy,Field C
2022-08-11,13:00,Cow_148,7,7,1,0,36.1,Rainy,Field C
2022-08-11,13:00,Cow_149,10,2,3,0,36.1,Rainy,Field A
2022-08-11,13:00,Cow_150,0,0,0,15,36.1,Rainy,Field B
2022-08-11,13:00,Cow_151,3,4,8,0,36.1,Rainy,Field A
2022-08-11,13:00,Cow_152,6,6,3,0,36.1,Rainy,Field A
2022-08-11,13:00,Cow_153,13,4,0,0,36.1,Rainy,Field A
2022-08-11,13:00,Cow_154,8,8,0,0,36.1,Rainy,Field A
2022-08-11,13:00,Cow_155,9,3,3,0,36.1,Rainy,Field B
2022-08-11,13:00,Cow_156,7,3,5,0,36.1,Rainy,Field C
2022-08-11,13:00,Cow_157,10,8,0,0,36.1,Rainy,Field C
2022-08-11,13:00,Cow_158,9,3,3,0,36.1,Rainy,Field A
2022-08-11,13:00,Cow_159,7,9,0,0,36.1,Rainy,Field A
2022-08-11,13:00,Cow_160,0,9,6,0,36.1,Rainy,Field C
2022-08-11,13:00,Cow_161,4,3,8,0,36.1,Rainy,Field C
2022-08-11,13:00,Cow_162,6,9,0,0,36.1,Rainy,Field B
2022-08-11,13:00,Cow_163,11,0,8,0,36.1,Rainy,Field B
2022-08-11,13:00,Cow_164,7,3,5,0,36.1,Rainy,Field B
2022-08-11,13:00,Cow_165,7,3,5,0,36.1,Rainy,Field C
2022-08-11,13:00,Cow_166,5,7,3,0,36.1,Rainy,Field B
2022-08-11,13:00,Cow_167,9,3,3,0,36.1,Rainy,Field C
2022-08-11,13:00,Cow_168,11,0,4,0,36.1,Rainy,Field B
2022-08-11,13:00,Cow_169,14,6,0,0,36.1,Rainy,Field A
2022-08-11,13:00,Cow_170,13,3,0,0,36.1,Rainy,Field B
2022-08-11,13:00,Cow_171,5,2,8,0,36.1,Rainy,Field C
2022-08-11,13:00,Cow_172,0,8,7,0,36.1,Rainy,Field A
2022-08-11,13:00,Cow_173,8,3,4,0,36.1,Rainy,Field A
2022-08-11,13:00,Cow_174,7,3,5,0,36.1,Rainy,Field C
2022-08-11,13:00,Cow_175,14,0,7,0,36.1,Rainy,Field C
2022-08-11,13:00,Cow_176,13,0,5,0,36.1,Rainy,Field B
2022-08-11,13:00,Cow_177,14,6,0,0,36.1,Rainy,Field B
2022-08-11,13:00,Cow_178,0,0,0,15,36.1,Rainy,Field C
2022-08-11,13:00,Cow_179,8,0,8,0,36.1,Rainy,Field C
2022-08-11,13:00,Cow_180,6,6,3,0,36.1,Rainy,Field A
2022-08-11,13:00,Cow_181,2,6,7,0,36.1,Rainy,Field A
2022-08-11,13:00,Cow_182,9,8,0,0,36.1,Rainy,Field C
2022-08-11,13:00,Cow_183,9,8,0,0,36.1,Rainy,Field A
2022-08-11,13:00,Cow_184,7,4,4,0,36.1,Rainy,Field C
2022-08-11,13:00,Cow_185,5,6,4,0,36.1,Rainy,Field B
2022-08-11,13:00,Cow_186,14,3,0,0,36.1,Rainy,Field A
2022-08-11,13:00,Cow_187,3,4,8,0,36.1,Rainy,Field A
2022-08-11,13:00,Cow_188,0,0,0,15,36.1,Rainy,Field B
2022-08-11,13:00,Cow_189,0,9,7,0,36.1,Rainy,Field C
2022-08-11,13:00,Cow_190,11,9,0,0,36.1,Rainy,Field B
2022-08-11,13:00,Cow_191,7,2,6,0,36.1,Rainy,Field C
2022-08-11,13:00,Cow_192,0,10,5,0,36.1,Rainy,Field C
2022-08-11,13:00,Cow_193,0,0,0,15,36.1,Rainy,Field C
2022-08-11,13:00,Cow_194,5,7,3,0,36.1,Rainy,Field C
2022-08-11,13:00,Cow_195,6,4,5,0,36.1,Rainy,Field A
2022-08-11,13:00,Cow_196,6,4,5,0,36.1,Rainy,Field C
2022-08-11,13:00,Cow_197,9,9,0,0,36.1,Rainy,Field A
2022-08-11,13:00,Cow_198,7,5,3,0,36.1,Rainy,Field C
2022-08-11,13:00,Cow_199,5,4,6,0,36.1,Rainy,Field B
2022-08-11,13:00,Cow_200,7,3,5,0,36.1,Rainy,Field A
2022-08-11,13:00,Cow_201,5,7,3,0,36.1,Rainy,Field A
2022-08-11,13:00,Cow_202,14,0,5,0,36.1,Rainy,Field B
2022-08-11,13:00,Cow_203,8,0,8,0,36.1,Rainy,Field B
2022-08-11,13:00,Cow_204,1,9,5,0,36.1,Rainy,Field A
2022-08-11,13:00,Cow_205,13,5,0,0,36.1,Rainy,Field A
2022-08-11,13:00,Cow_206,1,6,8,0,36.1,Rainy,Field B
2022-08-11,13:00,Cow_207,5,5,5,0,36.1,Rainy,Field C
2022-08-11,13:00,Cow_208,7,5,3,0,36.1,Rainy,Field B
2022-08-11,13:00,Cow_209,6,4,5,0,36.1,Rainy,Field B
2022-08-11,13:00,Cow_210,5,2,8,0,36.1,Rainy,Field A
2022-08-11,13:00,Cow_211,0,10,7,0,36.1,Rainy,Field B
2022-08-11,13:00,Cow_212,7,0,8,0,36.1,Rainy,Field C
2022-08-11,13:00,Cow_213,5,4,6,0,36.1,Rainy,Field C
2022-08-11,13:00,Cow_214,10,6,0,0,36.1,Rainy,Field A
2022-08-11,13:00,Cow_215,4,7,4,0,36.1,Rainy,Field B
2022-08-11,13:00,Cow_216,7,4,4,0,36.1,Rainy,Field C
2022-08-11,13:00,Cow_217,10,6,0,0,36.1,Rainy,Field A
2022-08-11,13:00,Cow_218,5,7,3,0,36.1,Rainy,Field C
2022-08-11,13:00,Cow_219,13,0,8,0,36.1,Rainy,Field C
2022-08-11,13:00,Cow_220,9,0,8,0,36.1,Rainy,Field B
2022-08-11,13:00,Cow_221,7,5,3,0,36.1,Rainy,Field A
2022-08-11,13:00,Cow_222,14,0,4,0,36.1,Rainy,Field B
2022-08-11,13:00,Cow_223,6,4,5,0,36.1,Rainy,Field A
2022-08-11,13:00,Cow_224,13,3,0,0,36.1,Rainy,Field C
2022-08-11,13:00,Cow_225,6,7,2,0,36.1,Rainy,Field A
2022-08-11,13:00,Cow_226,11,10,0,0,36.1,Rainy,Field B
2022-08-11,13:00,Cow_227,0,9,7,0,36.1,Rainy,Field C
2022-08-11,13:00,Cow_228,4,7,4,0,36.1,Rainy,Field B
2022-08-11,13:00,Cow_229,1,10,4,0,36.1,Rainy,Field A
2022-08-11,13:00,Cow_230,4,8,3,0,36.1,Rainy,Field A
2022-08-11,13:00,Cow_231,9,3,3,0,36.1,Rainy,Field A
2022-08-11,13:00,Cow_232,13,10,0,0,36.1,Rainy,Field B
2022-08-11,13:00,Cow_233,10,3,2,0,36.1,Rainy,Field A
2022-08-11,13:00,Cow_234,13,9,0,0,36.1,Rainy,Field B
2022-08-11,13:00,Cow_235,13,9,0,0,36.1,Rainy,Field A
2022-08-11,13:00,Cow_236,12,8,0,0,36.1,Rainy,Field B
2022-08-11,13:00,Cow_237,5,4,6,0,36.1,Rainy,Field C
2022-08-11,13:00,Cow_238,12,0,5,0,36.1,Rainy,Field A
2022-08-11,13:00,Cow_239,1,7,7,0,36.1,Rainy,Field C
2022-08-11,13:00,Cow_240,6,4,5,0,36.1,Rainy,Field C
2022-08-11,13:00,Cow_241,1,9,5,0,36.1,Rainy,Field A
2022-08-11,13:00,Cow_242,10,8,0,0,36.1,Rainy,Field B
2022-08-11,13:00,Cow_243,9,2,4,0,36.1,Rainy,Field A
2022-08-11,13:00,Cow_244,12,0,6,0,36.1,Rainy,Field B
2022-08-11,13:00,Cow_245,12,3,0,0,36.1,Rainy,Field C
2022-08-11,13:00,Cow_246,12,0,4,0,36.1,Rainy,Field B
2022-08-11,13:00,Cow_247,9,0,10,0,36.1,Rainy,Field C
2022-08-11,13:00,Cow_248,4,3,8,0,36.1,Rainy,Field B
2022-08-11,13:00,Cow_249,14,0,7,0,36.1,Rainy,Field C
2022-08-11,13:00,Cow_250,8,2,5,0,36.1,Rainy,Field A
2022-08-11,13:00,Cow_251,13,8,0,0,36.1,Rainy,Field A
2022-08-11,13:00,Cow_252,0,0,0,15,36.1,Rainy,Field B
2022-08-11,13:00,Cow_253,11,1,3,0,36.1,Rainy,Field A
2022-08-11,13:00,Cow_254,0,0,0,15,36.1,Rainy,Field C
2022-08-11,13:00,Cow_255,4,4,7,0,36.1,Rainy,Field A
2022-08-11,13:00,Cow_256,6,10,0,0,36.1,Rainy,Field C
2022-08-11,13:00,Cow_257,4,6,5,0,36.1,Rainy,Field A
2022-08-11,13:00,Cow_258,4,7,4,0,36.1,Rainy,Field C
2022-08-11,13:00,Cow_259,7,4,4,0,36.1,Rainy,Field C
2022-08-11,13:00,Cow_260,9,9,0,0,36.1,Rainy,Field B
2022-08-11,13:00,Cow_261,11,0,4,0,36.1,Rainy,Field C
2022-08-11,13:00,Cow_262,8,4,3,0,36.1,Rainy,Field A
2022-08-11,13:00,Cow_263,8,5,2,0,36.1,Rainy,Field B
2022-08-11,13:00,Cow_264,13,3,0,0,36.1,Rainy,Field B
2022-08-11,13:00,Cow_265,7,5,3,0,36.1,Rainy,Field A
2022-08-11,13:00,Cow_266,4,4,7,0,36.1,Rainy,Field C
2022-08-11,13:00,Cow_267,0,0,0,15,36.1,Rainy,Field C
2022-08-11,13:00,Cow_268,7,8,0,0,36.1,Rainy,Field C
2022-08-11,13:00,Cow_269,5,6,4,0,36.1,Rainy,Field C
2022-08-11,13:00,Cow_270,2,5,8,0,36.1,Rainy,Field B
2022-08-11,13:00,Cow_271,14,7,0,0,36.1,Rainy,Field B
2022-08-11,13:00,Cow_272,7,1,7,0,36.1,Rainy,Field A
2022-08-11,13:00,Cow_273,0,0,0,15,36.1,Rainy,Field B
2022-08-11,13:00,Cow_274,11,0,5,0,36.1,Rainy,Field B
2022-08-11,13:00,Cow_275,8,0,7,0,36.1,Rainy,Field B
2022-08-11,13:00,Cow_276,10,0,6,0,36.1,Rainy,Field C
2022-08-11,13:00,Cow_277,3,6,6,0,36.1,Rainy,Field C
2022-08-11,13:00,Cow_278,14,0,4,0,36.1,Rainy,Field B
2022-08-11,13:00,Cow_279,5,10,0,0,36.1,Rainy,Field A
2022-08-11,13:00,Cow_280,13,0,4,0,36.1,Rainy,Field A
2022-08-11,13:00,Cow_281,9,0,7,0,36.1,Rainy,Field B
2022-08-11,13:00,Cow_282,10,7,0,0,36.1,Rainy,Field C
2022-08-11,13:00,Cow_283,7,4,4,0,36.1,Rainy,Field B
2022-08-11,13:00,Cow_284,7,4,4,0,36.1,Rainy,Field B
2022-08-11,13:00,Cow_285,10,0,5,0,36.1,Rainy,Field B
2022-08-11,13:00,Cow_286,6,1,8,0,36.1,Rainy,Field A
2022-08-11,13:00,Cow_287,4,8,3,0,36.1,Rainy,Field B
2022-08-11,13:00,Cow_288,0,10,7,0,36.1,Rainy,Field C
2022-08-11,13:00,Cow_289,2,5,8,0,36.1,Rainy,Field A
2022-08-11,13:00,Cow_290,0,0,0,15,36.1,Rainy,Field B
2022-08-11,13:00,Cow_291,10,5,0,0,36.1,Rainy,Field B
2022-08-11,13:00,Cow_292,5,4,6,0,36.1,Rainy,Field C
2022-08-11,13:00,Cow_293,6,6,3,0,36.1,Rainy,Field C
2022-08-11,13:00,Cow_294,1,9,5,0,36.1,Rainy,Field A
2022-08-11,13:00,Cow_295,14,8,0,0,36.1,Rainy,Field B
2022-08-11,13:00,Cow_296,9,1,5,0,36.1,Rainy,Field A
2022-08-11,13:00,Cow_297,8,5,2,0,36.1,Rainy,Field B
2022-08-11,13:00,Cow_298,13,7,0,0,36.1,Rainy,Field C
2022-08-11,13:00,Cow_299,0,0,0,15,36.1,Rainy,Field C
2022-08-11,13:00,Cow_300,5,6,4,0,36.1,Rainy,Field A
2022-08-11,13:00,Cow_301,4,6,5,0,36.1,Rainy,Field B
2022-08-11,13:00,Cow_302,11,0,5,0,36.1,Rainy,Field C
2022-08-11,13:00,Cow_303,14,0,4,0,36.1,Rainy,Field C
2022-08-11,13:00,Cow_304,14,0,6,0,36.1,Rainy,Field B
2022-08-11,13:00,Cow_305,9,3,3,0,36.1,Rainy,Field B
2022-08-11,13:00,Cow_306,14,0,6,0,36.1,Rainy,Field C
2022-08-11,13:00,Cow_307,10,8,0,0,36.1,Rainy,Field A
2022-08-11,13:00,Cow_308,5,2,8,0,36.1,Rainy,Field C
2022-08-11,13:00,Cow_309,7,9,0,0,36.1,Rainy,Field B
2022-08-11,13:00,Cow_310,3,6,6,0,36.1,Rainy,Field C
2022-08-11,13:00,Cow_311,9,8,0,0,36.1,Rainy,Field C
2022-08-11,13:00,Cow_312,10,6,0,0,36.1,Rainy,Field B
2022-08-11,13:00,Cow_313,6,10,0,0,36.1,Rainy,Field C
2022-08-11,13:00,Cow_314,1,8,6,0,36.1,Rainy,Field C
2022-08-11,13:00,Cow_315,10,2,3,0,36.1,Rainy,Field A
2022-08-11,13:00,Cow_316,0,10,8,0,36.1,Rainy,Field B
2022-08-11,13:00,Cow_317,12,10,0,0,36.1,Rainy,Field A
2022-08-11,13:00,Cow_318,0,0,0,15,36.1,Rainy,Field C
2022-08-11,13:00,Cow_319,0,0,0,15,36.1,Rainy,Field A
2022-08-11,13:00,Cow_320,9,6,0,0,36.1,Rainy,Field A
2022-08-11,13:00,Cow_321,10,10,0,0,36.1,Rainy,Field A
2022-08-11,13:00,Cow_322,5,7,3,0,36.1,Rainy,Field A
2022-08-11,13:00,Cow_323,5,2,8,0,36.1,Rainy,Field C
2022-08-11,13:00,Cow_324,12,0,4,0,36.1,Rainy,Field B
2022-08-11,13:00,Cow_325,2,6,7,0,36.1,Rainy,Field C
2022-08-11,13:00,Cow_326,6,3,6,0,36.1,Rainy,Field B
2022-08-11,13:00,Cow_327,0,0,0,15,36.1,Rainy,Field C
2022-08-11,13:00,Cow_328,0,0,0,15,36.1,Rainy,Field B
2022-08-11,13:00,Cow_329,12,6,0,0,36.1,Rainy,Field A
2022-08-11,13:00,Cow_330,8,3,4,0,36.1,Rainy,Field C
2022-08-11,13:00,Cow_331,2,5,8,0,36.1,Rainy,Field B
2022-08-11,13:00,Cow_332,0,0,0,15,36.1,Rainy,Field A
2022-08-11,13:00,Cow_333,0,0,0,15,36.1,Rainy,Field C
2022-08-11,13:00,Cow_334,6,1,8,0,36.1,Rainy,Field B
2022-08-11,13:00,Cow_335,3,6,6,0,36.1,Rainy,Field A
2022-08-11,13:00,Cow_336,7,1,7,0,36.1,Rainy,Field A
2022-08-11,13:00,Cow_337,11,0,7,0,36.1,Rainy,Field C
2022-08-11,13:00,Cow_338,5,4,6,0,36.1,Rainy,Field A
2022-08-11,13:00,Cow_339,14,0,3,0,36.1,Rainy,Field C
2022-08-11,13:00,Cow_340,14,6,0,0,36.1,Rainy,Field A
2022-08-11,13:00,Cow_341,1,7,7,0,36.1,Rainy,Field B
2022-08-11,13:00,Cow_342,11,6,0,0,36.1,Rainy,Field C
2022-08-11,13:00,Cow_343,12,3,0,0,36.1,Rainy,Field C
2022-08-11,13:00,Cow_344,12,0,4,0,36.1,Rainy,Field C
2022-08-11,13:00,Cow_345,11,1,3,0,36.1,Rainy,Field A
2022-08-11,13:00,Cow_346,0,9,6,0,36.1,Rainy,Field A
2022-08-11,13:00,Cow_347,12,0,8,0,36.1,Rainy,Field B
2022-08-11,13:00,Cow_348,15,7,0,0,36.1,Rainy,Field C
2022-08-11,13:00,Cow_349,0,0,0,15,36.1,Rainy,Field C
2022-08-11,13:00,Cow_350,12,3,0,0,36.1,Rainy,Field A
2022-08-11,13:00,Cow_351,9,7,0,0,36.1,Rainy,Field B
2022-08-11,13:00,Cow_352,10,2,3,0,36.1,Rainy,Field A
2022-08-11,13:00,Cow_353,7,2,6,0,36.1,Rainy,Field C
2022-08-11,13:00,Cow_354,8,4,3,0,36.1,Rainy,Field C
2022-08-11,13:00,Cow_355,13,7,0,0,36.1,Rainy,Field B
2022-08-11,13:00,Cow_356,7,3,5,0,36.1,Rainy,Field A
2022-08-11,13:00,Cow_357,0,0,0,15,36.1,Rainy,Field A
2022-08-11,13:00,Cow_358,8,0,7,0,36.1,Rainy,Field A
2022-08-11,13:00,Cow_359,7,0,9,0,36.1,Rainy,Field B
2022-08-11,13:00,Cow_360,12,0,3,0,36.1,Rainy,Field B
2022-08-11,13:00,Cow_361,10,1,4,0,36.1,Rainy,Field B
2022-08-11,13:00,Cow_362,7,8,0,0,36.1,Rainy,Field B
2022-08-11,13:00,Cow_363,6,4,5,0,36.1,Rainy,Field A
2022-08-11,13:00,Cow_364,4,7,4,0,36.1,Rainy,Field B
2022-08-11,13:00,Cow_365,0,0,0,15,36.1,Rainy,Field B
2022-08-11,13:00,Cow_366,0,12,9,0,36.1,Rainy,Field B
2022-08-11,13:00,Cow_367,0,0,0,15,36.1,Rainy,Field B
2022-08-11,13:00,Cow_368,2,5,8,0,36.1,Rainy,Field B
2022-08-11,13:00,Cow_369,5,3,7,0,36.1,Rainy,Field C
2022-08-11,13:00,Cow_370,13,7,0,0,36.1,Rainy,Field B
2022-08-11,13:00,Cow_371,0,7,8,0,36.1,Rainy,Field A
2022-08-11,13:00,Cow_372,6,10,0,0,36.1,Rainy,Field C
2022-08-11,13:00,Cow_373,2,7,6,0,36.1,Rainy,Field A
2022-08-11,13:00,Cow_374,6,6,3,0,36.1,Rainy,Field C
2022-08-11,13:00,Cow_375,6,3,6,0,36.1,Rainy,Field C
2022-08-11,13:00,Cow_376,8,4,3,0,36.1,Rainy,Field B
2022-08-11,13:00,Cow_377,13,0,5,0,36.1,Rainy,Field C
2022-08-11,13:00,Cow_378,10,0,6,0,36.1,Rainy,Field B
2022-08-11,13:00,Cow_379,4,4,7,0,36.1,Rainy,Field C
2022-08-11,13:00,Cow_380,1,6,8,0,36.1,Rainy,Field C
2022-08-11,13:00,Cow_381,7,9,0,0,36.1,Rainy,Field A
2022-08-11,13:00,Cow_382,8,6,1,0,36.1,Rainy,Field C
2022-08-11,13:00,Cow_383,10,3,2,0,36.1,Rainy,Field B
2022-08-11,13:00,Cow_384,9,10,0,0,36.1,Rainy,Field C
2022-08-11,13:00,Cow_385,3,9,3,0,36.1,Rainy,Field A
2022-08-11,13:00,Cow_386,7,2,6,0,36.1,Rainy,Field C
2022-08-11,13:00,Cow_387,6,5,4,0,36.1,Rainy,Field C
2022-08-11,13:00,Cow_388,5,3,7,0,36.1,Rainy,Field A
2022-08-11,13:00,Cow_389,11,3,1,0,36.1,Rainy,Field A
2022-08-11,13:00,Cow_390,4,4,7,0,36.1,Rainy,Field A
2022-08-11,13:00,Cow_391,8,2,5,0,36.1,Rainy,Field C
2022-08-11,13:00,Cow_392,9,9,0,0,36.1,Rainy,Field C
2022-08-11,13:00,Cow_393,5,5,5,0,36.1,Rainy,Field B
2022-08-11,13:00,Cow_394,5,3,7,0,36.1,Rainy,Field A
2022-08-11,13:00,Cow_395,15,11,0,0,36.1,Rainy,Field B
2022-08-11,13:00,Cow_396,11,0,4,0,36.1,Rainy,Field C
2022-08-11,13:00,Cow_397,1,6,8,0,36.1,Rainy,Field A
2022-08-11,13:00,Cow_398,0,0,0,15,36.1,Rainy,Field B
2022-08-11,13:00,Cow_399,0,8,8,0,36.1,Rainy,Field C
2022-08-11,13:00,Cow_400,4,6,5,0,36.1,Rainy,Field A
2022-08-11,13:00,Cow_401,2,8,5,0,36.1,Rainy,Field A
2022-08-11,13:00,Cow_402,14,0,5,0,36.1,Rainy,Field B
2022-08-11,13:00,Cow_403,2,10,3,0,36.1,Rainy,Field B
2022-08-11,13:00,Cow_404,12,7,0,0,36.1,Rainy,Field C
2022-08-11,13:00,Cow_405,3,5,7,0,36.1,Rainy,Field C
2022-08-11,13:00,Cow_406,5,3,7,0,36.1,Rainy,Field B
2022-08-11,13:00,Cow_407,5,6,4,0,36.1,Rainy,Field B
2022-08-11,13:00,Cow_408,7,3,5,0,36.1,Rainy,Field C
2022-08-11,13:00,Cow_409,5,4,6,0,36.1,Rainy,Field A
2022-08-11,13:00,Cow_410,0,0,0,15,36.1,Rainy,Field B
2022-08-11,13:00,Cow_411,10,2,3,0,36.1,Rainy,Field B
2022-08-11,13:00,Cow_412,0,12,8,0,36.1,Rainy,Field B
2022-08-11,13:00,Cow_413,12,0,5,0,36.1,Rainy,Field C
2022-08-11,13:00,Cow_414,11,9,0,0,36.1,Rainy,Field A
2022-08-11,13:00,Cow_415,7,0,8,0,36.1,Rainy,Field B
2022-08-11,13:00,Cow_416,5,3,7,0,36.1,Rainy,Field C
2022-08-11,13:00,Cow_417,10,0,6,0,36.1,Rainy,Field B
2022-08-11,13:00,Cow_418,1,6,8,0,36.1,Rainy,Field A
2022-08-11,13:00,Cow_419,7,6,2,0,36.1,Rainy,Field A
2022-08-11,13:00,Cow_420,12,0,7,0,36.1,Rainy,Field B
2022-08-11,13:00,Cow_421,5,4,6,0,36.1,Rainy,Field C
2022-08-11,13:00,Cow_422,9,3,3,0,36.1,Rainy,Field C
2022-08-11,13:00,Cow_423,5,4,6,0,36.1,Rainy,Field A
2022-08-11,13:00,Cow_424,11,0,7,0,36.1,Rainy,Field B
2022-08-11,13:00,Cow_425,2,8,5,0,36.1,Rainy,Field B
2022-08-11,13:00,Cow_426,6,3,6,0,36.1,Rainy,Field C
2022-08-11,13:00,Cow_427,9,0,10,0,36.1,Rainy,Field C
2022-08-11,13:00,Cow_428,5,5,5,0,36.1,Rainy,Field C
2022-08-11,13:00,Cow_429,12,0,4,0,36.1,Rainy,Field A
2022-08-11,13:00,Cow_430,12,3,0,0,36.1,Rainy,Field A
2022-08-11,13:00,Cow_431,6,6,3,0,36.1,Rainy,Field A
2022-08-11,13:00,Cow_432,13,0,5,0,36.1,Rainy,Field B
2022-08-11,13:00,Cow_433,6,9,0,0,36.1,Rainy,Field B
2022-08-11,13:00,Cow_434,3,5,7,0,36.1,Rainy,Field B
2022-08-11,13:00,Cow_435,7,9,0,0,36.1,Rainy,Field C
2022-08-11,13:00,Cow_436,6,5,4,0,36.1,Rainy,Field C
2022-08-11,13:00,Cow_437,4,7,4,0,36.1,Rainy,Field B
2022-08-11,13:00,Cow_438,0,0,0,15,36.1,Rainy,Field A
2022-08-11,13:00,Cow_439,13,0,6,0,36.1,Rainy,Field A
2022-08-11,13:00,Cow_440,0,9,6,0,36.1,Rainy,Field C
2022-08-11,13:00,Cow_441,2,6,7,0,36.1,Rainy,Field A
2022-08-11,13:00,Cow_442,10,3,2,0,36.1,Rainy,Field A
2022-08-11,13:00,Cow_443,5,6,4,0,36.1,Rainy,Field B
2022-08-11,13:00,Cow_444,12,9,0,0,36.1,Rainy,Field A
2022-08-11,13:00,Cow_445,8,3,4,0,36.1,Rainy,Field B
2022-08-11,13:00,Cow_446,5,8,2,0,36.1,Rainy,Field B
2022-08-11,13:00,Cow_447,0,0,0,15,36.1,Rainy,Field A
2022-08-11,13:00,Cow_448,6,6,3,0,36.1,Rainy,Field C
2022-08-11,13:00,Cow_449,0,10,8,0,36.1,Rainy,Field C
2022-08-11,13:00,Cow_450,0,0,0,15,36.1,Rainy,Field B
2022-08-11,13:00,Cow_451,6,6,3,0,36.1,Rainy,Field C
2022-08-11,13:00,Cow_452,12,10,0,0,36.1,Rainy,Field A
2022-08-11,13:00,Cow_453,8,1,6,0,36.1,Rainy,Field B
2022-08-11,13:00,Cow_454,3,9,3,0,36.1,Rainy,Field A
2022-08-11,13:00,Cow_455,2,5,8,0,36.1,Rainy,Field C
2022-08-11,13:00,Cow_456,14,0,6,0,36.1,Rainy,Field C
2022-08-11,13:00,Cow_457,11,0,8,0,36.1,Rainy,Field A
2022-08-11,13:00,Cow_458,8,4,3,0,36.1,Rainy,Field C
2022-08-11,13:00,Cow_459,5,10,0,0,36.1,Rainy,Field B
2022-08-11,13:00,Cow_460,7,0,8,0,36.1,Rainy,Field C
2022-08-11,13:00,Cow_461,10,5,0,0,36.1,Rainy,Field B
2022-08-11,13:00,Cow_462,13,0,6,0,36.1,Rainy,Field C
2022-08-11,13:00,Cow_463,8,2,5,0,36.1,Rainy,Field A
2022-08-11,13:00,Cow_464,11,3,1,0,36.1,Rainy,Field A
2022-08-11,13:00,Cow_465,2,7,6,0,36.1,Rainy,Field C
2022-08-11,13:00,Cow_466,4,3,8,0,36.1,Rainy,Field A
2022-08-11,13:00,Cow_467,9,8,0,0,36.1,Rainy,Field C
2022-08-11,13:00,Cow_468,8,2,5,0,36.1,Rainy,Field B
2022-08-11,13:00,Cow_469,12,0,3,0,36.1,Rainy,Field A
2022-08-11,13:00,Cow_470,2,8,5,0,36.1,Rainy,Field B
2022-08-11,13:00,Cow_471,0,0,0,15,36.1,Rainy,Field C
2022-08-11,13:00,Cow_472,0,0,0,15,36.1,Rainy,Field B
2022-08-11,13:00,Cow_473,6,9,0,0,36.1,Rainy,Field A
2022-08-11,13:00,Cow_474,0,7,8,0,36.1,Rainy,Field C
2022-08-11,13:00,Cow_475,0,0,0,15,36.1,Rainy,Field B
2022-08-11,13:00,Cow_476,0,7,8,0,36.1,Rainy,Field C
2022-08-11,13:00,Cow_477,7,0,8,0,36.1,Rainy,Field C
2022-08-11,13:00,Cow_478,1,10,4,0,36.1,Rainy,Field A
2022-08-11,13:00,Cow_479,0,12,9,0,36.1,Rainy,Field A
2022-08-11,13:00,Cow_480,13,7,0,0,36.1,Rainy,Field A
2022-08-11,13:00,Cow_481,12,0,6,0,36.1,Rainy,Field B
2022-08-11,13:00,Cow_482,4,7,4,0,36.1,Rainy,Field C
2022-08-11,13:00,Cow_483,10,5,0,0,36.1,Rainy,Field A
2022-08-11,13:00,Cow_484,14,9,0,0,36.1,Rainy,Field C
2022-08-11,13:00,Cow_485,8,0,8,0,36.1,Rainy,Field A
2022-08-11,13:00,Cow_486,6,4,5,0,36.1,Rainy,Field A
2022-08-11,13:00,Cow_487,13,9,0,0,36.1,Rainy,Field B
2022-08-11,13:00,Cow_488,5,5,5,0,36.1,Rainy,Field C
2022-08-11,13:00,Cow_489,8,6,1,0,36.1,Rainy,Field B
2022-08-11,13:00,Cow_490,12,8,0,0,36.1,Rainy,Field C
2022-08-11,13:00,Cow_491,14,0,4,0,36.1,Rainy,Field C
2022-08-11,13:00,Cow_492,5,4,6,0,36.1,Rainy,Field A
2022-08-11,13:00,Cow_493,10,2,3,0,36.1,Rainy,Field B
2022-08-11,13:00,Cow_494,12,0,6,0,36.1,Rainy,Field C
2022-08-11,13:00,Cow_495,12,4,0,0,36.1,Rainy,Field A
2022-08-11,13:00,Cow_496,5,9,1,0,36.1,Rainy,Field C
2022-08-11,13:00,Cow_497,11,0,8,0,36.1,Rainy,Field A
2022-08-11,13:00,Cow_498,3,5,7,0,36.1,Rainy,Field A
2022-08-11,13:00,Cow_499,6,3,6,0,36.1,Rainy,Field A
2022-08-11,13:00,Cow_500,2,8,5,0,36.1,Rainy,Field A
2022-08-11,13:15,Cow_1,6,5,4,0,32.3,Clear,Field A
2022-08-11,13:15,Cow_2,11,9,0,0,32.3,Clear,Field A
2022-08-11,13:15,Cow_3,12,0,6,0,32.3,Clear,Field A
2022-08-11,13:15,Cow_4,5,6,4,0,32.3,Clear,Field C
2022-08-11,13:15,Cow_5,0,8,8,0,32.3,Clear,Field A
2022-08-11,13:15,Cow_6,7,4,4,0,32.3,Clear,Field C
2022-08-11,13:15,Cow_7,11,1,3,0,32.3,Clear,Field A
2022-08-11,13:15,Cow_8,4,7,4,0,32.3,Clear,Field B
2022-08-11,13:15,Cow_9,13,0,4,0,32.3,Clear,Field B
2022-08-11,13:15,Cow_10,0,0,0,15,32.3,Clear,Field C
2022-08-11,13:15,Cow_11,14,3,0,0,32.3,Clear,Field C
2022-08-11,13:15,Cow_12,0,0,0,15,32.3,Clear,Field C
2022-08-11,13:15,Cow_13,7,5,3,0,32.3,Clear,Field C
2022-08-11,13:15,Cow_14,6,4,5,0,32.3,Clear,Field A
2022-08-11,13:15,Cow_15,5,5,5,0,32.3,Clear,Field A
2022-08-11,13:15,Cow_16,10,2,3,0,32.3,Clear,Field C
2022-08-11,13:15,Cow_17,7,1,7,0,32.3,Clear,Field C
2022-08-11,13:15,Cow_18,10,7,0,0,32.3,Clear,Field C
2022-08-11,13:15,Cow_19,4,5,6,0,32.3,Clear,Field C
2022-08-11,13:15,Cow_20,5,6,4,0,32.3,Clear,Field A
2022-08-11,13:15,Cow_21,4,8,3,0,32.3,Clear,Field A
2022-08-11,13:15,Cow_22,10,0,7,0,32.3,Clear,Field A
2022-08-11,13:15,Cow_23,9,2,4,0,32.3,Clear,Field A
2022-08-11,13:15,Cow_24,5,10,0,0,32.3,Clear,Field A
2022-08-11,13:15,Cow_25,7,8,0,0,32.3,Clear,Field B
2022-08-11,13:15,Cow_26,7,0,8,0,32.3,Clear,Field B
2022-08-11,13:15,Cow_27,6,4,5,0,32.3,Clear,Field A
2022-08-11,13:15,Cow_28,11,9,0,0,32.3,Clear,Field A
2022-08-11,13:15,Cow_29,6,2,7,0,32.3,Clear,Field C
2022-08-11,13:15,Cow_30,7,4,4,0,32.3,Clear,Field B
2022-08-11,13:15,Cow_31,12,10,0,0,32.3,Clear,Field C
2022-08-11,13:15,Cow_32,10,4,1,0,32.3,Clear,Field B
2022-08-11,13:15,Cow_33,13,0,3,0,32.3,Clear,Field C
2022-08-11,13:15,Cow_34,12,0,4,0,32.3,Clear,Field A
2022-08-11,13:15,Cow_35,11,0,6,0,32.3,Clear,Field C
2022-08-11,13:15,Cow_36,6,7,2,0,32.3,Clear,Field C
2022-08-11,13:15,Cow_37,10,0,8,0,32.3,Clear,Field A
2022-08-11,13:15,Cow_38,5,6,4,0,32.3,Clear,Field C
2022-08-11,13:15,Cow_39,8,3,4,0,32.3,Clear,Field C
2022-08-11,13:15,Cow_40,13,0,8,0,32.3,Clear,Field C
2022-08-11,13:15,Cow_41,13,5,0,0,32.3,Clear,Field B
2022-08-11,13:15,Cow_42,4,5,6,0,32.3,Clear,Field B
2022-08-11,13:15,Cow_43,9,9,0,0,32.3,Clear,Field B
2022-08-11,13:15,Cow_44,14,0,5,0,32.3,Clear,Field B
2022-08-11,13:15,Cow_45,5,6,4,0,32.3,Clear,Field B
2022-08-11,13:15,Cow_46,13,0,3,0,32.3,Clear,Field A
2022-08-11,13:15,Cow_47,13,8,0,0,32.3,Clear,Field C
2022-08-11,13:15,Cow_48,9,10,0,0,32.3,Clear,Field C
2022-08-11,13:15,Cow_49,13,0,5,0,32.3,Clear,Field C
2022-08-11,13:15,Cow_50,9,8,0,0,32.3,Clear,Field C
2022-08-11,13:15,Cow_51,6,4,5,0,32.3,Clear,Field A
2022-08-11,13:15,Cow_52,2,9,4,0,32.3,Clear,Field C
2022-08-11,13:15,Cow_53,8,6,1,0,32.3,Clear,Field A
2022-08-11,13:15,Cow_54,0,12,5,0,32.3,Clear,Field A
2022-08-11,13:15,Cow_55,0,10,6,0,32.3,Clear,Field C
2022-08-11,13:15,Cow_56,13,6,0,0,32.3,Clear,Field B
2022-08-11,13:15,Cow_57,6,1,8,0,32.3,Clear,Field B
2022-08-11,13:15,Cow_58,9,3,3,0,32.3,Clear,Field C
2022-08-11,13:15,Cow_59,6,7,2,0,32.3,Clear,Field C
2022-08-11,13:15,Cow_60,13,0,7,0,32.3,Clear,Field B
2022-08-11,13:15,Cow_61,14,0,3,0,32.3,Clear,Field C
2022-08-11,13:15,Cow_62,2,9,4,0,32.3,Clear,Field C
2022-08-11,13:15,Cow_63,11,8,0,0,32.3,Clear,Field A
2022-08-11,13:15,Cow_64,13,6,0,0,32.3,Clear,Field B
2022-08-11,13:15,Cow_65,12,0,3,0,32.3,Clear,Field C
2022-08-11,13:15,Cow_66,1,6,8,0,32.3,Clear,Field A
2022-08-11,13:15,Cow_67,2,6,7,0,32.3,Clear,Field B
2022-08-11,13:15,Cow_68,8,10,0,0,32.3,Clear,Field C
2022-08-11,13:15,Cow_69,5,7,3,0,32.3,Clear,Field B
2022-08-11,13:15,Cow_70,9,1,5,0,32.3,Clear,Field A
2022-08-11,13:15,Cow_71,0,10,7,0,32.3,Clear,Field B
2022-08-11,13:15,Cow_72,12,8,0,0,32.3,Clear,Field C
2022-08-11,13:15,Cow_73,14,0,4,0,32.3,Clear,Field A
2022-08-11,13:15,Cow_74,5,5,5,0,32.3,Clear,Field C
2022-08-11,13:15,Cow_75,9,0,6,0,32.3,Clear,Field A
2022-08-11,13:15,Cow_76,0,0,0,15,32.3,Clear,Field B
2022-08-11,13:15,Cow_77,9,3,3,0,32.3,Clear,Field B
2022-08-11,13:15,Cow_78,8,9,0,0,32.3,Clear,Field C
2022-08-11,13:15,Cow_79,13,6,0,0,32.3,Clear,Field A
2022-08-11,13:15,Cow_80,0,0,0,15,32.3,Clear,Field A
2022-08-11,13:15,Cow_81,6,8,1,0,32.3,Clear,Field C
2022-08-11,13:15,Cow_82,6,8,1,0,32.3,Clear,Field B
2022-08-11,13:15,Cow_83,9,7,0,0,32.3,Clear,Field A
2022-08-11,13:15,Cow_84,10,0,8,0,32.3,Clear,Field A
2022-08-11,13:15,Cow_85,14,0,7,0,32.3,Clear,Field C
2022-08-11,13:15,Cow_86,12,9,0,0,32.3,Clear,Field C
2022-08-11,13:15,Cow_87,10,1,4,0,32.3,Clear,Field A
2022-08-11,13:15,Cow_88,5,9,1,0,32.3,Clear,Field C
2022-08-11,13:15,Cow_89,7,2,6,0,32.3,Clear,Field A
2022-08-11,13:15,Cow_90,2,9,4,0,32.3,Clear,Field B
2022-08-11,13:15,Cow_91,11,7,0,0,32.3,Clear,Field C
2022-08-11,13:15,Cow_92,14,8,0,0,32.3,Clear,Field B
2022-08-11,13:15,Cow_93,5,5,5,0,32.3,Clear,Field C
2022-08-11,13:15,Cow_94,9,3,3,0,32.3,Clear,Field A
2022-08-11,13:15,Cow_95,4,8,3,0,32.3,Clear,Field B
2022-08-11,13:15,Cow_96,7,5,3,0,32.3,Clear,Field C
2022-08-11,13:15,Cow_97,8,2,5,0,32.3,Clear,Field C
2022-08-11,13:15,Cow_98,8,2,5,0,32.3,Clear,Field A
2022-08-11,13:15,Cow_99,11,0,6,0,32.3,Clear,Field B
2022-08-11,13:15,Cow_100,11,0,5,0,32.3,Clear,Field C
2022-08-11,13:15,Cow_101,10,7,0,0,32.3,Clear,Field A
2022-08-11,13:15,Cow_102,12,8,0,0,32.3,Clear,Field C
2022-08-11,13:15,Cow_103,2,10,3,0,32.3,Clear,Field B
2022-08-11,13:15,Cow_104,2,6,7,0,32.3,Clear,Field A
2022-08-11,13:15,Cow_105,12,0,3,0,32.3,Clear,Field A
2022-08-11,13:15,Cow_106,10,0,8,0,32.3,Clear,Field C
2022-08-11,13:15,Cow_107,8,4,3,0,32.3,Clear,Field A
2022-08-11,13:15,Cow_108,5,8,2,0,32.3,Clear,Field B
2022-08-11,13:15,Cow_109,14,9,0,0,32.3,Clear,Field A
2022-08-11,13:15,Cow_110,8,2,5,0,32.3,Clear,Field A
2022-08-11,13:15,Cow_111,9,1,5,0,32.3,Clear,Field A
2022-08-11,13:15,Cow_112,6,4,5,0,32.3,Clear,Field C
2022-08-11,13:15,Cow_113,6,7,2,0,32.3,Clear,Field B
2022-08-11,13:15,Cow_114,5,3,7,0,32.3,Clear,Field B
2022-08-11,13:15,Cow_115,3,9,3,0,32.3,Clear,Field B
2022-08-11,13:15,Cow_116,13,9,0,0,32.3,Clear,Field C
2022-08-11,13:15,Cow_117,13,0,6,0,32.3,Clear,Field A
2022-08-11,13:15,Cow_118,0,0,0,15,32.3,Clear,Field B
2022-08-11,13:15,Cow_119,9,6,0,0,32.3,Clear,Field A
2022-08-11,13:15,Cow_120,10,0,8,0,32.3,Clear,Field B
2022-08-11,13:15,Cow_121,14,0,5,0,32.3,Clear,Field A
2022-08-11,13:15,Cow_122,7,1,7,0,32.3,Clear,Field B
2022-08-11,13:15,Cow_123,13,0,8,0,32.3,Clear,Field B
2022-08-11,13:15,Cow_124,14,4,0,0,32.3,Clear,Field B
2022-08-11,13:15,Cow_125,12,0,8,0,32.3,Clear,Field B
2022-08-11,13:15,Cow_126,11,0,6,0,32.3,Clear,Field A
2022-08-11,13:15,Cow_127,11,1,3,0,32.3,Clear,Field C
2022-08-11,13:15,Cow_128,7,3,5,0,32.3,Clear,Field C
2022-08-11,13:15,Cow_129,6,5,4,0,32.3,Clear,Field A
2022-08-11,13:15,Cow_130,1,7,7,0,32.3,Clear,Field C
2022-08-11,13:15,Cow_131,1,10,4,0,32.3,Clear,Field C
2022-08-11,13:15,Cow_132,12,0,3,0,32.3,Clear,Field A
2022-08-11,13:15,Cow_133,5,10,0,0,32.3,Clear,Field A
2022-08-11,13:15,Cow_134,1,6,8,0,32.3,Clear,Field C
2022-08-11,13:15,Cow_135,9,0,7,0,32.3,Clear,Field B
2022-08-11,13:15,Cow_136,2,6,7,0,32.3,Clear,Field B
2022-08-11,13:15,Cow_137,5,10,0,0,32.3,Clear,Field B
2022-08-11,13:15,Cow_138,13,0,7,0,32.3,Clear,Field C
2022-08-11,13:15,Cow_139,7,3,5,0,32.3,Clear,Field B
2022-08-11,13:15,Cow_140,8,4,3,0,32.3,Clear,Field B
2022-08-11,13:15,Cow_141,3,6,6,0,32.3,Clear,Field B
2022-08-11,13:15,Cow_142,10,1,4,0,32.3,Clear,Field B
2022-08-11,13:15,Cow_143,11,0,7,0,32.3,Clear,Field A
2022-08-11,13:15,Cow_144,10,2,3,0,32.3,Clear,Field B
2022-08-11,13:15,Cow_145,0,10,7,0,32.3,Clear,Field C
2022-08-11,13:15,Cow_146,5,3,7,0,32.3,Clear,Field B
2022-08-11,13:15,Cow_147,14,0,3,0,32.3,Clear,Field B
2022-08-11,13:15,Cow_148,6,3,6,0,32.3,Clear,Field B
2022-08-11,13:15,Cow_149,5,5,5,0,32.3,Clear,Field C
2022-08-11,13:15,Cow_150,12,0,7,0,32.3,Clear,Field A
2022-08-11,13:15,Cow_151,10,0,6,0,32.3,Clear,Field B
2022-08-11,13:15,Cow_152,5,5,5,0,32.3,Clear,Field C
2022-08-11,13:15,Cow_153,2,9,4,0,32.3,Clear,Field B
2022-08-11,13:15,Cow_154,0,9,6,0,32.3,Clear,Field C
2022-08-11,13:15,Cow_155,13,0,4,0,32.3,Clear,Field C
2022-08-11,13:15,Cow_156,10,1,4,0,32.3,Clear,Field A
2022-08-11,13:15,Cow_157,14,3,0,0,32.3,Clear,Field A
2022-08-11,13:15,Cow_158,5,7,3,0,32.3,Clear,Field B
2022-08-11,13:15,Cow_159,7,0,8,0,32.3,Clear,Field A
2022-08-11,13:15,Cow_160,10,0,8,0,32.3,Clear,Field B
2022-08-11,13:15,Cow_161,8,3,4,0,32.3,Clear,Field A
2022-08-11,13:15,Cow_162,10,2,3,0,32.3,Clear,Field A
2022-08-11,13:15,Cow_163,2,9,4,0,32.3,Clear,Field B
2022-08-11,13:15,Cow_164,14,0,3,0,32.3,Clear,Field C
2022-08-11,13:15,Cow_165,12,10,0,0,32.3,Clear,Field A
2022-08-11,13:15,Cow_166,12,3,0,0,32.3,Clear,Field A
2022-08-11,13:15,Cow_167,7,0,8,0,32.3,Clear,Field A
2022-08-11,13:15,Cow_168,0,0,0,15,32.3,Clear,Field A
2022-08-11,13:15,Cow_169,5,9,1,0,32.3,Clear,Field C
2022-08-11,13:15,Cow_170,6,2,7,0,32.3,Clear,Field C
2022-08-11,13:15,Cow_171,9,0,6,0,32.3,Clear,Field C
2022-08-11,13:15,Cow_172,5,3,7,0,32.3,Clear,Field A
2022-08-11,13:15,Cow_173,6,3,6,0,32.3,Clear,Field C
2022-08-11,13:15,Cow_174,0,11,6,0,32.3,Clear,Field C
2022-08-11,13:15,Cow_175,7,0,8,0,32.3,Clear,Field B
2022-08-11,13:15,Cow_176,14,10,0,0,32.3,Clear,Field B
2022-08-11,13:15,Cow_177,0,0,0,15,32.3,Clear,Field C
2022-08-11,13:15,Cow_178,5,4,6,0,32.3,Clear,Field A
2022-08-11,13:15,Cow_179,9,10,0,0,32.3,Clear,Field A
2022-08-11,13:15,Cow_180,6,10,0,0,32.3,Clear,Field C
2022-08-11,13:15,Cow_181,7,1,7,0,32.3,Clear,Field A
2022-08-11,13:15,Cow_182,6,4,5,0,32.3,Clear,Field B
2022-08-11,13:15,Cow_183,5,7,3,0,32.3,Clear,Field A
2022-08-11,13:15,Cow_184,4,8,3,0,32.3,Clear,Field C
2022-08-11,13:15,Cow_185,8,0,7,0,32.3,Clear,Field B
2022-08-11,13:15,Cow_186,2,5,8,0,32.3,Clear,Field B
2022-08-11,13:15,Cow_187,13,3,0,0,32.3,Clear,Field B
2022-08-11,13:15,Cow_188,0,0,0,15,32.3,Clear,Field B
2022-08-11,13:15,Cow_189,5,7,3,0,32.3,Clear,Field A
2022-08-11,13:15,Cow_190,8,2,5,0,32.3,Clear,Field C
2022-08-11,13:15,Cow_191,2,6,7,0,32.3,Clear,Field A
2022-08-11,13:15,Cow_192,14,0,5,0,32.3,Clear,Field C
2022-08-11,13:15,Cow_193,0,9,8,0,32.3,Clear,Field A
2022-08-11,13:15,Cow_194,14,5,0,0,32.3,Clear,Field A
2022-08-11,13:15,Cow_195,14,4,0,0,32.3,Clear,Field C
2022-08-11,13:15,Cow_196,6,5,4,0,32.3,Clear,Field C
2022-08-11,13:15,Cow_197,2,10,3,0,32.3,Clear,Field C
2022-08-11,13:15,Cow_198,1,7,7,0,32.3,Clear,Field A
2022-08-11,13:15,Cow_199,5,3,7,0,32.3,Clear,Field C
2022-08-11,13:15,Cow_200,6,4,5,0,32.3,Clear,Field B
2022-08-11,13:15,Cow_201,10,0,6,0,32.3,Clear,Field A
2022-08-11,13:15,Cow_202,12,0,7,0,32.3,Clear,Field A
2022-08-11,13:15,Cow_203,0,9,8,0,32.3,Clear,Field B
2022-08-11,13:15,Cow_204,5,6,4,0,32.3,Clear,Field C
2022-08-11,13:15,Cow_205,7,3,5,0,32.3,Clear,Field C
2022-08-11,13:15,Cow_206,12,0,4,0,32.3,Clear,Field C
2022-08-11,13:15,Cow_207,8,8,0,0,32.3,Clear,Field C
2022-08-11,13:15,Cow_208,6,6,3,0,32.3,Clear,Field C
2022-08-11,13:15,Cow_209,6,6,3,0,32.3,Clear,Field B
2022-08-11,13:15,Cow_210,0,7,8,0,32.3,Clear,Field C
2022-08-11,13:15,Cow_211,13,0,4,0,32.3,Clear,Field C
2022-08-11,13:15,Cow_212,13,6,0,0,32.3,Clear,Field A
2022-08-11,13:15,Cow_213,9,5,1,0,32.3,Clear,Field C
2022-08-11,13:15,Cow_214,8,5,2,0,32.3,Clear,Field C
2022-08-11,13:15,Cow_215,7,5,3,0,32.3,Clear,Field C
2022-08-11,13:15,Cow_216,5,6,4,0,32.3,Clear,Field C
2022-08-11,13:15,Cow_217,7,10,0,0,32.3,Clear,Field B
2022-08-11,13:15,Cow_218,10,0,5,0,32.3,Clear,Field B
2022-08-11,13:15,Cow_219,2,6,7,0,32.3,Clear,Field B
2022-08-11,13:15,Cow_220,10,7,0,0,32.3,Clear,Field B
2022-08-11,13:15,Cow_221,9,0,6,0,32.3,Clear,Field C
2022-08-11,13:15,Cow_222,11,1,3,0,32.3,Clear,Field A
2022-08-11,13:15,Cow_223,10,2,3,0,32.3,Clear,Field A
2022-08-11,13:15,Cow_224,7,9,0,0,32.3,Clear,Field B
2022-08-11,13:15,Cow_225,10,0,8,0,32.3,Clear,Field A
2022-08-11,13:15,Cow_226,9,4,2,0,32.3,Clear,Field A
2022-08-11,13:15,Cow_227,9,3,3,0,32.3,Clear,Field C
2022-08-11,13:15,Cow_228,8,3,4,0,32.3,Clear,Field B
2022-08-11,13:15,Cow_229,9,9,0,0,32.3,Clear,Field A
2022-08-11,13:15,Cow_230,5,7,3,0,32.3,Clear,Field A
2022-08-11,13:15,Cow_231,8,0,8,0,32.3,Clear,Field B
2022-08-11,13:15,Cow_232,6,7,2,0,32.3,Clear,Field C
2022-08-11,13:15,Cow_233,5,6,4,0,32.3,Clear,Field B
2022-08-11,13:15,Cow_234,0,8,7,0,32.3,Clear,Field A
2022-08-11,13:15,Cow_235,11,0,7,0,32.3,Clear,Field B
2022-08-11,13:15,Cow_236,11,3,1,0,32.3,Clear,Field B
2022-08-11,13:15,Cow_237,14,10,0,0,32.3,Clear,Field B
2022-08-11,13:15,Cow_238,2,6,7,0,32.3,Clear,Field A
2022-08-11,13:15,Cow_239,8,2,5,0,32.3,Clear,Field A
2022-08-11,13:15,Cow_240,0,0,0,15,32.3,Clear,Field B
2022-08-11,13:15,Cow_241,0,0,0,15,32.3,Clear,Field C
2022-08-11,13:15,Cow_242,9,1,5,0,32.3,Clear,Field C
2022-08-11,13:15,Cow_243,9,0,7,0,32.3,Clear,Field B
2022-08-11,13:15,Cow_244,12,4,0,0,32.3,Clear,Field B
2022-08-11,13:15,Cow_245,0,0,0,15,32.3,Clear,Field B
2022-08-11,13:15,Cow_246,0,10,8,0,32.3,Clear,Field C
2022-08-11,13:15,Cow_247,0,0,0,15,32.3,Clear,Field C
2022-08-11,13:15,Cow_248,6,7,2,0,32.3,Clear,Field B
2022-08-11,13:15,Cow_249,7,4,4,0,32.3,Clear,Field B
2022-08-11,13:15,Cow_250,4,4,7,0,32.3,Clear,Field C
2022-08-11,13:15,Cow_251,8,7,0,0,32.3,Clear,Field B
2022-08-11,13:15,Cow_252,6,5,4,0,32.3,Clear,Field A
2022-08-11,13:15,Cow_253,5,9,1,0,32.3,Clear,Field B
2022-08-11,13:15,Cow_254,8,0,7,0,32.3,Clear,Field C
2022-08-11,13:15,Cow_255,7,8,0,0,32.3,Clear,Field B
2022-08-11,13:15,Cow_256,12,3,0,0,32.3,Clear,Field A
2022-08-11,13:15,Cow_257,13,0,3,0,32.3,Clear,Field C
2022-08-11,13:15,Cow_258,4,6,5,0,32.3,Clear,Field C
2022-08-11,13:15,Cow_259,0,0,0,15,32.3,Clear,Field B
2022-08-11,13:15,Cow_260,5,9,1,0,32.3,Clear,Field C
2022-08-11,13:15,Cow_261,12,5,0,0,32.3,Clear,Field A
2022-08-11,13:15,Cow_262,8,0,7,0,32.3,Clear,Field C
2022-08-11,13:15,Cow_263,5,10,0,0,32.3,Clear,Field C
2022-08-11,13:15,Cow_264,12,0,4,0,32.3,Clear,Field B
2022-08-11,13:15,Cow_265,0,0,0,15,32.3,Clear,Field B
2022-08-11,13:15,Cow_266,2,7,6,0,32.3,Clear,Field C
2022-08-11,13:15,Cow_267,14,5,0,0,32.3,Clear,Field A
2022-08-11,13:15,Cow_268,8,9,0,0,32.3,Clear,Field A
2022-08-11,13:15,Cow_269,13,0,4,0,32.3,Clear,Field C
2022-08-11,13:15,Cow_270,0,0,0,15,32.3,Clear,Field B
2022-08-11,13:15,Cow_271,0,0,0,15,32.3,Clear,Field A
2022-08-11,13:15,Cow_272,11,10,0,0,32.3,Clear,Field B
2022-08-11,13:15,Cow_273,2,10,3,0,32.3,Clear,Field A
2022-08-11,13:15,Cow_274,0,8,8,0,32.3,Clear,Field C
2022-08-11,13:15,Cow_275,1,6,8,0,32.3,Clear,Field C
2022-08-11,13:15,Cow_276,11,0,5,0,32.3,Clear,Field C
2022-08-11,13:15,Cow_277,10,0,7,0,32.3,Clear,Field C
2022-08-11,13:15,Cow_278,6,6,3,0,32.3,Clear,Field B
2022-08-11,13:15,Cow_279,10,6,0,0,32.3,Clear,Field A
2022-08-11,13:15,Cow_280,2,6,7,0,32.3,Clear,Field A
2022-08-11,13:15,Cow_281,13,3,0,0,32.3,Clear,Field A
2022-08-11,13:15,Cow_282,8,4,3,0,32.3,Clear,Field B
2022-08-11,13:15,Cow_283,14,0,4,0,32.3,Clear,Field B
2022-08-11,13:15,Cow_284,6,4,5,0,32.3,Clear,Field A
2022-08-11,13:15,Cow_285,13,0,3,0,32.3,Clear,Field A
2022-08-11,13:15,Cow_286,12,7,0,0,32.3,Clear,Field A
2022-08-11,13:15,Cow_287,4,5,6,0,32.3,Clear,Field C
2022-08-11,13:15,Cow_288,13,0,7,0,32.3,Clear,Field A
2022-08-11,13:15,Cow_289,3,6,6,0,32.3,Clear,Field C
2022-08-11,13:15,Cow_290,11,4,0,0,32.3,Clear,Field C
2022-08-11,13:15,Cow_291,0,0,0,15,32.3,Clear,Field B
2022-08-11,13:15,Cow_292,0,9,8,0,32.3,Clear,Field C
2022-08-11,13:15,Cow_293,12,4,0,0,32.3,Clear,Field C
2022-08-11,13:15,Cow_294,10,2,3,0,32.3,Clear,Field C
2022-08-11,13:15,Cow_295,6,3,6,0,32.3,Clear,Field A
2022-08-11,13:15,Cow_296,6,4,5,0,32.3,Clear,Field C
2022-08-11,13:15,Cow_297,1,7,7,0,32.3,Clear,Field A
2022-08-11,13:15,Cow_298,5,6,4,0,32.3,Clear,Field A
2022-08-11,13:15,Cow_299,7,6,2,0,32.3,Clear,Field B
2022-08-11,13:15,Cow_300,0,10,7,0,32.3,Clear,Field A
2022-08-11,13:15,Cow_301,1,10,4,0,32.3,Clear,Field B
2022-08-11,13:15,Cow_302,1,9,5,0,32.3,Clear,Field A
2022-08-11,13:15,Cow_303,14,5,0,0,32.3,Clear,Field B
2022-08-11,13:15,Cow_304,8,5,2,0,32.3,Clear,Field C
2022-08-11,13:15,Cow_305,0,0,0,15,32.3,Clear,Field C
2022-08-11,13:15,Cow_306,6,3,6,0,32.3,Clear,Field A
2022-08-11,13:15,Cow_307,13,7,0,0,32.3,Clear,Field A
2022-08-11,13:15,Cow_308,13,0,6,0,32.3,Clear,Field A
2022-08-11,13:15,Cow_309,2,8,5,0,32.3,Clear,Field B
2022-08-11,13:15,Cow_310,7,3,5,0,32.3,Clear,Field C
2022-08-11,13:15,Cow_311,10,10,0,0,32.3,Clear,Field B
2022-08-11,13:15,Cow_312,7,5,3,0,32.3,Clear,Field C
2022-08-11,13:15,Cow_313,5,3,7,0,32.3,Clear,Field B
2022-08-11,13:15,Cow_314,12,0,4,0,32.3,Clear,Field B
2022-08-11,13:15,Cow_315,12,3,0,0,32.3,Clear,Field B
2022-08-11,13:15,Cow_316,2,8,5,0,32.3,Clear,Field B
2022-08-11,13:15,Cow_317,8,7,0,0,32.3,Clear,Field A
2022-08-11,13:15,Cow_318,5,4,6,0,32.3,Clear,Field C
2022-08-11,13:15,Cow_319,8,0,8,0,32.3,Clear,Field C
2022-08-11,13:15,Cow_320,8,4,3,0,32.3,Clear,Field B
2022-08-11,13:15,Cow_321,14,0,5,0,32.3,Clear,Field B
2022-08-11,13:15,Cow_322,1,8,6,0,32.3,Clear,Field C
2022-08-11,13:15,Cow_323,0,0,0,15,32.3,Clear,Field B
2022-08-11,13:15,Cow_324,12,0,3,0,32.3,Clear,Field A
2022-08-11,13:15,Cow_325,12,0,6,0,32.3,Clear,Field A
2022-08-11,13:15,Cow_326,4,5,6,0,32.3,Clear,Field B
2022-08-11,13:15,Cow_327,6,8,1,0,32.3,Clear,Field B
2022-08-11,13:15,Cow_328,14,0,6,0,32.3,Clear,Field B
2022-08-11,13:15,Cow_329,5,3,7,0,32.3,Clear,Field B
2022-08-11,13:15,Cow_330,9,0,8,0,32.3,Clear,Field B
2022-08-11,13:15,Cow_331,5,8,2,0,32.3,Clear,Field C
2022-08-11,13:15,Cow_332,11,0,6,0,32.3,Clear,Field B
2022-08-11,13:15,Cow_333,0,8,8,0,32.3,Clear,Field B
2022-08-11,13:15,Cow_334,13,0,8,0,32.3,Clear,Field C
2022-08-11,13:15,Cow_335,11,1,3,0,32.3,Clear,Field C
2022-08-11,13:15,Cow_336,13,0,5,0,32.3,Clear,Field B
2022-08-11,13:15,Cow_337,7,5,3,0,32.3,Clear,Field A
2022-08-11,13:15,Cow_338,14,0,7,0,32.3,Clear,Field B
2022-08-11,13:15,Cow_339,5,3,7,0,32.3,Clear,Field A
2022-08-11,13:15,Cow_340,2,6,7,0,32.3,Clear,Field C
2022-08-11,13:15,Cow_341,10,6,0,0,32.3,Clear,Field A
2022-08-11,13:15,Cow_342,14,8,0,0,32.3,Clear,Field C
2022-08-11,13:15,Cow_343,2,8,5,0,32.3,Clear,Field B
2022-08-11,13:15,Cow_344,9,3,3,0,32.3,Clear,Field C
2022-08-11,13:15,Cow_345,4,8,3,0,32.3,Clear,Field C
2022-08-11,13:15,Cow_346,5,3,7,0,32.3,Clear,Field B
2022-08-11,13:15,Cow_347,4,5,6,0,32.3,Clear,Field C
2022-08-11,13:15,Cow_348,3,5,7,0,32.3,Clear,Field C
2022-08-11,13:15,Cow_349,6,5,4,0,32.3,Clear,Field B
2022-08-11,13:15,Cow_350,0,10,6,0,32.3,Clear,Field A
2022-08-11,13:15,Cow_351,10,5,0,0,32.3,Clear,Field C
2022-08-11,13:15,Cow_352,13,6,0,0,32.3,Clear,Field C
2022-08-11,13:15,Cow_353,0,8,8,0,32.3,Clear,Field C
2022-08-11,13:15,Cow_354,9,0,6,0,32.3,Clear,Field C
2022-08-11,13:15,Cow_355,14,7,0,0,32.3,Clear,Field B
2022-08-11,13:15,Cow_356,5,4,6,0,32.3,Clear,Field B
2022-08-11,13:15,Cow_357,9,8,0,0,32.3,Clear,Field A
2022-08-11,13:15,Cow_358,6,6,3,0,32.3,Clear,Field A
2022-08-11,13:15,Cow_359,7,6,2,0,32.3,Clear,Field C
2022-08-11,13:15,Cow_360,3,5,7,0,32.3,Clear,Field A
2022-08-11,13:15,Cow_361,0,0,0,15,32.3,Clear,Field B
2022-08-11,13:15,Cow_362,9,3,3,0,32.3,Clear,Field B
2022-08-11,13:15,Cow_363,11,1,3,0,32.3,Clear,Field C
2022-08-11,13:15,Cow_364,2,5,8,0,32.3,Clear,Field B
2022-08-11,13:15,Cow_365,7,3,5,0,32.3,Clear,Field C
2022-08-11,13:15,Cow_366,12,10,0,0,32.3,Clear,Field A
2022-08-11,13:15,Cow_367,5,6,4,0,32.3,Clear,Field B
2022-08-11,13:15,Cow_368,5,6,4,0,32.3,Clear,Field A
2022-08-11,13:15,Cow_369,13,0,7,0,32.3,Clear,Field A
2022-08-11,13:15,Cow_370,6,6,3,0,32.3,Clear,Field A
2022-08-11,13:15,Cow_371,0,10,5,0,32.3,Clear,Field C
2022-08-11,13:15,Cow_372,3,5,7,0,32.3,Clear,Field C
2022-08-11,13:15,Cow_373,4,3,8,0,32.3,Clear,Field C
2022-08-11,13:15,Cow_374,6,6,3,0,32.3,Clear,Field A
2022-08-11,13:15,Cow_375,11,0,6,0,32.3,Clear,Field C
2022-08-11,13:15,Cow_376,13,0,7,0,32.3,Clear,Field C
2022-08-11,13:15,Cow_377,11,0,4,0,32.3,Clear,Field A
2022-08-11,13:15,Cow_378,5,7,3,0,32.3,Clear,Field B
2022-08-11,13:15,Cow_379,14,9,0,0,32.3,Clear,Field A
2022-08-11,13:15,Cow_380,10,7,0,0,32.3,Clear,Field C
2022-08-11,13:15,Cow_381,6,8,1,0,32.3,Clear,Field A
2022-08-11,13:15,Cow_382,9,3,3,0,32.3,Clear,Field C
2022-08-11,13:15,Cow_383,4,5,6,0,32.3,Clear,Field C
2022-08-11,13:15,Cow_384,10,1,4,0,32.3,Clear,Field B
2022-08-11,13:15,Cow_385,6,3,6,0,32.3,Clear,Field B
2022-08-11,13:15,Cow_386,14,4,0,0,32.3,Clear,Field B
2022-08-11,13:15,Cow_387,5,6,4,0,32.3,Clear,Field A
2022-08-11,13:15,Cow_388,9,1,5,0,32.3,Clear,Field A
2022-08-11,13:15,Cow_389,0,0,0,15,32.3,Clear,Field B
2022-08-11,13:15,Cow_390,3,8,4,0,32.3,Clear,Field C
2022-08-11,13:15,Cow_391,7,9,0,0,32.3,Clear,Field B
2022-08-11,13:15,Cow_392,7,4,4,0,32.3,Clear,Field B
2022-08-11,13:15,Cow_393,13,0,5,0,32.3,Clear,Field A
2022-08-11,13:15,Cow_394,9,3,3,0,32.3,Clear,Field C
2022-08-11,13:15,Cow_395,12,0,8,0,32.3,Clear,Field A
2022-08-11,13:15,Cow_396,0,0,0,15,32.3,Clear,Field C
2022-08-11,13:15,Cow_397,6,2,7,0,32.3,Clear,Field C
2022-08-11,13:15,Cow_398,0,9,8,0,32.3,Clear,Field A
2022-08-11,13:15,Cow_399,3,9,3,0,32.3,Clear,Field C
2022-08-11,13:15,Cow_400,6,5,4,0,32.3,Clear,Field C
2022-08-11,13:15,Cow_401,5,7,3,0,32.3,Clear,Field B
2022-08-11,13:15,Cow_402,13,0,8,0,32.3,Clear,Field C
2022-08-11,13:15,Cow_403,13,0,5,0,32.3,Clear,Field A
2022-08-11,13:15,Cow_404,0,0,0,15,32.3,Clear,Field B
2022-08-11,13:15,Cow_405,7,5,3,0,32.3,Clear,Field B
2022-08-11,13:15,Cow_406,6,4,5,0,32.3,Clear,Field B
2022-08-11,13:15,Cow_407,6,5,4,0,32.3,Clear,Field A
2022-08-11,13:15,Cow_408,0,0,0,15,32.3,Clear,Field C
2022-08-11,13:15,Cow_409,0,0,0,15,32.3,Clear,Field B
2022-08-11,13:15,Cow_410,0,0,0,15,32.3,Clear,Field C
2022-08-11,13:15,Cow_411,1,10,4,0,32.3,Clear,Field A
2022-08-11,13:15,Cow_412,15,3,0,0,32.3,Clear,Field C
2022-08-11,13:15,Cow_413,11,6,0,0,32.3,Clear,Field A
2022-08-11,13:15,Cow_414,8,0,8,0,32.3,Clear,Field A
2022-08-11,13:15,Cow_415,6,6,3,0,32.3,Clear,Field B
2022-08-11,13:15,Cow_416,0,9,7,0,32.3,Clear,Field B
2022-08-11,13:15,Cow_417,0,7,8,0,32.3,Clear,Field B
2022-08-11,13:15,Cow_418,0,10,7,0,32.3,Clear,Field C
2022-08-11,13:15,Cow_419,0,0,0,15,32.3,Clear,Field A
2022-08-11,13:15,Cow_420,0,0,0,15,32.3,Clear,Field B
2022-08-11,13:15,Cow_421,0,8,8,0,32.3,Clear,Field B
2022-08-11,13:15,Cow_422,11,3,1,0,32.3,Clear,Field B
2022-08-11,13:15,Cow_423,6,5,4,0,32.3,Clear,Field B
2022-08-11,13:15,Cow_424,8,5,2,0,32.3,Clear,Field B
2022-08-11,13:15,Cow_425,5,6,4,0,32.3,Clear,Field A
2022-08-11,13:15,Cow_426,11,0,6,0,32.3,Clear,Field C
2022-08-11,13:15,Cow_427,5,4,6,0,32.3,Clear,Field B
2022-08-11,13:15,Cow_428,14,9,0,0,32.3,Clear,Field C
2022-08-11,13:15,Cow_429,4,7,4,0,32.3,Clear,Field C
2022-08-11,13:15,Cow_430,0,8,7,0,32.3,Clear,Field A
2022-08-11,13:15,Cow_431,13,3,0,0,32.3,Clear,Field A
2022-08-11,13:15,Cow_432,8,0,7,0,32.3,Clear,Field B
2022-08-11,13:15,Cow_433,5,7,3,0,32.3,Clear,Field A
2022-08-11,13:15,Cow_434,5,10,0,0,32.3,Clear,Field C
2022-08-11,13:15,Cow_435,13,0,4,0,32.3,Clear,Field A
2022-08-11,13:15,Cow_436,2,9,4,0,32.3,Clear,Field C
2022-08-11,13:15,Cow_437,4,8,3,0,32.3,Clear,Field A
2022-08-11,13:15,Cow_438,7,4,4,0,32.3,Clear,Field A
2022-08-11,13:15,Cow_439,7,7,1,0,32.3,Clear,Field C
2022-08-11,13:15,Cow_440,3,4,8,0,32.3,Clear,Field A
2022-08-11,13:15,Cow_441,3,7,5,0,32.3,Clear,Field C
2022-08-11,13:15,Cow_442,6,0,10,0,32.3,Clear,Field B
2022-08-11,13:15,Cow_443,12,9,0,0,32.3,Clear,Field A
2022-08-11,13:15,Cow_444,12,0,3,0,32.3,Clear,Field C
2022-08-11,13:15,Cow_445,7,8,0,0,32.3,Clear,Field A
2022-08-11,13:15,Cow_446,0,0,0,15,32.3,Clear,Field A
2022-08-11,13:15,Cow_447,9,0,8,0,32.3,Clear,Field C
2022-08-11,13:15,Cow_448,0,9,7,0,32.3,Clear,Field C
2022-08-11,13:15,Cow_449,11,3,1,0,32.3,Clear,Field B
2022-08-11,13:15,Cow_450,12,3,0,0,32.3,Clear,Field C
2022-08-11,13:15,Cow_451,11,0,4,0,32.3,Clear,Field A
2022-08-11,13:15,Cow_452,10,0,5,0,32.3,Clear,Field C
2022-08-11,13:15,Cow_453,11,0,4,0,32.3,Clear,Field C
2022-08-11,13:15,Cow_454,9,1,5,0,32.3,Clear,Field B
2022-08-11,13:15,Cow_455,9,3,3,0,32.3,Clear,Field A
2022-08-11,13:15,Cow_456,3,5,7,0,32.3,Clear,Field B
2022-08-11,13:15,Cow_457,12,9,0,0,32.3,Clear,Field A
2022-08-11,13:15,Cow_458,2,7,6,0,32.3,Clear,Field A
2022-08-11,13:15,Cow_459,12,3,0,0,32.3,Clear,Field B
2022-08-11,13:15,Cow_460,10,1,4,0,32.3,Clear,Field C
2022-08-11,13:15,Cow_461,6,1,8,0,32.3,Clear,Field B
2022-08-11,13:15,Cow_462,0,10,8,0,32.3,Clear,Field C
2022-08-11,13:15,Cow_463,5,7,3,0,32.3,Clear,Field C
2022-08-11,13:15,Cow_464,4,3,8,0,32.3,Clear,Field B
2022-08-11,13:15,Cow_465,9,8,0,0,32.3,Clear,Field B
2022-08-11,13:15,Cow_466,5,7,3,0,32.3,Clear,Field B
2022-08-11,13:15,Cow_467,7,5,3,0,32.3,Clear,Field C
2022-08-11,13:15,Cow_468,6,2,7,0,32.3,Clear,Field B
2022-08-11,13:15,Cow_469,6,6,3,0,32.3,Clear,Field C
2022-08-11,13:15,Cow_470,11,0,8,0,32.3,Clear,Field C
2022-08-11,13:15,Cow_471,8,6,1,0,32.3,Clear,Field C
2022-08-11,13:15,Cow_472,10,7,0,0,32.3,Clear,Field A
2022-08-11,13:15,Cow_473,5,4,6,0,32.3,Clear,Field C
2022-08-11,13:15,Cow_474,8,0,8,0,32.3,Clear,Field C
2022-08-11,13:15,Cow_475,11,9,0,0,32.3,Clear,Field C
2022-08-11,13:15,Cow_476,12,3,0,0,32.3,Clear,Field A
2022-08-11,13:15,Cow_477,11,0,6,0,32.3,Clear,Field A
2022-08-11,13:15,Cow_478,7,5,3,0,32.3,Clear,Field B
2022-08-11,13:15,Cow_479,11,0,5,0,32.3,Clear,Field B
2022-08-11,13:15,Cow_480,5,5,5,0,32.3,Clear,Field A
2022-08-11,13:15,Cow_481,6,4,5,0,32.3,Clear,Field A
2022-08-11,13:15,Cow_482,0,0,0,15,32.3,Clear,Field A
2022-08-11,13:15,Cow_483,10,5,0,0,32.3,Clear,Field B
2022-08-11,13:15,Cow_484,14,0,5,0,32.3,Clear,Field C
2022-08-11,13:15,Cow_485,9,1,5,0,32.3,Clear,Field A
2022-08-11,13:15,Cow_486,11,0,5,0,32.3,Clear,Field A
2022-08-11,13:15,Cow_487,13,5,0,0,32.3,Clear,Field B
2022-08-11,13:15,Cow_488,9,3,3,0,32.3,Clear,Field A
2022-08-11,13:15,Cow_489,10,9,0,0,32.3,Clear,Field C
2022-08-11,13:15,Cow_490,8,6,1,0,32.3,Clear,Field A
2022-08-11,13:15,Cow_491,0,10,5,0,32.3,Clear,Field B
2022-08-11,13:15,Cow_492,5,4,6,0,32.3,Clear,Field C
2022-08-11,13:15,Cow_493,9,3,3,0,32.3,Clear,Field B
2022-08-11,13:15,Cow_494,14,5,0,0,32.3,Clear,Field C
2022-08-11,13:15,Cow_495,2,10,3,0,32.3,Clear,Field A
2022-08-11,13:15,Cow_496,5,7,3,0,32.3,Clear,Field C
2022-08-11,13:15,Cow_497,5,3,7,0,32.3,Clear,Field A
2022-08-11,13:15,Cow_498,3,6,6,0,32.3,Clear,Field A
2022-08-11,13:15,Cow_499,0,0,0,15,32.3,Clear,Field C
2022-08-11,13:15,Cow_500,2,5,8,0,32.3,Clear,Field A
2022-08-11,13:30,Cow_1,9,2,4,0,34.8,Sunny,Field C
2022-08-11,13:30,Cow_2,3,9,3,0,34.8,Sunny,Field A
2022-08-11,13:30,Cow_3,0,10,8,0,34.8,Sunny,Field C
2022-08-11,13:30,Cow_4,13,3,0,0,34.8,Sunny,Field A
2022-08-11,13:30,Cow_5,8,2,5,0,34.8,Sunny,Field B
2022-08-11,13:30,Cow_6,14,0,5,0,34.8,Sunny,Field C
2022-08-11,13:30,Cow_7,13,7,0,0,34.8,Sunny,Field C
2022-08-11,13:30,Cow_8,10,4,1,0,34.8,Sunny,Field B
2022-08-11,13:30,Cow_9,11,0,5,0,34.8,Sunny,Field B
2022-08-11,13:30,Cow_10,0,9,7,0,34.8,Sunny,Field A
2022-08-11,13:30,Cow_11,10,3,2,0,34.8,Sunny,Field C
2022-08-11,13:30,Cow_12,5,5,5,0,34.8,Sunny,Field C
2022-08-11,13:30,Cow_13,13,5,0,0,34.8,Sunny,Field A
2022-08-11,13:30,Cow_14,13,5,0,0,34.8,Sunny,Field B
2022-08-11,13:30,Cow_15,8,5,2,0,34.8,Sunny,Field A
2022-08-11,13:30,Cow_16,6,8,1,0,34.8,Sunny,Field C
2022-08-11,13:30,Cow_17,10,0,7,0,34.8,Sunny,Field B
2022-08-11,13:30,Cow_18,0,0,0,15,34.8,Sunny,Field A
2022-08-11,13:30,Cow_19,3,8,4,0,34.8,Sunny,Field A
2022-08-11,13:30,Cow_20,5,4,6,0,34.8,Sunny,Field C
2022-08-11,13:30,Cow_21,7,0,10,0,34.8,Sunny,Field A
2022-08-11,13:30,Cow_22,2,6,7,0,34.8,Sunny,Field A
2022-08-11,13:30,Cow_23,5,7,3,0,34.8,Sunny,Field A
2022-08-11,13:30,Cow_24,10,10,0,0,34.8,Sunny,Field C
2022-08-11,13:30,Cow_25,0,8,7,0,34.8,Sunny,Field A
2022-08-11,13:30,Cow_26,7,2,6,0,34.8,Sunny,Field B
2022-08-11,13:30,Cow_27,0,10,7,0,34.8,Sunny,Field A
2022-08-11,13:30,Cow_28,5,6,4,0,34.8,Sunny,Field A
2022-08-11,13:30,Cow_29,3,9,3,0,34.8,Sunny,Field C
2022-08-11,13:30,Cow_30,0,0,0,15,34.8,Sunny,Field A
2022-08-11,13:30,Cow_31,0,0,0,15,34.8,Sunny,Field B
2022-08-11,13:30,Cow_32,13,9,0,0,34.8,Sunny,Field B
2022-08-11,13:30,Cow_33,1,9,5,0,34.8,Sunny,Field A
2022-08-11,13:30,Cow_34,6,6,3,0,34.8,Sunny,Field A
2022-08-11,13:30,Cow_35,6,4,5,0,34.8,Sunny,Field C
2022-08-11,13:30,Cow_36,9,0,6,0,34.8,Sunny,Field B
2022-08-11,13:30,Cow_37,0,10,5,0,34.8,Sunny,Field B
2022-08-11,13:30,Cow_38,6,5,4,0,34.8,Sunny,Field C
2022-08-11,13:30,Cow_39,6,3,6,0,34.8,Sunny,Field B
2022-08-11,13:30,Cow_40,12,0,7,0,34.8,Sunny,Field A
2022-08-11,13:30,Cow_41,13,0,4,0,34.8,Sunny,Field B
2022-08-11,13:30,Cow_42,1,9,5,0,34.8,Sunny,Field A
2022-08-11,13:30,Cow_43,12,4,0,0,34.8,Sunny,Field C
2022-08-11,13:30,Cow_44,9,3,3,0,34.8,Sunny,Field C
2022-08-11,13:30,Cow_45,3,6,6,0,34.8,Sunny,Field B
2022-08-11,13:30,Cow_46,4,3,8,0,34.8,Sunny,Field A
2022-08-11,13:30,Cow_47,5,7,3,0,34.8,Sunny,Field A
2022-08-11,13:30,Cow_48,6,5,4,0,34.8,Sunny,Field B
2022-08-11,13:30,Cow_49,0,10,6,0,34.8,Sunny,Field C
2022-08-11,13:30,Cow_50,13,0,4,0,34.8,Sunny,Field A
2022-08-11,13:30,Cow_51,0,0,0,15,34.8,Sunny,Field B
2022-08-11,13:30,Cow_52,0,9,8,0,34.8,Sunny,Field C
2022-08-11,13:30,Cow_53,11,4,0,0,34.8,Sunny,Field A
2022-08-11,13:30,Cow_54,8,5,2,0,34.8,Sunny,Field C
2022-08-11,13:30,Cow_55,9,0,7,0,34.8,Sunny,Field C
2022-08-11,13:30,Cow_56,7,3,5,0,34.8,Sunny,Field A
2022-08-11,13:30,Cow_57,10,2,3,0,34.8,Sunny,Field C
2022-08-11,13:30,Cow_58,7,6,2,0,34.8,Sunny,Field C
2022-08-11,13:30,Cow_59,12,0,5,0,34.8,Sunny,Field C
2022-08-11,13:30,Cow_60,8,3,4,0,34.8,Sunny,Field B
2022-08-11,13:30,Cow_61,0,9,6,0,34.8,Sunny,Field A
2022-08-11,13:30,Cow_62,5,5,5,0,34.8,Sunny,Field C
2022-08-11,13:30,Cow_63,7,11,0,0,34.8,Sunny,Field A
2022-08-11,13:30,Cow_64,13,10,0,0,34.8,Sunny,Field C
2022-08-11,13:30,Cow_65,8,3,4,0,34.8,Sunny,Field C
2022-08-11,13:30,Cow_66,5,5,5,0,34.8,Sunny,Field B
2022-08-11,13:30,Cow_67,14,0,6,0,34.8,Sunny,Field C
2022-08-11,13:30,Cow_68,9,0,7,0,34.8,Sunny,Field B
2022-08-11,13:30,Cow_69,11,3,1,0,34.8,Sunny,Field A
2022-08-11,13:30,Cow_70,6,6,3,0,34.8,Sunny,Field B
2022-08-11,13:30,Cow_71,14,0,6,0,34.8,Sunny,Field B
2022-08-11,13:30,Cow_72,11,0,4,0,34.8,Sunny,Field A
2022-08-11,13:30,Cow_73,0,0,0,15,34.8,Sunny,Field B
2022-08-11,13:30,Cow_74,7,7,1,0,34.8,Sunny,Field A
2022-08-11,13:30,Cow_75,5,4,6,0,34.8,Sunny,Field C
2022-08-11,13:30,Cow_76,13,0,3,0,34.8,Sunny,Field C
2022-08-11,13:30,Cow_77,5,6,4,0,34.8,Sunny,Field A
2022-08-11,13:30,Cow_78,6,4,5,0,34.8,Sunny,Field C
2022-08-11,13:30,Cow_79,14,0,8,0,34.8,Sunny,Field A
2022-08-11,13:30,Cow_80,6,9,0,0,34.8,Sunny,Field C
2022-08-11,13:30,Cow_81,12,0,6,0,34.8,Sunny,Field B
2022-08-11,13:30,Cow_82,5,10,0,0,34.8,Sunny,Field B
2022-08-11,13:30,Cow_83,6,2,7,0,34.8,Sunny,Field A
2022-08-11,13:30,Cow_84,5,5,5,0,34.8,Sunny,Field C
2022-08-11,13:30,Cow_85,7,4,4,0,34.8,Sunny,Field C
2022-08-11,13:30,Cow_86,10,0,6,0,34.8,Sunny,Field A
2022-08-11,13:30,Cow_87,2,6,7,0,34.8,Sunny,Field C
2022-08-11,13:30,Cow_88,13,0,5,0,34.8,Sunny,Field A
2022-08-11,13:30,Cow_89,6,4,5,0,34.8,Sunny,Field B
2022-08-11,13:30,Cow_90,3,8,4,0,34.8,Sunny,Field B
2022-08-11,13:30,Cow_91,2,6,7,0,34.8,Sunny,Field B
2022-08-11,13:30,Cow_92,0,9,8,0,34.8,Sunny,Field C
2022-08-11,13:30,Cow_93,7,1,7,0,34.8,Sunny,Field B
2022-08-11,13:30,Cow_94,11,0,5,0,34.8,Sunny,Field B
2022-08-11,13:30,Cow_95,5,6,4,0,34.8,Sunny,Field A
2022-08-11,13:30,Cow_96,5,7,3,0,34.8,Sunny,Field B
2022-08-11,13:30,Cow_97,0,8,7,0,34.8,Sunny,Field B
2022-08-11,13:30,Cow_98,12,0,4,0,34.8,Sunny,Field B
2022-08-11,13:30,Cow_99,14,0,6,0,34.8,Sunny,Field A
2022-08-11,13:30,Cow_100,0,0,0,15,34.8,Sunny,Field A
2022-08-11,13:30,Cow_101,8,3,4,0,34.8,Sunny,Field C
2022-08-11,13:30,Cow_102,5,5,5,0,34.8,Sunny,Field A
2022-08-11,13:30,Cow_103,7,1,7,0,34.8,Sunny,Field A
2022-08-11,13:30,Cow_104,11,6,0,0,34.8,Sunny,Field C
2022-08-11,13:30,Cow_105,5,10,0,0,34.8,Sunny,Field B
2022-08-11,13:30,Cow_106,0,10,8,0,34.8,Sunny,Field B
2022-08-11,13:30,Cow_107,2,8,5,0,34.8,Sunny,Field A
2022-08-11,13:30,Cow_108,11,0,8,0,34.8,Sunny,Field B
2022-08-11,13:30,Cow_109,9,9,0,0,34.8,Sunny,Field A
2022-08-11,13:30,Cow_110,12,3,0,0,34.8,Sunny,Field B
2022-08-11,13:30,Cow_111,11,0,6,0,34.8,Sunny,Field A
2022-08-11,13:30,Cow_112,14,4,0,0,34.8,Sunny,Field A
2022-08-11,13:30,Cow_113,6,6,3,0,34.8,Sunny,Field B
2022-08-11,13:30,Cow_114,0,0,0,15,34.8,Sunny,Field B
2022-08-11,13:30,Cow_115,3,4,8,0,34.8,Sunny,Field A
2022-08-11,13:30,Cow_116,14,0,4,0,34.8,Sunny,Field B
2022-08-11,13:30,Cow_117,2,5,8,0,34.8,Sunny,Field B
2022-08-11,13:30,Cow_118,2,9,4,0,34.8,Sunny,Field A
2022-08-11,13:30,Cow_119,8,0,8,0,34.8,Sunny,Field A
2022-08-11,13:30,Cow_120,10,2,3,0,34.8,Sunny,Field C
2022-08-11,13:30,Cow_121,6,8,1,0,34.8,Sunny,Field B
2022-08-11,13:30,Cow_122,1,6,8,0,34.8,Sunny,Field B
2022-08-11,13:30,Cow_123,5,3,7,0,34.8,Sunny,Field A
2022-08-11,13:30,Cow_124,8,6,1,0,34.8,Sunny,Field A
2022-08-11,13:30,Cow_125,0,9,8,0,34.8,Sunny,Field A
2022-08-11,13:30,Cow_126,14,6,0,0,34.8,Sunny,Field C
2022-08-11,13:30,Cow_127,9,9,0,0,34.8,Sunny,Field B
2022-08-11,13:30,Cow_128,13,6,0,0,34.8,Sunny,Field B
2022-08-11,13:30,Cow_129,13,5,0,0,34.8,Sunny,Field A
2022-08-11,13:30,Cow_130,9,9,0,0,34.8,Sunny,Field A
2022-08-11,13:30,Cow_131,13,0,4,0,34.8,Sunny,Field B
2022-08-11,13:30,Cow_132,11,10,0,0,34.8,Sunny,Field B
2022-08-11,13:30,Cow_133,9,0,7,0,34.8,Sunny,Field B
2022-08-11,13:30,Cow_134,14,10,0,0,34.8,Sunny,Field A
2022-08-11,13:30,Cow_135,12,7,0,0,34.8,Sunny,Field C
2022-08-11,13:30,Cow_136,12,8,0,0,34.8,Sunny,Field C
2022-08-11,13:30,Cow_137,2,6,7,0,34.8,Sunny,Field C
2022-08-11,13:30,Cow_138,0,0,0,15,34.8,Sunny,Field A
2022-08-11,13:30,Cow_139,6,7,2,0,34.8,Sunny,Field B
2022-08-11,13:30,Cow_140,12,0,5,0,34.8,Sunny,Field A
2022-08-11,13:30,Cow_141,2,6,7,0,34.8,Sunny,Field A
2022-08-11,13:30,Cow_142,4,5,6,0,34.8,Sunny,Field B
2022-08-11,13:30,Cow_143,0,0,0,15,34.8,Sunny,Field B
2022-08-11,13:30,Cow_144,12,5,0,0,34.8,Sunny,Field B
2022-08-11,13:30,Cow_145,0,0,0,15,34.8,Sunny,Field C
2022-08-11,13:30,Cow_146,5,5,5,0,34.8,Sunny,Field A
2022-08-11,13:30,Cow_147,14,0,7,0,34.8,Sunny,Field B
2022-08-11,13:30,Cow_148,5,2,8,0,34.8,Sunny,Field B
2022-08-11,13:30,Cow_149,1,9,5,0,34.8,Sunny,Field B
2022-08-11,13:30,Cow_150,9,3,3,0,34.8,Sunny,Field C
2022-08-11,13:30,Cow_151,6,4,5,0,34.8,Sunny,Field B
2022-08-11,13:30,Cow_152,6,4,5,0,34.8,Sunny,Field A
2022-08-11,13:30,Cow_153,6,5,4,0,34.8,Sunny,Field C
2022-08-11,13:30,Cow_154,5,6,4,0,34.8,Sunny,Field A
2022-08-11,13:30,Cow_155,3,5,7,0,34.8,Sunny,Field B
2022-08-11,13:30,Cow_156,9,0,7,0,34.8,Sunny,Field A
2022-08-11,13:30,Cow_157,4,7,4,0,34.8,Sunny,Field A
2022-08-11,13:30,Cow_158,5,4,6,0,34.8,Sunny,Field C
2022-08-11,13:30,Cow_159,14,3,0,0,34.8,Sunny,Field A
2022-08-11,13:30,Cow_160,5,6,4,0,34.8,Sunny,Field B
2022-08-11,13:30,Cow_161,1,7,7,0,34.8,Sunny,Field A
2022-08-11,13:30,Cow_162,0,8,8,0,34.8,Sunny,Field A
2022-08-11,13:30,Cow_163,11,0,5,0,34.8,Sunny,Field A
2022-08-11,13:30,Cow_164,6,5,4,0,34.8,Sunny,Field A
2022-08-11,13:30,Cow_165,8,6,1,0,34.8,Sunny,Field A
2022-08-11,13:30,Cow_166,8,0,8,0,34.8,Sunny,Field C
2022-08-11,13:30,Cow_167,3,5,7,0,34.8,Sunny,Field A
2022-08-11,13:30,Cow_168,0,0,0,15,34.8,Sunny,Field B
2022-08-11,13:30,Cow_169,9,4,2,0,34.8,Sunny,Field A
2022-08-11,13:30,Cow_170,3,6,6,0,34.8,Sunny,Field C
2022-08-11,13:30,Cow_171,0,8,7,0,34.8,Sunny,Field A
2022-08-11,13:30,Cow_172,4,7,4,0,34.8,Sunny,Field C
2022-08-11,13:30,Cow_173,6,7,2,0,34.8,Sunny,Field B
2022-08-11,13:30,Cow_174,0,9,9,0,34.8,Sunny,Field C
2022-08-11,13:30,Cow_175,10,5,0,0,34.8,Sunny,Field B
2022-08-11,13:30,Cow_176,0,0,0,15,34.8,Sunny,Field B
2022-08-11,13:30,Cow_177,7,6,2,0,34.8,Sunny,Field C
2022-08-11,13:30,Cow_178,11,0,7,0,34.8,Sunny,Field B
2022-08-11,13:30,Cow_179,10,7,0,0,34.8,Sunny,Field B
2022-08-11,13:30,Cow_180,14,4,0,0,34.8,Sunny,Field B
2022-08-11,13:30,Cow_181,14,0,6,0,34.8,Sunny,Field B
2022-08-11,13:30,Cow_182,7,3,5,0,34.8,Sunny,Field B
2022-08-11,13:30,Cow_183,0,0,0,15,34.8,Sunny,Field A
2022-08-11,13:30,Cow_184,2,6,7,0,34.8,Sunny,Field A
2022-08-11,13:30,Cow_185,5,5,5,0,34.8,Sunny,Field C
2022-08-11,13:30,Cow_186,4,8,3,0,34.8,Sunny,Field C
2022-08-11,13:30,Cow_187,0,9,6,0,34.8,Sunny,Field B
2022-08-11,13:30,Cow_188,10,0,7,0,34.8,Sunny,Field A
2022-08-11,13:30,Cow_189,5,6,4,0,34.8,Sunny,Field C
2022-08-11,13:30,Cow_190,11,7,0,0,34.8,Sunny,Field C
2022-08-11,13:30,Cow_191,6,2,7,0,34.8,Sunny,Field B
2022-08-11,13:30,Cow_192,14,10,0,0,34.8,Sunny,Field A
2022-08-11,13:30,Cow_193,5,5,5,0,34.8,Sunny,Field A
2022-08-11,13:30,Cow_194,14,9,0,0,34.8,Sunny,Field C
2022-08-11,13:30,Cow_195,6,6,3,0,34.8,Sunny,Field C
2022-08-11,13:30,Cow_196,6,6,3,0,34.8,Sunny,Field A
2022-08-11,13:30,Cow_197,13,4,0,0,34.8,Sunny,Field C
2022-08-11,13:30,Cow_198,8,10,0,0,34.8,Sunny,Field A
2022-08-11,13:30,Cow_199,10,8,0,0,34.8,Sunny,Field B
2022-08-11,13:30,Cow_200,4,6,5,0,34.8,Sunny,Field A
2022-08-11,13:30,Cow_201,11,9,0,0,34.8,Sunny,Field A
2022-08-11,13:30,Cow_202,3,7,5,0,34.8,Sunny,Field B
2022-08-11,13:30,Cow_203,14,0,4,0,34.8,Sunny,Field A
2022-08-11,13:30,Cow_204,12,0,6,0,34.8,Sunny,Field A
2022-08-11,13:30,Cow_205,0,10,5,0,34.8,Sunny,Field B
2022-08-11,13:30,Cow_206,4,3,8,0,34.8,Sunny,Field C
2022-08-11,13:30,Cow_207,0,0,0,15,34.8,Sunny,Field B
2022-08-11,13:30,Cow_208,8,3,4,0,34.8,Sunny,Field A
2022-08-11,13:30,Cow_209,11,0,8,0,34.8,Sunny,Field B
2022-08-11,13:30,Cow_210,0,0,0,15,34.8,Sunny,Field B
2022-08-11,13:30,Cow_211,10,7,0,0,34.8,Sunny,Field B
2022-08-11,13:30,Cow_212,12,8,0,0,34.8,Sunny,Field C
2022-08-11,13:30,Cow_213,6,6,3,0,34.8,Sunny,Field B
2022-08-11,13:30,Cow_214,6,4,5,0,34.8,Sunny,Field B
2022-08-11,13:30,Cow_215,0,9,6,0,34.8,Sunny,Field C
2022-08-11,13:30,Cow_216,3,7,5,0,34.8,Sunny,Field C
2022-08-11,13:30,Cow_217,5,5,5,0,34.8,Sunny,Field C
2022-08-11,13:30,Cow_218,6,4,5,0,34.8,Sunny,Field B
2022-08-11,13:30,Cow_219,0,8,8,0,34.8,Sunny,Field A
2022-08-11,13:30,Cow_220,12,9,0,0,34.8,Sunny,Field A
2022-08-11,13:30,Cow_221,4,4,7,0,34.8,Sunny,Field B
2022-08-11,13:30,Cow_222,10,0,7,0,34.8,Sunny,Field B
2022-08-11,13:30,Cow_223,11,9,0,0,34.8,Sunny,Field A
2022-08-11,13:30,Cow_224,14,0,8,0,34.8,Sunny,Field C
2022-08-11,13:30,Cow_225,5,5,5,0,34.8,Sunny,Field A
2022-08-11,13:30,Cow_226,5,5,5,0,34.8,Sunny,Field C
2022-08-11,13:30,Cow_227,5,4,6,0,34.8,Sunny,Field B
2022-08-11,13:30,Cow_228,10,3,2,0,34.8,Sunny,Field A
2022-08-11,13:30,Cow_229,11,6,0,0,34.8,Sunny,Field A
2022-08-11,13:30,Cow_230,5,9,1,0,34.8,Sunny,Field A
2022-08-11,13:30,Cow_231,11,0,5,0,34.8,Sunny,Field C
2022-08-11,13:30,Cow_232,1,8,6,0,34.8,Sunny,Field A
2022-08-11,13:30,Cow_233,8,3,4,0,34.8,Sunny,Field B
2022-08-11,13:30,Cow_234,13,0,5,0,34.8,Sunny,Field C
2022-08-11,13:30,Cow_235,6,6,3,0,34.8,Sunny,Field C
2022-08-11,13:30,Cow_236,6,8,1,0,34.8,Sunny,Field A
2022-08-11,13:30,Cow_237,7,8,0,0,34.8,Sunny,Field A
2022-08-11,13:30,Cow_238,13,7,0,0,34.8,Sunny,Field C
2022-08-11,13:30,Cow_239,0,0,0,15,34.8,Sunny,Field C
2022-08-11,13:30,Cow_240,9,0,8,0,34.8,Sunny,Field C
2022-08-11,13:30,Cow_241,8,0,8,0,34.8,Sunny,Field A
2022-08-11,13:30,Cow_242,7,4,4,0,34.8,Sunny,Field C
2022-08-11,13:30,Cow_243,13,6,0,0,34.8,Sunny,Field C
2022-08-11,13:30,Cow_244,9,2,4,0,34.8,Sunny,Field C
2022-08-11,13:30,Cow_245,6,3,6,0,34.8,Sunny,Field B
2022-08-11,13:30,Cow_246,7,2,6,0,34.8,Sunny,Field C
2022-08-11,13:30,Cow_247,12,9,0,0,34.8,Sunny,Field B
2022-08-11,13:30,Cow_248,4,8,3,0,34.8,Sunny,Field B
2022-08-11,13:30,Cow_249,7,6,2,0,34.8,Sunny,Field A
2022-08-11,13:30,Cow_250,14,0,8,0,34.8,Sunny,Field C
2022-08-11,13:30,Cow_251,7,7,1,0,34.8,Sunny,Field A
2022-08-11,13:30,Cow_252,5,1,9,0,34.8,Sunny,Field A
2022-08-11,13:30,Cow_253,9,6,0,0,34.8,Sunny,Field C
2022-08-11,13:30,Cow_254,14,9,0,0,34.8,Sunny,Field B
2022-08-11,13:30,Cow_255,7,4,4,0,34.8,Sunny,Field C
2022-08-11,13:30,Cow_256,14,0,8,0,34.8,Sunny,Field B
2022-08-11,13:30,Cow_257,0,0,0,15,34.8,Sunny,Field C
2022-08-11,13:30,Cow_258,8,8,0,0,34.8,Sunny,Field B
2022-08-11,13:30,Cow_259,10,10,0,0,34.8,Sunny,Field C
2022-08-11,13:30,Cow_260,0,0,0,15,34.8,Sunny,Field B
2022-08-11,13:30,Cow_261,8,4,3,0,34.8,Sunny,Field A
2022-08-11,13:30,Cow_262,0,0,0,15,34.8,Sunny,Field B
2022-08-11,13:30,Cow_263,7,2,6,0,34.8,Sunny,Field C
2022-08-11,13:30,Cow_264,5,3,7,0,34.8,Sunny,Field B
2022-08-11,13:30,Cow_265,6,5,4,0,34.8,Sunny,Field B
2022-08-11,13:30,Cow_266,2,7,6,0,34.8,Sunny,Field A
2022-08-11,13:30,Cow_267,6,6,3,0,34.8,Sunny,Field B
2022-08-11,13:30,Cow_268,12,4,0,0,34.8,Sunny,Field B
2022-08-11,13:30,Cow_269,9,3,3,0,34.8,Sunny,Field C
2022-08-11,13:30,Cow_270,4,3,8,0,34.8,Sunny,Field C
2022-08-11,13:30,Cow_271,7,3,5,0,34.8,Sunny,Field B
2022-08-11,13:30,Cow_272,11,0,5,0,34.8,Sunny,Field C
2022-08-11,13:30,Cow_273,6,5,4,0,34.8,Sunny,Field A
2022-08-11,13:30,Cow_274,7,4,4,0,34.8,Sunny,Field B
2022-08-11,13:30,Cow_275,0,10,6,0,34.8,Sunny,Field C
2022-08-11,13:30,Cow_276,11,7,0,0,34.8,Sunny,Field C
2022-08-11,13:30,Cow_277,11,8,0,0,34.8,Sunny,Field B
2022-08-11,13:30,Cow_278,13,0,8,0,34.8,Sunny,Field B
2022-08-11,13:30,Cow_279,0,10,5,0,34.8,Sunny,Field C
2022-08-11,13:30,Cow_280,9,5,1,0,34.8,Sunny,Field C
2022-08-11,13:30,Cow_281,6,6,3,0,34.8,Sunny,Field A
2022-08-11,13:30,Cow_282,9,1,5,0,34.8,Sunny,Field A
2022-08-11,13:30,Cow_283,8,1,6,0,34.8,Sunny,Field A
2022-08-11,13:30,Cow_284,5,5,5,0,34.8,Sunny,Field B
2022-08-11,13:30,Cow_285,9,3,3,0,34.8,Sunny,Field B
2022-08-11,13:30,Cow_286,14,10,0,0,34.8,Sunny,Field C
2022-08-11,13:30,Cow_287,0,9,6,0,34.8,Sunny,Field C
2022-08-11,13:30,Cow_288,10,0,7,0,34.8,Sunny,Field C
2022-08-11,13:30,Cow_289,12,8,0,0,34.8,Sunny,Field C
2022-08-11,13:30,Cow_290,6,5,4,0,34.8,Sunny,Field A
2022-08-11,13:30,Cow_291,10,9,0,0,34.8,Sunny,Field C
2022-08-11,13:30,Cow_292,5,4,6,0,34.8,Sunny,Field A
2022-08-11,13:30,Cow_293,8,5,2,0,34.8,Sunny,Field A
2022-08-11,13:30,Cow_294,8,4,3,0,34.8,Sunny,Field B
2022-08-11,13:30,Cow_295,10,0,7,0,34.8,Sunny,Field A
2022-08-11,13:30,Cow_296,6,3,6,0,34.8,Sunny,Field C
2022-08-11,13:30,Cow_297,9,1,5,0,34.8,Sunny,Field A
2022-08-11,13:30,Cow_298,14,5,0,0,34.8,Sunny,Field C
2022-08-11,13:30,Cow_299,15,4,0,0,34.8,Sunny,Field B
2022-08-11,13:30,Cow_300,9,0,7,0,34.8,Sunny,Field A
2022-08-11,13:30,Cow_301,8,7,0,0,34.8,Sunny,Field C
2022-08-11,13:30,Cow_302,9,5,1,0,34.8,Sunny,Field A
2022-08-11,13:30,Cow_303,8,10,0,0,34.8,Sunny,Field A
2022-08-11,13:30,Cow_304,8,3,4,0,34.8,Sunny,Field B
2022-08-11,13:30,Cow_305,14,0,4,0,34.8,Sunny,Field C
2022-08-11,13:30,Cow_306,7,2,6,0,34.8,Sunny,Field A
2022-08-11,13:30,Cow_307,0,0,0,15,34.8,Sunny,Field A
2022-08-11,13:30,Cow_308,12,0,3,0,34.8,Sunny,Field B
2022-08-11,13:30,Cow_309,8,4,3,0,34.8,Sunny,Field C
2022-08-11,13:30,Cow_310,14,8,0,0,34.8,Sunny,Field B
2022-08-11,13:30,Cow_311,0,9,7,0,34.8,Sunny,Field A
2022-08-11,13:30,Cow_312,0,7,8,0,34.8,Sunny,Field A
2022-08-11,13:30,Cow_313,12,4,0,0,34.8,Sunny,Field A
2022-08-11,13:30,Cow_314,5,4,6,0,34.8,Sunny,Field C
2022-08-11,13:30,Cow_315,8,4,3,0,34.8,Sunny,Field A
2022-08-11,13:30,Cow_316,6,5,4,0,34.8,Sunny,Field B
2022-08-11,13:30,Cow_317,8,10,0,0,34.8,Sunny,Field A
2022-08-11,13:30,Cow_318,2,8,5,0,34.8,Sunny,Field C
2022-08-11,13:30,Cow_319,7,3,5,0,34.8,Sunny,Field B
2022-08-11,13:30,Cow_320,4,3,8,0,34.8,Sunny,Field C
2022-08-11,13:30,Cow_321,0,0,0,15,34.8,Sunny,Field B
2022-08-11,13:30,Cow_322,13,0,7,0,34.8,Sunny,Field A
2022-08-11,13:30,Cow_323,10,8,0,0,34.8,Sunny,Field B
2022-08-11,13:30,Cow_324,5,6,4,0,34.8,Sunny,Field A
2022-08-11,13:30,Cow_325,8,0,7,0,34.8,Sunny,Field A
2022-08-11,13:30,Cow_326,2,10,3,0,34.8,Sunny,Field A
2022-08-11,13:30,Cow_327,6,6,3,0,34.8,Sunny,Field B
2022-08-11,13:30,Cow_328,1,6,8,0,34.8,Sunny,Field A
2022-08-11,13:30,Cow_329,6,5,4,0,34.8,Sunny,Field A
2022-08-11,13:30,Cow_330,5,3,7,0,34.8,Sunny,Field B
2022-08-11,13:30,Cow_331,11,1,3,0,34.8,Sunny,Field C
2022-08-11,13:30,Cow_332,0,0,0,15,34.8,Sunny,Field C
2022-08-11,13:30,Cow_333,0,10,8,0,34.8,Sunny,Field B
2022-08-11,13:30,Cow_334,6,9,0,0,34.8,Sunny,Field B
2022-08-11,13:30,Cow_335,14,0,5,0,34.8,Sunny,Field A
2022-08-11,13:30,Cow_336,13,0,3,0,34.8,Sunny,Field C
2022-08-11,13:30,Cow_337,10,3,2,0,34.8,Sunny,Field B
2022-08-11,13:30,Cow_338,12,0,3,0,34.8,Sunny,Field C
2022-08-11,13:30,Cow_339,10,5,0,0,34.8,Sunny,Field B
2022-08-11,13:30,Cow_340,11,0,6,0,34.8,Sunny,Field A
2022-08-11,13:30,Cow_341,9,1,5,0,34.8,Sunny,Field C
2022-08-11,13:30,Cow_342,7,4,4,0,34.8,Sunny,Field B
2022-08-11,13:30,Cow_343,5,3,7,0,34.8,Sunny,Field A
2022-08-11,13:30,Cow_344,5,4,6,0,34.8,Sunny,Field B
2022-08-11,13:30,Cow_345,5,3,7,0,34.8,Sunny,Field B
2022-08-11,13:30,Cow_346,0,10,8,0,34.8,Sunny,Field C
2022-08-11,13:30,Cow_347,12,0,6,0,34.8,Sunny,Field A
2022-08-11,13:30,Cow_348,14,0,3,0,34.8,Sunny,Field B
2022-08-11,13:30,Cow_349,2,7,6,0,34.8,Sunny,Field A
2022-08-11,13:30,Cow_350,6,4,5,0,34.8,Sunny,Field B
2022-08-11,13:30,Cow_351,0,0,0,15,34.8,Sunny,Field C
2022-08-11,13:30,Cow_352,7,5,3,0,34.8,Sunny,Field A
2022-08-11,13:30,Cow_353,12,9,0,0,34.8,Sunny,Field B
2022-08-11,13:30,Cow_354,12,0,3,0,34.8,Sunny,Field A
2022-08-11,13:30,Cow_355,5,7,3,0,34.8,Sunny,Field A
2022-08-11,13:30,Cow_356,0,0,0,15,34.8,Sunny,Field C
2022-08-11,13:30,Cow_357,0,8,8,0,34.8,Sunny,Field B
2022-08-11,13:30,Cow_358,14,0,4,0,34.8,Sunny,Field B
2022-08-11,13:30,Cow_359,12,12,0,0,34.8,Sunny,Field B
2022-08-11,13:30,Cow_360,13,3,0,0,34.8,Sunny,Field A
2022-08-11,13:30,Cow_361,7,5,3,0,34.8,Sunny,Field A
2022-08-11,13:30,Cow_362,13,0,6,0,34.8,Sunny,Field C
2022-08-11,13:30,Cow_363,14,5,0,0,34.8,Sunny,Field C
2022-08-11,13:30,Cow_364,11,3,1,0,34.8,Sunny,Field C
2022-08-11,13:30,Cow_365,0,0,0,15,34.8,Sunny,Field A
2022-08-11,13:30,Cow_366,14,6,0,0,34.8,Sunny,Field C
2022-08-11,13:30,Cow_367,13,7,0,0,34.8,Sunny,Field C
2022-08-11,13:30,Cow_368,0,0,0,15,34.8,Sunny,Field B
2022-08-11,13:30,Cow_369,8,4,3,0,34.8,Sunny,Field C
2022-08-11,13:30,Cow_370,6,6,3,0,34.8,Sunny,Field C
2022-08-11,13:30,Cow_371,1,9,5,0,34.8,Sunny,Field B
2022-08-11,13:30,Cow_372,5,4,6,0,34.8,Sunny,Field A
2022-08-11,13:30,Cow_373,4,7,4,0,34.8,Sunny,Field A
2022-08-11,13:30,Cow_374,6,3,6,0,34.8,Sunny,Field C
2022-08-11,13:30,Cow_375,10,10,0,0,34.8,Sunny,Field C
2022-08-11,13:30,Cow_376,12,0,4,0,34.8,Sunny,Field C
2022-08-11,13:30,Cow_377,9,3,3,0,34.8,Sunny,Field B
2022-08-11,13:30,Cow_378,11,0,6,0,34.8,Sunny,Field A
2022-08-11,13:30,Cow_379,3,5,7,0,34.8,Sunny,Field A
2022-08-11,13:30,Cow_380,9,0,8,0,34.8,Sunny,Field C
2022-08-11,13:30,Cow_381,5,5,5,0,34.8,Sunny,Field A
2022-08-11,13:30,Cow_382,8,4,3,0,34.8,Sunny,Field A
2022-08-11,13:30,Cow_383,9,7,0,0,34.8,Sunny,Field A
2022-08-11,13:30,Cow_384,7,3,5,0,34.8,Sunny,Field C
2022-08-11,13:30,Cow_385,0,9,6,0,34.8,Sunny,Field B
2022-08-11,13:30,Cow_386,13,3,0,0,34.8,Sunny,Field A
2022-08-11,13:30,Cow_387,6,6,3,0,34.8,Sunny,Field A
2022-08-11,13:30,Cow_388,7,10,0,0,34.8,Sunny,Field C
2022-08-11,13:30,Cow_389,6,3,6,0,34.8,Sunny,Field B
2022-08-11,13:30,Cow_390,7,10,0,0,34.8,Sunny,Field B
2022-08-11,13:30,Cow_391,8,4,3,0,34.8,Sunny,Field C
2022-08-11,13:30,Cow_392,5,3,7,0,34.8,Sunny,Field C
2022-08-11,13:30,Cow_393,4,6,5,0,34.8,Sunny,Field C
2022-08-11,13:30,Cow_394,7,2,6,0,34.8,Sunny,Field A
2022-08-11,13:30,Cow_395,10,10,0,0,34.8,Sunny,Field B
2022-08-11,13:30,Cow_396,5,2,8,0,34.8,Sunny,Field B
2022-08-11,13:30,Cow_397,0,0,0,15,34.8,Sunny,Field C
2022-08-11,13:30,Cow_398,10,1,4,0,34.8,Sunny,Field C
2022-08-11,13:30,Cow_399,0,0,0,15,34.8,Sunny,Field C
2022-08-11,13:30,Cow_400,8,0,8,0,34.8,Sunny,Field B
2022-08-11,13:30,Cow_401,6,4,5,0,34.8,Sunny,Field C
2022-08-11,13:30,Cow_402,1,9,5,0,34.8,Sunny,Field B
2022-08-11,13:30,Cow_403,10,4,1,0,34.8,Sunny,Field B
2022-08-11,13:30,Cow_404,11,9,0,0,34.8,Sunny,Field A
2022-08-11,13:30,Cow_405,10,9,0,0,34.8,Sunny,Field A
2022-08-11,13:30,Cow_406,14,6,0,0,34.8,Sunny,Field B
2022-08-11,13:30,Cow_407,11,1,3,0,34.8,Sunny,Field B
2022-08-11,13:30,Cow_408,4,3,8,0,34.8,Sunny,Field B
2022-08-11,13:30,Cow_409,7,2,6,0,34.8,Sunny,Field B
2022-08-11,13:30,Cow_410,8,0,7,0,34.8,Sunny,Field B
2022-08-11,13:30,Cow_411,0,9,6,0,34.8,Sunny,Field B
2022-08-11,13:30,Cow_412,12,0,5,0,34.8,Sunny,Field A
2022-08-11,13:30,Cow_413,8,0,7,0,34.8,Sunny,Field C
2022-08-11,13:30,Cow_414,14,0,8,0,34.8,Sunny,Field B
2022-08-11,13:30,Cow_415,0,0,0,15,34.8,Sunny,Field A
2022-08-11,13:30,Cow_416,13,0,5,0,34.8,Sunny,Field A
2022-08-11,13:30,Cow_417,6,6,3,0,34.8,Sunny,Field B
2022-08-11,13:30,Cow_418,0,0,0,15,34.8,Sunny,Field A
2022-08-11,13:30,Cow_419,13,9,0,0,34.8,Sunny,Field C
2022-08-11,13:30,Cow_420,9,0,7,0,34.8,Sunny,Field A
2022-08-11,13:30,Cow_421,6,10,0,0,34.8,Sunny,Field A
2022-08-11,13:30,Cow_422,12,0,8,0,34.8,Sunny,Field A
2022-08-11,13:30,Cow_423,3,4,8,0,34.8,Sunny,Field B
2022-08-11,13:30,Cow_424,8,3,4,0,34.8,Sunny,Field C
2022-08-11,13:30,Cow_425,13,0,4,0,34.8,Sunny,Field B
2022-08-11,13:30,Cow_426,12,0,6,0,34.8,Sunny,Field C
2022-08-11,13:30,Cow_427,12,4,0,0,34.8,Sunny,Field C
2022-08-11,13:30,Cow_428,12,8,0,0,34.8,Sunny,Field B
2022-08-11,13:30,Cow_429,7,1,7,0,34.8,Sunny,Field A
2022-08-11,13:30,Cow_430,2,5,8,0,34.8,Sunny,Field A
2022-08-11,13:30,Cow_431,0,8,7,0,34.8,Sunny,Field A
2022-08-11,13:30,Cow_432,12,0,8,0,34.8,Sunny,Field A
2022-08-11,13:30,Cow_433,11,7,0,0,34.8,Sunny,Field A
2022-08-11,13:30,Cow_434,5,5,5,0,34.8,Sunny,Field B
2022-08-11,13:30,Cow_435,6,10,0,0,34.8,Sunny,Field A
2022-08-11,13:30,Cow_436,13,0,5,0,34.8,Sunny,Field B
2022-08-11,13:30,Cow_437,14,0,8,0,34.8,Sunny,Field C
2022-08-11,13:30,Cow_438,11,0,6,0,34.8,Sunny,Field B
2022-08-11,13:30,Cow_439,11,5,0,0,34.8,Sunny,Field C
2022-08-11,13:30,Cow_440,8,0,7,0,34.8,Sunny,Field A
2022-08-11,13:30,Cow_441,9,0,7,0,34.8,Sunny,Field A
2022-08-11,13:30,Cow_442,7,5,3,0,34.8,Sunny,Field C
2022-08-11,13:30,Cow_443,7,3,5,0,34.8,Sunny,Field B
2022-08-11,13:30,Cow_444,7,4,4,0,34.8,Sunny,Field C
2022-08-11,13:30,Cow_445,8,4,3,0,34.8,Sunny,Field A
2022-08-11,13:30,Cow_446,11,10,0,0,34.8,Sunny,Field C
2022-08-11,13:30,Cow_447,2,7,6,0,34.8,Sunny,Field C
2022-08-11,13:30,Cow_448,12,0,5,0,34.8,Sunny,Field C
2022-08-11,13:30,Cow_449,5,3,7,0,34.8,Sunny,Field A
2022-08-11,13:30,Cow_450,8,3,4,0,34.8,Sunny,Field C
2022-08-11,13:30,Cow_451,4,5,6,0,34.8,Sunny,Field C
2022-08-11,13:30,Cow_452,10,2,3,0,34.8,Sunny,Field A
2022-08-11,13:30,Cow_453,0,0,0,15,34.8,Sunny,Field C
2022-08-11,13:30,Cow_454,7,8,0,0,34.8,Sunny,Field A
2022-08-11,13:30,Cow_455,4,8,3,0,34.8,Sunny,Field B
2022-08-11,13:30,Cow_456,13,0,8,0,34.8,Sunny,Field B
2022-08-11,13:30,Cow_457,6,1,8,0,34.8,Sunny,Field C
2022-08-11,13:30,Cow_458,5,8,2,0,34.8,Sunny,Field C
2022-08-11,13:30,Cow_459,4,5,6,0,34.8,Sunny,Field C
2022-08-11,13:30,Cow_460,14,0,6,0,34.8,Sunny,Field B
2022-08-11,13:30,Cow_461,6,3,6,0,34.8,Sunny,Field A
2022-08-11,13:30,Cow_462,5,5,5,0,34.8,Sunny,Field B
2022-08-11,13:30,Cow_463,10,0,8,0,34.8,Sunny,Field C
2022-08-11,13:30,Cow_464,10,0,6,0,34.8,Sunny,Field A
2022-08-11,13:30,Cow_465,12,0,7,0,34.8,Sunny,Field B
2022-08-11,13:30,Cow_466,2,7,6,0,34.8,Sunny,Field B
2022-08-11,13:30,Cow_467,1,6,8,0,34.8,Sunny,Field C
2022-08-11,13:30,Cow_468,0,10,5,0,34.8,Sunny,Field C
2022-08-11,13:30,Cow_469,9,2,4,0,34.8,Sunny,Field B
2022-08-11,13:30,Cow_470,12,5,0,0,34.8,Sunny,Field A
2022-08-11,13:30,Cow_471,11,0,6,0,34.8,Sunny,Field B
2022-08-11,13:30,Cow_472,4,8,3,0,34.8,Sunny,Field B
2022-08-11,13:30,Cow_473,0,9,8,0,34.8,Sunny,Field B
2022-08-11,13:30,Cow_474,8,0,8,0,34.8,Sunny,Field A
2022-08-11,13:30,Cow_475,1,7,7,0,34.8,Sunny,Field B
2022-08-11,13:30,Cow_476,3,7,5,0,34.8,Sunny,Field A
2022-08-11,13:30,Cow_477,2,6,7,0,34.8,Sunny,Field B
2022-08-11,13:30,Cow_478,5,4,6,0,34.8,Sunny,Field B
2022-08-11,13:30,Cow_479,4,3,8,0,34.8,Sunny,Field B
2022-08-11,13:30,Cow_480,4,3,8,0,34.8,Sunny,Field B
2022-08-11,13:30,Cow_481,3,8,4,0,34.8,Sunny,Field C
2022-08-11,13:30,Cow_482,9,3,3,0,34.8,Sunny,Field A
2022-08-11,13:30,Cow_483,10,4,1,0,34.8,Sunny,Field A
2022-08-11,13:30,Cow_484,10,6,0,0,34.8,Sunny,Field A
2022-08-11,13:30,Cow_485,8,4,3,0,34.8,Sunny,Field A
2022-08-11,13:30,Cow_486,9,5,1,0,34.8,Sunny,Field B
2022-08-11,13:30,Cow_487,8,0,8,0,34.8,Sunny,Field B
2022-08-11,13:30,Cow_488,12,0,5,0,34.8,Sunny,Field C
2022-08-11,13:30,Cow_489,7,10,0,0,34.8,Sunny,Field C
2022-08-11,13:30,Cow_490,8,6,1,0,34.8,Sunny,Field A
2022-08-11,13:30,Cow_491,14,0,3,0,34.8,Sunny,Field B
2022-08-11,13:30,Cow_492,13,6,0,0,34.8,Sunny,Field C
2022-08-11,13:30,Cow_493,12,0,7,0,34.8,Sunny,Field B
2022-08-11,13:30,Cow_494,8,4,3,0,34.8,Sunny,Field B
2022-08-11,13:30,Cow_495,6,5,4,0,34.8,Sunny,Field C
2022-08-11,13:30,Cow_496,7,1,7,0,34.8,Sunny,Field A
2022-08-11,13:30,Cow_497,5,2,8,0,34.8,Sunny,Field B
2022-08-11,13:30,Cow_498,9,3,3,0,34.8,Sunny,Field C
2022-08-11,13:30,Cow_499,8,1,6,0,34.8,Sunny,Field A
2022-08-11,13:30,Cow_500,13,0,6,0,34.8,Sunny,Field A
2022-08-11,13:45,Cow_1,12,5,0,0,26.6,Clear,Field C
2022-08-11,13:45,Cow_2,13,0,3,0,26.6,Clear,Field B
2022-08-11,13:45,Cow_3,8,2,5,0,26.6,Clear,Field A
2022-08-11,13:45,Cow_4,6,3,6,0,26.6,Clear,Field B
2022-08-11,13:45,Cow_5,13,9,0,0,26.6,Clear,Field B
2022-08-11,13:45,Cow_6,6,9,0,0,26.6,Clear,Field A
2022-08-11,13:45,Cow_7,12,6,0,0,26.6,Clear,Field C
2022-08-11,13:45,Cow_8,10,8,0,0,26.6,Clear,Field A
2022-08-11,13:45,Cow_9,6,3,6,0,26.6,Clear,Field C
2022-08-11,13:45,Cow_10,7,4,4,0,26.6,Clear,Field A
2022-08-11,13:45,Cow_11,14,3,0,0,26.6,Clear,Field B
2022-08-11,13:45,Cow_12,11,3,1,0,26.6,Clear,Field B
2022-08-11,13:45,Cow_13,9,0,8,0,26.6,Clear,Field C
2022-08-11,13:45,Cow_14,0,9,8,0,26.6,Clear,Field C
2022-08-11,13:45,Cow_15,7,4,4,0,26.6,Clear,Field B
2022-08-11,13:45,Cow_16,5,6,4,0,26.6,Clear,Field B
2022-08-11,13:45,Cow_17,6,5,4,0,26.6,Clear,Field C
2022-08-11,13:45,Cow_18,11,12,0,0,26.6,Clear,Field C
2022-08-11,13:45,Cow_19,11,0,8,0,26.6,Clear,Field C
2022-08-11,13:45,Cow_20,6,1,8,0,26.6,Clear,Field C
2022-08-11,13:45,Cow_21,0,12,7,0,26.6,Clear,Field C
2022-08-11,13:45,Cow_22,6,4,5,0,26.6,Clear,Field B
2022-08-11,13:45,Cow_23,0,7,8,0,26.6,Clear,Field C
2022-08-11,13:45,Cow_24,13,0,8,0,26.6,Clear,Field A
2022-08-11,13:45,Cow_25,0,0,0,15,26.6,Clear,Field C
2022-08-11,13:45,Cow_26,6,10,0,0,26.6,Clear,Field C
2022-08-11,13:45,Cow_27,12,0,5,0,26.6,Clear,Field C
2022-08-11,13:45,Cow_28,5,7,3,0,26.6,Clear,Field C
2022-08-11,13:45,Cow_29,2,6,7,0,26.6,Clear,Field C
2022-08-11,13:45,Cow_30,10,5,0,0,26.6,Clear,Field B
2022-08-11,13:45,Cow_31,8,3,4,0,26.6,Clear,Field C
2022-08-11,13:45,Cow_32,6,3,6,0,26.6,Clear,Field A
2022-08-11,13:45,Cow_33,12,7,0,0,26.6,Clear,Field B
2022-08-11,13:45,Cow_34,7,3,5,0,26.6,Clear,Field B
2022-08-11,13:45,Cow_35,5,5,5,0,26.6,Clear,Field B
2022-08-11,13:45,Cow_36,12,0,5,0,26.6,Clear,Field A
2022-08-11,13:45,Cow_37,6,4,5,0,26.6,Clear,Field C
2022-08-11,13:45,Cow_38,0,8,8,0,26.6,Clear,Field A
2022-08-11,13:45,Cow_39,14,3,0,0,26.6,Clear,Field B
2022-08-11,13:45,Cow_40,6,3,6,0,26.6,Clear,Field A
2022-08-11,13:45,Cow_41,7,5,3,0,26.6,Clear,Field B
2022-08-11,13:45,Cow_42,13,0,7,0,26.6,Clear,Field A
2022-08-11,13:45,Cow_43,14,8,0,0,26.6,Clear,Field C
2022-08-11,13:45,Cow_44,3,5,7,0,26.6,Clear,Field A
2022-08-11,13:45,Cow_45,0,0,0,15,26.6,Clear,Field B
2022-08-11,13:45,Cow_46,11,4,0,0,26.6,Clear,Field A
2022-08-11,13:45,Cow_47,7,4,4,0,26.6,Clear,Field B
2022-08-11,13:45,Cow_48,12,0,3,0,26.6,Clear,Field B
2022-08-11,13:45,Cow_49,0,0,0,15,26.6,Clear,Field B
2022-08-11,13:45,Cow_50,14,5,0,0,26.6,Clear,Field A
2022-08-11,13:45,Cow_51,14,5,0,0,26.6,Clear,Field A
2022-08-11,13:45,Cow_52,6,4,5,0,26.6,Clear,Field C
2022-08-11,13:45,Cow_53,6,7,2,0,26.6,Clear,Field C
2022-08-11,13:45,Cow_54,14,0,5,0,26.6,Clear,Field C
2022-08-11,13:45,Cow_55,9,0,6,0,26.6,Clear,Field B
2022-08-11,13:45,Cow_56,2,10,3,0,26.6,Clear,Field B
2022-08-11,13:45,Cow_57,6,1,8,0,26.6,Clear,Field C
2022-08-11,13:45,Cow_58,8,2,5,0,26.6,Clear,Field C
2022-08-11,13:45,Cow_59,10,5,0,0,26.6,Clear,Field B
2022-08-11,13:45,Cow_60,12,0,6,0,26.6,Clear,Field C
2022-08-11,13:45,Cow_61,13,0,6,0,26.6,Clear,Field B
2022-08-11,13:45,Cow_62,13,0,6,0,26.6,Clear,Field B
2022-08-11,13:45,Cow_63,0,11,4,0,26.6,Clear,Field B
2022-08-11,13:45,Cow_64,2,10,3,0,26.6,Clear,Field A
2022-08-11,13:45,Cow_65,5,2,8,0,26.6,Clear,Field B
2022-08-11,13:45,Cow_66,9,10,0,0,26.6,Clear,Field C
2022-08-11,13:45,Cow_67,2,10,3,0,26.6,Clear,Field C
2022-08-11,13:45,Cow_68,2,8,5,0,26.6,Clear,Field A
2022-08-11,13:45,Cow_69,12,0,3,0,26.6,Clear,Field C
2022-08-11,13:45,Cow_70,0,0,0,15,26.6,Clear,Field A
2022-08-11,13:45,Cow_71,1,7,7,0,26.6,Clear,Field A
2022-08-11,13:45,Cow_72,12,4,0,0,26.6,Clear,Field C
2022-08-11,13:45,Cow_73,9,0,8,0,26.6,Clear,Field C
2022-08-11,13:45,Cow_74,14,10,0,0,26.6,Clear,Field C
2022-08-11,13:45,Cow_75,8,2,5,0,26.6,Clear,Field B
2022-08-11,13:45,Cow_76,4,3,8,0,26.6,Clear,Field A
2022-08-11,13:45,Cow_77,14,0,7,0,26.6,Clear,Field C
2022-08-11,13:45,Cow_78,6,8,1,0,26.6,Clear,Field B
2022-08-11,13:45,Cow_79,0,10,5,0,26.6,Clear,Field C
2022-08-11,13:45,Cow_80,1,8,6,0,26.6,Clear,Field B
2022-08-11,13:45,Cow_81,0,0,0,15,26.6,Clear,Field C
2022-08-11,13:45,Cow_82,8,4,3,0,26.6,Clear,Field C
2022-08-11,13:45,Cow_83,7,1,7,0,26.6,Clear,Field C
2022-08-11,13:45,Cow_84,7,4,4,0,26.6,Clear,Field B
2022-08-11,13:45,Cow_85,1,9,5,0,26.6,Clear,Field C
2022-08-11,13:45,Cow_86,7,10,0,0,26.6,Clear,Field C
2022-08-11,13:45,Cow_87,5,3,7,0,26.6,Clear,Field B
2022-08-11,13:45,Cow_88,14,3,0,0,26.6,Clear,Field A
2022-08-11,13:45,Cow_89,5,6,4,0,26.6,Clear,Field A
2022-08-11,13:45,Cow_90,13,0,4,0,26.6,Clear,Field A
2022-08-11,13:45,Cow_91,11,0,8,0,26.6,Clear,Field A
2022-08-11,13:45,Cow_92,13,8,0,0,26.6,Clear,Field A
2022-08-11,13:45,Cow_93,11,1,3,0,26.6,Clear,Field C
2022-08-11,13:45,Cow_94,10,2,3,0,26.6,Clear,Field B
2022-08-11,13:45,Cow_95,12,3,0,0,26.6,Clear,Field C
2022-08-11,13:45,Cow_96,8,6,1,0,26.6,Clear,Field A
2022-08-11,13:45,Cow_97,11,1,3,0,26.6,Clear,Field C
2022-08-11,13:45,Cow_98,6,11,0,0,26.6,Clear,Field A
2022-08-11,13:45,Cow_99,6,6,3,0,26.6,Clear,Field B
2022-08-11,13:45,Cow_100,6,5,4,0,26.6,Clear,Field C
2022-08-11,13:45,Cow_101,13,3,0,0,26.6,Clear,Field B
2022-08-11,13:45,Cow_102,6,10,0,0,26.6,Clear,Field B
2022-08-11,13:45,Cow_103,6,3,6,0,26.6,Clear,Field B
2022-08-11,13:45,Cow_104,0,10,5,0,26.6,Clear,Field C
2022-08-11,13:45,Cow_105,5,3,7,0,26.6,Clear,Field A
2022-08-11,13:45,Cow_106,0,0,0,15,26.6,Clear,Field C
2022-08-11,13:45,Cow_107,13,0,3,0,26.6,Clear,Field C
2022-08-11,13:45,Cow_108,0,0,0,15,26.6,Clear,Field C
2022-08-11,13:45,Cow_109,11,7,0,0,26.6,Clear,Field B
2022-08-11,13:45,Cow_110,4,3,8,0,26.6,Clear,Field B
2022-08-11,13:45,Cow_111,13,6,0,0,26.6,Clear,Field B
2022-08-11,13:45,Cow_112,10,0,8,0,26.6,Clear,Field A
2022-08-11,13:45,Cow_113,7,7,1,0,26.6,Clear,Field A
2022-08-11,13:45,Cow_114,1,10,4,0,26.6,Clear,Field C
2022-08-11,13:45,Cow_115,9,1,5,0,26.6,Clear,Field B
2022-08-11,13:45,Cow_116,8,3,4,0,26.6,Clear,Field C
2022-08-11,13:45,Cow_117,10,1,4,0,26.6,Clear,Field A
2022-08-11,13:45,Cow_118,6,2,7,0,26.6,Clear,Field C
2022-08-11,13:45,Cow_119,2,9,4,0,26.6,Clear,Field B
2022-08-11,13:45,Cow_120,14,0,4,0,26.6,Clear,Field B
2022-08-11,13:45,Cow_121,0,0,0,15,26.6,Clear,Field A
2022-08-11,13:45,Cow_122,11,0,8,0,26.6,Clear,Field A
2022-08-11,13:45,Cow_123,11,10,0,0,26.6,Clear,Field B
2022-08-11,13:45,Cow_124,5,7,3,0,26.6,Clear,Field A
2022-08-11,13:45,Cow_125,9,8,0,0,26.6,Clear,Field B
2022-08-11,13:45,Cow_126,5,7,3,0,26.6,Clear,Field C
2022-08-11,13:45,Cow_127,13,8,0,0,26.6,Clear,Field A
2022-08-11,13:45,Cow_128,8,0,8,0,26.6,Clear,Field A
2022-08-11,13:45,Cow_129,5,10,0,0,26.6,Clear,Field A
2022-08-11,13:45,Cow_130,5,3,7,0,26.6,Clear,Field B
2022-08-11,13:45,Cow_131,12,10,0,0,26.6,Clear,Field B
2022-08-11,13:45,Cow_132,0,10,7,0,26.6,Clear,Field C
2022-08-11,13:45,Cow_133,8,8,0,0,26.6,Clear,Field B
2022-08-11,13:45,Cow_134,13,0,6,0,26.6,Clear,Field B
2022-08-11,13:45,Cow_135,12,0,5,0,26.6,Clear,Field C
2022-08-11,13:45,Cow_136,0,10,8,0,26.6,Clear,Field A
2022-08-11,13:45,Cow_137,14,0,5,0,26.6,Clear,Field B
2022-08-11,13:45,Cow_138,8,4,3,0,26.6,Clear,Field C
2022-08-11,13:45,Cow_139,11,0,5,0,26.6,Clear,Field B
2022-08-11,13:45,Cow_140,2,9,4,0,26.6,Clear,Field A
2022-08-11,13:45,Cow_141,5,5,5,0,26.6,Clear,Field C
2022-08-11,13:45,Cow_142,7,4,4,0,26.6,Clear,Field A
2022-08-11,13:45,Cow_143,4,5,6,0,26.6,Clear,Field C
2022-08-11,13:45,Cow_144,0,10,7,0,26.6,Clear,Field A
2022-08-11,13:45,Cow_145,13,4,0,0,26.6,Clear,Field C
2022-08-11,13:45,Cow_146,10,5,0,0,26.6,Clear,Field B
2022-08-11,13:45,Cow_147,14,0,6,0,26.6,Clear,Field A
2022-08-11,13:45,Cow_148,8,4,3,0,26.6,Clear,Field A
2022-08-11,13:45,Cow_149,0,7,8,0,26.6,Clear,Field B
2022-08-11,13:45,Cow_150,0,10,6,0,26.6,Clear,Field C
2022-08-11,13:45,Cow_151,7,0,8,0,26.6,Clear,Field A
2022-08-11,13:45,Cow_152,4,3,8,0,26.6,Clear,Field B
2022-08-11,13:45,Cow_153,14,9,0,0,26.6,Clear,Field B
2022-08-11,13:45,Cow_154,11,7,0,0,26.6,Clear,Field B
2022-08-11,13:45,Cow_155,0,10,6,0,26.6,Clear,Field A
2022-08-11,13:45,Cow_156,8,6,1,0,26.6,Clear,Field C
2022-08-11,13:45,Cow_157,13,9,0,0,26.6,Clear,Field B
2022-08-11,13:45,Cow_158,0,10,8,0,26.6,Clear,Field C
2022-08-11,13:45,Cow_159,13,0,6,0,26.6,Clear,Field C
2022-08-11,13:45,Cow_160,4,3,8,0,26.6,Clear,Field A
2022-08-11,13:45,Cow_161,13,6,0,0,26.6,Clear,Field A
2022-08-11,13:45,Cow_162,7,4,4,0,26.6,Clear,Field A
2022-08-11,13:45,Cow_163,6,5,4,0,26.6,Clear,Field B
2022-08-11,13:45,Cow_164,4,6,5,0,26.6,Clear,Field C
2022-08-11,13:45,Cow_165,13,0,5,0,26.6,Clear,Field B
2022-08-11,13:45,Cow_166,5,4,6,0,26.6,Clear,Field B
2022-08-11,13:45,Cow_167,10,8,0,0,26.6,Clear,Field A
2022-08-11,13:45,Cow_168,9,0,6,0,26.6,Clear,Field B
2022-08-11,13:45,Cow_169,7,2,6,0,26.6,Clear,Field B
2022-08-11,13:45,Cow_170,12,9,0,0,26.6,Clear,Field A
2022-08-11,13:45,Cow_171,7,4,4,0,26.6,Clear,Field B
2022-08-11,13:45,Cow_172,1,9,5,0,26.6,Clear,Field C
2022-08-11,13:45,Cow_173,3,5,7,0,26.6,Clear,Field A
2022-08-11,13:45,Cow_174,8,2,5,0,26.6,Clear,Field B
2022-08-11,13:45,Cow_175,12,0,7,0,26.6,Clear,Field A
2022-08-11,13:45,Cow_176,14,9,0,0,26.6,Clear,Field B
2022-08-11,13:45,Cow_177,8,1,6,0,26.6,Clear,Field C
2022-08-11,13:45,Cow_178,8,3,4,0,26.6,Clear,Field A
2022-08-11,13:45,Cow_179,7,0,8,0,26.6,Clear,Field A
2022-08-11,13:45,Cow_180,10,2,3,0,26.6,Clear,Field A
2022-08-11,13:45,Cow_181,9,0,8,0,26.6,Clear,Field C
2022-08-11,13:45,Cow_182,13,0,8,0,26.6,Clear,Field C
2022-08-11,13:45,Cow_183,8,1,6,0,26.6,Clear,Field A
2022-08-11,13:45,Cow_184,7,4,4,0,26.6,Clear,Field C
2022-08-11,13:45,Cow_185,5,4,6,0,26.6,Clear,Field B
2022-08-11,13:45,Cow_186,11,0,5,0,26.6,Clear,Field C
2022-08-11,13:45,Cow_187,8,0,8,0,26.6,Clear,Field C
2022-08-11,13:45,Cow_188,8,7,0,0,26.6,Clear,Field C
2022-08-11,13:45,Cow_189,14,7,0,0,26.6,Clear,Field B
2022-08-11,13:45,Cow_190,7,3,5,0,26.6,Clear,Field C
2022-08-11,13:45,Cow_191,0,9,8,0,26.6,Clear,Field A
2022-08-11,13:45,Cow_192,7,6,2,0,26.6,Clear,Field C
2022-08-11,13:45,Cow_193,6,8,1,0,26.6,Clear,Field B
2022-08-11,13:45,Cow_194,7,10,0,0,26.6,Clear,Field A
2022-08-11,13:45,Cow_195,7,8,0,0,26.6,Clear,Field C
2022-08-11,13:45,Cow_196,12,3,0,0,26.6,Clear,Field B
2022-08-11,13:45,Cow_197,8,4,3,0,26.6,Clear,Field C
2022-08-11,13:45,Cow_198,13,0,6,0,26.6,Clear,Field C
2022-08-11,13:45,Cow_199,3,9,3,0,26.6,Clear,Field A
2022-08-11,13:45,Cow_200,12,10,0,0,26.6,Clear,Field C
2022-08-11,13:45,Cow_201,3,5,7,0,26.6,Clear,Field B
2022-08-11,13:45,Cow_202,7,5,3,0,26.6,Clear,Field A
2022-08-11,13:45,Cow_203,7,4,4,0,26.6,Clear,Field B
2022-08-11,13:45,Cow_204,11,0,7,0,26.6,Clear,Field B
2022-08-11,13:45,Cow_205,10,0,6,0,26.6,Clear,Field C
2022-08-11,13:45,Cow_206,9,3,3,0,26.6,Clear,Field A
2022-08-11,13:45,Cow_207,6,3,6,0,26.6,Clear,Field C
2022-08-11,13:45,Cow_208,0,0,0,15,26.6,Clear,Field A
2022-08-11,13:45,Cow_209,8,7,0,0,26.6,Clear,Field A
2022-08-11,13:45,Cow_210,12,0,6,0,26.6,Clear,Field A
2022-08-11,13:45,Cow_211,8,10,0,0,26.6,Clear,Field A
2022-08-11,13:45,Cow_212,6,5,4,0,26.6,Clear,Field B
2022-08-11,13:45,Cow_213,3,8,4,0,26.6,Clear,Field C
2022-08-11,13:45,Cow_214,1,7,7,0,26.6,Clear,Field B
2022-08-11,13:45,Cow_215,11,1,3,0,26.6,Clear,Field A
2022-08-11,13:45,Cow_216,7,3,5,0,26.6,Clear,Field C
2022-08-11,13:45,Cow_217,9,4,2,0,26.6,Clear,Field C
2022-08-11,13:45,Cow_218,5,3,7,0,26.6,Clear,Field B
2022-08-11,13:45,Cow_219,13,8,0,0,26.6,Clear,Field B
2022-08-11,13:45,Cow_220,6,2,7,0,26.6,Clear,Field A
2022-08-11,13:45,Cow_221,5,5,5,0,26.6,Clear,Field B
2022-08-11,13:45,Cow_222,3,8,4,0,26.6,Clear,Field C
2022-08-11,13:45,Cow_223,12,0,7,0,26.6,Clear,Field A
2022-08-11,13:45,Cow_224,0,10,6,0,26.6,Clear,Field B
2022-08-11,13:45,Cow_225,0,0,0,15,26.6,Clear,Field C
2022-08-11,13:45,Cow_226,10,10,0,0,26.6,Clear,Field A
2022-08-11,13:45,Cow_227,0,0,0,15,26.6,Clear,Field A
2022-08-11,13:45,Cow_228,0,9,7,0,26.6,Clear,Field B
2022-08-11,13:45,Cow_229,8,9,0,0,26.6,Clear,Field C
2022-08-11,13:45,Cow_230,8,3,4,0,26.6,Clear,Field B
2022-08-11,13:45,Cow_231,0,0,0,15,26.6,Clear,Field B
2022-08-11,13:45,Cow_232,11,0,7,0,26.6,Clear,Field A
2022-08-11,13:45,Cow_233,5,3,7,0,26.6,Clear,Field C
2022-08-11,13:45,Cow_234,0,9,6,0,26.6,Clear,Field B
2022-08-11,13:45,Cow_235,13,4,0,0,26.6,Clear,Field C
2022-08-11,13:45,Cow_236,11,0,4,0,26.6,Clear,Field A
2022-08-11,13:45,Cow_237,13,7,0,0,26.6,Clear,Field B
2022-08-11,13:45,Cow_238,8,5,2,0,26.6,Clear,Field C
2022-08-11,13:45,Cow_239,12,3,0,0,26.6,Clear,Field B
2022-08-11,13:45,Cow_240,4,7,4,0,26.6,Clear,Field B
2022-08-11,13:45,Cow_241,14,0,4,0,26.6,Clear,Field C
2022-08-11,13:45,Cow_242,2,5,8,0,26.6,Clear,Field B
2022-08-11,13:45,Cow_243,6,4,5,0,26.6,Clear,Field A
2022-08-11,13:45,Cow_244,13,7,0,0,26.6,Clear,Field B
2022-08-11,13:45,Cow_245,14,7,0,0,26.6,Clear,Field C
2022-08-11,13:45,Cow_246,11,10,0,0,26.6,Clear,Field C
2022-08-11,13:45,Cow_247,11,3,1,0,26.6,Clear,Field B
2022-08-11,13:45,Cow_248,7,3,5,0,26.6,Clear,Field C
2022-08-11,13:45,Cow_249,10,8,0,0,26.6,Clear,Field C
2022-08-11,13:45,Cow_250,5,5,5,0,26.6,Clear,Field A
2022-08-11,13:45,Cow_251,7,5,3,0,26.6,Clear,Field A
2022-08-11,13:45,Cow_252,1,10,4,0,26.6,Clear,Field A
2022-08-11,13:45,Cow_253,5,5,5,0,26.6,Clear,Field C
2022-08-11,13:45,Cow_254,5,5,5,0,26.6,Clear,Field B
2022-08-11,13:45,Cow_255,7,5,3,0,26.6,Clear,Field C
2022-08-11,13:45,Cow_256,9,3,3,0,26.6,Clear,Field C
2022-08-11,13:45,Cow_257,9,3,3,0,26.6,Clear,Field B
2022-08-11,13:45,Cow_258,12,0,3,0,26.6,Clear,Field B
2022-08-11,13:45,Cow_259,9,3,3,0,26.6,Clear,Field B
2022-08-11,13:45,Cow_260,7,5,3,0,26.6,Clear,Field A
2022-08-11,13:45,Cow_261,5,4,6,0,26.6,Clear,Field C
2022-08-11,13:45,Cow_262,9,2,4,0,26.6,Clear,Field B
2022-08-11,13:45,Cow_263,4,5,6,0,26.6,Clear,Field C
2022-08-11,13:45,Cow_264,12,6,0,0,26.6,Clear,Field C
2022-08-11,13:45,Cow_265,13,8,0,0,26.6,Clear,Field C
2022-08-11,13:45,Cow_266,9,6,0,0,26.6,Clear,Field B
2022-08-11,13:45,Cow_267,8,3,4,0,26.6,Clear,Field C
2022-08-11,13:45,Cow_268,9,0,6,0,26.6,Clear,Field C
2022-08-11,13:45,Cow_269,12,4,0,0,26.6,Clear,Field B
2022-08-11,13:45,Cow_270,12,0,5,0,26.6,Clear,Field A
2022-08-11,13:45,Cow_271,0,0,0,15,26.6,Clear,Field B
2022-08-11,13:45,Cow_272,12,7,0,0,26.6,Clear,Field A
2022-08-11,13:45,Cow_273,8,4,3,0,26.6,Clear,Field B
2022-08-11,13:45,Cow_274,7,5,3,0,26.6,Clear,Field C
2022-08-11,13:45,Cow_275,12,0,6,0,26.6,Clear,Field A
2022-08-11,13:45,Cow_276,0,9,6,0,26.6,Clear,Field C
2022-08-11,13:45,Cow_277,5,6,4,0,26.6,Clear,Field B
2022-08-11,13:45,Cow_278,13,4,0,0,26.6,Clear,Field B
2022-08-11,13:45,Cow_279,8,10,0,0,26.6,Clear,Field A
2022-08-11,13:45,Cow_280,6,3,6,0,26.6,Clear,Field A
2022-08-11,13:45,Cow_281,6,4,5,0,26.6,Clear,Field C
2022-08-11,13:45,Cow_282,12,8,0,0,26.6,Clear,Field A
2022-08-11,13:45,Cow_283,3,7,5,0,26.6,Clear,Field C
2022-08-11,13:45,Cow_284,5,9,1,0,26.6,Clear,Field C
2022-08-11,13:45,Cow_285,1,7,7,0,26.6,Clear,Field B
2022-08-11,13:45,Cow_286,13,0,3,0,26.6,Clear,Field B
2022-08-11,13:45,Cow_287,0,9,8,0,26.6,Clear,Field C
2022-08-11,13:45,Cow_288,3,6,6,0,26.6,Clear,Field C
2022-08-11,13:45,Cow_289,13,0,7,0,26.6,Clear,Field A
2022-08-11,13:45,Cow_290,0,0,0,15,26.6,Clear,Field C
2022-08-11,13:45,Cow_291,14,0,6,0,26.6,Clear,Field C
2022-08-11,13:45,Cow_292,7,5,3,0,26.6,Clear,Field B
2022-08-11,13:45,Cow_293,0,0,0,15,26.6,Clear,Field C
2022-08-11,13:45,Cow_294,11,4,0,0,26.6,Clear,Field A
2022-08-11,13:45,Cow_295,0,9,6,0,26.6,Clear,Field B
2022-08-11,13:45,Cow_296,0,9,8,0,26.6,Clear,Field C
2022-08-11,13:45,Cow_297,12,4,0,0,26.6,Clear,Field B
2022-08-11,13:45,Cow_298,0,8,8,0,26.6,Clear,Field A
2022-08-11,13:45,Cow_299,5,5,5,0,26.6,Clear,Field C
2022-08-11,13:45,Cow_300,9,0,7,0,26.6,Clear,Field C
2022-08-11,13:45,Cow_301,7,2,6,0,26.6,Clear,Field A
2022-08-11,13:45,Cow_302,0,8,8,0,26.6,Clear,Field C
2022-08-11,13:45,Cow_303,12,6,0,0,26.6,Clear,Field C
2022-08-11,13:45,Cow_304,8,4,3,0,26.6,Clear,Field A
2022-08-11,13:45,Cow_305,7,9,0,0,26.6,Clear,Field C
2022-08-11,13:45,Cow_306,14,10,0,0,26.6,Clear,Field C
2022-08-11,13:45,Cow_307,2,10,3,0,26.6,Clear,Field C
2022-08-11,13:45,Cow_308,8,5,2,0,26.6,Clear,Field A
2022-08-11,13:45,Cow_309,9,8,0,0,26.6,Clear,Field C
2022-08-11,13:45,Cow_310,3,8,4,0,26.6,Clear,Field C
2022-08-11,13:45,Cow_311,9,2,4,0,26.6,Clear,Field C
2022-08-11,13:45,Cow_312,7,5,3,0,26.6,Clear,Field C
2022-08-11,13:45,Cow_313,9,2,4,0,26.6,Clear,Field C
2022-08-11,13:45,Cow_314,7,0,8,0,26.6,Clear,Field A
2022-08-11,13:45,Cow_315,13,7,0,0,26.6,Clear,Field B
2022-08-11,13:45,Cow_316,13,10,0,0,26.6,Clear,Field B
2022-08-11,13:45,Cow_317,0,8,7,0,26.6,Clear,Field A
2022-08-11,13:45,Cow_318,13,9,0,0,26.6,Clear,Field A
2022-08-11,13:45,Cow_319,5,8,2,0,26.6,Clear,Field C
2022-08-11,13:45,Cow_320,12,5,0,0,26.6,Clear,Field C
2022-08-11,13:45,Cow_321,1,9,5,0,26.6,Clear,Field B
2022-08-11,13:45,Cow_322,0,8,7,0,26.6,Clear,Field B
2022-08-11,13:45,Cow_323,11,3,1,0,26.6,Clear,Field C
2022-08-11,13:45,Cow_324,8,9,0,0,26.6,Clear,Field C
2022-08-11,13:45,Cow_325,10,4,1,0,26.6,Clear,Field B
2022-08-11,13:45,Cow_326,8,0,8,0,26.6,Clear,Field A
2022-08-11,13:45,Cow_327,6,6,3,0,26.6,Clear,Field B
2022-08-11,13:45,Cow_328,5,3,7,0,26.6,Clear,Field B
2022-08-11,13:45,Cow_329,11,0,6,0,26.6,Clear,Field B
2022-08-11,13:45,Cow_330,12,0,6,0,26.6,Clear,Field A
2022-08-11,13:45,Cow_331,0,10,5,0,26.6,Clear,Field C
2022-08-11,13:45,Cow_332,6,6,3,0,26.6,Clear,Field C
2022-08-11,13:45,Cow_333,0,0,0,15,26.6,Clear,Field B
2022-08-11,13:45,Cow_334,6,4,5,0,26.6,Clear,Field C
2022-08-11,13:45,Cow_335,5,6,4,0,26.6,Clear,Field B
2022-08-11,13:45,Cow_336,14,9,0,0,26.6,Clear,Field C
2022-08-11,13:45,Cow_337,7,8,0,0,26.6,Clear,Field A
2022-08-11,13:45,Cow_338,11,10,0,0,26.6,Clear,Field A
2022-08-11,13:45,Cow_339,10,0,5,0,26.6,Clear,Field B
2022-08-11,13:45,Cow_340,13,0,6,0,26.6,Clear,Field A
2022-08-11,13:45,Cow_341,7,5,3,0,26.6,Clear,Field C
2022-08-11,13:45,Cow_342,0,10,6,0,26.6,Clear,Field C
2022-08-11,13:45,Cow_343,0,0,0,15,26.6,Clear,Field A
2022-08-11,13:45,Cow_344,0,10,6,0,26.6,Clear,Field A
2022-08-11,13:45,Cow_345,0,0,0,15,26.6,Clear,Field A
2022-08-11,13:45,Cow_346,14,3,0,0,26.6,Clear,Field B
2022-08-11,13:45,Cow_347,8,4,3,0,26.6,Clear,Field C
2022-08-11,13:45,Cow_348,9,0,8,0,26.6,Clear,Field A
2022-08-11,13:45,Cow_349,0,8,8,0,26.6,Clear,Field C
2022-08-11,13:45,Cow_350,12,0,4,0,26.6,Clear,Field C
2022-08-11,13:45,Cow_351,13,0,5,0,26.6,Clear,Field B
2022-08-11,13:45,Cow_352,0,0,0,15,26.6,Clear,Field B
2022-08-11,13:45,Cow_353,2,10,3,0,26.6,Clear,Field C
2022-08-11,13:45,Cow_354,13,9,0,0,26.6,Clear,Field C
2022-08-11,13:45,Cow_355,6,4,5,0,26.6,Clear,Field A
2022-08-11,13:45,Cow_356,10,10,0,0,26.6,Clear,Field C
2022-08-11,13:45,Cow_357,1,8,6,0,26.6,Clear,Field B
2022-08-11,13:45,Cow_358,2,10,3,0,26.6,Clear,Field A
2022-08-11,13:45,Cow_359,11,11,0,0,26.6,Clear,Field B
2022-08-11,13:45,Cow_360,5,4,6,0,26.6,Clear,Field C
2022-08-11,13:45,Cow_361,11,0,7,0,26.6,Clear,Field A
2022-08-11,13:45,Cow_362,0,0,0,15,26.6,Clear,Field A
2022-08-11,13:45,Cow_363,15,9,0,0,26.6,Clear,Field C
2022-08-11,13:45,Cow_364,7,8,0,0,26.6,Clear,Field B
2022-08-11,13:45,Cow_365,0,0,0,15,26.6,Clear,Field C
2022-08-11,13:45,Cow_366,11,5,0,0,26.6,Clear,Field C
2022-08-11,13:45,Cow_367,2,6,7,0,26.6,Clear,Field B
2022-08-11,13:45,Cow_368,0,7,8,0,26.6,Clear,Field C
2022-08-11,13:45,Cow_369,10,2,3,0,26.6,Clear,Field A
2022-08-11,13:45,Cow_370,6,5,4,0,26.6,Clear,Field A
2022-08-11,13:45,Cow_371,11,6,0,0,26.6,Clear,Field C
2022-08-11,13:45,Cow_372,2,10,3,0,26.6,Clear,Field C
2022-08-11,13:45,Cow_373,8,9,0,0,26.6,Clear,Field A
2022-08-11,13:45,Cow_374,11,8,0,0,26.6,Clear,Field C
2022-08-11,13:45,Cow_375,8,10,0,0,26.6,Clear,Field C
2022-08-11,13:45,Cow_376,0,7,8,0,26.6,Clear,Field A
2022-08-11,13:45,Cow_377,3,6,6,0,26.6,Clear,Field B
2022-08-11,13:45,Cow_378,1,7,7,0,26.6,Clear,Field B
2022-08-11,13:45,Cow_379,6,6,3,0,26.6,Clear,Field C
2022-08-11,13:45,Cow_380,8,0,7,0,26.6,Clear,Field C
2022-08-11,13:45,Cow_381,10,0,6,0,26.6,Clear,Field A
2022-08-11,13:45,Cow_382,1,7,7,0,26.6,Clear,Field A
2022-08-11,13:45,Cow_383,5,3,7,0,26.6,Clear,Field C
2022-08-11,13:45,Cow_384,0,9,6,0,26.6,Clear,Field B
2022-08-11,13:45,Cow_385,5,3,7,0,26.6,Clear,Field B
2022-08-11,13:45,Cow_386,9,3,3,0,26.6,Clear,Field A
2022-08-11,13:45,Cow_387,13,0,3,0,26.6,Clear,Field B
2022-08-11,13:45,Cow_388,1,8,6,0,26.6,Clear,Field C
2022-08-11,13:45,Cow_389,9,2,4,0,26.6,Clear,Field B
2022-08-11,13:45,Cow_390,9,6,0,0,26.6,Clear,Field B
2022-08-11,13:45,Cow_391,15,3,0,0,26.6,Clear,Field B
2022-08-11,13:45,Cow_392,9,4,2,0,26.6,Clear,Field B
2022-08-11,13:45,Cow_393,0,10,7,0,26.6,Clear,Field C
2022-08-11,13:45,Cow_394,5,2,8,0,26.6,Clear,Field C
2022-08-11,13:45,Cow_395,11,0,7,0,26.6,Clear,Field B
2022-08-11,13:45,Cow_396,0,0,0,15,26.6,Clear,Field C
2022-08-11,13:45,Cow_397,11,0,7,0,26.6,Clear,Field C
2022-08-11,13:45,Cow_398,9,0,7,0,26.6,Clear,Field A
2022-08-11,13:45,Cow_399,7,7,1,0,26.6,Clear,Field C
2022-08-11,13:45,Cow_400,12,6,0,0,26.6,Clear,Field B
2022-08-11,13:45,Cow_401,9,1,5,0,26.6,Clear,Field A
2022-08-11,13:45,Cow_402,13,0,4,0,26.6,Clear,Field C
2022-08-11,13:45,Cow_403,14,0,4,0,26.6,Clear,Field B
2022-08-11,13:45,Cow_404,1,9,5,0,26.6,Clear,Field B
2022-08-11,13:45,Cow_405,1,7,7,0,26.6,Clear,Field C
2022-08-11,13:45,Cow_406,7,6,2,0,26.6,Clear,Field A
2022-08-11,13:45,Cow_407,11,5,0,0,26.6,Clear,Field B
2022-08-11,13:45,Cow_408,3,6,6,0,26.6,Clear,Field C
2022-08-11,13:45,Cow_409,9,0,8,0,26.6,Clear,Field C
2022-08-11,13:45,Cow_410,5,6,4,0,26.6,Clear,Field A
2022-08-11,13:45,Cow_411,8,4,3,0,26.6,Clear,Field A
2022-08-11,13:45,Cow_412,0,8,9,0,26.6,Clear,Field C
2022-08-11,13:45,Cow_413,9,4,2,0,26.6,Clear,Field C
2022-08-11,13:45,Cow_414,9,0,6,0,26.6,Clear,Field B
2022-08-11,13:45,Cow_415,7,8,0,0,26.6,Clear,Field B
2022-08-11,13:45,Cow_416,11,6,0,0,26.6,Clear,Field A
2022-08-11,13:45,Cow_417,3,6,6,0,26.6,Clear,Field C
2022-08-11,13:45,Cow_418,6,10,0,0,26.6,Clear,Field A
2022-08-11,13:45,Cow_419,8,10,0,0,26.6,Clear,Field A
2022-08-11,13:45,Cow_420,6,10,0,0,26.6,Clear,Field B
2022-08-11,13:45,Cow_421,13,8,0,0,26.6,Clear,Field C
2022-08-11,13:45,Cow_422,0,10,8,0,26.6,Clear,Field C
2022-08-11,13:45,Cow_423,11,1,3,0,26.6,Clear,Field C
2022-08-11,13:45,Cow_424,13,0,6,0,26.6,Clear,Field C
2022-08-11,13:45,Cow_425,5,5,5,0,26.6,Clear,Field C
2022-08-11,13:45,Cow_426,14,5,0,0,26.6,Clear,Field B
2022-08-11,13:45,Cow_427,5,9,1,0,26.6,Clear,Field A
2022-08-11,13:45,Cow_428,12,0,7,0,26.6,Clear,Field B
2022-08-11,13:45,Cow_429,13,8,0,0,26.6,Clear,Field C
2022-08-11,13:45,Cow_430,2,10,3,0,26.6,Clear,Field C
2022-08-11,13:45,Cow_431,13,0,8,0,26.6,Clear,Field A
2022-08-11,13:45,Cow_432,6,3,6,0,26.6,Clear,Field C
2022-08-11,13:45,Cow_433,5,5,5,0,26.6,Clear,Field A
2022-08-11,13:45,Cow_434,10,6,0,0,26.6,Clear,Field C
2022-08-11,13:45,Cow_435,8,3,4,0,26.6,Clear,Field C
2022-08-11,13:45,Cow_436,12,0,7,0,26.6,Clear,Field A
2022-08-11,13:45,Cow_437,6,5,4,0,26.6,Clear,Field A
2022-08-11,13:45,Cow_438,3,9,3,0,26.6,Clear,Field C
2022-08-11,13:45,Cow_439,12,9,0,0,26.6,Clear,Field C
2022-08-11,13:45,Cow_440,8,0,8,0,26.6,Clear,Field A
2022-08-11,13:45,Cow_441,6,3,6,0,26.6,Clear,Field A
2022-08-11,13:45,Cow_442,2,7,6,0,26.6,Clear,Field B
2022-08-11,13:45,Cow_443,12,8,0,0,26.6,Clear,Field C
2022-08-11,13:45,Cow_444,6,6,3,0,26.6,Clear,Field A
2022-08-11,13:45,Cow_445,7,3,5,0,26.6,Clear,Field B
2022-08-11,13:45,Cow_446,14,6,0,0,26.6,Clear,Field A
2022-08-11,13:45,Cow_447,12,3,0,0,26.6,Clear,Field A
2022-08-11,13:45,Cow_448,5,7,3,0,26.6,Clear,Field C
2022-08-11,13:45,Cow_449,3,7,5,0,26.6,Clear,Field B
2022-08-11,13:45,Cow_450,12,0,7,0,26.6,Clear,Field C
2022-08-11,13:45,Cow_451,7,5,3,0,26.6,Clear,Field B
2022-08-11,13:45,Cow_452,10,1,4,0,26.6,Clear,Field C
2022-08-11,13:45,Cow_453,0,0,0,15,26.6,Clear,Field B
2022-08-11,13:45,Cow_454,5,6,4,0,26.6,Clear,Field C
2022-08-11,13:45,Cow_455,3,8,4,0,26.6,Clear,Field B
2022-08-11,13:45,Cow_456,8,8,0,0,26.6,Clear,Field C
2022-08-11,13:45,Cow_457,14,5,0,0,26.6,Clear,Field B
2022-08-11,13:45,Cow_458,4,7,4,0,26.6,Clear,Field A
2022-08-11,13:45,Cow_459,4,6,5,0,26.6,Clear,Field C
2022-08-11,13:45,Cow_460,12,9,0,0,26.6,Clear,Field B
2022-08-11,13:45,Cow_461,7,5,3,0,26.6,Clear,Field A
2022-08-11,13:45,Cow_462,14,0,7,0,26.6,Clear,Field B
2022-08-11,13:45,Cow_463,13,0,6,0,26.6,Clear,Field A
2022-08-11,13:45,Cow_464,14,0,8,0,26.6,Clear,Field A
2022-08-11,13:45,Cow_465,3,6,6,0,26.6,Clear,Field C
2022-08-11,13:45,Cow_466,11,3,1,0,26.6,Clear,Field C
2022-08-11,13:45,Cow_467,8,3,4,0,26.6,Clear,Field C
2022-08-11,13:45,Cow_468,12,4,0,0,26.6,Clear,Field A
2022-08-11,13:45,Cow_469,8,0,8,0,26.6,Clear,Field C
2022-08-11,13:45,Cow_470,3,5,7,0,26.6,Clear,Field B
2022-08-11,13:45,Cow_471,3,8,4,0,26.6,Clear,Field B
2022-08-11,13:45,Cow_472,10,0,8,0,26.6,Clear,Field C
2022-08-11,13:45,Cow_473,9,8,0,0,26.6,Clear,Field B
2022-08-11,13:45,Cow_474,8,8,0,0,26.6,Clear,Field A
2022-08-11,13:45,Cow_475,0,0,0,15,26.6,Clear,Field A
2022-08-11,13:45,Cow_476,11,0,7,0,26.6,Clear,Field A
2022-08-11,13:45,Cow_477,8,3,4,0,26.6,Clear,Field C
2022-08-11,13:45,Cow_478,8,1,6,0,26.6,Clear,Field B
2022-08-11,13:45,Cow_479,0,9,6,0,26.6,Clear,Field A
2022-08-11,13:45,Cow_480,12,0,4,0,26.6,Clear,Field A
2022-08-11,13:45,Cow_481,10,5,0,0,26.6,Clear,Field B
2022-08-11,13:45,Cow_482,8,3,4,0,26.6,Clear,Field B
2022-08-11,13:45,Cow_483,14,5,0,0,26.6,Clear,Field B
2022-08-11,13:45,Cow_484,9,0,6,0,26.6,Clear,Field A
2022-08-11,13:45,Cow_485,0,0,0,15,26.6,Clear,Field B
2022-08-11,13:45,Cow_486,14,3,0,0,26.6,Clear,Field B
2022-08-11,13:45,Cow_487,13,4,0,0,26.6,Clear,Field B
2022-08-11,13:45,Cow_488,8,4,3,0,26.6,Clear,Field A
2022-08-11,13:45,Cow_489,0,10,5,0,26.6,Clear,Field A
2022-08-11,13:45,Cow_490,0,7,8,0,26.6,Clear,Field C
2022-08-11,13:45,Cow_491,13,10,0,0,26.6,Clear,Field C
2022-08-11,13:45,Cow_492,9,10,0,0,26.6,Clear,Field A
2022-08-11,13:45,Cow_493,11,1,3,0,26.6,Clear,Field C
2022-08-11,13:45,Cow_494,6,3,6,0,26.6,Clear,Field A
2022-08-11,13:45,Cow_495,5,3,7,0,26.6,Clear,Field C
2022-08-11,13:45,Cow_496,1,10,4,0,26.6,Clear,Field A
2022-08-11,13:45,Cow_497,0,0,0,15,26.6,Clear,Field B
2022-08-11,13:45,Cow_498,3,6,6,0,26.6,Clear,Field A
2022-08-11,13:45,Cow_499,13,9,0,0,26.6,Clear,Field B
2022-08-11,13:45,Cow_500,7,2,6,0,26.6,Clear,Field C
2022-08-11,14:00,Cow_1,6,3,6,0,26.4,Clear,Field A
2022-08-11,14:00,Cow_2,7,5,3,0,26.4,Clear,Field A
2022-08-11,14:00,Cow_3,6,2,7,0,26.4,Clear,Field C
2022-08-11,14:00,Cow_4,4,5,6,0,26.4,Clear,Field C
2022-08-11,14:00,Cow_5,8,10,0,0,26.4,Clear,Field B
2022-08-11,14:00,Cow_6,7,2,6,0,26.4,Clear,Field A
2022-08-11,14:00,Cow_7,0,8,7,0,26.4,Clear,Field B
2022-08-11,14:00,Cow_8,6,7,2,0,26.4,Clear,Field C
2022-08-11,14:00,Cow_9,6,4,5,0,26.4,Clear,Field B
2022-08-11,14:00,Cow_10,10,0,5,0,26.4,Clear,Field B
2022-08-11,14:00,Cow_11,13,6,0,0,26.4,Clear,Field B
2022-08-11,14:00,Cow_12,4,4,7,0,26.4,Clear,Field B
2022-08-11,14:00,Cow_13,0,0,0,15,26.4,Clear,Field A
2022-08-11,14:00,Cow_14,10,0,5,0,26.4,Clear,Field B
2022-08-11,14:00,Cow_15,3,4,8,0,26.4,Clear,Field A
2022-08-11,14:00,Cow_16,13,9,0,0,26.4,Clear,Field B
2022-08-11,14:00,Cow_17,6,6,3,0,26.4,Clear,Field C
2022-08-11,14:00,Cow_18,2,11,2,0,26.4,Clear,Field A
2022-08-11,14:00,Cow_19,5,7,3,0,26.4,Clear,Field A
2022-08-11,14:00,Cow_20,13,7,0,0,26.4,Clear,Field B
2022-08-11,14:00,Cow_21,0,7,10,0,26.4,Clear,Field B
2022-08-11,14:00,Cow_22,5,3,7,0,26.4,Clear,Field A
2022-08-11,14:00,Cow_23,14,8,0,0,26.4,Clear,Field C
2022-08-11,14:00,Cow_24,10,0,6,0,26.4,Clear,Field C
2022-08-11,14:00,Cow_25,2,7,6,0,26.4,Clear,Field B
2022-08-11,14:00,Cow_26,9,3,3,0,26.4,Clear,Field C
2022-08-11,14:00,Cow_27,0,0,0,15,26.4,Clear,Field B
2022-08-11,14:00,Cow_28,5,3,7,0,26.4,Clear,Field B
2022-08-11,14:00,Cow_29,8,8,0,0,26.4,Clear,Field A
2022-08-11,14:00,Cow_30,14,0,6,0,26.4,Clear,Field C
2022-08-11,14:00,Cow_31,7,6,2,0,26.4,Clear,Field A
2022-08-11,14:00,Cow_32,11,10,0,0,26.4,Clear,Field C
2022-08-11,14:00,Cow_33,10,5,0,0,26.4,Clear,Field A
2022-08-11,14:00,Cow_34,13,0,3,0,26.4,Clear,Field C
2022-08-11,14:00,Cow_35,5,10,0,0,26.4,Clear,Field A
2022-08-11,14:00,Cow_36,12,9,0,0,26.4,Clear,Field C
2022-08-11,14:00,Cow_37,6,3,6,0,26.4,Clear,Field C
2022-08-11,14:00,Cow_38,14,0,8,0,26.4,Clear,Field A
2022-08-11,14:00,Cow_39,8,6,1,0,26.4,Clear,Field B
2022-08-11,14:00,Cow_40,14,8,0,0,26.4,Clear,Field B
2022-08-11,14:00,Cow_41,7,4,4,0,26.4,Clear,Field A
2022-08-11,14:00,Cow_42,12,0,5,0,26.4,Clear,Field B
2022-08-11,14:00,Cow_43,11,0,5,0,26.4,Clear,Field C
2022-08-11,14:00,Cow_44,8,4,3,0,26.4,Clear,Field A
2022-08-11,14:00,Cow_45,11,0,5,0,26.4,Clear,Field B
2022-08-11,14:00,Cow_46,0,9,7,0,26.4,Clear,Field C
2022-08-11,14:00,Cow_47,11,9,0,0,26.4,Clear,Field A
2022-08-11,14:00,Cow_48,8,3,4,0,26.4,Clear,Field C
2022-08-11,14:00,Cow_49,4,6,5,0,26.4,Clear,Field B
2022-08-11,14:00,Cow_50,8,1,6,0,26.4,Clear,Field A
2022-08-11,14:00,Cow_51,7,4,4,0,26.4,Clear,Field B
2022-08-11,14:00,Cow_52,5,9,1,0,26.4,Clear,Field B
2022-08-11,14:00,Cow_53,3,7,5,0,26.4,Clear,Field C
2022-08-11,14:00,Cow_54,0,7,8,0,26.4,Clear,Field C
2022-08-11,14:00,Cow_55,0,8,8,0,26.4,Clear,Field B
2022-08-11,14:00,Cow_56,1,9,5,0,26.4,Clear,Field C
2022-08-11,14:00,Cow_57,4,6,5,0,26.4,Clear,Field B
2022-08-11,14:00,Cow_58,12,4,0,0,26.4,Clear,Field B
2022-08-11,14:00,Cow_59,0,0,0,15,26.4,Clear,Field A
2022-08-11,14:00,Cow_60,10,0,7,0,26.4,Clear,Field C
2022-08-11,14:00,Cow_61,1,10,4,0,26.4,Clear,Field C
2022-08-11,14:00,Cow_62,0,10,7,0,26.4,Clear,Field B
2022-08-11,14:00,Cow_63,13,3,0,0,26.4,Clear,Field C
2022-08-11,14:00,Cow_64,7,5,3,0,26.4,Clear,Field B
2022-08-11,14:00,Cow_65,6,4,5,0,26.4,Clear,Field A
2022-08-11,14:00,Cow_66,13,10,0,0,26.4,Clear,Field B
2022-08-11,14:00,Cow_67,5,5,5,0,26.4,Clear,Field C
2022-08-11,14:00,Cow_68,12,4,0,0,26.4,Clear,Field B
2022-08-11,14:00,Cow_69,13,0,5,0,26.4,Clear,Field A
2022-08-11,14:00,Cow_70,9,10,0,0,26.4,Clear,Field A
2022-08-11,14:00,Cow_71,0,0,0,15,26.4,Clear,Field A
2022-08-11,14:00,Cow_72,10,7,0,0,26.4,Clear,Field C
2022-08-11,14:00,Cow_73,9,0,8,0,26.4,Clear,Field B
2022-08-11,14:00,Cow_74,5,3,7,0,26.4,Clear,Field A
2022-08-11,14:00,Cow_75,7,5,3,0,26.4,Clear,Field C
2022-08-11,14:00,Cow_76,13,8,0,0,26.4,Clear,Field C
2022-08-11,14:00,Cow_77,2,10,3,0,26.4,Clear,Field C
2022-08-11,14:00,Cow_78,6,9,0,0,26.4,Clear,Field B
2022-08-11,14:00,Cow_79,11,0,8,0,26.4,Clear,Field C
2022-08-11,14:00,Cow_80,11,1,3,0,26.4,Clear,Field C
2022-08-11,14:00,Cow_81,14,0,4,0,26.4,Clear,Field A
2022-08-11,14:00,Cow_82,14,10,0,0,26.4,Clear,Field A
2022-08-11,14:00,Cow_83,14,6,0,0,26.4,Clear,Field B
2022-08-11,14:00,Cow_84,7,10,0,0,26.4,Clear,Field A
2022-08-11,14:00,Cow_85,0,8,8,0,26.4,Clear,Field B
2022-08-11,14:00,Cow_86,8,3,4,0,26.4,Clear,Field C
2022-08-11,14:00,Cow_87,14,6,0,0,26.4,Clear,Field B
2022-08-11,14:00,Cow_88,12,3,0,0,26.4,Clear,Field A
2022-08-11,14:00,Cow_89,3,9,3,0,26.4,Clear,Field C
2022-08-11,14:00,Cow_90,0,10,7,0,26.4,Clear,Field A
2022-08-11,14:00,Cow_91,5,4,6,0,26.4,Clear,Field B
2022-08-11,14:00,Cow_92,6,4,5,0,26.4,Clear,Field C
2022-08-11,14:00,Cow_93,4,8,3,0,26.4,Clear,Field A
2022-08-11,14:00,Cow_94,0,9,8,0,26.4,Clear,Field A
2022-08-11,14:00,Cow_95,7,8,0,0,26.4,Clear,Field C
2022-08-11,14:00,Cow_96,11,6,0,0,26.4,Clear,Field C
2022-08-11,14:00,Cow_97,8,4,3,0,26.4,Clear,Field C
2022-08-11,14:00,Cow_98,15,6,0,0,26.4,Clear,Field A
2022-08-11,14:00,Cow_99,6,9,0,0,26.4,Clear,Field A
2022-08-11,14:00,Cow_100,3,4,8,0,26.4,Clear,Field B
2022-08-11,14:00,Cow_101,14,7,0,0,26.4,Clear,Field B
2022-08-11,14:00,Cow_102,8,9,0,0,26.4,Clear,Field C
2022-08-11,14:00,Cow_103,10,5,0,0,26.4,Clear,Field C
2022-08-11,14:00,Cow_104,6,6,3,0,26.4,Clear,Field A
2022-08-11,14:00,Cow_105,7,0,8,0,26.4,Clear,Field C
2022-08-11,14:00,Cow_106,5,6,4,0,26.4,Clear,Field B
2022-08-11,14:00,Cow_107,8,4,3,0,26.4,Clear,Field B
2022-08-11,14:00,Cow_108,6,6,3,0,26.4,Clear,Field C
2022-08-11,14:00,Cow_109,12,0,3,0,26.4,Clear,Field A
2022-08-11,14:00,Cow_110,10,7,0,0,26.4,Clear,Field A
2022-08-11,14:00,Cow_111,9,1,5,0,26.4,Clear,Field A
2022-08-11,14:00,Cow_112,2,6,7,0,26.4,Clear,Field B
2022-08-11,14:00,Cow_113,7,8,0,0,26.4,Clear,Field A
2022-08-11,14:00,Cow_114,5,8,2,0,26.4,Clear,Field B
2022-08-11,14:00,Cow_115,11,0,4,0,26.4,Clear,Field C
2022-08-11,14:00,Cow_116,8,4,3,0,26.4,Clear,Field A
2022-08-11,14:00,Cow_117,8,4,3,0,26.4,Clear,Field C
2022-08-11,14:00,Cow_118,11,0,8,0,26.4,Clear,Field C
2022-08-11,14:00,Cow_119,4,3,8,0,26.4,Clear,Field A
2022-08-11,14:00,Cow_120,5,2,8,0,26.4,Clear,Field A
2022-08-11,14:00,Cow_121,6,5,4,0,26.4,Clear,Field C
2022-08-11,14:00,Cow_122,7,4,4,0,26.4,Clear,Field A
2022-08-11,14:00,Cow_123,7,3,5,0,26.4,Clear,Field C
2022-08-11,14:00,Cow_124,8,7,0,0,26.4,Clear,Field A
2022-08-11,14:00,Cow_125,14,0,4,0,26.4,Clear,Field C
2022-08-11,14:00,Cow_126,11,10,0,0,26.4,Clear,Field C
2022-08-11,14:00,Cow_127,10,4,1,0,26.4,Clear,Field C
2022-08-11,14:00,Cow_128,5,6,4,0,26.4,Clear,Field C
2022-08-11,14:00,Cow_129,9,10,0,0,26.4,Clear,Field B
2022-08-11,14:00,Cow_130,7,10,0,0,26.4,Clear,Field A
2022-08-11,14:00,Cow_131,12,5,0,0,26.4,Clear,Field B
2022-08-11,14:00,Cow_132,6,9,0,0,26.4,Clear,Field B
2022-08-11,14:00,Cow_133,11,9,0,0,26.4,Clear,Field B
2022-08-11,14:00,Cow_134,13,0,5,0,26.4,Clear,Field C
2022-08-11,14:00,Cow_135,7,3,5,0,26.4,Clear,Field C
2022-08-11,14:00,Cow_136,9,4,2,0,26.4,Clear,Field A
2022-08-11,14:00,Cow_137,7,3,5,0,26.4,Clear,Field B
2022-08-11,14:00,Cow_138,6,5,4,0,26.4,Clear,Field A
2022-08-11,14:00,Cow_139,11,9,0,0,26.4,Clear,Field C
2022-08-11,14:00,Cow_140,14,0,7,0,26.4,Clear,Field C
2022-08-11,14:00,Cow_141,8,0,7,0,26.4,Clear,Field A
2022-08-11,14:00,Cow_142,5,6,4,0,26.4,Clear,Field B
2022-08-11,14:00,Cow_143,6,10,0,0,26.4,Clear,Field A
2022-08-11,14:00,Cow_144,10,3,2,0,26.4,Clear,Field A
2022-08-11,14:00,Cow_145,0,0,0,15,26.4,Clear,Field A
2022-08-11,14:00,Cow_146,14,0,6,0,26.4,Clear,Field C
2022-08-11,14:00,Cow_147,6,1,8,0,26.4,Clear,Field C
2022-08-11,14:00,Cow_148,10,3,2,0,26.4,Clear,Field A
2022-08-11,14:00,Cow_149,5,3,7,0,26.4,Clear,Field B
2022-08-11,14:00,Cow_150,1,10,4,0,26.4,Clear,Field B
2022-08-11,14:00,Cow_151,14,0,7,0,26.4,Clear,Field C
2022-08-11,14:00,Cow_152,7,5,3,0,26.4,Clear,Field B
2022-08-11,14:00,Cow_153,7,3,5,0,26.4,Clear,Field A
2022-08-11,14:00,Cow_154,4,7,4,0,26.4,Clear,Field C
2022-08-11,14:00,Cow_155,7,1,7,0,26.4,Clear,Field B
2022-08-11,14:00,Cow_156,6,3,6,0,26.4,Clear,Field B
2022-08-11,14:00,Cow_157,11,4,0,0,26.4,Clear,Field C
2022-08-11,14:00,Cow_158,0,0,0,15,26.4,Clear,Field A
2022-08-11,14:00,Cow_159,6,1,8,0,26.4,Clear,Field B
2022-08-11,14:00,Cow_160,0,0,0,15,26.4,Clear,Field B
2022-08-11,14:00,Cow_161,7,3,5,0,26.4,Clear,Field B
2022-08-11,14:00,Cow_162,5,3,7,0,26.4,Clear,Field C
2022-08-11,14:00,Cow_163,12,7,0,0,26.4,Clear,Field C
2022-08-11,14:00,Cow_164,13,0,8,0,26.4,Clear,Field C
2022-08-11,14:00,Cow_165,12,4,0,0,26.4,Clear,Field A
2022-08-11,14:00,Cow_166,5,3,7,0,26.4,Clear,Field B
2022-08-11,14:00,Cow_167,7,4,4,0,26.4,Clear,Field B
2022-08-11,14:00,Cow_168,12,9,0,0,26.4,Clear,Field B
2022-08-11,14:00,Cow_169,7,5,3,0,26.4,Clear,Field B
2022-08-11,14:00,Cow_170,2,6,7,0,26.4,Clear,Field A
2022-08-11,14:00,Cow_171,5,10,0,0,26.4,Clear,Field C
2022-08-11,14:00,Cow_172,8,1,6,0,26.4,Clear,Field B
2022-08-11,14:00,Cow_173,13,0,3,0,26.4,Clear,Field B
2022-08-11,14:00,Cow_174,0,8,9,0,26.4,Clear,Field B
2022-08-11,14:00,Cow_175,0,10,8,0,26.4,Clear,Field C
2022-08-11,14:00,Cow_176,5,3,7,0,26.4,Clear,Field C
2022-08-11,14:00,Cow_177,0,0,0,15,26.4,Clear,Field C
2022-08-11,14:00,Cow_178,6,5,4,0,26.4,Clear,Field B
2022-08-11,14:00,Cow_179,8,2,5,0,26.4,Clear,Field A
2022-08-11,14:00,Cow_180,13,10,0,0,26.4,Clear,Field C
2022-08-11,14:00,Cow_181,6,5,4,0,26.4,Clear,Field C
2022-08-11,14:00,Cow_182,2,5,8,0,26.4,Clear,Field C
2022-08-11,14:00,Cow_183,4,8,3,0,26.4,Clear,Field A
2022-08-11,14:00,Cow_184,14,0,4,0,26.4,Clear,Field A
2022-08-11,14:00,Cow_185,9,5,1,0,26.4,Clear,Field A
2022-08-11,14:00,Cow_186,6,6,3,0,26.4,Clear,Field A
2022-08-11,14:00,Cow_187,0,10,5,0,26.4,Clear,Field B
2022-08-11,14:00,Cow_188,2,6,7,0,26.4,Clear,Field C
2022-08-11,14:00,Cow_189,5,6,4,0,26.4,Clear,Field B
2022-08-11,14:00,Cow_190,2,9,4,0,26.4,Clear,Field B
2022-08-11,14:00,Cow_191,5,9,1,0,26.4,Clear,Field A
2022-08-11,14:00,Cow_192,5,6,4,0,26.4,Clear,Field B
2022-08-11,14:00,Cow_193,11,0,6,0,26.4,Clear,Field C
2022-08-11,14:00,Cow_194,6,6,3,0,26.4,Clear,Field B
2022-08-11,14:00,Cow_195,5,5,5,0,26.4,Clear,Field B
2022-08-11,14:00,Cow_196,2,7,6,0,26.4,Clear,Field B
2022-08-11,14:00,Cow_197,5,6,4,0,26.4,Clear,Field C
2022-08-11,14:00,Cow_198,9,6,0,0,26.4,Clear,Field A
2022-08-11,14:00,Cow_199,8,9,0,0,26.4,Clear,Field C
2022-08-11,14:00,Cow_200,13,0,5,0,26.4,Clear,Field C
2022-08-11,14:00,Cow_201,11,8,0,0,26.4,Clear,Field A
2022-08-11,14:00,Cow_202,13,6,0,0,26.4,Clear,Field A
2022-08-11,14:00,Cow_203,6,4,5,0,26.4,Clear,Field C
2022-08-11,14:00,Cow_204,4,4,7,0,26.4,Clear,Field B
2022-08-11,14:00,Cow_205,0,7,8,0,26.4,Clear,Field B
2022-08-11,14:00,Cow_206,6,3,6,0,26.4,Clear,Field A
2022-08-11,14:00,Cow_207,7,2,6,0,26.4,Clear,Field B
2022-08-11,14:00,Cow_208,6,8,1,0,26.4,Clear,Field A
2022-08-11,14:00,Cow_209,11,0,5,0,26.4,Clear,Field C
2022-08-11,14:00,Cow_210,7,0,8,0,26.4,Clear,Field C
2022-08-11,14:00,Cow_211,3,9,3,0,26.4,Clear,Field C
2022-08-11,14:00,Cow_212,8,3,4,0,26.4,Clear,Field C
2022-08-11,14:00,Cow_213,13,3,0,0,26.4,Clear,Field A
2022-08-11,14:00,Cow_214,8,2,5,0,26.4,Clear,Field B
2022-08-11,14:00,Cow_215,13,9,0,0,26.4,Clear,Field B
2022-08-11,14:00,Cow_216,9,2,4,0,26.4,Clear,Field B
2022-08-11,14:00,Cow_217,13,3,0,0,26.4,Clear,Field C
2022-08-11,14:00,Cow_218,3,6,6,0,26.4,Clear,Field C
2022-08-11,14:00,Cow_219,0,10,6,0,26.4,Clear,Field A
2022-08-11,14:00,Cow_220,12,0,3,0,26.4,Clear,Field B
2022-08-11,14:00,Cow_221,8,9,0,0,26.4,Clear,Field B
2022-08-11,14:00,Cow_222,4,5,6,0,26.4,Clear,Field B
2022-08-11,14:00,Cow_223,7,0,8,0,26.4,Clear,Field B
2022-08-11,14:00,Cow_224,9,1,5,0,26.4,Clear,Field B
2022-08-11,14:00,Cow_225,7,5,3,0,26.4,Clear,Field A
2022-08-11,14:00,Cow_226,0,0,0,15,26.4,Clear,Field A
2022-08-11,14:00,Cow_227,7,4,4,0,26.4,Clear,Field A
2022-08-11,14:00,Cow_228,10,3,2,0,26.4,Clear,Field C
2022-08-11,14:00,Cow_229,13,0,6,0,26.4,Clear,Field C
2022-08-11,14:00,Cow_230,14,8,0,0,26.4,Clear,Field B
2022-08-11,14:00,Cow_231,12,10,0,0,26.4,Clear,Field A
2022-08-11,14:00,Cow_232,12,0,7,0,26.4,Clear,Field B
2022-08-11,14:00,Cow_233,3,7,5,0,26.4,Clear,Field B
2022-08-11,14:00,Cow_234,6,4,5,0,26.4,Clear,Field B
2022-08-11,14:00,Cow_235,0,11,5,0,26.4,Clear,Field A
2022-08-11,14:00,Cow_236,8,3,4,0,26.4,Clear,Field C
2022-08-11,14:00,Cow_237,14,0,4,0,26.4,Clear,Field B
2022-08-11,14:00,Cow_238,6,6,3,0,26.4,Clear,Field B
2022-08-11,14:00,Cow_239,5,3,7,0,26.4,Clear,Field A
2022-08-11,14:00,Cow_240,0,9,7,0,26.4,Clear,Field A
2022-08-11,14:00,Cow_241,2,8,5,0,26.4,Clear,Field A
2022-08-11,14:00,Cow_242,1,7,7,0,26.4,Clear,Field C
2022-08-11,14:00,Cow_243,3,9,3,0,26.4,Clear,Field B
2022-08-11,14:00,Cow_244,5,6,4,0,26.4,Clear,Field B
2022-08-11,14:00,Cow_245,11,8,0,0,26.4,Clear,Field A
2022-08-11,14:00,Cow_246,3,5,7,0,26.4,Clear,Field A
2022-08-11,14:00,Cow_247,11,7,0,0,26.4,Clear,Field A
2022-08-11,14:00,Cow_248,12,0,5,0,26.4,Clear,Field B
2022-08-11,14:00,Cow_249,11,1,3,0,26.4,Clear,Field A
2022-08-11,14:00,Cow_250,7,3,5,0,26.4,Clear,Field B
2022-08-11,14:00,Cow_251,2,6,7,0,26.4,Clear,Field C
2022-08-11,14:00,Cow_252,0,8,10,0,26.4,Clear,Field B
2022-08-11,14:00,Cow_253,14,0,7,0,26.4,Clear,Field B
2022-08-11,14:00,Cow_254,7,6,2,0,26.4,Clear,Field B
2022-08-11,14:00,Cow_255,10,1,4,0,26.4,Clear,Field B
2022-08-11,14:00,Cow_256,13,0,4,0,26.4,Clear,Field C
2022-08-11,14:00,Cow_257,14,6,0,0,26.4,Clear,Field B
2022-08-11,14:00,Cow_258,12,9,0,0,26.4,Clear,Field C
2022-08-11,14:00,Cow_259,0,10,8,0,26.4,Clear,Field C
2022-08-11,14:00,Cow_260,13,0,5,0,26.4,Clear,Field C
2022-08-11,14:00,Cow_261,7,3,5,0,26.4,Clear,Field A
2022-08-11,14:00,Cow_262,5,8,2,0,26.4,Clear,Field B
2022-08-11,14:00,Cow_263,6,3,6,0,26.4,Clear,Field B
2022-08-11,14:00,Cow_264,12,0,7,0,26.4,Clear,Field B
2022-08-11,14:00,Cow_265,9,3,3,0,26.4,Clear,Field A
2022-08-11,14:00,Cow_266,0,0,0,15,26.4,Clear,Field B
2022-08-11,14:00,Cow_267,10,5,0,0,26.4,Clear,Field B
2022-08-11,14:00,Cow_268,3,9,3,0,26.4,Clear,Field A
2022-08-11,14:00,Cow_269,3,6,6,0,26.4,Clear,Field A
2022-08-11,14:00,Cow_270,8,4,3,0,26.4,Clear,Field C
2022-08-11,14:00,Cow_271,10,1,4,0,26.4,Clear,Field C
2022-08-11,14:00,Cow_272,13,0,6,0,26.4,Clear,Field C
2022-08-11,14:00,Cow_273,0,10,8,0,26.4,Clear,Field C
2022-08-11,14:00,Cow_274,0,9,6,0,26.4,Clear,Field B
2022-08-11,14:00,Cow_275,10,1,4,0,26.4,Clear,Field A
2022-08-11,14:00,Cow_276,2,6,7,0,26.4,Clear,Field B
2022-08-11,14:00,Cow_277,8,3,4,0,26.4,Clear,Field C
2022-08-11,14:00,Cow_278,5,5,5,0,26.4,Clear,Field C
2022-08-11,14:00,Cow_279,5,4,6,0,26.4,Clear,Field C
2022-08-11,14:00,Cow_280,9,6,0,0,26.4,Clear,Field B
2022-08-11,14:00,Cow_281,5,5,5,0,26.4,Clear,Field A
2022-08-11,14:00,Cow_282,7,3,5,0,26.4,Clear,Field B
2022-08-11,14:00,Cow_283,14,0,7,0,26.4,Clear,Field A
2022-08-11,14:00,Cow_284,6,5,4,0,26.4,Clear,Field C
2022-08-11,14:00,Cow_285,0,10,6,0,26.4,Clear,Field A
2022-08-11,14:00,Cow_286,2,8,5,0,26.4,Clear,Field B
2022-08-11,14:00,Cow_287,1,7,7,0,26.4,Clear,Field B
2022-08-11,14:00,Cow_288,12,0,4,0,26.4,Clear,Field C
2022-08-11,14:00,Cow_289,1,10,4,0,26.4,Clear,Field C
2022-08-11,14:00,Cow_290,8,6,1,0,26.4,Clear,Field C
2022-08-11,14:00,Cow_291,8,3,4,0,26.4,Clear,Field B
2022-08-11,14:00,Cow_292,14,5,0,0,26.4,Clear,Field C
2022-08-11,14:00,Cow_293,8,3,4,0,26.4,Clear,Field B
2022-08-11,14:00,Cow_294,1,9,5,0,26.4,Clear,Field B
2022-08-11,14:00,Cow_295,5,7,3,0,26.4,Clear,Field A
2022-08-11,14:00,Cow_296,0,9,8,0,26.4,Clear,Field A
2022-08-11,14:00,Cow_297,6,1,8,0,26.4,Clear,Field C
2022-08-11,14:00,Cow_298,13,7,0,0,26.4,Clear,Field A
2022-08-11,14:00,Cow_299,5,6,4,0,26.4,Clear,Field C
2022-08-11,14:00,Cow_300,7,5,3,0,26.4,Clear,Field B
2022-08-11,14:00,Cow_301,0,10,6,0,26.4,Clear,Field B
2022-08-11,14:00,Cow_302,6,8,1,0,26.4,Clear,Field C
2022-08-11,14:00,Cow_303,1,6,8,0,26.4,Clear,Field C
2022-08-11,14:00,Cow_304,8,0,7,0,26.4,Clear,Field A
2022-08-11,14:00,Cow_305,1,9,5,0,26.4,Clear,Field A
2022-08-11,14:00,Cow_306,11,0,6,0,26.4,Clear,Field C
2022-08-11,14:00,Cow_307,13,10,0,0,26.4,Clear,Field C
2022-08-11,14:00,Cow_308,10,6,0,0,26.4,Clear,Field B
2022-08-11,14:00,Cow_309,12,5,0,0,26.4,Clear,Field C
2022-08-11,14:00,Cow_310,0,10,8,0,26.4,Clear,Field A
2022-08-11,14:00,Cow_311,12,9,0,0,26.4,Clear,Field C
2022-08-11,14:00,Cow_312,13,5,0,0,26.4,Clear,Field B
2022-08-11,14:00,Cow_313,6,1,8,0,26.4,Clear,Field A
2022-08-11,14:00,Cow_314,5,6,4,0,26.4,Clear,Field C
2022-08-11,14:00,Cow_315,13,0,8,0,26.4,Clear,Field A
2022-08-11,14:00,Cow_316,10,0,6,0,26.4,Clear,Field B
2022-08-11,14:00,Cow_317,7,3,5,0,26.4,Clear,Field A
2022-08-11,14:00,Cow_318,7,7,1,0,26.4,Clear,Field C
2022-08-11,14:00,Cow_319,3,9,3,0,26.4,Clear,Field A
2022-08-11,14:00,Cow_320,13,6,0,0,26.4,Clear,Field B
2022-08-11,14:00,Cow_321,1,6,8,0,26.4,Clear,Field C
2022-08-11,14:00,Cow_322,7,5,3,0,26.4,Clear,Field A
2022-08-11,14:00,Cow_323,5,6,4,0,26.4,Clear,Field B
2022-08-11,14:00,Cow_324,12,7,0,0,26.4,Clear,Field B
2022-08-11,14:00,Cow_325,13,0,6,0,26.4,Clear,Field C
2022-08-11,14:00,Cow_326,7,5,3,0,26.4,Clear,Field B
2022-08-11,14:00,Cow_327,8,4,3,0,26.4,Clear,Field A
2022-08-11,14:00,Cow_328,3,8,4,0,26.4,Clear,Field C
2022-08-11,14:00,Cow_329,12,0,8,0,26.4,Clear,Field B
2022-08-11,14:00,Cow_330,0,0,0,15,26.4,Clear,Field C
2022-08-11,14:00,Cow_331,4,3,8,0,26.4,Clear,Field A
2022-08-11,14:00,Cow_332,1,6,8,0,26.4,Clear,Field B
2022-08-11,14:00,Cow_333,7,3,5,0,26.4,Clear,Field C
2022-08-11,14:00,Cow_334,12,0,7,0,26.4,Clear,Field C
2022-08-11,14:00,Cow_335,7,3,5,0,26.4,Clear,Field A
2022-08-11,14:00,Cow_336,6,6,3,0,26.4,Clear,Field C
2022-08-11,14:00,Cow_337,10,5,0,0,26.4,Clear,Field B
2022-08-11,14:00,Cow_338,7,4,4,0,26.4,Clear,Field C
2022-08-11,14:00,Cow_339,10,6,0,0,26.4,Clear,Field A
2022-08-11,14:00,Cow_340,0,0,0,15,26.4,Clear,Field A
2022-08-11,14:00,Cow_341,9,4,2,0,26.4,Clear,Field A
2022-08-11,14:00,Cow_342,10,2,3,0,26.4,Clear,Field C
2022-08-11,14:00,Cow_343,10,1,4,0,26.4,Clear,Field C
2022-08-11,14:00,Cow_344,8,0,8,0,26.4,Clear,Field C
2022-08-11,14:00,Cow_345,12,5,0,0,26.4,Clear,Field B
2022-08-11,14:00,Cow_346,11,9,0,0,26.4,Clear,Field B
2022-08-11,14:00,Cow_347,5,3,7,0,26.4,Clear,Field B
2022-08-11,14:00,Cow_348,0,10,8,0,26.4,Clear,Field C
2022-08-11,14:00,Cow_349,5,2,8,0,26.4,Clear,Field C
2022-08-11,14:00,Cow_350,4,6,5,0,26.4,Clear,Field A
2022-08-11,14:00,Cow_351,8,8,0,0,26.4,Clear,Field A
2022-08-11,14:00,Cow_352,0,8,8,0,26.4,Clear,Field B
2022-08-11,14:00,Cow_353,8,0,8,0,26.4,Clear,Field B
2022-08-11,14:00,Cow_354,12,4,0,0,26.4,Clear,Field A
2022-08-11,14:00,Cow_355,0,0,0,15,26.4,Clear,Field A
2022-08-11,14:00,Cow_356,5,7,3,0,26.4,Clear,Field B
2022-08-11,14:00,Cow_357,6,3,6,0,26.4,Clear,Field B
2022-08-11,14:00,Cow_358,14,5,0,0,26.4,Clear,Field A
2022-08-11,14:00,Cow_359,0,11,8,0,26.4,Clear,Field B
2022-08-11,14:00,Cow_360,13,4,0,0,26.4,Clear,Field B
2022-08-11,14:00,Cow_361,0,0,0,15,26.4,Clear,Field C
2022-08-11,14:00,Cow_362,14,0,4,0,26.4,Clear,Field A
2022-08-11,14:00,Cow_363,9,4,2,0,26.4,Clear,Field A
2022-08-11,14:00,Cow_364,4,8,3,0,26.4,Clear,Field C
2022-08-11,14:00,Cow_365,4,4,7,0,26.4,Clear,Field A
2022-08-11,14:00,Cow_366,7,6,2,0,26.4,Clear,Field A
2022-08-11,14:00,Cow_367,9,3,3,0,26.4,Clear,Field B
2022-08-11,14:00,Cow_368,13,0,8,0,26.4,Clear,Field B
2022-08-11,14:00,Cow_369,5,5,5,0,26.4,Clear,Field B
2022-08-11,14:00,Cow_370,12,9,0,0,26.4,Clear,Field C
2022-08-11,14:00,Cow_371,11,0,4,0,26.4,Clear,Field A
2022-08-11,14:00,Cow_372,9,0,7,0,26.4,Clear,Field A
2022-08-11,14:00,Cow_373,9,0,8,0,26.4,Clear,Field B
2022-08-11,14:00,Cow_374,5,4,6,0,26.4,Clear,Field B
2022-08-11,14:00,Cow_375,0,9,8,0,26.4,Clear,Field A
2022-08-11,14:00,Cow_376,5,7,3,0,26.4,Clear,Field A
2022-08-11,14:00,Cow_377,4,6,5,0,26.4,Clear,Field C
2022-08-11,14:00,Cow_378,9,3,3,0,26.4,Clear,Field B
2022-08-11,14:00,Cow_379,6,9,0,0,26.4,Clear,Field A
2022-08-11,14:00,Cow_380,11,0,6,0,26.4,Clear,Field C
2022-08-11,14:00,Cow_381,9,0,7,0,26.4,Clear,Field A
2022-08-11,14:00,Cow_382,5,7,3,0,26.4,Clear,Field A
2022-08-11,14:00,Cow_383,8,4,3,0,26.4,Clear,Field B
2022-08-11,14:00,Cow_384,11,0,4,0,26.4,Clear,Field B
2022-08-11,14:00,Cow_385,9,3,3,0,26.4,Clear,Field C
2022-08-11,14:00,Cow_386,0,10,8,0,26.4,Clear,Field A
2022-08-11,14:00,Cow_387,9,2,4,0,26.4,Clear,Field B
2022-08-11,14:00,Cow_388,5,6,4,0,26.4,Clear,Field A
2022-08-11,14:00,Cow_389,5,4,6,0,26.4,Clear,Field B
2022-08-11,14:00,Cow_390,6,6,3,0,26.4,Clear,Field B
2022-08-11,14:00,Cow_391,0,9,9,0,26.4,Clear,Field B
2022-08-11,14:00,Cow_392,0,10,5,0,26.4,Clear,Field B
2022-08-11,14:00,Cow_393,1,6,8,0,26.4,Clear,Field B
2022-08-11,14:00,Cow_394,8,2,5,0,26.4,Clear,Field C
2022-08-11,14:00,Cow_395,9,12,0,0,26.4,Clear,Field A
2022-08-11,14:00,Cow_396,6,5,4,0,26.4,Clear,Field A
2022-08-11,14:00,Cow_397,5,8,2,0,26.4,Clear,Field B
2022-08-11,14:00,Cow_398,3,9,3,0,26.4,Clear,Field A
2022-08-11,14:00,Cow_399,10,0,6,0,26.4,Clear,Field C
2022-08-11,14:00,Cow_400,12,0,4,0,26.4,Clear,Field C
2022-08-11,14:00,Cow_401,4,8,3,0,26.4,Clear,Field A
2022-08-11,14:00,Cow_402,14,0,8,0,26.4,Clear,Field A
2022-08-11,14:00,Cow_403,14,9,0,0,26.4,Clear,Field B
2022-08-11,14:00,Cow_404,0,0,0,15,26.4,Clear,Field A
2022-08-11,14:00,Cow_405,7,3,5,0,26.4,Clear,Field A
2022-08-11,14:00,Cow_406,6,4,5,0,26.4,Clear,Field A
2022-08-11,14:00,Cow_407,6,4,5,0,26.4,Clear,Field A
2022-08-11,14:00,Cow_408,6,4,5,0,26.4,Clear,Field C
2022-08-11,14:00,Cow_409,8,6,1,0,26.4,Clear,Field A
2022-08-11,14:00,Cow_410,6,3,6,0,26.4,Clear,Field B
2022-08-11,14:00,Cow_411,10,3,2,0,26.4,Clear,Field B
2022-08-11,14:00,Cow_412,0,12,7,0,26.4,Clear,Field C
2022-08-11,14:00,Cow_413,2,7,6,0,26.4,Clear,Field B
2022-08-11,14:00,Cow_414,5,4,6,0,26.4,Clear,Field C
2022-08-11,14:00,Cow_415,5,5,5,0,26.4,Clear,Field C
2022-08-11,14:00,Cow_416,7,5,3,0,26.4,Clear,Field C
2022-08-11,14:00,Cow_417,12,0,3,0,26.4,Clear,Field C
2022-08-11,14:00,Cow_418,9,0,6,0,26.4,Clear,Field C
2022-08-11,14:00,Cow_419,13,3,0,0,26.4,Clear,Field C
2022-08-11,14:00,Cow_420,14,0,3,0,26.4,Clear,Field A
2022-08-11,14:00,Cow_421,11,8,0,0,26.4,Clear,Field A
2022-08-11,14:00,Cow_422,8,5,2,0,26.4,Clear,Field B
2022-08-11,14:00,Cow_423,13,3,0,0,26.4,Clear,Field B
2022-08-11,14:00,Cow_424,5,4,6,0,26.4,Clear,Field B
2022-08-11,14:00,Cow_425,7,0,8,0,26.4,Clear,Field C
2022-08-11,14:00,Cow_426,5,3,7,0,26.4,Clear,Field C
2022-08-11,14:00,Cow_427,5,8,2,0,26.4,Clear,Field A
2022-08-11,14:00,Cow_428,7,4,4,0,26.4,Clear,Field A
2022-08-11,14:00,Cow_429,9,8,0,0,26.4,Clear,Field A
2022-08-11,14:00,Cow_430,12,9,0,0,26.4,Clear,Field C
2022-08-11,14:00,Cow_431,8,3,4,0,26.4,Clear,Field B
2022-08-11,14:00,Cow_432,8,6,1,0,26.4,Clear,Field C
2022-08-11,14:00,Cow_433,2,10,3,0,26.4,Clear,Field C
2022-08-11,14:00,Cow_434,5,3,7,0,26.4,Clear,Field B
2022-08-11,14:00,Cow_435,7,5,3,0,26.4,Clear,Field C
2022-08-11,14:00,Cow_436,6,7,2,0,26.4,Clear,Field A
2022-08-11,14:00,Cow_437,5,4,6,0,26.4,Clear,Field C
2022-08-11,14:00,Cow_438,0,7,8,0,26.4,Clear,Field A
2022-08-11,14:00,Cow_439,13,5,0,0,26.4,Clear,Field C
2022-08-11,14:00,Cow_440,13,0,5,0,26.4,Clear,Field C
2022-08-11,14:00,Cow_441,6,2,7,0,26.4,Clear,Field B
2022-08-11,14:00,Cow_442,0,0,0,15,26.4,Clear,Field A
2022-08-11,14:00,Cow_443,7,4,4,0,26.4,Clear,Field B
2022-08-11,14:00,Cow_444,6,10,0,0,26.4,Clear,Field A
2022-08-11,14:00,Cow_445,5,8,2,0,26.4,Clear,Field B
2022-08-11,14:00,Cow_446,0,8,7,0,26.4,Clear,Field A
2022-08-11,14:00,Cow_447,5,4,6,0,26.4,Clear,Field A
2022-08-11,14:00,Cow_448,0,7,8,0,26.4,Clear,Field A
2022-08-11,14:00,Cow_449,5,3,7,0,26.4,Clear,Field B
2022-08-11,14:00,Cow_450,14,7,0,0,26.4,Clear,Field C
2022-08-11,14:00,Cow_451,5,5,5,0,26.4,Clear,Field B
2022-08-11,14:00,Cow_452,1,10,4,0,26.4,Clear,Field B
2022-08-11,14:00,Cow_453,13,3,0,0,26.4,Clear,Field A
2022-08-11,14:00,Cow_454,12,9,0,0,26.4,Clear,Field C
2022-08-11,14:00,Cow_455,13,0,4,0,26.4,Clear,Field A
2022-08-11,14:00,Cow_456,5,3,7,0,26.4,Clear,Field A
2022-08-11,14:00,Cow_457,6,1,8,0,26.4,Clear,Field C
2022-08-11,14:00,Cow_458,7,4,4,0,26.4,Clear,Field A
2022-08-11,14:00,Cow_459,7,3,5,0,26.4,Clear,Field C
2022-08-11,14:00,Cow_460,9,8,0,0,26.4,Clear,Field B
2022-08-11,14:00,Cow_461,3,4,8,0,26.4,Clear,Field C
2022-08-11,14:00,Cow_462,11,3,1,0,26.4,Clear,Field A
2022-08-11,14:00,Cow_463,0,0,0,15,26.4,Clear,Field A
2022-08-11,14:00,Cow_464,11,0,8,0,26.4,Clear,Field B
2022-08-11,14:00,Cow_465,0,0,0,15,26.4,Clear,Field B
2022-08-11,14:00,Cow_466,5,6,4,0,26.4,Clear,Field B
2022-08-11,14:00,Cow_467,14,10,0,0,26.4,Clear,Field A
2022-08-11,14:00,Cow_468,0,0,0,15,26.4,Clear,Field B
2022-08-11,14:00,Cow_469,9,3,3,0,26.4,Clear,Field C
2022-08-11,14:00,Cow_470,10,3,2,0,26.4,Clear,Field B
2022-08-11,14:00,Cow_471,13,8,0,0,26.4,Clear,Field B
2022-08-11,14:00,Cow_472,9,5,1,0,26.4,Clear,Field B
2022-08-11,14:00,Cow_473,5,4,6,0,26.4,Clear,Field A
2022-08-11,14:00,Cow_474,7,4,4,0,26.4,Clear,Field B
2022-08-11,14:00,Cow_475,10,0,7,0,26.4,Clear,Field C
2022-08-11,14:00,Cow_476,11,10,0,0,26.4,Clear,Field C
2022-08-11,14:00,Cow_477,4,6,5,0,26.4,Clear,Field C
2022-08-11,14:00,Cow_478,3,6,6,0,26.4,Clear,Field A
2022-08-11,14:00,Cow_479,9,0,7,0,26.4,Clear,Field B
2022-08-11,14:00,Cow_480,12,0,6,0,26.4,Clear,Field C
2022-08-11,14:00,Cow_481,8,9,0,0,26.4,Clear,Field A
2022-08-11,14:00,Cow_482,5,5,5,0,26.4,Clear,Field A
2022-08-11,14:00,Cow_483,8,10,0,0,26.4,Clear,Field A
2022-08-11,14:00,Cow_484,1,10,4,0,26.4,Clear,Field C
2022-08-11,14:00,Cow_485,8,0,7,0,26.4,Clear,Field C
2022-08-11,14:00,Cow_486,0,0,0,15,26.4,Clear,Field A
2022-08-11,14:00,Cow_487,8,3,4,0,26.4,Clear,Field C
2022-08-11,14:00,Cow_488,0,8,8,0,26.4,Clear,Field C
2022-08-11,14:00,Cow_489,5,8,2,0,26.4,Clear,Field B
2022-08-11,14:00,Cow_490,0,7,8,0,26.4,Clear,Field A
2022-08-11,14:00,Cow_491,7,8,0,0,26.4,Clear,Field C
2022-08-11,14:00,Cow_492,8,3,4,0,26.4,Clear,Field C
2022-08-11,14:00,Cow_493,7,1,7,0,26.4,Clear,Field C
2022-08-11,14:00,Cow_494,6,1,8,0,26.4,Clear,Field B
2022-08-11,14:00,Cow_495,4,5,6,0,26.4,Clear,Field C
2022-08-11,14:00,Cow_496,1,10,4,0,26.4,Clear,Field C
2022-08-11,14:00,Cow_497,11,4,0,0,26.4,Clear,Field C
2022-08-11,14:00,Cow_498,0,7,8,0,26.4,Clear,Field C
2022-08-11,14:00,Cow_499,13,6,0,0,26.4,Clear,Field B
2022-08-11,14:00,Cow_500,12,3,0,0,26.4,Clear,Field B
2022-08-11,14:15,Cow_1,6,3,6,0,33.7,Clear,Field B
2022-08-11,14:15,Cow_2,10,9,0,0,33.7,Clear,Field A
2022-08-11,14:15,Cow_3,11,8,0,0,33.7,Clear,Field C
2022-08-11,14:15,Cow_4,11,4,0,0,33.7,Clear,Field C
2022-08-11,14:15,Cow_5,7,4,4,0,33.7,Clear,Field B
2022-08-11,14:15,Cow_6,11,4,0,0,33.7,Clear,Field C
2022-08-11,14:15,Cow_7,9,3,3,0,33.7,Clear,Field B
2022-08-11,14:15,Cow_8,14,7,0,0,33.7,Clear,Field A
2022-08-11,14:15,Cow_9,5,6,4,0,33.7,Clear,Field B
2022-08-11,14:15,Cow_10,9,8,0,0,33.7,Clear,Field C
2022-08-11,14:15,Cow_11,7,5,3,0,33.7,Clear,Field B
2022-08-11,14:15,Cow_12,7,4,4,0,33.7,Clear,Field C
2022-08-11,14:15,Cow_13,14,0,6,0,33.7,Clear,Field B
2022-08-11,14:15,Cow_14,14,0,3,0,33.7,Clear,Field C
2022-08-11,14:15,Cow_15,9,4,2,0,33.7,Clear,Field C
2022-08-11,14:15,Cow_16,5,7,3,0,33.7,Clear,Field A
2022-08-11,14:15,Cow_17,6,10,0,0,33.7,Clear,Field A
2022-08-11,14:15,Cow_18,14,0,2,0,33.7,Clear,Field C
2022-08-11,14:15,Cow_19,12,9,0,0,33.7,Clear,Field B
2022-08-11,14:15,Cow_20,3,6,6,0,33.7,Clear,Field A
2022-08-11,14:15,Cow_21,4,8,3,0,33.7,Clear,Field A
2022-08-11,14:15,Cow_22,13,0,8,0,33.7,Clear,Field C
2022-08-11,14:15,Cow_23,7,4,4,0,33.7,Clear,Field B
2022-08-11,14:15,Cow_24,8,1,6,0,33.7,Clear,Field B
2022-08-11,14:15,Cow_25,9,4,2,0,33.7,Clear,Field C
2022-08-11,14:15,Cow_26,0,0,0,15,33.7,Clear,Field C
2022-08-11,14:15,Cow_27,8,3,4,0,33.7,Clear,Field B
2022-08-11,14:15,Cow_28,12,5,0,0,33.7,Clear,Field B
2022-08-11,14:15,Cow_29,11,6,0,0,33.7,Clear,Field C
2022-08-11,14:15,Cow_30,0,0,0,15,33.7,Clear,Field B
2022-08-11,14:15,Cow_31,5,5,5,0,33.7,Clear,Field B
2022-08-11,14:15,Cow_32,5,4,6,0,33.7,Clear,Field C
2022-08-11,14:15,Cow_33,11,0,7,0,33.7,Clear,Field B
2022-08-11,14:15,Cow_34,12,0,5,0,33.7,Clear,Field C
2022-08-11,14:15,Cow_35,9,10,0,0,33.7,Clear,Field C
2022-08-11,14:15,Cow_36,1,10,4,0,33.7,Clear,Field B
2022-08-11,14:15,Cow_37,0,9,8,0,33.7,Clear,Field A
2022-08-11,14:15,Cow_38,13,10,0,0,33.7,Clear,Field C
2022-08-11,14:15,Cow_39,8,3,4,0,33.7,Clear,Field B
2022-08-11,14:15,Cow_40,2,7,6,0,33.7,Clear,Field A
2022-08-11,14:15,Cow_41,2,10,3,0,33.7,Clear,Field A
2022-08-11,14:15,Cow_42,7,1,7,0,33.7,Clear,Field B
2022-08-11,14:15,Cow_43,0,10,7,0,33.7,Clear,Field C
2022-08-11,14:15,Cow_44,5,3,7,0,33.7,Clear,Field C
2022-08-11,14:15,Cow_45,11,0,5,0,33.7,Clear,Field C
2022-08-11,14:15,Cow_46,10,7,0,0,33.7,Clear,Field B
2022-08-11,14:15,Cow_47,6,3,6,0,33.7,Clear,Field B
2022-08-11,14:15,Cow_48,3,9,3,0,33.7,Clear,Field A
2022-08-11,14:15,Cow_49,14,10,0,0,33.7,Clear,Field C
2022-08-11,14:15,Cow_50,2,5,8,0,33.7,Clear,Field B
2022-08-11,14:15,Cow_51,5,3,7,0,33.7,Clear,Field C
2022-08-11,14:15,Cow_52,13,0,7,0,33.7,Clear,Field A
2022-08-11,14:15,Cow_53,11,0,6,0,33.7,Clear,Field A
2022-08-11,14:15,Cow_54,0,10,10,0,33.7,Clear,Field A
2022-08-11,14:15,Cow_55,12,6,0,0,33.7,Clear,Field C
2022-08-11,14:15,Cow_56,6,4,5,0,33.7,Clear,Field B
2022-08-11,14:15,Cow_57,6,6,3,0,33.7,Clear,Field B
2022-08-11,14:15,Cow_58,5,6,4,0,33.7,Clear,Field A
2022-08-11,14:15,Cow_59,6,5,4,0,33.7,Clear,Field B
2022-08-11,14:15,Cow_60,12,0,7,0,33.7,Clear,Field A
2022-08-11,14:15,Cow_61,2,10,3,0,33.7,Clear,Field B
2022-08-11,14:15,Cow_62,6,2,7,0,33.7,Clear,Field C
2022-08-11,14:15,Cow_63,2,5,8,0,33.7,Clear,Field B
2022-08-11,14:15,Cow_64,13,10,0,0,33.7,Clear,Field A
2022-08-11,14:15,Cow_65,12,9,0,0,33.7,Clear,Field C
2022-08-11,14:15,Cow_66,0,9,7,0,33.7,Clear,Field C
2022-08-11,14:15,Cow_67,6,4,5,0,33.7,Clear,Field C
2022-08-11,14:15,Cow_68,7,3,5,0,33.7,Clear,Field C
2022-08-11,14:15,Cow_69,8,4,3,0,33.7,Clear,Field B
2022-08-11,14:15,Cow_70,10,0,7,0,33.7,Clear,Field C
2022-08-11,14:15,Cow_71,6,3,6,0,33.7,Clear,Field C
2022-08-11,14:15,Cow_72,6,6,3,0,33.7,Clear,Field B
2022-08-11,14:15,Cow_73,8,3,4,0,33.7,Clear,Field B
2022-08-11,14:15,Cow_74,8,4,3,0,33.7,Clear,Field B
2022-08-11,14:15,Cow_75,0,0,0,15,33.7,Clear,Field B
2022-08-11,14:15,Cow_76,5,6,4,0,33.7,Clear,Field B
2022-08-11,14:15,Cow_77,8,3,4,0,33.7,Clear,Field C
2022-08-11,14:15,Cow_78,13,5,0,0,33.7,Clear,Field B
2022-08-11,14:15,Cow_79,3,7,5,0,33.7,Clear,Field B
2022-08-11,14:15,Cow_80,10,2,3,0,33.7,Clear,Field B
2022-08-11,14:15,Cow_81,0,0,0,15,33.7,Clear,Field B
2022-08-11,14:15,Cow_82,9,9,0,0,33.7,Clear,Field C
2022-08-11,14:15,Cow_83,12,0,4,0,33.7,Clear,Field A
2022-08-11,14:15,Cow_84,6,3,6,0,33.7,Clear,Field A
2022-08-11,14:15,Cow_85,3,5,7,0,33.7,Clear,Field B
2022-08-11,14:15,Cow_86,10,0,8,0,33.7,Clear,Field C
2022-08-11,14:15,Cow_87,11,1,3,0,33.7,Clear,Field A
2022-08-11,14:15,Cow_88,3,6,6,0,33.7,Clear,Field C
2022-08-11,14:15,Cow_89,3,5,7,0,33.7,Clear,Field B
2022-08-11,14:15,Cow_90,11,0,4,0,33.7,Clear,Field A
2022-08-11,14:15,Cow_91,6,4,5,0,33.7,Clear,Field A
2022-08-11,14:15,Cow_92,5,4,6,0,33.7,Clear,Field B
2022-08-11,14:15,Cow_93,5,5,5,0,33.7,Clear,Field B
2022-08-11,14:15,Cow_94,11,0,5,0,33.7,Clear,Field A
2022-08-11,14:15,Cow_95,9,9,0,0,33.7,Clear,Field A
2022-08-11,14:15,Cow_96,0,0,0,15,33.7,Clear,Field A
2022-08-11,14:15,Cow_97,11,0,4,0,33.7,Clear,Field B
2022-08-11,14:15,Cow_98,9,3,3,0,33.7,Clear,Field A
2022-08-11,14:15,Cow_99,3,9,3,0,33.7,Clear,Field C
2022-08-11,14:15,Cow_100,5,7,3,0,33.7,Clear,Field A
2022-08-11,14:15,Cow_101,7,4,4,0,33.7,Clear,Field B
2022-08-11,14:15,Cow_102,9,0,6,0,33.7,Clear,Field B
2022-08-11,14:15,Cow_103,7,2,6,0,33.7,Clear,Field B
2022-08-11,14:15,Cow_104,14,6,0,0,33.7,Clear,Field C
2022-08-11,14:15,Cow_105,6,1,8,0,33.7,Clear,Field A
2022-08-11,14:15,Cow_106,1,7,7,0,33.7,Clear,Field C
2022-08-11,14:15,Cow_107,7,4,4,0,33.7,Clear,Field B
2022-08-11,14:15,Cow_108,8,2,5,0,33.7,Clear,Field C
2022-08-11,14:15,Cow_109,0,0,0,15,33.7,Clear,Field A
2022-08-11,14:15,Cow_110,0,8,7,0,33.7,Clear,Field C
2022-08-11,14:15,Cow_111,9,2,4,0,33.7,Clear,Field B
2022-08-11,14:15,Cow_112,9,4,2,0,33.7,Clear,Field B
2022-08-11,14:15,Cow_113,10,10,0,0,33.7,Clear,Field C
2022-08-11,14:15,Cow_114,8,0,7,0,33.7,Clear,Field A
2022-08-11,14:15,Cow_115,8,4,3,0,33.7,Clear,Field A
2022-08-11,14:15,Cow_116,14,3,0,0,33.7,Clear,Field C
2022-08-11,14:15,Cow_117,0,8,8,0,33.7,Clear,Field A
2022-08-11,14:15,Cow_118,0,9,6,0,33.7,Clear,Field C
2022-08-11,14:15,Cow_119,6,6,3,0,33.7,Clear,Field B
2022-08-11,14:15,Cow_120,2,9,4,0,33.7,Clear,Field A
2022-08-11,14:15,Cow_121,10,7,0,0,33.7,Clear,Field A
2022-08-11,14:15,Cow_122,0,0,0,15,33.7,Clear,Field A
2022-08-11,14:15,Cow_123,0,0,0,15,33.7,Clear,Field B
2022-08-11,14:15,Cow_124,7,8,0,0,33.7,Clear,Field A
2022-08-11,14:15,Cow_125,0,10,8,0,33.7,Clear,Field B
2022-08-11,14:15,Cow_126,12,4,0,0,33.7,Clear,Field A
2022-08-11,14:15,Cow_127,5,6,4,0,33.7,Clear,Field A
2022-08-11,14:15,Cow_128,0,10,6,0,33.7,Clear,Field C
2022-08-11,14:15,Cow_129,10,5,0,0,33.7,Clear,Field C
2022-08-11,14:15,Cow_130,4,7,4,0,33.7,Clear,Field A
2022-08-11,14:15,Cow_131,14,3,0,0,33.7,Clear,Field A
2022-08-11,14:15,Cow_132,0,0,0,15,33.7,Clear,Field A
2022-08-11,14:15,Cow_133,3,9,3,0,33.7,Clear,Field C
2022-08-11,14:15,Cow_134,5,4,6,0,33.7,Clear,Field C
2022-08-11,14:15,Cow_135,4,5,6,0,33.7,Clear,Field C
2022-08-11,14:15,Cow_136,11,4,0,0,33.7,Clear,Field A
2022-08-11,14:15,Cow_137,5,7,3,0,33.7,Clear,Field A
2022-08-11,14:15,Cow_138,3,6,6,0,33.7,Clear,Field C
2022-08-11,14:15,Cow_139,5,5,5,0,33.7,Clear,Field B
2022-08-11,14:15,Cow_140,6,6,3,0,33.7,Clear,Field A
2022-08-11,14:15,Cow_141,13,0,6,0,33.7,Clear,Field C
2022-08-11,14:15,Cow_142,0,9,7,0,33.7,Clear,Field C
2022-08-11,14:15,Cow_143,11,7,0,0,33.7,Clear,Field C
2022-08-11,14:15,Cow_144,7,2,6,0,33.7,Clear,Field C
2022-08-11,14:15,Cow_145,3,8,4,0,33.7,Clear,Field C
2022-08-11,14:15,Cow_146,5,7,3,0,33.7,Clear,Field C
2022-08-11,14:15,Cow_147,8,10,0,0,33.7,Clear,Field B
2022-08-11,14:15,Cow_148,5,7,3,0,33.7,Clear,Field A
2022-08-11,14:15,Cow_149,2,9,4,0,33.7,Clear,Field C
2022-08-11,14:15,Cow_150,6,6,3,0,33.7,Clear,Field B
2022-08-11,14:15,Cow_151,13,0,6,0,33.7,Clear,Field B
2022-08-11,14:15,Cow_152,13,10,0,0,33.7,Clear,Field C
2022-08-11,14:15,Cow_153,14,4,0,0,33.7,Clear,Field A
2022-08-11,14:15,Cow_154,13,0,6,0,33.7,Clear,Field A
2022-08-11,14:15,Cow_155,12,8,0,0,33.7,Clear,Field A
2022-08-11,14:15,Cow_156,1,7,7,0,33.7,Clear,Field C
2022-08-11,14:15,Cow_157,7,5,3,0,33.7,Clear,Field A
2022-08-11,14:15,Cow_158,2,6,7,0,33.7,Clear,Field B
2022-08-11,14:15,Cow_159,11,3,1,0,33.7,Clear,Field B
2022-08-11,14:15,Cow_160,12,0,6,0,33.7,Clear,Field C
2022-08-11,14:15,Cow_161,11,1,3,0,33.7,Clear,Field B
2022-08-11,14:15,Cow_162,5,3,7,0,33.7,Clear,Field A
2022-08-11,14:15,Cow_163,12,0,5,0,33.7,Clear,Field A
2022-08-11,14:15,Cow_164,13,6,0,0,33.7,Clear,Field A
2022-08-11,14:15,Cow_165,5,6,4,0,33.7,Clear,Field B
2022-08-11,14:15,Cow_166,14,4,0,0,33.7,Clear,Field B
2022-08-11,14:15,Cow_167,11,3,1,0,33.7,Clear,Field A
2022-08-11,14:15,Cow_168,11,0,6,0,33.7,Clear,Field B
2022-08-11,14:15,Cow_169,2,10,3,0,33.7,Clear,Field B
2022-08-11,14:15,Cow_170,5,6,4,0,33.7,Clear,Field C
2022-08-11,14:15,Cow_171,9,2,4,0,33.7,Clear,Field C
2022-08-11,14:15,Cow_172,11,4,0,0,33.7,Clear,Field B
2022-08-11,14:15,Cow_173,13,0,4,0,33.7,Clear,Field A
2022-08-11,14:15,Cow_174,0,9,10,0,33.7,Clear,Field B
2022-08-11,14:15,Cow_175,14,4,0,0,33.7,Clear,Field A
2022-08-11,14:15,Cow_176,7,0,8,0,33.7,Clear,Field C
2022-08-11,14:15,Cow_177,11,10,0,0,33.7,Clear,Field A
2022-08-11,14:15,Cow_178,12,0,5,0,33.7,Clear,Field B
2022-08-11,14:15,Cow_179,7,5,3,0,33.7,Clear,Field C
2022-08-11,14:15,Cow_180,10,2,3,0,33.7,Clear,Field B
2022-08-11,14:15,Cow_181,6,5,4,0,33.7,Clear,Field B
2022-08-11,14:15,Cow_182,12,9,0,0,33.7,Clear,Field A
2022-08-11,14:15,Cow_183,11,10,0,0,33.7,Clear,Field C
2022-08-11,14:15,Cow_184,9,0,7,0,33.7,Clear,Field B
2022-08-11,14:15,Cow_185,2,9,4,0,33.7,Clear,Field B
2022-08-11,14:15,Cow_186,5,5,5,0,33.7,Clear,Field A
2022-08-11,14:15,Cow_187,9,3,3,0,33.7,Clear,Field A
2022-08-11,14:15,Cow_188,14,0,8,0,33.7,Clear,Field A
2022-08-11,14:15,Cow_189,8,2,5,0,33.7,Clear,Field C
2022-08-11,14:15,Cow_190,0,0,0,15,33.7,Clear,Field B
2022-08-11,14:15,Cow_191,0,9,7,0,33.7,Clear,Field A
2022-08-11,14:15,Cow_192,12,10,0,0,33.7,Clear,Field C
2022-08-11,14:15,Cow_193,5,3,7,0,33.7,Clear,Field C
2022-08-11,14:15,Cow_194,3,5,7,0,33.7,Clear,Field B
2022-08-11,14:15,Cow_195,8,3,4,0,33.7,Clear,Field A
2022-08-11,14:15,Cow_196,0,0,0,15,33.7,Clear,Field B
2022-08-11,14:15,Cow_197,9,2,4,0,33.7,Clear,Field C
2022-08-11,14:15,Cow_198,10,0,7,0,33.7,Clear,Field C
2022-08-11,14:15,Cow_199,3,7,5,0,33.7,Clear,Field C
2022-08-11,14:15,Cow_200,6,6,3,0,33.7,Clear,Field B
2022-08-11,14:15,Cow_201,7,8,0,0,33.7,Clear,Field B
2022-08-11,14:15,Cow_202,14,8,0,0,33.7,Clear,Field A
2022-08-11,14:15,Cow_203,7,3,5,0,33.7,Clear,Field B
2022-08-11,14:15,Cow_204,6,6,3,0,33.7,Clear,Field C
2022-08-11,14:15,Cow_205,7,1,7,0,33.7,Clear,Field C
2022-08-11,14:15,Cow_206,0,10,8,0,33.7,Clear,Field B
2022-08-11,14:15,Cow_207,6,2,7,0,33.7,Clear,Field A
2022-08-11,14:15,Cow_208,0,0,0,15,33.7,Clear,Field A
2022-08-11,14:15,Cow_209,0,9,6,0,33.7,Clear,Field B
2022-08-11,14:15,Cow_210,10,3,2,0,33.7,Clear,Field A
2022-08-11,14:15,Cow_211,6,3,6,0,33.7,Clear,Field C
2022-08-11,14:15,Cow_212,7,3,5,0,33.7,Clear,Field A
2022-08-11,14:15,Cow_213,0,0,0,15,33.7,Clear,Field C
2022-08-11,14:15,Cow_214,9,3,3,0,33.7,Clear,Field A
2022-08-11,14:15,Cow_215,3,6,6,0,33.7,Clear,Field A
2022-08-11,14:15,Cow_216,0,0,0,15,33.7,Clear,Field A
2022-08-11,14:15,Cow_217,2,9,4,0,33.7,Clear,Field C
2022-08-11,14:15,Cow_218,13,3,0,0,33.7,Clear,Field A
2022-08-11,14:15,Cow_219,7,8,0,0,33.7,Clear,Field B
2022-08-11,14:15,Cow_220,14,8,0,0,33.7,Clear,Field C
2022-08-11,14:15,Cow_221,14,0,7,0,33.7,Clear,Field B
2022-08-11,14:15,Cow_222,0,8,7,0,33.7,Clear,Field C
2022-08-11,14:15,Cow_223,10,2,3,0,33.7,Clear,Field C
2022-08-11,14:15,Cow_224,11,3,1,0,33.7,Clear,Field C
2022-08-11,14:15,Cow_225,1,9,5,0,33.7,Clear,Field B
2022-08-11,14:15,Cow_226,0,10,8,0,33.7,Clear,Field C
2022-08-11,14:15,Cow_227,0,8,7,0,33.7,Clear,Field C
2022-08-11,14:15,Cow_228,10,2,3,0,33.7,Clear,Field C
2022-08-11,14:15,Cow_229,9,9,0,0,33.7,Clear,Field C
2022-08-11,14:15,Cow_230,11,0,8,0,33.7,Clear,Field A
2022-08-11,14:15,Cow_231,6,6,3,0,33.7,Clear,Field C
2022-08-11,14:15,Cow_232,7,5,3,0,33.7,Clear,Field C
2022-08-11,14:15,Cow_233,8,6,1,0,33.7,Clear,Field A
2022-08-11,14:15,Cow_234,10,3,2,0,33.7,Clear,Field B
2022-08-11,14:15,Cow_235,15,0,3,0,33.7,Clear,Field B
2022-08-11,14:15,Cow_236,10,0,7,0,33.7,Clear,Field A
2022-08-11,14:15,Cow_237,9,3,3,0,33.7,Clear,Field C
2022-08-11,14:15,Cow_238,9,6,0,0,33.7,Clear,Field B
2022-08-11,14:15,Cow_239,14,0,3,0,33.7,Clear,Field B
2022-08-11,14:15,Cow_240,9,10,0,0,33.7,Clear,Field B
2022-08-11,14:15,Cow_241,7,9,0,0,33.7,Clear,Field C
2022-08-11,14:15,Cow_242,12,8,0,0,33.7,Clear,Field B
2022-08-11,14:15,Cow_243,6,5,4,0,33.7,Clear,Field B
2022-08-11,14:15,Cow_244,0,0,0,15,33.7,Clear,Field A
2022-08-11,14:15,Cow_245,7,3,5,0,33.7,Clear,Field B
2022-08-11,14:15,Cow_246,5,3,7,0,33.7,Clear,Field B
2022-08-11,14:15,Cow_247,7,9,0,0,33.7,Clear,Field B
2022-08-11,14:15,Cow_248,6,5,4,0,33.7,Clear,Field B
2022-08-11,14:15,Cow_249,14,4,0,0,33.7,Clear,Field C
2022-08-11,14:15,Cow_250,0,10,7,0,33.7,Clear,Field C
2022-08-11,14:15,Cow_251,1,9,5,0,33.7,Clear,Field C
2022-08-11,14:15,Cow_252,0,0,0,15,33.7,Clear,Field C
2022-08-11,14:15,Cow_253,8,6,1,0,33.7,Clear,Field B
2022-08-11,14:15,Cow_254,12,0,4,0,33.7,Clear,Field B
2022-08-11,14:15,Cow_255,11,8,0,0,33.7,Clear,Field B
2022-08-11,14:15,Cow_256,0,9,6,0,33.7,Clear,Field C
2022-08-11,14:15,Cow_257,6,4,5,0,33.7,Clear,Field C
2022-08-11,14:15,Cow_258,0,0,0,15,33.7,Clear,Field B
2022-08-11,14:15,Cow_259,10,7,0,0,33.7,Clear,Field B
2022-08-11,14:15,Cow_260,12,0,6,0,33.7,Clear,Field C
2022-08-11,14:15,Cow_261,5,7,3,0,33.7,Clear,Field B
2022-08-11,14:15,Cow_262,5,7,3,0,33.7,Clear,Field A
2022-08-11,14:15,Cow_263,0,10,8,0,33.7,Clear,Field A
2022-08-11,14:15,Cow_264,5,7,3,0,33.7,Clear,Field B
2022-08-11,14:15,Cow_265,0,10,5,0,33.7,Clear,Field C
2022-08-11,14:15,Cow_266,3,5,7,0,33.7,Clear,Field B
2022-08-11,14:15,Cow_267,0,8,7,0,33.7,Clear,Field A
2022-08-11,14:15,Cow_268,7,8,0,0,33.7,Clear,Field B
2022-08-11,14:15,Cow_269,8,0,8,0,33.7,Clear,Field A
2022-08-11,14:15,Cow_270,2,8,5,0,33.7,Clear,Field A
2022-08-11,14:15,Cow_271,5,6,4,0,33.7,Clear,Field A
2022-08-11,14:15,Cow_272,13,6,0,0,33.7,Clear,Field A
2022-08-11,14:15,Cow_273,5,3,7,0,33.7,Clear,Field C
2022-08-11,14:15,Cow_274,6,3,6,0,33.7,Clear,Field A
2022-08-11,14:15,Cow_275,10,3,2,0,33.7,Clear,Field C
2022-08-11,14:15,Cow_276,13,10,0,0,33.7,Clear,Field C
2022-08-11,14:15,Cow_277,9,10,0,0,33.7,Clear,Field B
2022-08-11,14:15,Cow_278,12,7,0,0,33.7,Clear,Field B
2022-08-11,14:15,Cow_279,0,10,8,0,33.7,Clear,Field C
2022-08-11,14:15,Cow_280,0,8,8,0,33.7,Clear,Field C
2022-08-11,14:15,Cow_281,12,0,3,0,33.7,Clear,Field C
2022-08-11,14:15,Cow_282,7,5,3,0,33.7,Clear,Field C
2022-08-11,14:15,Cow_283,5,5,5,0,33.7,Clear,Field A
2022-08-11,14:15,Cow_284,6,1,8,0,33.7,Clear,Field A
2022-08-11,14:15,Cow_285,0,10,8,0,33.7,Clear,Field B
2022-08-11,14:15,Cow_286,4,4,7,0,33.7,Clear,Field B
2022-08-11,14:15,Cow_287,0,0,0,15,33.7,Clear,Field C
2022-08-11,14:15,Cow_288,5,3,7,0,33.7,Clear,Field A
2022-08-11,14:15,Cow_289,1,10,4,0,33.7,Clear,Field C
2022-08-11,14:15,Cow_290,7,3,5,0,33.7,Clear,Field A
2022-08-11,14:15,Cow_291,12,3,0,0,33.7,Clear,Field B
2022-08-11,14:15,Cow_292,10,0,7,0,33.7,Clear,Field C
2022-08-11,14:15,Cow_293,5,8,2,0,33.7,Clear,Field B
2022-08-11,14:15,Cow_294,9,0,6,0,33.7,Clear,Field C
2022-08-11,14:15,Cow_295,14,0,3,0,33.7,Clear,Field C
2022-08-11,14:15,Cow_296,9,7,0,0,33.7,Clear,Field A
2022-08-11,14:15,Cow_297,7,3,5,0,33.7,Clear,Field B
2022-08-11,14:15,Cow_298,0,0,0,15,33.7,Clear,Field A
2022-08-11,14:15,Cow_299,5,5,5,0,33.7,Clear,Field A
2022-08-11,14:15,Cow_300,1,10,4,0,33.7,Clear,Field B
2022-08-11,14:15,Cow_301,12,8,0,0,33.7,Clear,Field C
2022-08-11,14:15,Cow_302,12,3,0,0,33.7,Clear,Field C
2022-08-11,14:15,Cow_303,7,4,4,0,33.7,Clear,Field C
2022-08-11,14:15,Cow_304,9,3,3,0,33.7,Clear,Field B
2022-08-11,14:15,Cow_305,8,1,6,0,33.7,Clear,Field B
2022-08-11,14:15,Cow_306,0,9,8,0,33.7,Clear,Field A
2022-08-11,14:15,Cow_307,0,10,5,0,33.7,Clear,Field C
2022-08-11,14:15,Cow_308,7,10,0,0,33.7,Clear,Field A
2022-08-11,14:15,Cow_309,0,9,6,0,33.7,Clear,Field C
2022-08-11,14:15,Cow_310,5,7,3,0,33.7,Clear,Field A
2022-08-11,14:15,Cow_311,5,6,4,0,33.7,Clear,Field A
2022-08-11,14:15,Cow_312,9,3,3,0,33.7,Clear,Field C
2022-08-11,14:15,Cow_313,3,8,4,0,33.7,Clear,Field B
2022-08-11,14:15,Cow_314,13,0,5,0,33.7,Clear,Field A
2022-08-11,14:15,Cow_315,0,8,7,0,33.7,Clear,Field B
2022-08-11,14:15,Cow_316,7,5,3,0,33.7,Clear,Field A
2022-08-11,14:15,Cow_317,11,5,0,0,33.7,Clear,Field B
2022-08-11,14:15,Cow_318,8,1,6,0,33.7,Clear,Field B
2022-08-11,14:15,Cow_319,0,0,0,15,33.7,Clear,Field B
2022-08-11,14:15,Cow_320,0,0,0,15,33.7,Clear,Field A
2022-08-11,14:15,Cow_321,4,3,8,0,33.7,Clear,Field C
2022-08-11,14:15,Cow_322,11,4,0,0,33.7,Clear,Field C
2022-08-11,14:15,Cow_323,4,6,5,0,33.7,Clear,Field A
2022-08-11,14:15,Cow_324,14,0,8,0,33.7,Clear,Field C
2022-08-11,14:15,Cow_325,5,3,7,0,33.7,Clear,Field A
2022-08-11,14:15,Cow_326,4,5,6,0,33.7,Clear,Field C
2022-08-11,14:15,Cow_327,12,0,3,0,33.7,Clear,Field C
2022-08-11,14:15,Cow_328,1,7,7,0,33.7,Clear,Field B
2022-08-11,14:15,Cow_329,7,0,8,0,33.7,Clear,Field A
2022-08-11,14:15,Cow_330,9,2,4,0,33.7,Clear,Field A
2022-08-11,14:15,Cow_331,0,0,0,15,33.7,Clear,Field B
2022-08-11,14:15,Cow_332,9,0,6,0,33.7,Clear,Field B
2022-08-11,14:15,Cow_333,0,10,8,0,33.7,Clear,Field A
2022-08-11,14:15,Cow_334,12,0,6,0,33.7,Clear,Field B
2022-08-11,14:15,Cow_335,0,0,0,15,33.7,Clear,Field A
2022-08-11,14:15,Cow_336,7,4,4,0,33.7,Clear,Field A
2022-08-11,14:15,Cow_337,2,10,3,0,33.7,Clear,Field A
2022-08-11,14:15,Cow_338,3,6,6,0,33.7,Clear,Field A
2022-08-11,14:15,Cow_339,12,10,0,0,33.7,Clear,Field C
2022-08-11,14:15,Cow_340,14,6,0,0,33.7,Clear,Field B
2022-08-11,14:15,Cow_341,5,2,8,0,33.7,Clear,Field A
2022-08-11,14:15,Cow_342,11,0,8,0,33.7,Clear,Field B
2022-08-11,14:15,Cow_343,5,3,7,0,33.7,Clear,Field A
2022-08-11,14:15,Cow_344,8,10,0,0,33.7,Clear,Field C
2022-08-11,14:15,Cow_345,8,3,4,0,33.7,Clear,Field A
2022-08-11,14:15,Cow_346,12,0,8,0,33.7,Clear,Field A
2022-08-11,14:15,Cow_347,3,7,5,0,33.7,Clear,Field C
2022-08-11,14:15,Cow_348,14,10,0,0,33.7,Clear,Field B
2022-08-11,14:15,Cow_349,9,4,2,0,33.7,Clear,Field B
2022-08-11,14:15,Cow_350,7,2,6,0,33.7,Clear,Field C
2022-08-11,14:15,Cow_351,14,3,0,0,33.7,Clear,Field C
2022-08-11,14:15,Cow_352,8,0,7,0,33.7,Clear,Field C
2022-08-11,14:15,Cow_353,6,4,5,0,33.7,Clear,Field B
2022-08-11,14:15,Cow_354,8,3,4,0,33.7,Clear,Field A
2022-08-11,14:15,Cow_355,3,4,8,0,33.7,Clear,Field C
2022-08-11,14:15,Cow_356,12,5,0,0,33.7,Clear,Field C
2022-08-11,14:15,Cow_357,12,0,6,0,33.7,Clear,Field A
2022-08-11,14:15,Cow_358,3,9,3,0,33.7,Clear,Field C
2022-08-11,14:15,Cow_359,5,2,8,0,33.7,Clear,Field A
2022-08-11,14:15,Cow_360,13,0,3,0,33.7,Clear,Field B
2022-08-11,14:15,Cow_361,14,0,5,0,33.7,Clear,Field C
2022-08-11,14:15,Cow_362,11,0,4,0,33.7,Clear,Field C
2022-08-11,14:15,Cow_363,8,3,4,0,33.7,Clear,Field C
2022-08-11,14:15,Cow_364,8,4,3,0,33.7,Clear,Field B
2022-08-11,14:15,Cow_365,12,0,5,0,33.7,Clear,Field B
2022-08-11,14:15,Cow_366,15,7,0,0,33.7,Clear,Field A
2022-08-11,14:15,Cow_367,0,9,7,0,33.7,Clear,Field A
2022-08-11,14:15,Cow_368,10,0,7,0,33.7,Clear,Field C
2022-08-11,14:15,Cow_369,13,4,0,0,33.7,Clear,Field C
2022-08-11,14:15,Cow_370,12,7,0,0,33.7,Clear,Field A
2022-08-11,14:15,Cow_371,7,5,3,0,33.7,Clear,Field B
2022-08-11,14:15,Cow_372,5,6,4,0,33.7,Clear,Field B
2022-08-11,14:15,Cow_373,8,9,0,0,33.7,Clear,Field B
2022-08-11,14:15,Cow_374,0,0,0,15,33.7,Clear,Field C
2022-08-11,14:15,Cow_375,14,0,7,0,33.7,Clear,Field B
2022-08-11,14:15,Cow_376,0,0,0,15,33.7,Clear,Field A
2022-08-11,14:15,Cow_377,7,3,5,0,33.7,Clear,Field B
2022-08-11,14:15,Cow_378,9,10,0,0,33.7,Clear,Field B
2022-08-11,14:15,Cow_379,5,3,7,0,33.7,Clear,Field A
2022-08-11,14:15,Cow_380,9,2,4,0,33.7,Clear,Field A
2022-08-11,14:15,Cow_381,12,10,0,0,33.7,Clear,Field A
2022-08-11,14:15,Cow_382,7,2,6,0,33.7,Clear,Field C
2022-08-11,14:15,Cow_383,12,0,3,0,33.7,Clear,Field B
2022-08-11,14:15,Cow_384,0,0,0,15,33.7,Clear,Field A
2022-08-11,14:15,Cow_385,4,6,5,0,33.7,Clear,Field A
2022-08-11,14:15,Cow_386,14,0,3,0,33.7,Clear,Field B
2022-08-11,14:15,Cow_387,9,4,2,0,33.7,Clear,Field C
2022-08-11,14:15,Cow_388,0,0,0,15,33.7,Clear,Field C
2022-08-11,14:15,Cow_389,14,0,8,0,33.7,Clear,Field A
2022-08-11,14:15,Cow_390,10,2,3,0,33.7,Clear,Field B
2022-08-11,14:15,Cow_391,5,4,6,0,33.7,Clear,Field A
2022-08-11,14:15,Cow_392,12,6,0,0,33.7,Clear,Field B
2022-08-11,14:15,Cow_393,8,0,8,0,33.7,Clear,Field C
2022-08-11,14:15,Cow_394,5,10,0,0,33.7,Clear,Field C
2022-08-11,14:15,Cow_395,10,3,2,0,33.7,Clear,Field A
2022-08-11,14:15,Cow_396,7,4,4,0,33.7,Clear,Field B
2022-08-11,14:15,Cow_397,4,8,3,0,33.7,Clear,Field A
2022-08-11,14:15,Cow_398,7,4,4,0,33.7,Clear,Field C
2022-08-11,14:15,Cow_399,7,5,3,0,33.7,Clear,Field A
2022-08-11,14:15,Cow_400,11,10,0,0,33.7,Clear,Field A
2022-08-11,14:15,Cow_401,0,0,0,15,33.7,Clear,Field B
2022-08-11,14:15,Cow_402,8,5,2,0,33.7,Clear,Field C
2022-08-11,14:15,Cow_403,7,4,4,0,33.7,Clear,Field C
2022-08-11,14:15,Cow_404,3,5,7,0,33.7,Clear,Field A
2022-08-11,14:15,Cow_405,4,4,7,0,33.7,Clear,Field C
2022-08-11,14:15,Cow_406,8,3,4,0,33.7,Clear,Field C
2022-08-11,14:15,Cow_407,0,0,0,15,33.7,Clear,Field C
2022-08-11,14:15,Cow_408,12,3,0,0,33.7,Clear,Field C
2022-08-11,14:15,Cow_409,7,3,5,0,33.7,Clear,Field A
2022-08-11,14:15,Cow_410,8,3,4,0,33.7,Clear,Field B
2022-08-11,14:15,Cow_411,0,10,7,0,33.7,Clear,Field A
2022-08-11,14:15,Cow_412,0,0,0,15,33.7,Clear,Field C
2022-08-11,14:15,Cow_413,10,5,0,0,33.7,Clear,Field B
2022-08-11,14:15,Cow_414,5,3,7,0,33.7,Clear,Field C
2022-08-11,14:15,Cow_415,10,0,7,0,33.7,Clear,Field C
2022-08-11,14:15,Cow_416,10,3,2,0,33.7,Clear,Field B
2022-08-11,14:15,Cow_417,14,9,0,0,33.7,Clear,Field C
2022-08-11,14:15,Cow_418,6,3,6,0,33.7,Clear,Field C
2022-08-11,14:15,Cow_419,2,5,8,0,33.7,Clear,Field A
2022-08-11,14:15,Cow_420,6,1,8,0,33.7,Clear,Field C
2022-08-11,14:15,Cow_421,0,9,8,0,33.7,Clear,Field B
2022-08-11,14:15,Cow_422,12,0,4,0,33.7,Clear,Field B
2022-08-11,14:15,Cow_423,10,3,2,0,33.7,Clear,Field B
2022-08-11,14:15,Cow_424,9,6,0,0,33.7,Clear,Field B
2022-08-11,14:15,Cow_425,2,10,3,0,33.7,Clear,Field A
2022-08-11,14:15,Cow_426,0,0,0,15,33.7,Clear,Field A
2022-08-11,14:15,Cow_427,0,0,0,15,33.7,Clear,Field A
2022-08-11,14:15,Cow_428,0,10,6,0,33.7,Clear,Field C
2022-08-11,14:15,Cow_429,5,5,5,0,33.7,Clear,Field B
2022-08-11,14:15,Cow_430,0,10,8,0,33.7,Clear,Field A
2022-08-11,14:15,Cow_431,6,6,3,0,33.7,Clear,Field B
2022-08-11,14:15,Cow_432,10,6,0,0,33.7,Clear,Field A
2022-08-11,14:15,Cow_433,14,3,0,0,33.7,Clear,Field B
2022-08-11,14:15,Cow_434,0,0,0,15,33.7,Clear,Field A
2022-08-11,14:15,Cow_435,3,5,7,0,33.7,Clear,Field A
2022-08-11,14:15,Cow_436,5,5,5,0,33.7,Clear,Field B
2022-08-11,14:15,Cow_437,8,3,4,0,33.7,Clear,Field B
2022-08-11,14:15,Cow_438,1,6,8,0,33.7,Clear,Field B
2022-08-11,14:15,Cow_439,6,9,0,0,33.7,Clear,Field A
2022-08-11,14:15,Cow_440,5,3,7,0,33.7,Clear,Field C
2022-08-11,14:15,Cow_441,3,5,7,0,33.7,Clear,Field A
2022-08-11,14:15,Cow_442,0,7,8,0,33.7,Clear,Field B
2022-08-11,14:15,Cow_443,7,7,1,0,33.7,Clear,Field A
2022-08-11,14:15,Cow_444,1,6,8,0,33.7,Clear,Field A
2022-08-11,14:15,Cow_445,9,10,0,0,33.7,Clear,Field C
2022-08-11,14:15,Cow_446,6,3,6,0,33.7,Clear,Field B
2022-08-11,14:15,Cow_447,0,10,8,0,33.7,Clear,Field B
2022-08-11,14:15,Cow_448,10,1,4,0,33.7,Clear,Field B
2022-08-11,14:15,Cow_449,13,0,7,0,33.7,Clear,Field C
2022-08-11,14:15,Cow_450,11,0,5,0,33.7,Clear,Field B
2022-08-11,14:15,Cow_451,12,0,7,0,33.7,Clear,Field B
2022-08-11,14:15,Cow_452,9,1,5,0,33.7,Clear,Field C
2022-08-11,14:15,Cow_453,6,6,3,0,33.7,Clear,Field B
2022-08-11,14:15,Cow_454,2,8,5,0,33.7,Clear,Field C
2022-08-11,14:15,Cow_455,13,9,0,0,33.7,Clear,Field B
2022-08-11,14:15,Cow_456,14,10,0,0,33.7,Clear,Field A
2022-08-11,14:15,Cow_457,8,8,0,0,33.7,Clear,Field B
2022-08-11,14:15,Cow_458,13,0,3,0,33.7,Clear,Field A
2022-08-11,14:15,Cow_459,3,7,5,0,33.7,Clear,Field B
2022-08-11,14:15,Cow_460,1,6,8,0,33.7,Clear,Field B
2022-08-11,14:15,Cow_461,8,8,0,0,33.7,Clear,Field C
2022-08-11,14:15,Cow_462,2,6,7,0,33.7,Clear,Field A
2022-08-11,14:15,Cow_463,5,5,5,0,33.7,Clear,Field B
2022-08-11,14:15,Cow_464,13,8,0,0,33.7,Clear,Field A
2022-08-11,14:15,Cow_465,12,6,0,0,33.7,Clear,Field A
2022-08-11,14:15,Cow_466,0,9,8,0,33.7,Clear,Field A
2022-08-11,14:15,Cow_467,0,0,0,15,33.7,Clear,Field C
2022-08-11,14:15,Cow_468,5,6,4,0,33.7,Clear,Field A
2022-08-11,14:15,Cow_469,8,3,4,0,33.7,Clear,Field A
2022-08-11,14:15,Cow_470,4,7,4,0,33.7,Clear,Field A
2022-08-11,14:15,Cow_471,14,0,3,0,33.7,Clear,Field A
2022-08-11,14:15,Cow_472,1,6,8,0,33.7,Clear,Field C
2022-08-11,14:15,Cow_473,14,9,0,0,33.7,Clear,Field A
2022-08-11,14:15,Cow_474,13,0,8,0,33.7,Clear,Field B
2022-08-11,14:15,Cow_475,10,0,8,0,33.7,Clear,Field A
2022-08-11,14:15,Cow_476,3,4,8,0,33.7,Clear,Field C
2022-08-11,14:15,Cow_477,1,6,8,0,33.7,Clear,Field C
2022-08-11,14:15,Cow_478,0,10,7,0,33.7,Clear,Field A
2022-08-11,14:15,Cow_479,2,11,2,0,33.7,Clear,Field C
2022-08-11,14:15,Cow_480,0,9,6,0,33.7,Clear,Field C
2022-08-11,14:15,Cow_481,6,3,6,0,33.7,Clear,Field C
2022-08-11,14:15,Cow_482,12,7,0,0,33.7,Clear,Field A
2022-08-11,14:15,Cow_483,10,10,0,0,33.7,Clear,Field B
2022-08-11,14:15,Cow_484,13,7,0,0,33.7,Clear,Field C
2022-08-11,14:15,Cow_485,11,3,1,0,33.7,Clear,Field B
2022-08-11,14:15,Cow_486,14,9,0,0,33.7,Clear,Field A
2022-08-11,14:15,Cow_487,5,2,8,0,33.7,Clear,Field B
2022-08-11,14:15,Cow_488,13,6,0,0,33.7,Clear,Field C
2022-08-11,14:15,Cow_489,10,5,0,0,33.7,Clear,Field C
2022-08-11,14:15,Cow_490,7,4,4,0,33.7,Clear,Field A
2022-08-11,14:15,Cow_491,2,10,3,0,33.7,Clear,Field B
2022-08-11,14:15,Cow_492,9,9,0,0,33.7,Clear,Field C
2022-08-11,14:15,Cow_493,0,9,6,0,33.7,Clear,Field C
2022-08-11,14:15,Cow_494,7,3,5,0,33.7,Clear,Field A
2022-08-11,14:15,Cow_495,7,7,1,0,33.7,Clear,Field C
2022-08-11,14:15,Cow_496,8,0,8,0,33.7,Clear,Field B
2022-08-11,14:15,Cow_497,9,0,7,0,33.7,Clear,Field A
2022-08-11,14:15,Cow_498,6,6,3,0,33.7,Clear,Field B
2022-08-11,14:15,Cow_499,12,0,8,0,33.7,Clear,Field C
2022-08-11,14:15,Cow_500,0,9,7,0,33.7,Clear,Field C
2022-08-11,14:30,Cow_1,2,10,3,0,23.2,Clear,Field B
2022-08-11,14:30,Cow_2,11,1,3,0,23.2,Clear,Field C
2022-08-11,14:30,Cow_3,7,8,0,0,23.2,Clear,Field C
2022-08-11,14:30,Cow_4,5,5,5,0,23.2,Clear,Field A
2022-08-11,14:30,Cow_5,1,6,8,0,23.2,Clear,Field C
2022-08-11,14:30,Cow_6,4,3,8,0,23.2,Clear,Field B
2022-08-11,14:30,Cow_7,7,3,5,0,23.2,Clear,Field B
2022-08-11,14:30,Cow_8,11,0,8,0,23.2,Clear,Field C
2022-08-11,14:30,Cow_9,0,0,0,15,23.2,Clear,Field B
2022-08-11,14:30,Cow_10,5,7,3,0,23.2,Clear,Field A
2022-08-11,14:30,Cow_11,14,7,0,0,23.2,Clear,Field A
2022-08-11,14:30,Cow_12,13,9,0,0,23.2,Clear,Field C
2022-08-11,14:30,Cow_13,8,3,4,0,23.2,Clear,Field A
2022-08-11,14:30,Cow_14,10,3,2,0,23.2,Clear,Field A
2022-08-11,14:30,Cow_15,3,9,3,0,23.2,Clear,Field C
2022-08-11,14:30,Cow_16,10,0,5,0,23.2,Clear,Field B
2022-08-11,14:30,Cow_17,1,6,8,0,23.2,Clear,Field C
2022-08-11,14:30,Cow_18,5,4,6,0,23.2,Clear,Field B
2022-08-11,14:30,Cow_19,11,3,1,0,23.2,Clear,Field B
2022-08-11,14:30,Cow_20,5,7,3,0,23.2,Clear,Field A
2022-08-11,14:30,Cow_21,9,0,9,0,23.2,Clear,Field B
2022-08-11,14:30,Cow_22,12,10,0,0,23.2,Clear,Field C
2022-08-11,14:30,Cow_23,13,0,4,0,23.2,Clear,Field A
2022-08-11,14:30,Cow_24,12,9,0,0,23.2,Clear,Field C
2022-08-11,14:30,Cow_25,7,8,0,0,23.2,Clear,Field A
2022-08-11,14:30,Cow_26,4,4,7,0,23.2,Clear,Field B
2022-08-11,14:30,Cow_27,14,3,0,0,23.2,Clear,Field C
2022-08-11,14:30,Cow_28,12,0,8,0,23.2,Clear,Field C
2022-08-11,14:30,Cow_29,1,6,8,0,23.2,Clear,Field A
2022-08-11,14:30,Cow_30,0,0,0,15,23.2,Clear,Field A
2022-08-11,14:30,Cow_31,11,4,0,0,23.2,Clear,Field C
2022-08-11,14:30,Cow_32,9,9,0,0,23.2,Clear,Field A
2022-08-11,14:30,Cow_33,10,5,0,0,23.2,Clear,Field C
2022-08-11,14:30,Cow_34,11,4,0,0,23.2,Clear,Field A
2022-08-11,14:30,Cow_35,7,5,3,0,23.2,Clear,Field C
2022-08-11,14:30,Cow_36,10,0,7,0,23.2,Clear,Field A
2022-08-11,14:30,Cow_37,3,7,5,0,23.2,Clear,Field A
2022-08-11,14:30,Cow_38,5,6,4,0,23.2,Clear,Field B
2022-08-11,14:30,Cow_39,2,10,3,0,23.2,Clear,Field A
2022-08-11,14:30,Cow_40,14,4,0,0,23.2,Clear,Field B
2022-08-11,14:30,Cow_41,9,0,8,0,23.2,Clear,Field C
2022-08-11,14:30,Cow_42,7,0,8,0,23.2,Clear,Field C
2022-08-11,14:30,Cow_43,5,6,4,0,23.2,Clear,Field C
2022-08-11,14:30,Cow_44,8,2,5,0,23.2,Clear,Field A
2022-08-11,14:30,Cow_45,1,9,5,0,23.2,Clear,Field A
2022-08-11,14:30,Cow_46,14,4,0,0,23.2,Clear,Field A
2022-08-11,14:30,Cow_47,12,8,0,0,23.2,Clear,Field B
2022-08-11,14:30,Cow_48,14,4,0,0,23.2,Clear,Field A
2022-08-11,14:30,Cow_49,8,0,7,0,23.2,Clear,Field C
2022-08-11,14:30,Cow_50,14,0,4,0,23.2,Clear,Field A
2022-08-11,14:30,Cow_51,14,9,0,0,23.2,Clear,Field A
2022-08-11,14:30,Cow_52,5,4,6,0,23.2,Clear,Field C
2022-08-11,14:30,Cow_53,5,5,5,0,23.2,Clear,Field C
2022-08-11,14:30,Cow_54,5,10,0,0,23.2,Clear,Field A
2022-08-11,14:30,Cow_55,14,5,0,0,23.2,Clear,Field B
2022-08-11,14:30,Cow_56,13,6,0,0,23.2,Clear,Field A
2022-08-11,14:30,Cow_57,6,4,5,0,23.2,Clear,Field B
2022-08-11,14:30,Cow_58,9,5,1,0,23.2,Clear,Field B
2022-08-11,14:30,Cow_59,8,3,4,0,23.2,Clear,Field B
2022-08-11,14:30,Cow_60,0,0,0,15,23.2,Clear,Field B
2022-08-11,14:30,Cow_61,8,2,5,0,23.2,Clear,Field C
2022-08-11,14:30,Cow_62,7,0,8,0,23.2,Clear,Field B
2022-08-11,14:30,Cow_63,9,8,0,0,23.2,Clear,Field B
2022-08-11,14:30,Cow_64,3,9,3,0,23.2,Clear,Field C
2022-08-11,14:30,Cow_65,11,9,0,0,23.2,Clear,Field C
2022-08-11,14:30,Cow_66,13,0,5,0,23.2,Clear,Field C
2022-08-11,14:30,Cow_67,1,9,5,0,23.2,Clear,Field C
2022-08-11,14:30,Cow_68,4,5,6,0,23.2,Clear,Field B
2022-08-11,14:30,Cow_69,9,3,3,0,23.2,Clear,Field A
2022-08-11,14:30,Cow_70,4,8,3,0,23.2,Clear,Field B
2022-08-11,14:30,Cow_71,6,1,8,0,23.2,Clear,Field B
2022-08-11,14:30,Cow_72,0,0,0,15,23.2,Clear,Field A
2022-08-11,14:30,Cow_73,11,0,6,0,23.2,Clear,Field A
2022-08-11,14:30,Cow_74,7,7,1,0,23.2,Clear,Field C
2022-08-11,14:30,Cow_75,12,9,0,0,23.2,Clear,Field C
2022-08-11,14:30,Cow_76,11,4,0,0,23.2,Clear,Field A
2022-08-11,14:30,Cow_77,9,10,0,0,23.2,Clear,Field C
2022-08-11,14:30,Cow_78,5,3,7,0,23.2,Clear,Field B
2022-08-11,14:30,Cow_79,14,8,0,0,23.2,Clear,Field B
2022-08-11,14:30,Cow_80,13,10,0,0,23.2,Clear,Field A
2022-08-11,14:30,Cow_81,14,9,0,0,23.2,Clear,Field B
2022-08-11,14:30,Cow_82,1,10,4,0,23.2,Clear,Field A
2022-08-11,14:30,Cow_83,11,9,0,0,23.2,Clear,Field B
2022-08-11,14:30,Cow_84,10,2,3,0,23.2,Clear,Field A
2022-08-11,14:30,Cow_85,11,0,4,0,23.2,Clear,Field C
2022-08-11,14:30,Cow_86,14,5,0,0,23.2,Clear,Field C
2022-08-11,14:30,Cow_87,0,0,0,15,23.2,Clear,Field A
2022-08-11,14:30,Cow_88,9,0,7,0,23.2,Clear,Field A
2022-08-11,14:30,Cow_89,2,8,5,0,23.2,Clear,Field A
2022-08-11,14:30,Cow_90,6,6,3,0,23.2,Clear,Field C
2022-08-11,14:30,Cow_91,4,7,4,0,23.2,Clear,Field B
2022-08-11,14:30,Cow_92,14,4,0,0,23.2,Clear,Field A
2022-08-11,14:30,Cow_93,0,10,7,0,23.2,Clear,Field C
2022-08-11,14:30,Cow_94,2,10,3,0,23.2,Clear,Field A
2022-08-11,14:30,Cow_95,5,4,6,0,23.2,Clear,Field C
2022-08-11,14:30,Cow_96,3,9,3,0,23.2,Clear,Field B
2022-08-11,14:30,Cow_97,6,4,5,0,23.2,Clear,Field A
2022-08-11,14:30,Cow_98,9,0,6,0,23.2,Clear,Field C
2022-08-11,14:30,Cow_99,3,4,8,0,23.2,Clear,Field C
2022-08-11,14:30,Cow_100,6,5,4,0,23.2,Clear,Field C
2022-08-11,14:30,Cow_101,5,7,3,0,23.2,Clear,Field C
2022-08-11,14:30,Cow_102,10,7,0,0,23.2,Clear,Field A
2022-08-11,14:30,Cow_103,11,1,3,0,23.2,Clear,Field C
2022-08-11,14:30,Cow_104,9,0,7,0,23.2,Clear,Field B
2022-08-11,14:30,Cow_105,10,0,5,0,23.2,Clear,Field B
2022-08-11,14:30,Cow_106,0,0,0,15,23.2,Clear,Field B
2022-08-11,14:30,Cow_107,11,9,0,0,23.2,Clear,Field A
2022-08-11,14:30,Cow_108,6,5,4,0,23.2,Clear,Field C
2022-08-11,14:30,Cow_109,3,7,5,0,23.2,Clear,Field A
2022-08-11,14:30,Cow_110,9,3,3,0,23.2,Clear,Field C
2022-08-11,14:30,Cow_111,0,0,0,15,23.2,Clear,Field C
2022-08-11,14:30,Cow_112,12,9,0,0,23.2,Clear,Field C
2022-08-11,14:30,Cow_113,12,0,4,0,23.2,Clear,Field B
2022-08-11,14:30,Cow_114,11,7,0,0,23.2,Clear,Field C
2022-08-11,14:30,Cow_115,5,5,5,0,23.2,Clear,Field C
2022-08-11,14:30,Cow_116,0,10,6,0,23.2,Clear,Field C
2022-08-11,14:30,Cow_117,8,3,4,0,23.2,Clear,Field B
2022-08-11,14:30,Cow_118,4,7,4,0,23.2,Clear,Field C
2022-08-11,14:30,Cow_119,8,2,5,0,23.2,Clear,Field C
2022-08-11,14:30,Cow_120,0,9,6,0,23.2,Clear,Field C
2022-08-11,14:30,Cow_121,10,9,0,0,23.2,Clear,Field B
2022-08-11,14:30,Cow_122,3,8,4,0,23.2,Clear,Field C
2022-08-11,14:30,Cow_123,8,7,0,0,23.2,Clear,Field B
2022-08-11,14:30,Cow_124,13,7,0,0,23.2,Clear,Field B
2022-08-11,14:30,Cow_125,12,0,6,0,23.2,Clear,Field C
2022-08-11,14:30,Cow_126,0,8,8,0,23.2,Clear,Field A
2022-08-11,14:30,Cow_127,4,8,3,0,23.2,Clear,Field B
2022-08-11,14:30,Cow_128,7,5,3,0,23.2,Clear,Field B
2022-08-11,14:30,Cow_129,0,0,0,15,23.2,Clear,Field C
2022-08-11,14:30,Cow_130,0,0,0,15,23.2,Clear,Field B
2022-08-11,14:30,Cow_131,7,4,4,0,23.2,Clear,Field A
2022-08-11,14:30,Cow_132,5,6,4,0,23.2,Clear,Field A
2022-08-11,14:30,Cow_133,3,4,8,0,23.2,Clear,Field C
2022-08-11,14:30,Cow_134,5,7,3,0,23.2,Clear,Field B
2022-08-11,14:30,Cow_135,13,0,6,0,23.2,Clear,Field B
2022-08-11,14:30,Cow_136,10,0,5,0,23.2,Clear,Field B
2022-08-11,14:30,Cow_137,14,8,0,0,23.2,Clear,Field A
2022-08-11,14:30,Cow_138,6,3,6,0,23.2,Clear,Field C
2022-08-11,14:30,Cow_139,10,6,0,0,23.2,Clear,Field B
2022-08-11,14:30,Cow_140,8,6,1,0,23.2,Clear,Field B
2022-08-11,14:30,Cow_141,3,5,7,0,23.2,Clear,Field B
2022-08-11,14:30,Cow_142,13,0,4,0,23.2,Clear,Field B
2022-08-11,14:30,Cow_143,8,7,0,0,23.2,Clear,Field B
2022-08-11,14:30,Cow_144,9,3,3,0,23.2,Clear,Field A
2022-08-11,14:30,Cow_145,14,0,3,0,23.2,Clear,Field B
2022-08-11,14:30,Cow_146,2,8,5,0,23.2,Clear,Field A
2022-08-11,14:30,Cow_147,5,4,6,0,23.2,Clear,Field C
2022-08-11,14:30,Cow_148,10,0,5,0,23.2,Clear,Field B
2022-08-11,14:30,Cow_149,11,10,0,0,23.2,Clear,Field A
2022-08-11,14:30,Cow_150,12,7,0,0,23.2,Clear,Field A
2022-08-11,14:30,Cow_151,8,4,3,0,23.2,Clear,Field B
2022-08-11,14:30,Cow_152,12,6,0,0,23.2,Clear,Field B
2022-08-11,14:30,Cow_153,6,3,6,0,23.2,Clear,Field A
2022-08-11,14:30,Cow_154,10,0,5,0,23.2,Clear,Field C
2022-08-11,14:30,Cow_155,2,5,8,0,23.2,Clear,Field C
2022-08-11,14:30,Cow_156,7,0,8,0,23.2,Clear,Field C
2022-08-11,14:30,Cow_157,6,1,8,0,23.2,Clear,Field C
2022-08-11,14:30,Cow_158,13,9,0,0,23.2,Clear,Field B
2022-08-11,14:30,Cow_159,0,0,0,15,23.2,Clear,Field A
2022-08-11,14:30,Cow_160,12,5,0,0,23.2,Clear,Field C
2022-08-11,14:30,Cow_161,4,5,6,0,23.2,Clear,Field B
2022-08-11,14:30,Cow_162,5,4,6,0,23.2,Clear,Field A
2022-08-11,14:30,Cow_163,7,8,0,0,23.2,Clear,Field B
2022-08-11,14:30,Cow_164,9,1,5,0,23.2,Clear,Field A
2022-08-11,14:30,Cow_165,6,7,2,0,23.2,Clear,Field A
2022-08-11,14:30,Cow_166,12,0,7,0,23.2,Clear,Field A
2022-08-11,14:30,Cow_167,13,5,0,0,23.2,Clear,Field C
2022-08-11,14:30,Cow_168,8,10,0,0,23.2,Clear,Field B
2022-08-11,14:30,Cow_169,8,4,3,0,23.2,Clear,Field C
2022-08-11,14:30,Cow_170,6,6,3,0,23.2,Clear,Field A
2022-08-11,14:30,Cow_171,7,10,0,0,23.2,Clear,Field A
2022-08-11,14:30,Cow_172,7,4,4,0,23.2,Clear,Field C
2022-08-11,14:30,Cow_173,14,6,0,0,23.2,Clear,Field A
2022-08-11,14:30,Cow_174,5,7,3,0,23.2,Clear,Field A
2022-08-11,14:30,Cow_175,6,6,3,0,23.2,Clear,Field A
2022-08-11,14:30,Cow_176,8,5,2,0,23.2,Clear,Field B
2022-08-11,14:30,Cow_177,5,6,4,0,23.2,Clear,Field C
2022-08-11,14:30,Cow_178,3,5,7,0,23.2,Clear,Field A
2022-08-11,14:30,Cow_179,5,6,4,0,23.2,Clear,Field B
2022-08-11,14:30,Cow_180,12,7,0,0,23.2,Clear,Field C
2022-08-11,14:30,Cow_181,7,4,4,0,23.2,Clear,Field B
2022-08-11,14:30,Cow_182,8,3,4,0,23.2,Clear,Field C
2022-08-11,14:30,Cow_183,10,4,1,0,23.2,Clear,Field C
2022-08-11,14:30,Cow_184,5,4,6,0,23.2,Clear,Field A
2022-08-11,14:30,Cow_185,11,6,0,0,23.2,Clear,Field C
2022-08-11,14:30,Cow_186,7,4,4,0,23.2,Clear,Field B
2022-08-11,14:30,Cow_187,3,7,5,0,23.2,Clear,Field B
2022-08-11,14:30,Cow_188,13,3,0,0,23.2,Clear,Field A
2022-08-11,14:30,Cow_189,14,0,6,0,23.2,Clear,Field A
2022-08-11,14:30,Cow_190,13,4,0,0,23.2,Clear,Field C
2022-08-11,14:30,Cow_191,13,7,0,0,23.2,Clear,Field A
2022-08-11,14:30,Cow_192,8,10,0,0,23.2,Clear,Field A
2022-08-11,14:30,Cow_193,6,6,3,0,23.2,Clear,Field C
2022-08-11,14:30,Cow_194,9,7,0,0,23.2,Clear,Field C
2022-08-11,14:30,Cow_195,0,0,0,15,23.2,Clear,Field C
2022-08-11,14:30,Cow_196,1,10,4,0,23.2,Clear,Field A
2022-08-11,14:30,Cow_197,3,9,3,0,23.2,Clear,Field C
2022-08-11,14:30,Cow_198,0,0,0,15,23.2,Clear,Field B
2022-08-11,14:30,Cow_199,14,0,7,0,23.2,Clear,Field A
2022-08-11,14:30,Cow_200,6,3,6,0,23.2,Clear,Field B
2022-08-11,14:30,Cow_201,12,10,0,0,23.2,Clear,Field B
2022-08-11,14:30,Cow_202,0,9,6,0,23.2,Clear,Field B
2022-08-11,14:30,Cow_203,13,0,7,0,23.2,Clear,Field C
2022-08-11,14:30,Cow_204,8,6,1,0,23.2,Clear,Field B
2022-08-11,14:30,Cow_205,7,1,7,0,23.2,Clear,Field A
2022-08-11,14:30,Cow_206,0,0,0,15,23.2,Clear,Field C
2022-08-11,14:30,Cow_207,5,5,5,0,23.2,Clear,Field C
2022-08-11,14:30,Cow_208,0,10,7,0,23.2,Clear,Field C
2022-08-11,14:30,Cow_209,0,0,0,15,23.2,Clear,Field C
2022-08-11,14:30,Cow_210,7,7,1,0,23.2,Clear,Field B
2022-08-11,14:30,Cow_211,5,5,5,0,23.2,Clear,Field A
2022-08-11,14:30,Cow_212,8,9,0,0,23.2,Clear,Field C
2022-08-11,14:30,Cow_213,0,0,0,15,23.2,Clear,Field A
2022-08-11,14:30,Cow_214,14,0,6,0,23.2,Clear,Field C
2022-08-11,14:30,Cow_215,2,10,3,0,23.2,Clear,Field A
2022-08-11,14:30,Cow_216,0,9,6,0,23.2,Clear,Field A
2022-08-11,14:30,Cow_217,1,7,7,0,23.2,Clear,Field C
2022-08-11,14:30,Cow_218,13,0,5,0,23.2,Clear,Field C
2022-08-11,14:30,Cow_219,13,10,0,0,23.2,Clear,Field B
2022-08-11,14:30,Cow_220,11,0,6,0,23.2,Clear,Field C
2022-08-11,14:30,Cow_221,12,0,5,0,23.2,Clear,Field B
2022-08-11,14:30,Cow_222,10,3,2,0,23.2,Clear,Field B
2022-08-11,14:30,Cow_223,11,7,0,0,23.2,Clear,Field B
2022-08-11,14:30,Cow_224,14,0,6,0,23.2,Clear,Field B
2022-08-11,14:30,Cow_225,9,6,0,0,23.2,Clear,Field C
2022-08-11,14:30,Cow_226,10,6,0,0,23.2,Clear,Field C
2022-08-11,14:30,Cow_227,9,0,7,0,23.2,Clear,Field B
2022-08-11,14:30,Cow_228,5,6,4,0,23.2,Clear,Field B
2022-08-11,14:30,Cow_229,10,1,4,0,23.2,Clear,Field A
2022-08-11,14:30,Cow_230,9,10,0,0,23.2,Clear,Field C
2022-08-11,14:30,Cow_231,4,7,4,0,23.2,Clear,Field B
2022-08-11,14:30,Cow_232,9,0,8,0,23.2,Clear,Field A
2022-08-11,14:30,Cow_233,5,6,4,0,23.2,Clear,Field B
2022-08-11,14:30,Cow_234,10,5,0,0,23.2,Clear,Field B
2022-08-11,14:30,Cow_235,6,6,3,0,23.2,Clear,Field A
2022-08-11,14:30,Cow_236,14,0,8,0,23.2,Clear,Field B
2022-08-11,14:30,Cow_237,5,5,5,0,23.2,Clear,Field A
2022-08-11,14:30,Cow_238,6,7,2,0,23.2,Clear,Field B
2022-08-11,14:30,Cow_239,1,7,7,0,23.2,Clear,Field C
2022-08-11,14:30,Cow_240,5,4,6,0,23.2,Clear,Field B
2022-08-11,14:30,Cow_241,8,3,4,0,23.2,Clear,Field C
2022-08-11,14:30,Cow_242,9,3,3,0,23.2,Clear,Field A
2022-08-11,14:30,Cow_243,6,5,4,0,23.2,Clear,Field B
2022-08-11,14:30,Cow_244,2,8,5,0,23.2,Clear,Field C
2022-08-11,14:30,Cow_245,10,1,4,0,23.2,Clear,Field C
2022-08-11,14:30,Cow_246,1,7,7,0,23.2,Clear,Field C
2022-08-11,14:30,Cow_247,1,7,7,0,23.2,Clear,Field B
2022-08-11,14:30,Cow_248,3,7,5,0,23.2,Clear,Field A
2022-08-11,14:30,Cow_249,14,0,5,0,23.2,Clear,Field B
2022-08-11,14:30,Cow_250,5,4,6,0,23.2,Clear,Field C
2022-08-11,14:30,Cow_251,7,5,3,0,23.2,Clear,Field C
2022-08-11,14:30,Cow_252,15,0,5,0,23.2,Clear,Field B
2022-08-11,14:30,Cow_253,6,5,4,0,23.2,Clear,Field B
2022-08-11,14:30,Cow_254,4,7,4,0,23.2,Clear,Field B
2022-08-11,14:30,Cow_255,0,0,0,15,23.2,Clear,Field C
2022-08-11,14:30,Cow_256,9,1,5,0,23.2,Clear,Field C
2022-08-11,14:30,Cow_257,0,0,0,15,23.2,Clear,Field A
2022-08-11,14:30,Cow_258,12,0,7,0,23.2,Clear,Field B
2022-08-11,14:30,Cow_259,10,7,0,0,23.2,Clear,Field B
2022-08-11,14:30,Cow_260,12,0,8,0,23.2,Clear,Field C
2022-08-11,14:30,Cow_261,13,0,7,0,23.2,Clear,Field C
2022-08-11,14:30,Cow_262,3,5,7,0,23.2,Clear,Field B
2022-08-11,14:30,Cow_263,2,5,8,0,23.2,Clear,Field C
2022-08-11,14:30,Cow_264,10,0,5,0,23.2,Clear,Field B
2022-08-11,14:30,Cow_265,9,10,0,0,23.2,Clear,Field B
2022-08-11,14:30,Cow_266,9,1,5,0,23.2,Clear,Field C
2022-08-11,14:30,Cow_267,2,10,3,0,23.2,Clear,Field B
2022-08-11,14:30,Cow_268,4,7,4,0,23.2,Clear,Field C
2022-08-11,14:30,Cow_269,7,1,7,0,23.2,Clear,Field B
2022-08-11,14:30,Cow_270,11,3,1,0,23.2,Clear,Field C
2022-08-11,14:30,Cow_271,6,5,4,0,23.2,Clear,Field A
2022-08-11,14:30,Cow_272,7,4,4,0,23.2,Clear,Field A
2022-08-11,14:30,Cow_273,14,6,0,0,23.2,Clear,Field B
2022-08-11,14:30,Cow_274,14,0,5,0,23.2,Clear,Field B
2022-08-11,14:30,Cow_275,4,8,3,0,23.2,Clear,Field B
2022-08-11,14:30,Cow_276,1,6,8,0,23.2,Clear,Field A
2022-08-11,14:30,Cow_277,14,0,4,0,23.2,Clear,Field C
2022-08-11,14:30,Cow_278,4,8,3,0,23.2,Clear,Field C
2022-08-11,14:30,Cow_279,6,4,5,0,23.2,Clear,Field C
2022-08-11,14:30,Cow_280,13,10,0,0,23.2,Clear,Field B
2022-08-11,14:30,Cow_281,11,0,4,0,23.2,Clear,Field A
2022-08-11,14:30,Cow_282,0,9,6,0,23.2,Clear,Field B
2022-08-11,14:30,Cow_283,0,9,7,0,23.2,Clear,Field A
2022-08-11,14:30,Cow_284,9,8,0,0,23.2,Clear,Field A
2022-08-11,14:30,Cow_285,2,10,3,0,23.2,Clear,Field B
2022-08-11,14:30,Cow_286,5,4,6,0,23.2,Clear,Field B
2022-08-11,14:30,Cow_287,4,8,3,0,23.2,Clear,Field C
2022-08-11,14:30,Cow_288,3,7,5,0,23.2,Clear,Field C
2022-08-11,14:30,Cow_289,6,3,6,0,23.2,Clear,Field B
2022-08-11,14:30,Cow_290,3,7,5,0,23.2,Clear,Field C
2022-08-11,14:30,Cow_291,2,5,8,0,23.2,Clear,Field A
2022-08-11,14:30,Cow_292,13,8,0,0,23.2,Clear,Field A
2022-08-11,14:30,Cow_293,6,6,3,0,23.2,Clear,Field B
2022-08-11,14:30,Cow_294,7,3,5,0,23.2,Clear,Field B
2022-08-11,14:30,Cow_295,6,4,5,0,23.2,Clear,Field C
2022-08-11,14:30,Cow_296,8,0,8,0,23.2,Clear,Field A
2022-08-11,14:30,Cow_297,3,5,7,0,23.2,Clear,Field B
2022-08-11,14:30,Cow_298,6,6,3,0,23.2,Clear,Field B
2022-08-11,14:30,Cow_299,0,0,0,15,23.2,Clear,Field B
2022-08-11,14:30,Cow_300,4,7,4,0,23.2,Clear,Field C
2022-08-11,14:30,Cow_301,10,0,6,0,23.2,Clear,Field C
2022-08-11,14:30,Cow_302,6,2,7,0,23.2,Clear,Field C
2022-08-11,14:30,Cow_303,8,5,2,0,23.2,Clear,Field A
2022-08-11,14:30,Cow_304,9,0,8,0,23.2,Clear,Field B
2022-08-11,14:30,Cow_305,0,10,7,0,23.2,Clear,Field C
2022-08-11,14:30,Cow_306,4,4,7,0,23.2,Clear,Field C
2022-08-11,14:30,Cow_307,13,6,0,0,23.2,Clear,Field C
2022-08-11,14:30,Cow_308,5,4,6,0,23.2,Clear,Field C
2022-08-11,14:30,Cow_309,9,0,7,0,23.2,Clear,Field A
2022-08-11,14:30,Cow_310,0,10,5,0,23.2,Clear,Field C
2022-08-11,14:30,Cow_311,9,6,0,0,23.2,Clear,Field B
2022-08-11,14:30,Cow_312,3,5,7,0,23.2,Clear,Field A
2022-08-11,14:30,Cow_313,13,0,7,0,23.2,Clear,Field B
2022-08-11,14:30,Cow_314,12,0,4,0,23.2,Clear,Field C
2022-08-11,14:30,Cow_315,0,10,5,0,23.2,Clear,Field C
2022-08-11,14:30,Cow_316,10,0,5,0,23.2,Clear,Field A
2022-08-11,14:30,Cow_317,6,2,7,0,23.2,Clear,Field C
2022-08-11,14:30,Cow_318,8,3,4,0,23.2,Clear,Field A
2022-08-11,14:30,Cow_319,6,5,4,0,23.2,Clear,Field A
2022-08-11,14:30,Cow_320,0,8,7,0,23.2,Clear,Field B
2022-08-11,14:30,Cow_321,3,4,8,0,23.2,Clear,Field C
2022-08-11,14:30,Cow_322,8,3,4,0,23.2,Clear,Field C
2022-08-11,14:30,Cow_323,5,10,0,0,23.2,Clear,Field C
2022-08-11,14:30,Cow_324,5,4,6,0,23.2,Clear,Field C
2022-08-11,14:30,Cow_325,6,4,5,0,23.2,Clear,Field B
2022-08-11,14:30,Cow_326,6,5,4,0,23.2,Clear,Field A
2022-08-11,14:30,Cow_327,4,4,7,0,23.2,Clear,Field A
2022-08-11,14:30,Cow_328,5,6,4,0,23.2,Clear,Field C
2022-08-11,14:30,Cow_329,8,4,3,0,23.2,Clear,Field A
2022-08-11,14:30,Cow_330,12,9,0,0,23.2,Clear,Field A
2022-08-11,14:30,Cow_331,6,2,7,0,23.2,Clear,Field C
2022-08-11,14:30,Cow_332,11,1,3,0,23.2,Clear,Field C
2022-08-11,14:30,Cow_333,11,0,8,0,23.2,Clear,Field C
2022-08-11,14:30,Cow_334,9,3,3,0,23.2,Clear,Field A
2022-08-11,14:30,Cow_335,5,7,3,0,23.2,Clear,Field C
2022-08-11,14:30,Cow_336,14,0,5,0,23.2,Clear,Field A
2022-08-11,14:30,Cow_337,0,10,7,0,23.2,Clear,Field C
2022-08-11,14:30,Cow_338,10,2,3,0,23.2,Clear,Field C
2022-08-11,14:30,Cow_339,7,4,4,0,23.2,Clear,Field B
2022-08-11,14:30,Cow_340,8,3,4,0,23.2,Clear,Field B
2022-08-11,14:30,Cow_341,12,0,3,0,23.2,Clear,Field A
2022-08-11,14:30,Cow_342,11,0,7,0,23.2,Clear,Field C
2022-08-11,14:30,Cow_343,0,9,7,0,23.2,Clear,Field A
2022-08-11,14:30,Cow_344,5,10,0,0,23.2,Clear,Field B
2022-08-11,14:30,Cow_345,11,10,0,0,23.2,Clear,Field A
2022-08-11,14:30,Cow_346,1,10,4,0,23.2,Clear,Field C
2022-08-11,14:30,Cow_347,0,0,0,15,23.2,Clear,Field B
2022-08-11,14:30,Cow_348,9,0,10,0,23.2,Clear,Field C
2022-08-11,14:30,Cow_349,0,9,7,0,23.2,Clear,Field B
2022-08-11,14:30,Cow_350,14,0,5,0,23.2,Clear,Field C
2022-08-11,14:30,Cow_351,7,5,3,0,23.2,Clear,Field C
2022-08-11,14:30,Cow_352,7,6,2,0,23.2,Clear,Field A
2022-08-11,14:30,Cow_353,1,9,5,0,23.2,Clear,Field A
2022-08-11,14:30,Cow_354,12,0,5,0,23.2,Clear,Field C
2022-08-11,14:30,Cow_355,14,0,7,0,23.2,Clear,Field B
2022-08-11,14:30,Cow_356,3,7,5,0,23.2,Clear,Field B
2022-08-11,14:30,Cow_357,4,4,7,0,23.2,Clear,Field B
2022-08-11,14:30,Cow_358,0,0,0,15,23.2,Clear,Field C
2022-08-11,14:30,Cow_359,2,7,6,0,23.2,Clear,Field C
2022-08-11,14:30,Cow_360,6,5,4,0,23.2,Clear,Field A
2022-08-11,14:30,Cow_361,12,0,8,0,23.2,Clear,Field B
2022-08-11,14:30,Cow_362,3,5,7,0,23.2,Clear,Field A
2022-08-11,14:30,Cow_363,10,3,2,0,23.2,Clear,Field A
2022-08-11,14:30,Cow_364,9,4,2,0,23.2,Clear,Field C
2022-08-11,14:30,Cow_365,11,0,5,0,23.2,Clear,Field B
2022-08-11,14:30,Cow_366,5,4,6,0,23.2,Clear,Field C
2022-08-11,14:30,Cow_367,9,0,8,0,23.2,Clear,Field C
2022-08-11,14:30,Cow_368,11,6,0,0,23.2,Clear,Field B
2022-08-11,14:30,Cow_369,5,6,4,0,23.2,Clear,Field B
2022-08-11,14:30,Cow_370,2,9,4,0,23.2,Clear,Field A
2022-08-11,14:30,Cow_371,9,0,6,0,23.2,Clear,Field B
2022-08-11,14:30,Cow_372,11,1,3,0,23.2,Clear,Field A
2022-08-11,14:30,Cow_373,6,6,3,0,23.2,Clear,Field B
2022-08-11,14:30,Cow_374,8,3,4,0,23.2,Clear,Field B
2022-08-11,14:30,Cow_375,14,4,0,0,23.2,Clear,Field A
2022-08-11,14:30,Cow_376,3,8,4,0,23.2,Clear,Field A
2022-08-11,14:30,Cow_377,13,8,0,0,23.2,Clear,Field B
2022-08-11,14:30,Cow_378,0,0,0,15,23.2,Clear,Field C
2022-08-11,14:30,Cow_379,7,3,5,0,23.2,Clear,Field B
2022-08-11,14:30,Cow_380,7,3,5,0,23.2,Clear,Field B
2022-08-11,14:30,Cow_381,15,0,8,0,23.2,Clear,Field C
2022-08-11,14:30,Cow_382,3,6,6,0,23.2,Clear,Field C
2022-08-11,14:30,Cow_383,6,6,3,0,23.2,Clear,Field B
2022-08-11,14:30,Cow_384,11,0,8,0,23.2,Clear,Field C
2022-08-11,14:30,Cow_385,9,3,3,0,23.2,Clear,Field C
2022-08-11,14:30,Cow_386,0,8,7,0,23.2,Clear,Field B
2022-08-11,14:30,Cow_387,6,1,8,0,23.2,Clear,Field B
2022-08-11,14:30,Cow_388,14,0,7,0,23.2,Clear,Field C
2022-08-11,14:30,Cow_389,6,4,5,0,23.2,Clear,Field B
2022-08-11,14:30,Cow_390,9,0,7,0,23.2,Clear,Field B
2022-08-11,14:30,Cow_391,8,5,2,0,23.2,Clear,Field C
2022-08-11,14:30,Cow_392,4,8,3,0,23.2,Clear,Field C
2022-08-11,14:30,Cow_393,1,7,7,0,23.2,Clear,Field A
2022-08-11,14:30,Cow_394,0,10,8,0,23.2,Clear,Field A
2022-08-11,14:30,Cow_395,13,0,8,0,23.2,Clear,Field C
2022-08-11,14:30,Cow_396,7,4,4,0,23.2,Clear,Field C
2022-08-11,14:30,Cow_397,6,5,4,0,23.2,Clear,Field B
2022-08-11,14:30,Cow_398,9,0,6,0,23.2,Clear,Field B
2022-08-11,14:30,Cow_399,7,6,2,0,23.2,Clear,Field B
2022-08-11,14:30,Cow_400,5,9,1,0,23.2,Clear,Field A
2022-08-11,14:30,Cow_401,14,5,0,0,23.2,Clear,Field A
2022-08-11,14:30,Cow_402,0,9,7,0,23.2,Clear,Field A
2022-08-11,14:30,Cow_403,0,9,7,0,23.2,Clear,Field B
2022-08-11,14:30,Cow_404,0,0,0,15,23.2,Clear,Field A
2022-08-11,14:30,Cow_405,9,1,5,0,23.2,Clear,Field C
2022-08-11,14:30,Cow_406,0,10,5,0,23.2,Clear,Field B
2022-08-11,14:30,Cow_407,0,10,6,0,23.2,Clear,Field A
2022-08-11,14:30,Cow_408,7,3,5,0,23.2,Clear,Field C
2022-08-11,14:30,Cow_409,13,0,3,0,23.2,Clear,Field B
2022-08-11,14:30,Cow_410,13,0,5,0,23.2,Clear,Field C
2022-08-11,14:30,Cow_411,10,0,7,0,23.2,Clear,Field A
2022-08-11,14:30,Cow_412,14,9,0,0,23.2,Clear,Field B
2022-08-11,14:30,Cow_413,1,7,7,0,23.2,Clear,Field A
2022-08-11,14:30,Cow_414,14,6,0,0,23.2,Clear,Field C
2022-08-11,14:30,Cow_415,6,7,2,0,23.2,Clear,Field C
2022-08-11,14:30,Cow_416,0,0,0,15,23.2,Clear,Field B
2022-08-11,14:30,Cow_417,1,8,6,0,23.2,Clear,Field C
2022-08-11,14:30,Cow_418,0,0,0,15,23.2,Clear,Field A
2022-08-11,14:30,Cow_419,9,8,0,0,23.2,Clear,Field B
2022-08-11,14:30,Cow_420,1,7,7,0,23.2,Clear,Field C
2022-08-11,14:30,Cow_421,8,6,1,0,23.2,Clear,Field A
2022-08-11,14:30,Cow_422,3,8,4,0,23.2,Clear,Field B
2022-08-11,14:30,Cow_423,14,8,0,0,23.2,Clear,Field B
2022-08-11,14:30,Cow_424,13,0,3,0,23.2,Clear,Field C
2022-08-11,14:30,Cow_425,7,8,0,0,23.2,Clear,Field B
2022-08-11,14:30,Cow_426,8,4,3,0,23.2,Clear,Field B
2022-08-11,14:30,Cow_427,0,11,7,0,23.2,Clear,Field A
2022-08-11,14:30,Cow_428,14,0,6,0,23.2,Clear,Field C
2022-08-11,14:30,Cow_429,0,0,0,15,23.2,Clear,Field A
2022-08-11,14:30,Cow_430,14,0,6,0,23.2,Clear,Field A
2022-08-11,14:30,Cow_431,0,0,0,15,23.2,Clear,Field A
2022-08-11,14:30,Cow_432,1,8,6,0,23.2,Clear,Field A
2022-08-11,14:30,Cow_433,12,0,4,0,23.2,Clear,Field C
2022-08-11,14:30,Cow_434,13,0,8,0,23.2,Clear,Field A
2022-08-11,14:30,Cow_435,13,0,6,0,23.2,Clear,Field A
2022-08-11,14:30,Cow_436,5,2,8,0,23.2,Clear,Field B
2022-08-11,14:30,Cow_437,10,6,0,0,23.2,Clear,Field B
2022-08-11,14:30,Cow_438,10,4,1,0,23.2,Clear,Field C
2022-08-11,14:30,Cow_439,8,2,5,0,23.2,Clear,Field C
2022-08-11,14:30,Cow_440,8,7,0,0,23.2,Clear,Field A
2022-08-11,14:30,Cow_441,5,3,7,0,23.2,Clear,Field C
2022-08-11,14:30,Cow_442,0,11,5,0,23.2,Clear,Field B
2022-08-11,14:30,Cow_443,4,5,6,0,23.2,Clear,Field A
2022-08-11,14:30,Cow_444,8,3,4,0,23.2,Clear,Field A
2022-08-11,14:30,Cow_445,9,8,0,0,23.2,Clear,Field C
2022-08-11,14:30,Cow_446,8,4,3,0,23.2,Clear,Field C
2022-08-11,14:30,Cow_447,4,3,8,0,23.2,Clear,Field B
2022-08-11,14:30,Cow_448,0,0,0,15,23.2,Clear,Field B
2022-08-11,14:30,Cow_449,5,7,3,0,23.2,Clear,Field C
2022-08-11,14:30,Cow_450,7,8,0,0,23.2,Clear,Field B
2022-08-11,14:30,Cow_451,7,4,4,0,23.2,Clear,Field B
2022-08-11,14:30,Cow_452,7,4,4,0,23.2,Clear,Field A
2022-08-11,14:30,Cow_453,14,0,8,0,23.2,Clear,Field A
2022-08-11,14:30,Cow_454,0,0,0,15,23.2,Clear,Field C
2022-08-11,14:30,Cow_455,0,0,0,15,23.2,Clear,Field B
2022-08-11,14:30,Cow_456,13,0,4,0,23.2,Clear,Field A
2022-08-11,14:30,Cow_457,14,0,4,0,23.2,Clear,Field A
2022-08-11,14:30,Cow_458,12,0,5,0,23.2,Clear,Field C
2022-08-11,14:30,Cow_459,13,3,0,0,23.2,Clear,Field A
2022-08-11,14:30,Cow_460,0,10,8,0,23.2,Clear,Field B
2022-08-11,14:30,Cow_461,7,5,3,0,23.2,Clear,Field A
2022-08-11,14:30,Cow_462,6,3,6,0,23.2,Clear,Field B
2022-08-11,14:30,Cow_463,9,6,0,0,23.2,Clear,Field C
2022-08-11,14:30,Cow_464,7,8,0,0,23.2,Clear,Field C
2022-08-11,14:30,Cow_465,0,8,8,0,23.2,Clear,Field C
2022-08-11,14:30,Cow_466,4,6,5,0,23.2,Clear,Field B
2022-08-11,14:30,Cow_467,12,8,0,0,23.2,Clear,Field A
2022-08-11,14:30,Cow_468,6,10,0,0,23.2,Clear,Field C
2022-08-11,14:30,Cow_469,11,8,0,0,23.2,Clear,Field C
2022-08-11,14:30,Cow_470,1,10,4,0,23.2,Clear,Field C
2022-08-11,14:30,Cow_471,2,5,8,0,23.2,Clear,Field B
2022-08-11,14:30,Cow_472,8,6,1,0,23.2,Clear,Field C
2022-08-11,14:30,Cow_473,9,0,8,0,23.2,Clear,Field A
2022-08-11,14:30,Cow_474,4,6,5,0,23.2,Clear,Field C
2022-08-11,14:30,Cow_475,1,7,7,0,23.2,Clear,Field A
2022-08-11,14:30,Cow_476,12,0,5,0,23.2,Clear,Field A
2022-08-11,14:30,Cow_477,1,10,4,0,23.2,Clear,Field C
2022-08-11,14:30,Cow_478,9,4,2,0,23.2,Clear,Field A
2022-08-11,14:30,Cow_479,3,10,2,0,23.2,Clear,Field C
2022-08-11,14:30,Cow_480,12,10,0,0,23.2,Clear,Field A
2022-08-11,14:30,Cow_481,14,8,0,0,23.2,Clear,Field C
2022-08-11,14:30,Cow_482,0,10,5,0,23.2,Clear,Field C
2022-08-11,14:30,Cow_483,3,6,6,0,23.2,Clear,Field B
2022-08-11,14:30,Cow_484,14,0,3,0,23.2,Clear,Field A
2022-08-11,14:30,Cow_485,5,10,0,0,23.2,Clear,Field B
2022-08-11,14:30,Cow_486,0,10,6,0,23.2,Clear,Field A
2022-08-11,14:30,Cow_487,4,7,4,0,23.2,Clear,Field B
2022-08-11,14:30,Cow_488,7,4,4,0,23.2,Clear,Field A
2022-08-11,14:30,Cow_489,9,3,3,0,23.2,Clear,Field B
2022-08-11,14:30,Cow_490,7,3,5,0,23.2,Clear,Field B
2022-08-11,14:30,Cow_491,1,10,4,0,23.2,Clear,Field B
2022-08-11,14:30,Cow_492,0,0,0,15,23.2,Clear,Field A
2022-08-11,14:30,Cow_493,0,0,0,15,23.2,Clear,Field A
2022-08-11,14:30,Cow_494,5,4,6,0,23.2,Clear,Field C
2022-08-11,14:30,Cow_495,1,7,7,0,23.2,Clear,Field C
2022-08-11,14:30,Cow_496,12,5,0,0,23.2,Clear,Field C
2022-08-11,14:30,Cow_497,8,0,7,0,23.2,Clear,Field C
2022-08-11,14:30,Cow_498,5,4,6,0,23.2,Clear,Field B
2022-08-11,14:30,Cow_499,6,6,3,0,23.2,Clear,Field C
2022-08-11,14:30,Cow_500,5,7,3,0,23.2,Clear,Field A
2022-08-11,14:45,Cow_1,9,0,7,0,27.7,Clear,Field A
2022-08-11,14:45,Cow_2,11,4,0,0,27.7,Clear,Field B
2022-08-11,14:45,Cow_3,6,6,3,0,27.7,Clear,Field C
2022-08-11,14:45,Cow_4,14,0,4,0,27.7,Clear,Field C
2022-08-11,14:45,Cow_5,0,9,8,0,27.7,Clear,Field A
2022-08-11,14:45,Cow_6,14,0,5,0,27.7,Clear,Field B
2022-08-11,14:45,Cow_7,9,3,3,0,27.7,Clear,Field A
2022-08-11,14:45,Cow_8,12,0,4,0,27.7,Clear,Field C
2022-08-11,14:45,Cow_9,5,2,8,0,27.7,Clear,Field C
2022-08-11,14:45,Cow_10,12,8,0,0,27.7,Clear,Field C
2022-08-11,14:45,Cow_11,4,6,5,0,27.7,Clear,Field A
2022-08-11,14:45,Cow_12,7,5,3,0,27.7,Clear,Field B
2022-08-11,14:45,Cow_13,11,4,0,0,27.7,Clear,Field B
2022-08-11,14:45,Cow_14,0,9,6,0,27.7,Clear,Field B
2022-08-11,14:45,Cow_15,7,8,0,0,27.7,Clear,Field B
2022-08-11,14:45,Cow_16,10,1,4,0,27.7,Clear,Field C
2022-08-11,14:45,Cow_17,9,3,3,0,27.7,Clear,Field B
2022-08-11,14:45,Cow_18,0,9,9,0,27.7,Clear,Field B
2022-08-11,14:45,Cow_19,13,0,7,0,27.7,Clear,Field A
2022-08-11,14:45,Cow_20,13,5,0,0,27.7,Clear,Field B
2022-08-11,14:45,Cow_21,12,0,8,0,27.7,Clear,Field C
2022-08-11,14:45,Cow_22,0,10,7,0,27.7,Clear,Field A
2022-08-11,14:45,Cow_23,7,1,7,0,27.7,Clear,Field A
2022-08-11,14:45,Cow_24,5,5,5,0,27.7,Clear,Field B
2022-08-11,14:45,Cow_25,12,10,0,0,27.7,Clear,Field A
2022-08-11,14:45,Cow_26,5,3,7,0,27.7,Clear,Field A
2022-08-11,14:45,Cow_27,7,0,8,0,27.7,Clear,Field A
2022-08-11,14:45,Cow_28,9,7,0,0,27.7,Clear,Field C
2022-08-11,14:45,Cow_29,14,7,0,0,27.7,Clear,Field A
2022-08-11,14:45,Cow_30,11,0,8,0,27.7,Clear,Field A
2022-08-11,14:45,Cow_31,7,0,8,0,27.7,Clear,Field C
2022-08-11,14:45,Cow_32,8,4,3,0,27.7,Clear,Field A
2022-08-11,14:45,Cow_33,0,0,0,15,27.7,Clear,Field B
2022-08-11,14:45,Cow_34,3,5,7,0,27.7,Clear,Field B
2022-08-11,14:45,Cow_35,8,7,0,0,27.7,Clear,Field A
2022-08-11,14:45,Cow_36,10,8,0,0,27.7,Clear,Field B
2022-08-11,14:45,Cow_37,8,4,3,0,27.7,Clear,Field A
2022-08-11,14:45,Cow_38,4,5,6,0,27.7,Clear,Field B
2022-08-11,14:45,Cow_39,14,4,0,0,27.7,Clear,Field C
2022-08-11,14:45,Cow_40,5,5,5,0,27.7,Clear,Field A
2022-08-11,14:45,Cow_41,8,10,0,0,27.7,Clear,Field A
2022-08-11,14:45,Cow_42,0,7,8,0,27.7,Clear,Field C
2022-08-11,14:45,Cow_43,4,7,4,0,27.7,Clear,Field A
2022-08-11,14:45,Cow_44,14,8,0,0,27.7,Clear,Field A
2022-08-11,14:45,Cow_45,5,5,5,0,27.7,Clear,Field C
2022-08-11,14:45,Cow_46,11,0,5,0,27.7,Clear,Field A
2022-08-11,14:45,Cow_47,9,0,7,0,27.7,Clear,Field A
2022-08-11,14:45,Cow_48,2,9,4,0,27.7,Clear,Field A
2022-08-11,14:45,Cow_49,6,5,4,0,27.7,Clear,Field B
2022-08-11,14:45,Cow_50,6,9,0,0,27.7,Clear,Field B
2022-08-11,14:45,Cow_51,8,2,5,0,27.7,Clear,Field C
2022-08-11,14:45,Cow_52,0,10,7,0,27.7,Clear,Field A
2022-08-11,14:45,Cow_53,12,6,0,0,27.7,Clear,Field C
2022-08-11,14:45,Cow_54,5,7,3,0,27.7,Clear,Field C
2022-08-11,14:45,Cow_55,10,7,0,0,27.7,Clear,Field B
2022-08-11,14:45,Cow_56,6,6,3,0,27.7,Clear,Field B
2022-08-11,14:45,Cow_57,8,9,0,0,27.7,Clear,Field A
2022-08-11,14:45,Cow_58,1,9,5,0,27.7,Clear,Field C
2022-08-11,14:45,Cow_59,5,7,3,0,27.7,Clear,Field A
2022-08-11,14:45,Cow_60,6,6,3,0,27.7,Clear,Field C
2022-08-11,14:45,Cow_61,7,5,3,0,27.7,Clear,Field A
2022-08-11,14:45,Cow_62,12,0,7,0,27.7,Clear,Field B
2022-08-11,14:45,Cow_63,6,4,5,0,27.7,Clear,Field C
2022-08-11,14:45,Cow_64,0,0,0,15,27.7,Clear,Field C
2022-08-11,14:45,Cow_65,6,6,3,0,27.7,Clear,Field A
2022-08-11,14:45,Cow_66,8,3,4,0,27.7,Clear,Field B
2022-08-11,14:45,Cow_67,0,0,0,15,27.7,Clear,Field A
2022-08-11,14:45,Cow_68,0,0,0,15,27.7,Clear,Field A
2022-08-11,14:45,Cow_69,10,9,0,0,27.7,Clear,Field A
2022-08-11,14:45,Cow_70,12,0,6,0,27.7,Clear,Field C
2022-08-11,14:45,Cow_71,9,0,8,0,27.7,Clear,Field C
2022-08-11,14:45,Cow_72,9,3,3,0,27.7,Clear,Field B
2022-08-11,14:45,Cow_73,6,3,6,0,27.7,Clear,Field B
2022-08-11,14:45,Cow_74,0,0,0,15,27.7,Clear,Field C
2022-08-11,14:45,Cow_75,8,0,9,0,27.7,Clear,Field B
2022-08-11,14:45,Cow_76,10,5,0,0,27.7,Clear,Field C
2022-08-11,14:45,Cow_77,14,0,3,0,27.7,Clear,Field C
2022-08-11,14:45,Cow_78,4,4,7,0,27.7,Clear,Field B
2022-08-11,14:45,Cow_79,9,2,4,0,27.7,Clear,Field A
2022-08-11,14:45,Cow_80,14,0,6,0,27.7,Clear,Field C
2022-08-11,14:45,Cow_81,14,0,8,0,27.7,Clear,Field B
2022-08-11,14:45,Cow_82,5,5,5,0,27.7,Clear,Field A
2022-08-11,14:45,Cow_83,0,10,7,0,27.7,Clear,Field A
2022-08-11,14:45,Cow_84,1,10,4,0,27.7,Clear,Field B
2022-08-11,14:45,Cow_85,0,10,6,0,27.7,Clear,Field C
2022-08-11,14:45,Cow_86,1,9,5,0,27.7,Clear,Field C
2022-08-11,14:45,Cow_87,13,0,8,0,27.7,Clear,Field C
2022-08-11,14:45,Cow_88,4,7,4,0,27.7,Clear,Field C
2022-08-11,14:45,Cow_89,9,3,3,0,27.7,Clear,Field A
2022-08-11,14:45,Cow_90,13,3,0,0,27.7,Clear,Field C
2022-08-11,14:45,Cow_91,0,10,6,0,27.7,Clear,Field B
2022-08-11,14:45,Cow_92,14,0,3,0,27.7,Clear,Field C
2022-08-11,14:45,Cow_93,3,9,3,0,27.7,Clear,Field B
2022-08-11,14:45,Cow_94,2,8,5,0,27.7,Clear,Field C
2022-08-11,14:45,Cow_95,5,8,2,0,27.7,Clear,Field C
2022-08-11,14:45,Cow_96,7,4,4,0,27.7,Clear,Field B
2022-08-11,14:45,Cow_97,12,0,6,0,27.7,Clear,Field A
2022-08-11,14:45,Cow_98,5,11,0,0,27.7,Clear,Field C
2022-08-11,14:45,Cow_99,12,3,0,0,27.7,Clear,Field A
2022-08-11,14:45,Cow_100,4,8,3,0,27.7,Clear,Field B
2022-08-11,14:45,Cow_101,5,5,5,0,27.7,Clear,Field B
2022-08-11,14:45,Cow_102,10,4,1,0,27.7,Clear,Field C
2022-08-11,14:45,Cow_103,0,9,7,0,27.7,Clear,Field C
2022-08-11,14:45,Cow_104,14,0,5,0,27.7,Clear,Field C
2022-08-11,14:45,Cow_105,12,5,0,0,27.7,Clear,Field B
2022-08-11,14:45,Cow_106,2,8,5,0,27.7,Clear,Field C
2022-08-11,14:45,Cow_107,5,8,2,0,27.7,Clear,Field A
2022-08-11,14:45,Cow_108,10,0,5,0,27.7,Clear,Field C
2022-08-11,14:45,Cow_109,14,7,0,0,27.7,Clear,Field C
2022-08-11,14:45,Cow_110,11,6,0,0,27.7,Clear,Field C
2022-08-11,14:45,Cow_111,14,0,3,0,27.7,Clear,Field A
2022-08-11,14:45,Cow_112,10,0,5,0,27.7,Clear,Field B
2022-08-11,14:45,Cow_113,2,8,5,0,27.7,Clear,Field B
2022-08-11,14:45,Cow_114,10,0,5,0,27.7,Clear,Field A
2022-08-11,14:45,Cow_115,13,3,0,0,27.7,Clear,Field B
2022-08-11,14:45,Cow_116,4,4,7,0,27.7,Clear,Field B
2022-08-11,14:45,Cow_117,2,5,8,0,27.7,Clear,Field A
2022-08-11,14:45,Cow_118,1,8,6,0,27.7,Clear,Field A
2022-08-11,14:45,Cow_119,12,0,6,0,27.7,Clear,Field B
2022-08-11,14:45,Cow_120,7,2,6,0,27.7,Clear,Field B
2022-08-11,14:45,Cow_121,5,4,6,0,27.7,Clear,Field B
2022-08-11,14:45,Cow_122,8,4,3,0,27.7,Clear,Field C
2022-08-11,14:45,Cow_123,12,0,7,0,27.7,Clear,Field B
2022-08-11,14:45,Cow_124,2,6,7,0,27.7,Clear,Field A
2022-08-11,14:45,Cow_125,6,2,7,0,27.7,Clear,Field A
2022-08-11,14:45,Cow_126,10,0,7,0,27.7,Clear,Field C
2022-08-11,14:45,Cow_127,8,6,1,0,27.7,Clear,Field A
2022-08-11,14:45,Cow_128,11,0,5,0,27.7,Clear,Field C
2022-08-11,14:45,Cow_129,3,4,8,0,27.7,Clear,Field C
2022-08-11,14:45,Cow_130,0,7,8,0,27.7,Clear,Field B
2022-08-11,14:45,Cow_131,11,0,4,0,27.7,Clear,Field C
2022-08-11,14:45,Cow_132,7,4,4,0,27.7,Clear,Field A
2022-08-11,14:45,Cow_133,5,2,8,0,27.7,Clear,Field C
2022-08-11,14:45,Cow_134,10,10,0,0,27.7,Clear,Field C
2022-08-11,14:45,Cow_135,0,8,7,0,27.7,Clear,Field A
2022-08-11,14:45,Cow_136,4,5,6,0,27.7,Clear,Field A
2022-08-11,14:45,Cow_137,0,0,0,15,27.7,Clear,Field C
2022-08-11,14:45,Cow_138,0,7,8,0,27.7,Clear,Field C
2022-08-11,14:45,Cow_139,9,1,5,0,27.7,Clear,Field A
2022-08-11,14:45,Cow_140,2,9,4,0,27.7,Clear,Field B
2022-08-11,14:45,Cow_141,6,1,8,0,27.7,Clear,Field A
2022-08-11,14:45,Cow_142,0,10,8,0,27.7,Clear,Field A
2022-08-11,14:45,Cow_143,10,2,3,0,27.7,Clear,Field A
2022-08-11,14:45,Cow_144,12,0,3,0,27.7,Clear,Field B
2022-08-11,14:45,Cow_145,9,0,7,0,27.7,Clear,Field B
2022-08-11,14:45,Cow_146,11,9,0,0,27.7,Clear,Field B
2022-08-11,14:45,Cow_147,13,5,0,0,27.7,Clear,Field A
2022-08-11,14:45,Cow_148,10,0,5,0,27.7,Clear,Field C
2022-08-11,14:45,Cow_149,10,1,4,0,27.7,Clear,Field C
2022-08-11,14:45,Cow_150,9,3,3,0,27.7,Clear,Field C
2022-08-11,14:45,Cow_151,13,6,0,0,27.7,Clear,Field C
2022-08-11,14:45,Cow_152,12,10,0,0,27.7,Clear,Field B
2022-08-11,14:45,Cow_153,10,0,6,0,27.7,Clear,Field C
2022-08-11,14:45,Cow_154,6,6,3,0,27.7,Clear,Field C
2022-08-11,14:45,Cow_155,4,6,5,0,27.7,Clear,Field A
2022-08-11,14:45,Cow_156,8,4,3,0,27.7,Clear,Field C
2022-08-11,14:45,Cow_157,14,9,0,0,27.7,Clear,Field C
2022-08-11,14:45,Cow_158,7,10,0,0,27.7,Clear,Field A
2022-08-11,14:45,Cow_159,9,8,0,0,27.7,Clear,Field B
2022-08-11,14:45,Cow_160,11,7,0,0,27.7,Clear,Field A
2022-08-11,14:45,Cow_161,6,5,4,0,27.7,Clear,Field A
2022-08-11,14:45,Cow_162,5,3,7,0,27.7,Clear,Field C
2022-08-11,14:45,Cow_163,2,9,4,0,27.7,Clear,Field C
2022-08-11,14:45,Cow_164,5,2,8,0,27.7,Clear,Field B
2022-08-11,14:45,Cow_165,0,10,6,0,27.7,Clear,Field C
2022-08-11,14:45,Cow_166,12,4,0,0,27.7,Clear,Field A
2022-08-11,14:45,Cow_167,5,7,3,0,27.7,Clear,Field C
2022-08-11,14:45,Cow_168,12,6,0,0,27.7,Clear,Field A
2022-08-11,14:45,Cow_169,14,0,3,0,27.7,Clear,Field C
2022-08-11,14:45,Cow_170,11,0,6,0,27.7,Clear,Field B
2022-08-11,14:45,Cow_171,6,9,0,0,27.7,Clear,Field A
2022-08-11,14:45,Cow_172,6,7,2,0,27.7,Clear,Field C
2022-08-11,14:45,Cow_173,12,0,8,0,27.7,Clear,Field C
2022-08-11,14:45,Cow_174,12,0,7,0,27.7,Clear,Field C
2022-08-11,14:45,Cow_175,0,0,0,15,27.7,Clear,Field C
2022-08-11,14:45,Cow_176,12,0,4,0,27.7,Clear,Field C
2022-08-11,14:45,Cow_177,10,0,6,0,27.7,Clear,Field B
2022-08-11,14:45,Cow_178,7,4,4,0,27.7,Clear,Field B
2022-08-11,14:45,Cow_179,1,10,4,0,27.7,Clear,Field C
2022-08-11,14:45,Cow_180,10,9,0,0,27.7,Clear,Field B
2022-08-11,14:45,Cow_181,10,0,8,0,27.7,Clear,Field B
2022-08-11,14:45,Cow_182,7,3,5,0,27.7,Clear,Field A
2022-08-11,14:45,Cow_183,12,0,4,0,27.7,Clear,Field A
2022-08-11,14:45,Cow_184,11,4,0,0,27.7,Clear,Field B
2022-08-11,14:45,Cow_185,5,7,3,0,27.7,Clear,Field C
2022-08-11,14:45,Cow_186,0,10,7,0,27.7,Clear,Field A
2022-08-11,14:45,Cow_187,0,10,8,0,27.7,Clear,Field C
2022-08-11,14:45,Cow_188,11,4,0,0,27.7,Clear,Field A
2022-08-11,14:45,Cow_189,12,3,0,0,27.7,Clear,Field C
2022-08-11,14:45,Cow_190,11,5,0,0,27.7,Clear,Field A
2022-08-11,14:45,Cow_191,6,9,0,0,27.7,Clear,Field C
2022-08-11,14:45,Cow_192,5,6,4,0,27.7,Clear,Field A
2022-08-11,14:45,Cow_193,6,3,6,0,27.7,Clear,Field C
2022-08-11,14:45,Cow_194,10,6,0,0,27.7,Clear,Field B
2022-08-11,14:45,Cow_195,6,3,6,0,27.7,Clear,Field C
2022-08-11,14:45,Cow_196,7,4,4,0,27.7,Clear,Field A
2022-08-11,14:45,Cow_197,5,3,7,0,27.7,Clear,Field B
2022-08-11,14:45,Cow_198,5,4,6,0,27.7,Clear,Field C
2022-08-11,14:45,Cow_199,12,10,0,0,27.7,Clear,Field A
2022-08-11,14:45,Cow_200,7,4,4,0,27.7,Clear,Field A
2022-08-11,14:45,Cow_201,11,1,3,0,27.7,Clear,Field B
2022-08-11,14:45,Cow_202,5,5,5,0,27.7,Clear,Field B
2022-08-11,14:45,Cow_203,2,9,4,0,27.7,Clear,Field B
2022-08-11,14:45,Cow_204,10,6,0,0,27.7,Clear,Field C
2022-08-11,14:45,Cow_205,7,2,6,0,27.7,Clear,Field A
2022-08-11,14:45,Cow_206,7,5,3,0,27.7,Clear,Field A
2022-08-11,14:45,Cow_207,13,0,6,0,27.7,Clear,Field A
2022-08-11,14:45,Cow_208,0,8,8,0,27.7,Clear,Field A
2022-08-11,14:45,Cow_209,5,3,7,0,27.7,Clear,Field A
2022-08-11,14:45,Cow_210,3,9,3,0,27.7,Clear,Field C
2022-08-11,14:45,Cow_211,7,5,3,0,27.7,Clear,Field A
2022-08-11,14:45,Cow_212,13,5,0,0,27.7,Clear,Field B
2022-08-11,14:45,Cow_213,8,0,7,0,27.7,Clear,Field A
2022-08-11,14:45,Cow_214,5,9,1,0,27.7,Clear,Field B
2022-08-11,14:45,Cow_215,12,9,0,0,27.7,Clear,Field C
2022-08-11,14:45,Cow_216,6,5,4,0,27.7,Clear,Field B
2022-08-11,14:45,Cow_217,1,6,8,0,27.7,Clear,Field B
2022-08-11,14:45,Cow_218,7,3,5,0,27.7,Clear,Field C
2022-08-11,14:45,Cow_219,0,8,8,0,27.7,Clear,Field B
2022-08-11,14:45,Cow_220,7,4,4,0,27.7,Clear,Field C
2022-08-11,14:45,Cow_221,13,0,4,0,27.7,Clear,Field A
2022-08-11,14:45,Cow_222,5,7,3,0,27.7,Clear,Field B
2022-08-11,14:45,Cow_223,10,0,5,0,27.7,Clear,Field A
2022-08-11,14:45,Cow_224,7,8,0,0,27.7,Clear,Field C
2022-08-11,14:45,Cow_225,7,0,8,0,27.7,Clear,Field A
2022-08-11,14:45,Cow_226,0,9,6,0,27.7,Clear,Field C
2022-08-11,14:45,Cow_227,9,7,0,0,27.7,Clear,Field C
2022-08-11,14:45,Cow_228,12,4,0,0,27.7,Clear,Field B
2022-08-11,14:45,Cow_229,6,6,3,0,27.7,Clear,Field B
2022-08-11,14:45,Cow_230,12,8,0,0,27.7,Clear,Field B
2022-08-11,14:45,Cow_231,6,4,5,0,27.7,Clear,Field B
2022-08-11,14:45,Cow_232,6,4,5,0,27.7,Clear,Field B
2022-08-11,14:45,Cow_233,0,9,7,0,27.7,Clear,Field B
2022-08-11,14:45,Cow_234,3,5,7,0,27.7,Clear,Field A
2022-08-11,14:45,Cow_235,3,4,8,0,27.7,Clear,Field B
2022-08-11,14:45,Cow_236,3,6,6,0,27.7,Clear,Field B
2022-08-11,14:45,Cow_237,7,4,4,0,27.7,Clear,Field C
2022-08-11,14:45,Cow_238,2,9,4,0,27.7,Clear,Field C
2022-08-11,14:45,Cow_239,11,0,8,0,27.7,Clear,Field A
2022-08-11,14:45,Cow_240,8,7,0,0,27.7,Clear,Field B
2022-08-11,14:45,Cow_241,0,8,8,0,27.7,Clear,Field A
2022-08-11,14:45,Cow_242,5,4,6,0,27.7,Clear,Field B
2022-08-11,14:45,Cow_243,0,10,7,0,27.7,Clear,Field B
2022-08-11,14:45,Cow_244,12,0,4,0,27.7,Clear,Field B
2022-08-11,14:45,Cow_245,13,4,0,0,27.7,Clear,Field A
2022-08-11,14:45,Cow_246,9,7,0,0,27.7,Clear,Field B
2022-08-11,14:45,Cow_247,0,0,0,15,27.7,Clear,Field B
2022-08-11,14:45,Cow_248,8,10,0,0,27.7,Clear,Field B
2022-08-11,14:45,Cow_249,13,0,7,0,27.7,Clear,Field B
2022-08-11,14:45,Cow_250,10,0,6,0,27.7,Clear,Field C
2022-08-11,14:45,Cow_251,6,5,4,0,27.7,Clear,Field A
2022-08-11,14:45,Cow_252,15,0,5,0,27.7,Clear,Field A
2022-08-11,14:45,Cow_253,0,10,5,0,27.7,Clear,Field A
2022-08-11,14:45,Cow_254,3,6,6,0,27.7,Clear,Field A
2022-08-11,14:45,Cow_255,1,10,4,0,27.7,Clear,Field C
2022-08-11,14:45,Cow_256,7,4,4,0,27.7,Clear,Field B
2022-08-11,14:45,Cow_257,12,10,0,0,27.7,Clear,Field C
2022-08-11,14:45,Cow_258,6,6,3,0,27.7,Clear,Field A
2022-08-11,14:45,Cow_259,2,6,7,0,27.7,Clear,Field C
2022-08-11,14:45,Cow_260,8,3,4,0,27.7,Clear,Field C
2022-08-11,14:45,Cow_261,5,4,6,0,27.7,Clear,Field A
2022-08-11,14:45,Cow_262,6,10,0,0,27.7,Clear,Field A
2022-08-11,14:45,Cow_263,8,4,3,0,27.7,Clear,Field A
2022-08-11,14:45,Cow_264,0,9,8,0,27.7,Clear,Field C
2022-08-11,14:45,Cow_265,13,5,0,0,27.7,Clear,Field C
2022-08-11,14:45,Cow_266,12,4,0,0,27.7,Clear,Field A
2022-08-11,14:45,Cow_267,13,0,5,0,27.7,Clear,Field C
2022-08-11,14:45,Cow_268,0,7,8,0,27.7,Clear,Field A
2022-08-11,14:45,Cow_269,10,8,0,0,27.7,Clear,Field A
2022-08-11,14:45,Cow_270,6,6,3,0,27.7,Clear,Field B
2022-08-11,14:45,Cow_271,12,9,0,0,27.7,Clear,Field C
2022-08-11,14:45,Cow_272,12,10,0,0,27.7,Clear,Field B
2022-08-11,14:45,Cow_273,0,9,6,0,27.7,Clear,Field B
2022-08-11,14:45,Cow_274,0,8,8,0,27.7,Clear,Field A
2022-08-11,14:45,Cow_275,6,7,2,0,27.7,Clear,Field A
2022-08-11,14:45,Cow_276,0,0,0,15,27.7,Clear,Field B
2022-08-11,14:45,Cow_277,5,2,8,0,27.7,Clear,Field C
2022-08-11,14:45,Cow_278,8,6,1,0,27.7,Clear,Field B
2022-08-11,14:45,Cow_279,12,8,0,0,27.7,Clear,Field C
2022-08-11,14:45,Cow_280,0,0,0,15,27.7,Clear,Field B
2022-08-11,14:45,Cow_281,5,7,3,0,27.7,Clear,Field A
2022-08-11,14:45,Cow_282,4,8,3,0,27.7,Clear,Field C
2022-08-11,14:45,Cow_283,4,3,8,0,27.7,Clear,Field C
2022-08-11,14:45,Cow_284,7,3,5,0,27.7,Clear,Field A
2022-08-11,14:45,Cow_285,12,0,4,0,27.7,Clear,Field C
2022-08-11,14:45,Cow_286,0,9,7,0,27.7,Clear,Field B
2022-08-11,14:45,Cow_287,14,0,5,0,27.7,Clear,Field A
2022-08-11,14:45,Cow_288,6,2,7,0,27.7,Clear,Field C
2022-08-11,14:45,Cow_289,0,9,6,0,27.7,Clear,Field B
2022-08-11,14:45,Cow_290,8,4,3,0,27.7,Clear,Field A
2022-08-11,14:45,Cow_291,7,6,2,0,27.7,Clear,Field C
2022-08-11,14:45,Cow_292,9,3,3,0,27.7,Clear,Field B
2022-08-11,14:45,Cow_293,6,0,10,0,27.7,Clear,Field C
2022-08-11,14:45,Cow_294,13,0,6,0,27.7,Clear,Field B
2022-08-11,14:45,Cow_295,1,9,5,0,27.7,Clear,Field C
2022-08-11,14:45,Cow_296,5,7,3,0,27.7,Clear,Field C
2022-08-11,14:45,Cow_297,14,9,0,0,27.7,Clear,Field B
2022-08-11,14:45,Cow_298,6,9,0,0,27.7,Clear,Field B
2022-08-11,14:45,Cow_299,13,9,0,0,27.7,Clear,Field A
2022-08-11,14:45,Cow_300,5,3,7,0,27.7,Clear,Field C
2022-08-11,14:45,Cow_301,10,0,5,0,27.7,Clear,Field B
2022-08-11,14:45,Cow_302,5,6,4,0,27.7,Clear,Field B
2022-08-11,14:45,Cow_303,1,9,5,0,27.7,Clear,Field C
2022-08-11,14:45,Cow_304,2,9,4,0,27.7,Clear,Field B
2022-08-11,14:45,Cow_305,1,8,6,0,27.7,Clear,Field A
2022-08-11,14:45,Cow_306,8,7,0,0,27.7,Clear,Field C
2022-08-11,14:45,Cow_307,4,7,4,0,27.7,Clear,Field C
2022-08-11,14:45,Cow_308,9,10,0,0,27.7,Clear,Field C
2022-08-11,14:45,Cow_309,0,0,0,15,27.7,Clear,Field C
2022-08-11,14:45,Cow_310,13,7,0,0,27.7,Clear,Field C
2022-08-11,14:45,Cow_311,9,8,0,0,27.7,Clear,Field C
2022-08-11,14:45,Cow_312,12,0,6,0,27.7,Clear,Field C
2022-08-11,14:45,Cow_313,9,3,3,0,27.7,Clear,Field B
2022-08-11,14:45,Cow_314,13,0,3,0,27.7,Clear,Field C
2022-08-11,14:45,Cow_315,11,9,0,0,27.7,Clear,Field B
2022-08-11,14:45,Cow_316,0,0,0,15,27.7,Clear,Field A
2022-08-11,14:45,Cow_317,6,4,5,0,27.7,Clear,Field A
2022-08-11,14:45,Cow_318,9,9,0,0,27.7,Clear,Field B
2022-08-11,14:45,Cow_319,14,0,6,0,27.7,Clear,Field C
2022-08-11,14:45,Cow_320,7,4,4,0,27.7,Clear,Field B
2022-08-11,14:45,Cow_321,6,3,6,0,27.7,Clear,Field A
2022-08-11,14:45,Cow_322,3,6,6,0,27.7,Clear,Field B
2022-08-11,14:45,Cow_323,9,5,1,0,27.7,Clear,Field B
2022-08-11,14:45,Cow_324,0,0,0,15,27.7,Clear,Field A
2022-08-11,14:45,Cow_325,8,4,3,0,27.7,Clear,Field A
2022-08-11,14:45,Cow_326,13,0,3,0,27.7,Clear,Field C
2022-08-11,14:45,Cow_327,10,0,7,0,27.7,Clear,Field A
2022-08-11,14:45,Cow_328,8,1,6,0,27.7,Clear,Field A
2022-08-11,14:45,Cow_329,14,0,5,0,27.7,Clear,Field C
2022-08-11,14:45,Cow_330,2,8,5,0,27.7,Clear,Field A
2022-08-11,14:45,Cow_331,1,6,8,0,27.7,Clear,Field B
2022-08-11,14:45,Cow_332,14,0,5,0,27.7,Clear,Field B
2022-08-11,14:45,Cow_333,8,8,0,0,27.7,Clear,Field C
2022-08-11,14:45,Cow_334,11,0,7,0,27.7,Clear,Field A
2022-08-11,14:45,Cow_335,14,0,5,0,27.7,Clear,Field B
2022-08-11,14:45,Cow_336,11,1,3,0,27.7,Clear,Field C
2022-08-11,14:45,Cow_337,14,0,7,0,27.7,Clear,Field A
2022-08-11,14:45,Cow_338,9,3,3,0,27.7,Clear,Field A
2022-08-11,14:45,Cow_339,6,4,5,0,27.7,Clear,Field C
2022-08-11,14:45,Cow_340,10,10,0,0,27.7,Clear,Field B
2022-08-11,14:45,Cow_341,8,7,0,0,27.7,Clear,Field A
2022-08-11,14:45,Cow_342,6,4,5,0,27.7,Clear,Field C
2022-08-11,14:45,Cow_343,12,3,0,0,27.7,Clear,Field C
2022-08-11,14:45,Cow_344,13,0,5,0,27.7,Clear,Field C
2022-08-11,14:45,Cow_345,0,10,6,0,27.7,Clear,Field B
2022-08-11,14:45,Cow_346,2,7,6,0,27.7,Clear,Field B
2022-08-11,14:45,Cow_347,7,4,4,0,27.7,Clear,Field C
2022-08-11,14:45,Cow_348,3,5,7,0,27.7,Clear,Field C
2022-08-11,14:45,Cow_349,10,10,0,0,27.7,Clear,Field C
2022-08-11,14:45,Cow_350,6,6,3,0,27.7,Clear,Field C
2022-08-11,14:45,Cow_351,13,0,6,0,27.7,Clear,Field B
2022-08-11,14:45,Cow_352,4,6,5,0,27.7,Clear,Field B
2022-08-11,14:45,Cow_353,6,6,3,0,27.7,Clear,Field C
2022-08-11,14:45,Cow_354,0,0,0,15,27.7,Clear,Field B
2022-08-11,14:45,Cow_355,8,8,0,0,27.7,Clear,Field B
2022-08-11,14:45,Cow_356,13,9,0,0,27.7,Clear,Field B
2022-08-11,14:45,Cow_357,6,5,4,0,27.7,Clear,Field C
2022-08-11,14:45,Cow_358,13,5,0,0,27.7,Clear,Field C
2022-08-11,14:45,Cow_359,0,0,0,15,27.7,Clear,Field C
2022-08-11,14:45,Cow_360,8,1,6,0,27.7,Clear,Field B
2022-08-11,14:45,Cow_361,14,0,7,0,27.7,Clear,Field A
2022-08-11,14:45,Cow_362,5,6,4,0,27.7,Clear,Field A
2022-08-11,14:45,Cow_363,14,0,10,0,27.7,Clear,Field C
2022-08-11,14:45,Cow_364,11,5,0,0,27.7,Clear,Field C
2022-08-11,14:45,Cow_365,0,10,8,0,27.7,Clear,Field B
2022-08-11,14:45,Cow_366,5,9,1,0,27.7,Clear,Field B
2022-08-11,14:45,Cow_367,6,6,3,0,27.7,Clear,Field A
2022-08-11,14:45,Cow_368,0,0,0,15,27.7,Clear,Field A
2022-08-11,14:45,Cow_369,11,6,0,0,27.7,Clear,Field B
2022-08-11,14:45,Cow_370,0,10,8,0,27.7,Clear,Field C
2022-08-11,14:45,Cow_371,12,0,7,0,27.7,Clear,Field B
2022-08-11,14:45,Cow_372,0,0,0,15,27.7,Clear,Field A
2022-08-11,14:45,Cow_373,6,5,4,0,27.7,Clear,Field B
2022-08-11,14:45,Cow_374,11,0,7,0,27.7,Clear,Field C
2022-08-11,14:45,Cow_375,6,2,7,0,27.7,Clear,Field A
2022-08-11,14:45,Cow_376,13,0,4,0,27.7,Clear,Field A
2022-08-11,14:45,Cow_377,8,10,0,0,27.7,Clear,Field C
2022-08-11,14:45,Cow_378,10,7,0,0,27.7,Clear,Field B
2022-08-11,14:45,Cow_379,8,0,8,0,27.7,Clear,Field A
2022-08-11,14:45,Cow_380,11,3,1,0,27.7,Clear,Field C
2022-08-11,14:45,Cow_381,13,0,6,0,27.7,Clear,Field B
2022-08-11,14:45,Cow_382,5,4,6,0,27.7,Clear,Field C
2022-08-11,14:45,Cow_383,11,0,7,0,27.7,Clear,Field A
2022-08-11,14:45,Cow_384,12,3,0,0,27.7,Clear,Field A
2022-08-11,14:45,Cow_385,0,0,0,15,27.7,Clear,Field B
2022-08-11,14:45,Cow_386,14,3,0,0,27.7,Clear,Field A
2022-08-11,14:45,Cow_387,4,5,6,0,27.7,Clear,Field C
2022-08-11,14:45,Cow_388,10,0,7,0,27.7,Clear,Field B
2022-08-11,14:45,Cow_389,12,5,0,0,27.7,Clear,Field B
2022-08-11,14:45,Cow_390,0,0,0,15,27.7,Clear,Field B
2022-08-11,14:45,Cow_391,9,10,0,0,27.7,Clear,Field B
2022-08-11,14:45,Cow_392,7,4,4,0,27.7,Clear,Field A
2022-08-11,14:45,Cow_393,11,0,4,0,27.7,Clear,Field A
2022-08-11,14:45,Cow_394,10,5,0,0,27.7,Clear,Field B
2022-08-11,14:45,Cow_395,14,4,0,0,27.7,Clear,Field B
2022-08-11,14:45,Cow_396,10,0,8,0,27.7,Clear,Field A
2022-08-11,14:45,Cow_397,3,9,3,0,27.7,Clear,Field B
2022-08-11,14:45,Cow_398,4,4,7,0,27.7,Clear,Field B
2022-08-11,14:45,Cow_399,0,9,6,0,27.7,Clear,Field A
2022-08-11,14:45,Cow_400,5,4,6,0,27.7,Clear,Field A
2022-08-11,14:45,Cow_401,12,4,0,0,27.7,Clear,Field A
2022-08-11,14:45,Cow_402,9,4,2,0,27.7,Clear,Field B
2022-08-11,14:45,Cow_403,0,0,0,15,27.7,Clear,Field A
2022-08-11,14:45,Cow_404,9,3,3,0,27.7,Clear,Field C
2022-08-11,14:45,Cow_405,5,5,5,0,27.7,Clear,Field C
2022-08-11,14:45,Cow_406,6,4,5,0,27.7,Clear,Field A
2022-08-11,14:45,Cow_407,1,6,8,0,27.7,Clear,Field B
2022-08-11,14:45,Cow_408,14,7,0,0,27.7,Clear,Field A
2022-08-11,14:45,Cow_409,12,0,3,0,27.7,Clear,Field A
2022-08-11,14:45,Cow_410,14,10,0,0,27.7,Clear,Field A
2022-08-11,14:45,Cow_411,11,3,1,0,27.7,Clear,Field C
2022-08-11,14:45,Cow_412,5,9,1,0,27.7,Clear,Field C
2022-08-11,14:45,Cow_413,11,0,7,0,27.7,Clear,Field B
2022-08-11,14:45,Cow_414,5,5,5,0,27.7,Clear,Field B
2022-08-11,14:45,Cow_415,0,0,0,15,27.7,Clear,Field A
2022-08-11,14:45,Cow_416,4,3,8,0,27.7,Clear,Field A
2022-08-11,14:45,Cow_417,1,10,4,0,27.7,Clear,Field A
2022-08-11,14:45,Cow_418,2,5,8,0,27.7,Clear,Field C
2022-08-11,14:45,Cow_419,3,9,3,0,27.7,Clear,Field A
2022-08-11,14:45,Cow_420,0,0,0,15,27.7,Clear,Field C
2022-08-11,14:45,Cow_421,7,8,0,0,27.7,Clear,Field B
2022-08-11,14:45,Cow_422,0,0,0,15,27.7,Clear,Field A
2022-08-11,14:45,Cow_423,5,7,3,0,27.7,Clear,Field C
2022-08-11,14:45,Cow_424,13,0,5,0,27.7,Clear,Field B
2022-08-11,14:45,Cow_425,7,5,3,0,27.7,Clear,Field A
2022-08-11,14:45,Cow_426,14,10,0,0,27.7,Clear,Field C
2022-08-11,14:45,Cow_427,11,0,10,0,27.7,Clear,Field A
2022-08-11,14:45,Cow_428,0,10,7,0,27.7,Clear,Field A
2022-08-11,14:45,Cow_429,5,3,7,0,27.7,Clear,Field C
2022-08-11,14:45,Cow_430,8,6,1,0,27.7,Clear,Field A
2022-08-11,14:45,Cow_431,0,9,8,0,27.7,Clear,Field C
2022-08-11,14:45,Cow_432,8,7,0,0,27.7,Clear,Field C
2022-08-11,14:45,Cow_433,14,6,0,0,27.7,Clear,Field B
2022-08-11,14:45,Cow_434,3,5,7,0,27.7,Clear,Field C
2022-08-11,14:45,Cow_435,2,8,5,0,27.7,Clear,Field C
2022-08-11,14:45,Cow_436,10,2,3,0,27.7,Clear,Field B
2022-08-11,14:45,Cow_437,11,0,6,0,27.7,Clear,Field A
2022-08-11,14:45,Cow_438,5,6,4,0,27.7,Clear,Field B
2022-08-11,14:45,Cow_439,7,3,5,0,27.7,Clear,Field B
2022-08-11,14:45,Cow_440,6,8,1,0,27.7,Clear,Field C
2022-08-11,14:45,Cow_441,8,0,7,0,27.7,Clear,Field A
2022-08-11,14:45,Cow_442,13,0,10,0,27.7,Clear,Field A
2022-08-11,14:45,Cow_443,11,0,8,0,27.7,Clear,Field B
2022-08-11,14:45,Cow_444,13,6,0,0,27.7,Clear,Field A
2022-08-11,14:45,Cow_445,0,0,0,15,27.7,Clear,Field B
2022-08-11,14:45,Cow_446,0,0,0,15,27.7,Clear,Field C
2022-08-11,14:45,Cow_447,1,8,6,0,27.7,Clear,Field A
2022-08-11,14:45,Cow_448,0,10,5,0,27.7,Clear,Field B
2022-08-11,14:45,Cow_449,10,7,0,0,27.7,Clear,Field C
2022-08-11,14:45,Cow_450,6,4,5,0,27.7,Clear,Field B
2022-08-11,14:45,Cow_451,13,10,0,0,27.7,Clear,Field B
2022-08-11,14:45,Cow_452,13,6,0,0,27.7,Clear,Field C
2022-08-11,14:45,Cow_453,7,4,4,0,27.7,Clear,Field B
2022-08-11,14:45,Cow_454,8,0,8,0,27.7,Clear,Field C
2022-08-11,14:45,Cow_455,3,9,3,0,27.7,Clear,Field B
2022-08-11,14:45,Cow_456,9,9,0,0,27.7,Clear,Field B
2022-08-11,14:45,Cow_457,14,0,4,0,27.7,Clear,Field A
2022-08-11,14:45,Cow_458,7,5,3,0,27.7,Clear,Field C
2022-08-11,14:45,Cow_459,7,9,0,0,27.7,Clear,Field B
2022-08-11,14:45,Cow_460,8,6,1,0,27.7,Clear,Field A
2022-08-11,14:45,Cow_461,0,0,0,15,27.7,Clear,Field B
2022-08-11,14:45,Cow_462,12,0,7,0,27.7,Clear,Field B
2022-08-11,14:45,Cow_463,4,4,7,0,27.7,Clear,Field C
2022-08-11,14:45,Cow_464,0,7,8,0,27.7,Clear,Field C
2022-08-11,14:45,Cow_465,14,0,5,0,27.7,Clear,Field C
2022-08-11,14:45,Cow_466,0,0,0,15,27.7,Clear,Field A
2022-08-11,14:45,Cow_467,0,9,6,0,27.7,Clear,Field B
2022-08-11,14:45,Cow_468,0,10,7,0,27.7,Clear,Field A
2022-08-11,14:45,Cow_469,3,5,7,0,27.7,Clear,Field B
2022-08-11,14:45,Cow_470,14,0,8,0,27.7,Clear,Field B
2022-08-11,14:45,Cow_471,4,6,5,0,27.7,Clear,Field A
2022-08-11,14:45,Cow_472,6,1,8,0,27.7,Clear,Field A
2022-08-11,14:45,Cow_473,6,5,4,0,27.7,Clear,Field A
2022-08-11,14:45,Cow_474,8,8,0,0,27.7,Clear,Field B
2022-08-11,14:45,Cow_475,5,6,4,0,27.7,Clear,Field A
2022-08-11,14:45,Cow_476,3,4,8,0,27.7,Clear,Field B
2022-08-11,14:45,Cow_477,14,0,6,0,27.7,Clear,Field A
2022-08-11,14:45,Cow_478,11,8,0,0,27.7,Clear,Field A
2022-08-11,14:45,Cow_479,0,0,0,15,27.7,Clear,Field A
2022-08-11,14:45,Cow_480,8,3,4,0,27.7,Clear,Field C
2022-08-11,14:45,Cow_481,13,0,6,0,27.7,Clear,Field B
2022-08-11,14:45,Cow_482,2,5,8,0,27.7,Clear,Field C
2022-08-11,14:45,Cow_483,8,9,0,0,27.7,Clear,Field B
2022-08-11,14:45,Cow_484,14,0,3,0,27.7,Clear,Field A
2022-08-11,14:45,Cow_485,0,0,0,15,27.7,Clear,Field B
2022-08-11,14:45,Cow_486,14,0,5,0,27.7,Clear,Field B
2022-08-11,14:45,Cow_487,4,3,8,0,27.7,Clear,Field A
2022-08-11,14:45,Cow_488,1,6,8,0,27.7,Clear,Field C
2022-08-11,14:45,Cow_489,0,0,0,15,27.7,Clear,Field C
2022-08-11,14:45,Cow_490,8,3,4,0,27.7,Clear,Field C
2022-08-11,14:45,Cow_491,10,10,0,0,27.7,Clear,Field A
2022-08-11,14:45,Cow_492,0,10,7,0,27.7,Clear,Field A
2022-08-11,14:45,Cow_493,0,8,7,0,27.7,Clear,Field C
2022-08-11,14:45,Cow_494,5,3,7,0,27.7,Clear,Field C
2022-08-11,14:45,Cow_495,11,5,0,0,27.7,Clear,Field B
2022-08-11,14:45,Cow_496,6,3,6,0,27.7,Clear,Field B
2022-08-11,14:45,Cow_497,5,3,7,0,27.7,Clear,Field A
2022-08-11,14:45,Cow_498,13,3,0,0,27.7,Clear,Field B
2022-08-11,14:45,Cow_499,6,3,6,0,27.7,Clear,Field C
2022-08-11,14:45,Cow_500,6,3,6,0,27.7,Clear,Field B
2022-08-11,15:00,Cow_1,6,4,5,0,25.2,Cloudy,Field B
2022-08-11,15:00,Cow_2,11,5,0,0,25.2,Cloudy,Field C
2022-08-11,15:00,Cow_3,7,7,1,0,25.2,Cloudy,Field C
2022-08-11,15:00,Cow_4,3,9,3,0,25.2,Cloudy,Field A
2022-08-11,15:00,Cow_5,0,10,5,0,25.2,Cloudy,Field C
2022-08-11,15:00,Cow_6,12,9,0,0,25.2,Cloudy,Field A
2022-08-11,15:00,Cow_7,4,4,7,0,25.2,Cloudy,Field B
2022-08-11,15:00,Cow_8,8,4,3,0,25.2,Cloudy,Field B
2022-08-11,15:00,Cow_9,12,0,8,0,25.2,Cloudy,Field B
2022-08-11,15:00,Cow_10,7,3,5,0,25.2,Cloudy,Field A
2022-08-11,15:00,Cow_11,12,9,0,0,25.2,Cloudy,Field C
2022-08-11,15:00,Cow_12,9,10,0,0,25.2,Cloudy,Field C
2022-08-11,15:00,Cow_13,5,5,5,0,25.2,Cloudy,Field B
2022-08-11,15:00,Cow_14,6,5,4,0,25.2,Cloudy,Field B
2022-08-11,15:00,Cow_15,0,8,7,0,25.2,Cloudy,Field B
2022-08-11,15:00,Cow_16,13,0,3,0,25.2,Cloudy,Field B
2022-08-11,15:00,Cow_17,0,0,0,15,25.2,Cloudy,Field C
2022-08-11,15:00,Cow_18,7,6,2,0,25.2,Cloudy,Field B
2022-08-11,15:00,Cow_19,5,4,6,0,25.2,Cloudy,Field A
2022-08-11,15:00,Cow_20,12,7,0,0,25.2,Cloudy,Field B
2022-08-11,15:00,Cow_21,3,10,2,0,25.2,Cloudy,Field A
2022-08-11,15:00,Cow_22,2,7,6,0,25.2,Cloudy,Field A
2022-08-11,15:00,Cow_23,1,6,8,0,25.2,Cloudy,Field C
2022-08-11,15:00,Cow_24,10,1,4,0,25.2,Cloudy,Field C
2022-08-11,15:00,Cow_25,8,3,4,0,25.2,Cloudy,Field A
2022-08-11,15:00,Cow_26,13,5,0,0,25.2,Cloudy,Field C
2022-08-11,15:00,Cow_27,7,5,3,0,25.2,Cloudy,Field A
2022-08-11,15:00,Cow_28,4,6,5,0,25.2,Cloudy,Field A
2022-08-11,15:00,Cow_29,0,10,6,0,25.2,Cloudy,Field C
2022-08-11,15:00,Cow_30,3,7,5,0,25.2,Cloudy,Field C
2022-08-11,15:00,Cow_31,0,6,10,0,25.2,Cloudy,Field C
2022-08-11,15:00,Cow_32,13,5,0,0,25.2,Cloudy,Field C
2022-08-11,15:00,Cow_33,13,0,5,0,25.2,Cloudy,Field B
2022-08-11,15:00,Cow_34,0,0,0,15,25.2,Cloudy,Field B
2022-08-11,15:00,Cow_35,5,3,7,0,25.2,Cloudy,Field C
2022-08-11,15:00,Cow_36,0,9,7,0,25.2,Cloudy,Field B
2022-08-11,15:00,Cow_37,14,0,3,0,25.2,Cloudy,Field C
2022-08-11,15:00,Cow_38,12,0,7,0,25.2,Cloudy,Field C
2022-08-11,15:00,Cow_39,10,0,8,0,25.2,Cloudy,Field B
2022-08-11,15:00,Cow_40,3,8,4,0,25.2,Cloudy,Field A
2022-08-11,15:00,Cow_41,5,6,4,0,25.2,Cloudy,Field C
2022-08-11,15:00,Cow_42,3,4,8,0,25.2,Cloudy,Field C
2022-08-11,15:00,Cow_43,1,8,6,0,25.2,Cloudy,Field A
2022-08-11,15:00,Cow_44,0,0,0,15,25.2,Cloudy,Field C
2022-08-11,15:00,Cow_45,7,5,3,0,25.2,Cloudy,Field A
2022-08-11,15:00,Cow_46,13,0,4,0,25.2,Cloudy,Field C
2022-08-11,15:00,Cow_47,11,1,3,0,25.2,Cloudy,Field A
2022-08-11,15:00,Cow_48,5,5,5,0,25.2,Cloudy,Field B
2022-08-11,15:00,Cow_49,7,7,1,0,25.2,Cloudy,Field A
2022-08-11,15:00,Cow_50,10,10,0,0,25.2,Cloudy,Field C
2022-08-11,15:00,Cow_51,13,0,5,0,25.2,Cloudy,Field C
2022-08-11,15:00,Cow_52,0,9,7,0,25.2,Cloudy,Field C
2022-08-11,15:00,Cow_53,11,1,3,0,25.2,Cloudy,Field B
2022-08-11,15:00,Cow_54,5,9,1,0,25.2,Cloudy,Field A
2022-08-11,15:00,Cow_55,9,4,2,0,25.2,Cloudy,Field B
2022-08-11,15:00,Cow_56,8,10,0,0,25.2,Cloudy,Field C
2022-08-11,15:00,Cow_57,10,4,1,0,25.2,Cloudy,Field C
2022-08-11,15:00,Cow_58,2,6,7,0,25.2,Cloudy,Field A
2022-08-11,15:00,Cow_59,7,3,5,0,25.2,Cloudy,Field B
2022-08-11,15:00,Cow_60,0,7,8,0,25.2,Cloudy,Field C
2022-08-11,15:00,Cow_61,4,5,6,0,25.2,Cloudy,Field C
2022-08-11,15:00,Cow_62,6,6,3,0,25.2,Cloudy,Field C
2022-08-11,15:00,Cow_63,13,5,0,0,25.2,Cloudy,Field C
2022-08-11,15:00,Cow_64,3,8,4,0,25.2,Cloudy,Field C
2022-08-11,15:00,Cow_65,14,0,4,0,25.2,Cloudy,Field A
2022-08-11,15:00,Cow_66,4,6,5,0,25.2,Cloudy,Field A
2022-08-11,15:00,Cow_67,8,1,6,0,25.2,Cloudy,Field C
2022-08-11,15:00,Cow_68,11,7,0,0,25.2,Cloudy,Field C
2022-08-11,15:00,Cow_69,9,3,3,0,25.2,Cloudy,Field A
2022-08-11,15:00,Cow_70,0,8,7,0,25.2,Cloudy,Field A
2022-08-11,15:00,Cow_71,14,7,0,0,25.2,Cloudy,Field A
2022-08-11,15:00,Cow_72,10,9,0,0,25.2,Cloudy,Field C
2022-08-11,15:00,Cow_73,11,0,5,0,25.2,Cloudy,Field C
2022-08-11,15:00,Cow_74,5,10,0,0,25.2,Cloudy,Field B
2022-08-11,15:00,Cow_75,13,0,10,0,25.2,Cloudy,Field B
2022-08-11,15:00,Cow_76,9,7,0,0,25.2,Cloudy,Field B
2022-08-11,15:00,Cow_77,0,7,8,0,25.2,Cloudy,Field A
2022-08-11,15:00,Cow_78,14,8,0,0,25.2,Cloudy,Field C
2022-08-11,15:00,Cow_79,7,5,3,0,25.2,Cloudy,Field A
2022-08-11,15:00,Cow_80,2,5,8,0,25.2,Cloudy,Field A
2022-08-11,15:00,Cow_81,12,10,0,0,25.2,Cloudy,Field A
2022-08-11,15:00,Cow_82,8,6,1,0,25.2,Cloudy,Field B
2022-08-11,15:00,Cow_83,6,4,5,0,25.2,Cloudy,Field A
2022-08-11,15:00,Cow_84,0,9,6,0,25.2,Cloudy,Field C
2022-08-11,15:00,Cow_85,6,4,5,0,25.2,Cloudy,Field A
2022-08-11,15:00,Cow_86,10,0,5,0,25.2,Cloudy,Field A
2022-08-11,15:00,Cow_87,12,0,8,0,25.2,Cloudy,Field A
2022-08-11,15:00,Cow_88,9,10,0,0,25.2,Cloudy,Field C
2022-08-11,15:00,Cow_89,5,4,6,0,25.2,Cloudy,Field C
2022-08-11,15:00,Cow_90,7,3,5,0,25.2,Cloudy,Field A
2022-08-11,15:00,Cow_91,12,5,0,0,25.2,Cloudy,Field B
2022-08-11,15:00,Cow_92,6,5,4,0,25.2,Cloudy,Field C
2022-08-11,15:00,Cow_93,5,7,3,0,25.2,Cloudy,Field B
2022-08-11,15:00,Cow_94,7,3,5,0,25.2,Cloudy,Field A
2022-08-11,15:00,Cow_95,0,10,6,0,25.2,Cloudy,Field A
2022-08-11,15:00,Cow_96,11,10,0,0,25.2,Cloudy,Field A
2022-08-11,15:00,Cow_97,12,0,8,0,25.2,Cloudy,Field A
2022-08-11,15:00,Cow_98,0,12,8,0,25.2,Cloudy,Field A
2022-08-11,15:00,Cow_99,0,10,6,0,25.2,Cloudy,Field A
2022-08-11,15:00,Cow_100,7,5,3,0,25.2,Cloudy,Field C
2022-08-11,15:00,Cow_101,6,4,5,0,25.2,Cloudy,Field C
2022-08-11,15:00,Cow_102,4,7,4,0,25.2,Cloudy,Field C
2022-08-11,15:00,Cow_103,13,0,4,0,25.2,Cloudy,Field B
2022-08-11,15:00,Cow_104,14,0,3,0,25.2,Cloudy,Field B
2022-08-11,15:00,Cow_105,12,0,6,0,25.2,Cloudy,Field B
2022-08-11,15:00,Cow_106,0,0,0,15,25.2,Cloudy,Field A
2022-08-11,15:00,Cow_107,11,8,0,0,25.2,Cloudy,Field C
2022-08-11,15:00,Cow_108,9,3,3,0,25.2,Cloudy,Field B
2022-08-11,15:00,Cow_109,5,4,6,0,25.2,Cloudy,Field C
2022-08-11,15:00,Cow_110,7,3,5,0,25.2,Cloudy,Field A
2022-08-11,15:00,Cow_111,4,8,3,0,25.2,Cloudy,Field C
2022-08-11,15:00,Cow_112,11,0,8,0,25.2,Cloudy,Field A
2022-08-11,15:00,Cow_113,7,4,4,0,25.2,Cloudy,Field C
2022-08-11,15:00,Cow_114,5,6,4,0,25.2,Cloudy,Field B
2022-08-11,15:00,Cow_115,0,0,0,15,25.2,Cloudy,Field B
2022-08-11,15:00,Cow_116,3,6,6,0,25.2,Cloudy,Field A
2022-08-11,15:00,Cow_117,5,5,5,0,25.2,Cloudy,Field C
2022-08-11,15:00,Cow_118,0,10,5,0,25.2,Cloudy,Field A
2022-08-11,15:00,Cow_119,8,5,2,0,25.2,Cloudy,Field A
2022-08-11,15:00,Cow_120,5,4,6,0,25.2,Cloudy,Field C
2022-08-11,15:00,Cow_121,8,2,5,0,25.2,Cloudy,Field C
2022-08-11,15:00,Cow_122,8,3,4,0,25.2,Cloudy,Field A
2022-08-11,15:00,Cow_123,0,0,0,15,25.2,Cloudy,Field B
2022-08-11,15:00,Cow_124,2,9,4,0,25.2,Cloudy,Field A
2022-08-11,15:00,Cow_125,6,6,3,0,25.2,Cloudy,Field A
2022-08-11,15:00,Cow_126,14,3,0,0,25.2,Cloudy,Field C
2022-08-11,15:00,Cow_127,2,10,3,0,25.2,Cloudy,Field C
2022-08-11,15:00,Cow_128,11,4,0,0,25.2,Cloudy,Field A
2022-08-11,15:00,Cow_129,5,7,3,0,25.2,Cloudy,Field A
2022-08-11,15:00,Cow_130,13,0,4,0,25.2,Cloudy,Field B
2022-08-11,15:00,Cow_131,1,9,5,0,25.2,Cloudy,Field A
2022-08-11,15:00,Cow_132,8,6,1,0,25.2,Cloudy,Field B
2022-08-11,15:00,Cow_133,2,5,8,0,25.2,Cloudy,Field A
2022-08-11,15:00,Cow_134,3,7,5,0,25.2,Cloudy,Field C
2022-08-11,15:00,Cow_135,6,8,1,0,25.2,Cloudy,Field C
2022-08-11,15:00,Cow_136,7,2,6,0,25.2,Cloudy,Field C
2022-08-11,15:00,Cow_137,10,0,5,0,25.2,Cloudy,Field C
2022-08-11,15:00,Cow_138,5,4,6,0,25.2,Cloudy,Field C
2022-08-11,15:00,Cow_139,5,7,3,0,25.2,Cloudy,Field B
2022-08-11,15:00,Cow_140,6,3,6,0,25.2,Cloudy,Field C
2022-08-11,15:00,Cow_141,4,8,3,0,25.2,Cloudy,Field A
2022-08-11,15:00,Cow_142,0,10,8,0,25.2,Cloudy,Field B
2022-08-11,15:00,Cow_143,0,0,0,15,25.2,Cloudy,Field B
2022-08-11,15:00,Cow_144,14,0,5,0,25.2,Cloudy,Field B
2022-08-11,15:00,Cow_145,8,7,0,0,25.2,Cloudy,Field C
2022-08-11,15:00,Cow_146,8,3,4,0,25.2,Cloudy,Field A
2022-08-11,15:00,Cow_147,5,3,7,0,25.2,Cloudy,Field B
2022-08-11,15:00,Cow_148,6,1,8,0,25.2,Cloudy,Field C
2022-08-11,15:00,Cow_149,8,1,6,0,25.2,Cloudy,Field B
2022-08-11,15:00,Cow_150,13,0,3,0,25.2,Cloudy,Field A
2022-08-11,15:00,Cow_151,1,10,4,0,25.2,Cloudy,Field A
2022-08-11,15:00,Cow_152,7,2,6,0,25.2,Cloudy,Field C
2022-08-11,15:00,Cow_153,0,8,8,0,25.2,Cloudy,Field B
2022-08-11,15:00,Cow_154,7,0,8,0,25.2,Cloudy,Field B
2022-08-11,15:00,Cow_155,7,4,4,0,25.2,Cloudy,Field C
2022-08-11,15:00,Cow_156,14,4,0,0,25.2,Cloudy,Field B
2022-08-11,15:00,Cow_157,13,0,7,0,25.2,Cloudy,Field A
2022-08-11,15:00,Cow_158,5,3,7,0,25.2,Cloudy,Field A
2022-08-11,15:00,Cow_159,10,6,0,0,25.2,Cloudy,Field B
2022-08-11,15:00,Cow_160,9,0,6,0,25.2,Cloudy,Field B
2022-08-11,15:00,Cow_161,8,3,4,0,25.2,Cloudy,Field B
2022-08-11,15:00,Cow_162,5,4,6,0,25.2,Cloudy,Field C
2022-08-11,15:00,Cow_163,6,6,3,0,25.2,Cloudy,Field B
2022-08-11,15:00,Cow_164,8,1,6,0,25.2,Cloudy,Field B
2022-08-11,15:00,Cow_165,13,5,0,0,25.2,Cloudy,Field C
2022-08-11,15:00,Cow_166,14,4,0,0,25.2,Cloudy,Field C
2022-08-11,15:00,Cow_167,6,6,3,0,25.2,Cloudy,Field A
2022-08-11,15:00,Cow_168,0,7,8,0,25.2,Cloudy,Field B
2022-08-11,15:00,Cow_169,7,4,4,0,25.2,Cloudy,Field A
2022-08-11,15:00,Cow_170,6,5,4,0,25.2,Cloudy,Field A
2022-08-11,15:00,Cow_171,0,0,0,15,25.2,Cloudy,Field C
2022-08-11,15:00,Cow_172,9,3,3,0,25.2,Cloudy,Field A
2022-08-11,15:00,Cow_173,13,5,0,0,25.2,Cloudy,Field B
2022-08-11,15:00,Cow_174,14,0,2,0,25.2,Cloudy,Field A
2022-08-11,15:00,Cow_175,1,9,5,0,25.2,Cloudy,Field C
2022-08-11,15:00,Cow_176,14,7,0,0,25.2,Cloudy,Field A
2022-08-11,15:00,Cow_177,11,5,0,0,25.2,Cloudy,Field C
2022-08-11,15:00,Cow_178,5,4,6,0,25.2,Cloudy,Field A
2022-08-11,15:00,Cow_179,6,4,5,0,25.2,Cloudy,Field A
2022-08-11,15:00,Cow_180,10,6,0,0,25.2,Cloudy,Field A
2022-08-11,15:00,Cow_181,3,5,7,0,25.2,Cloudy,Field C
2022-08-11,15:00,Cow_182,7,3,5,0,25.2,Cloudy,Field B
2022-08-11,15:00,Cow_183,5,9,1,0,25.2,Cloudy,Field C
2022-08-11,15:00,Cow_184,8,7,0,0,25.2,Cloudy,Field A
2022-08-11,15:00,Cow_185,13,7,0,0,25.2,Cloudy,Field B
2022-08-11,15:00,Cow_186,6,10,0,0,25.2,Cloudy,Field C
2022-08-11,15:00,Cow_187,0,10,7,0,25.2,Cloudy,Field C
2022-08-11,15:00,Cow_188,7,3,5,0,25.2,Cloudy,Field B
2022-08-11,15:00,Cow_189,10,10,0,0,25.2,Cloudy,Field B
2022-08-11,15:00,Cow_190,7,5,3,0,25.2,Cloudy,Field C
2022-08-11,15:00,Cow_191,0,9,6,0,25.2,Cloudy,Field C
2022-08-11,15:00,Cow_192,7,5,3,0,25.2,Cloudy,Field A
2022-08-11,15:00,Cow_193,5,2,8,0,25.2,Cloudy,Field A
2022-08-11,15:00,Cow_194,6,10,0,0,25.2,Cloudy,Field A
2022-08-11,15:00,Cow_195,7,4,4,0,25.2,Cloudy,Field B
2022-08-11,15:00,Cow_196,12,7,0,0,25.2,Cloudy,Field B
2022-08-11,15:00,Cow_197,9,2,4,0,25.2,Cloudy,Field C
2022-08-11,15:00,Cow_198,5,5,5,0,25.2,Cloudy,Field A
2022-08-11,15:00,Cow_199,2,8,5,0,25.2,Cloudy,Field A
2022-08-11,15:00,Cow_200,7,3,5,0,25.2,Cloudy,Field A
2022-08-11,15:00,Cow_201,5,6,4,0,25.2,Cloudy,Field B
2022-08-11,15:00,Cow_202,14,3,0,0,25.2,Cloudy,Field C
2022-08-11,15:00,Cow_203,0,0,0,15,25.2,Cloudy,Field A
2022-08-11,15:00,Cow_204,11,0,5,0,25.2,Cloudy,Field B
2022-08-11,15:00,Cow_205,6,5,4,0,25.2,Cloudy,Field A
2022-08-11,15:00,Cow_206,14,0,8,0,25.2,Cloudy,Field A
2022-08-11,15:00,Cow_207,8,3,4,0,25.2,Cloudy,Field C
2022-08-11,15:00,Cow_208,14,9,0,0,25.2,Cloudy,Field B
2022-08-11,15:00,Cow_209,12,9,0,0,25.2,Cloudy,Field C
2022-08-11,15:00,Cow_210,6,6,3,0,25.2,Cloudy,Field B
2022-08-11,15:00,Cow_211,13,4,0,0,25.2,Cloudy,Field B
2022-08-11,15:00,Cow_212,9,0,6,0,25.2,Cloudy,Field B
2022-08-11,15:00,Cow_213,13,3,0,0,25.2,Cloudy,Field A
2022-08-11,15:00,Cow_214,7,7,1,0,25.2,Cloudy,Field C
2022-08-11,15:00,Cow_215,1,8,6,0,25.2,Cloudy,Field A
2022-08-11,15:00,Cow_216,8,4,3,0,25.2,Cloudy,Field A
2022-08-11,15:00,Cow_217,5,7,3,0,25.2,Cloudy,Field C
2022-08-11,15:00,Cow_218,7,5,3,0,25.2,Cloudy,Field B
2022-08-11,15:00,Cow_219,0,0,0,15,25.2,Cloudy,Field C
2022-08-11,15:00,Cow_220,5,7,3,0,25.2,Cloudy,Field A
2022-08-11,15:00,Cow_221,5,6,4,0,25.2,Cloudy,Field A
2022-08-11,15:00,Cow_222,13,8,0,0,25.2,Cloudy,Field C
2022-08-11,15:00,Cow_223,8,10,0,0,25.2,Cloudy,Field A
2022-08-11,15:00,Cow_224,7,2,6,0,25.2,Cloudy,Field B
2022-08-11,15:00,Cow_225,12,0,6,0,25.2,Cloudy,Field A
2022-08-11,15:00,Cow_226,7,4,4,0,25.2,Cloudy,Field A
2022-08-11,15:00,Cow_227,12,0,7,0,25.2,Cloudy,Field A
2022-08-11,15:00,Cow_228,7,0,8,0,25.2,Cloudy,Field C
2022-08-11,15:00,Cow_229,13,0,3,0,25.2,Cloudy,Field B
2022-08-11,15:00,Cow_230,11,5,0,0,25.2,Cloudy,Field C
2022-08-11,15:00,Cow_231,2,9,4,0,25.2,Cloudy,Field A
2022-08-11,15:00,Cow_232,11,0,4,0,25.2,Cloudy,Field B
2022-08-11,15:00,Cow_233,7,2,6,0,25.2,Cloudy,Field C
2022-08-11,15:00,Cow_234,8,6,1,0,25.2,Cloudy,Field C
2022-08-11,15:00,Cow_235,3,7,5,0,25.2,Cloudy,Field B
2022-08-11,15:00,Cow_236,4,3,8,0,25.2,Cloudy,Field A
2022-08-11,15:00,Cow_237,7,3,5,0,25.2,Cloudy,Field A
2022-08-11,15:00,Cow_238,5,10,0,0,25.2,Cloudy,Field C
2022-08-11,15:00,Cow_239,7,10,0,0,25.2,Cloudy,Field C
2022-08-11,15:00,Cow_240,1,6,8,0,25.2,Cloudy,Field C
2022-08-11,15:00,Cow_241,8,5,2,0,25.2,Cloudy,Field B
2022-08-11,15:00,Cow_242,1,9,5,0,25.2,Cloudy,Field B
2022-08-11,15:00,Cow_243,5,6,4,0,25.2,Cloudy,Field B
2022-08-11,15:00,Cow_244,9,3,3,0,25.2,Cloudy,Field C
2022-08-11,15:00,Cow_245,11,10,0,0,25.2,Cloudy,Field A
2022-08-11,15:00,Cow_246,12,5,0,0,25.2,Cloudy,Field A
2022-08-11,15:00,Cow_247,15,0,3,0,25.2,Cloudy,Field B
2022-08-11,15:00,Cow_248,5,5,5,0,25.2,Cloudy,Field C
2022-08-11,15:00,Cow_249,3,7,5,0,25.2,Cloudy,Field B
2022-08-11,15:00,Cow_250,14,0,5,0,25.2,Cloudy,Field C
2022-08-11,15:00,Cow_251,0,0,0,15,25.2,Cloudy,Field C
2022-08-11,15:00,Cow_252,0,0,0,15,25.2,Cloudy,Field B
2022-08-11,15:00,Cow_253,8,3,4,0,25.2,Cloudy,Field A
2022-08-11,15:00,Cow_254,0,10,6,0,25.2,Cloudy,Field B
2022-08-11,15:00,Cow_255,7,3,5,0,25.2,Cloudy,Field A
2022-08-11,15:00,Cow_256,12,0,8,0,25.2,Cloudy,Field C
2022-08-11,15:00,Cow_257,0,10,7,0,25.2,Cloudy,Field A
2022-08-11,15:00,Cow_258,2,7,6,0,25.2,Cloudy,Field A
2022-08-11,15:00,Cow_259,7,8,0,0,25.2,Cloudy,Field C
2022-08-11,15:00,Cow_260,10,3,2,0,25.2,Cloudy,Field A
2022-08-11,15:00,Cow_261,8,5,2,0,25.2,Cloudy,Field C
2022-08-11,15:00,Cow_262,7,4,4,0,25.2,Cloudy,Field C
2022-08-11,15:00,Cow_263,14,10,0,0,25.2,Cloudy,Field C
2022-08-11,15:00,Cow_264,10,1,4,0,25.2,Cloudy,Field A
2022-08-11,15:00,Cow_265,5,3,7,0,25.2,Cloudy,Field B
2022-08-11,15:00,Cow_266,1,8,6,0,25.2,Cloudy,Field B
2022-08-11,15:00,Cow_267,6,1,8,0,25.2,Cloudy,Field B
2022-08-11,15:00,Cow_268,0,8,8,0,25.2,Cloudy,Field A
2022-08-11,15:00,Cow_269,4,5,6,0,25.2,Cloudy,Field B
2022-08-11,15:00,Cow_270,4,7,4,0,25.2,Cloudy,Field C
2022-08-11,15:00,Cow_271,13,0,7,0,25.2,Cloudy,Field A
2022-08-11,15:00,Cow_272,7,10,0,0,25.2,Cloudy,Field A
2022-08-11,15:00,Cow_273,10,0,6,0,25.2,Cloudy,Field A
2022-08-11,15:00,Cow_274,6,4,5,0,25.2,Cloudy,Field A
2022-08-11,15:00,Cow_275,2,6,7,0,25.2,Cloudy,Field C
2022-08-11,15:00,Cow_276,0,8,7,0,25.2,Cloudy,Field C
2022-08-11,15:00,Cow_277,0,10,8,0,25.2,Cloudy,Field C
2022-08-11,15:00,Cow_278,14,8,0,0,25.2,Cloudy,Field B
2022-08-11,15:00,Cow_279,14,0,5,0,25.2,Cloudy,Field A
2022-08-11,15:00,Cow_280,9,3,3,0,25.2,Cloudy,Field C
2022-08-11,15:00,Cow_281,11,8,0,0,25.2,Cloudy,Field A
2022-08-11,15:00,Cow_282,12,6,0,0,25.2,Cloudy,Field A
2022-08-11,15:00,Cow_283,11,0,5,0,25.2,Cloudy,Field B
2022-08-11,15:00,Cow_284,14,10,0,0,25.2,Cloudy,Field C
2022-08-11,15:00,Cow_285,1,8,6,0,25.2,Cloudy,Field C
2022-08-11,15:00,Cow_286,2,6,7,0,25.2,Cloudy,Field C
2022-08-11,15:00,Cow_287,2,5,8,0,25.2,Cloudy,Field B
2022-08-11,15:00,Cow_288,10,0,8,0,25.2,Cloudy,Field A
2022-08-11,15:00,Cow_289,9,0,6,0,25.2,Cloudy,Field A
2022-08-11,15:00,Cow_290,6,9,0,0,25.2,Cloudy,Field B
2022-08-11,15:00,Cow_291,0,0,0,15,25.2,Cloudy,Field A
2022-08-11,15:00,Cow_292,9,2,4,0,25.2,Cloudy,Field C
2022-08-11,15:00,Cow_293,0,11,8,0,25.2,Cloudy,Field C
2022-08-11,15:00,Cow_294,0,0,0,15,25.2,Cloudy,Field B
2022-08-11,15:00,Cow_295,0,0,0,15,25.2,Cloudy,Field A
2022-08-11,15:00,Cow_296,6,4,5,0,25.2,Cloudy,Field A
2022-08-11,15:00,Cow_297,3,9,3,0,25.2,Cloudy,Field C
2022-08-11,15:00,Cow_298,12,8,0,0,25.2,Cloudy,Field B
2022-08-11,15:00,Cow_299,15,4,0,0,25.2,Cloudy,Field A
2022-08-11,15:00,Cow_300,14,3,0,0,25.2,Cloudy,Field C
2022-08-11,15:00,Cow_301,6,4,5,0,25.2,Cloudy,Field A
2022-08-11,15:00,Cow_302,13,6,0,0,25.2,Cloudy,Field B
2022-08-11,15:00,Cow_303,4,5,6,0,25.2,Cloudy,Field A
2022-08-11,15:00,Cow_304,1,7,7,0,25.2,Cloudy,Field B
2022-08-11,15:00,Cow_305,8,6,1,0,25.2,Cloudy,Field C
2022-08-11,15:00,Cow_306,1,6,8,0,25.2,Cloudy,Field A
2022-08-11,15:00,Cow_307,11,4,0,0,25.2,Cloudy,Field A
2022-08-11,15:00,Cow_308,13,6,0,0,25.2,Cloudy,Field C
2022-08-11,15:00,Cow_309,0,8,8,0,25.2,Cloudy,Field A
2022-08-11,15:00,Cow_310,4,3,8,0,25.2,Cloudy,Field A
2022-08-11,15:00,Cow_311,3,7,5,0,25.2,Cloudy,Field B
2022-08-11,15:00,Cow_312,7,3,5,0,25.2,Cloudy,Field C
2022-08-11,15:00,Cow_313,13,4,0,0,25.2,Cloudy,Field C
2022-08-11,15:00,Cow_314,1,8,6,0,25.2,Cloudy,Field B
2022-08-11,15:00,Cow_315,7,3,5,0,25.2,Cloudy,Field A
2022-08-11,15:00,Cow_316,7,5,3,0,25.2,Cloudy,Field B
2022-08-11,15:00,Cow_317,7,1,7,0,25.2,Cloudy,Field B
2022-08-11,15:00,Cow_318,4,4,7,0,25.2,Cloudy,Field C
2022-08-11,15:00,Cow_319,13,0,4,0,25.2,Cloudy,Field C
2022-08-11,15:00,Cow_320,8,3,4,0,25.2,Cloudy,Field A
2022-08-11,15:00,Cow_321,6,6,3,0,25.2,Cloudy,Field C
2022-08-11,15:00,Cow_322,1,6,8,0,25.2,Cloudy,Field B
2022-08-11,15:00,Cow_323,9,0,6,0,25.2,Cloudy,Field B
2022-08-11,15:00,Cow_324,11,8,0,0,25.2,Cloudy,Field A
2022-08-11,15:00,Cow_325,9,0,7,0,25.2,Cloudy,Field A
2022-08-11,15:00,Cow_326,12,0,8,0,25.2,Cloudy,Field C
2022-08-11,15:00,Cow_327,5,10,0,0,25.2,Cloudy,Field B
2022-08-11,15:00,Cow_328,9,0,8,0,25.2,Cloudy,Field C
2022-08-11,15:00,Cow_329,13,0,3,0,25.2,Cloudy,Field A
2022-08-11,15:00,Cow_330,4,4,7,0,25.2,Cloudy,Field C
2022-08-11,15:00,Cow_331,6,4,5,0,25.2,Cloudy,Field C
2022-08-11,15:00,Cow_332,12,0,4,0,25.2,Cloudy,Field C
2022-08-11,15:00,Cow_333,12,9,0,0,25.2,Cloudy,Field C
2022-08-11,15:00,Cow_334,14,4,0,0,25.2,Cloudy,Field B
2022-08-11,15:00,Cow_335,7,4,4,0,25.2,Cloudy,Field B
2022-08-11,15:00,Cow_336,13,0,7,0,25.2,Cloudy,Field A
2022-08-11,15:00,Cow_337,2,5,8,0,25.2,Cloudy,Field B
2022-08-11,15:00,Cow_338,7,5,3,0,25.2,Cloudy,Field A
2022-08-11,15:00,Cow_339,0,0,0,15,25.2,Cloudy,Field C
2022-08-11,15:00,Cow_340,14,4,0,0,25.2,Cloudy,Field B
2022-08-11,15:00,Cow_341,3,9,3,0,25.2,Cloudy,Field A
2022-08-11,15:00,Cow_342,8,4,3,0,25.2,Cloudy,Field C
2022-08-11,15:00,Cow_343,14,4,0,0,25.2,Cloudy,Field A
2022-08-11,15:00,Cow_344,13,0,8,0,25.2,Cloudy,Field A
2022-08-11,15:00,Cow_345,8,3,4,0,25.2,Cloudy,Field C
2022-08-11,15:00,Cow_346,0,0,0,15,25.2,Cloudy,Field B
2022-08-11,15:00,Cow_347,12,0,5,0,25.2,Cloudy,Field A
2022-08-11,15:00,Cow_348,7,5,3,0,25.2,Cloudy,Field B
2022-08-11,15:00,Cow_349,0,0,0,15,25.2,Cloudy,Field C
2022-08-11,15:00,Cow_350,0,0,0,15,25.2,Cloudy,Field A
2022-08-11,15:00,Cow_351,5,3,7,0,25.2,Cloudy,Field C
2022-08-11,15:00,Cow_352,6,2,7,0,25.2,Cloudy,Field A
2022-08-11,15:00,Cow_353,6,3,6,0,25.2,Cloudy,Field C
2022-08-11,15:00,Cow_354,9,3,3,0,25.2,Cloudy,Field B
2022-08-11,15:00,Cow_355,6,6,3,0,25.2,Cloudy,Field B
2022-08-11,15:00,Cow_356,0,0,0,15,25.2,Cloudy,Field C
2022-08-11,15:00,Cow_357,7,0,8,0,25.2,Cloudy,Field B
2022-08-11,15:00,Cow_358,6,5,4,0,25.2,Cloudy,Field B
2022-08-11,15:00,Cow_359,14,9,0,0,25.2,Cloudy,Field B
2022-08-11,15:00,Cow_360,3,4,8,0,25.2,Cloudy,Field B
2022-08-11,15:00,Cow_361,8,4,3,0,25.2,Cloudy,Field C
2022-08-11,15:00,Cow_362,7,5,3,0,25.2,Cloudy,Field C
2022-08-11,15:00,Cow_363,6,6,3,0,25.2,Cloudy,Field A
2022-08-11,15:00,Cow_364,4,8,3,0,25.2,Cloudy,Field A
2022-08-11,15:00,Cow_365,0,8,7,0,25.2,Cloudy,Field B
2022-08-11,15:00,Cow_366,15,0,8,0,25.2,Cloudy,Field B
2022-08-11,15:00,Cow_367,0,9,8,0,25.2,Cloudy,Field B
2022-08-11,15:00,Cow_368,5,2,8,0,25.2,Cloudy,Field C
2022-08-11,15:00,Cow_369,6,5,4,0,25.2,Cloudy,Field A
2022-08-11,15:00,Cow_370,10,0,8,0,25.2,Cloudy,Field C
2022-08-11,15:00,Cow_371,13,3,0,0,25.2,Cloudy,Field A
2022-08-11,15:00,Cow_372,0,0,0,15,25.2,Cloudy,Field A
2022-08-11,15:00,Cow_373,8,4,3,0,25.2,Cloudy,Field C
2022-08-11,15:00,Cow_374,6,4,5,0,25.2,Cloudy,Field A
2022-08-11,15:00,Cow_375,10,4,1,0,25.2,Cloudy,Field B
2022-08-11,15:00,Cow_376,12,9,0,0,25.2,Cloudy,Field B
2022-08-11,15:00,Cow_377,13,6,0,0,25.2,Cloudy,Field C
2022-08-11,15:00,Cow_378,1,10,4,0,25.2,Cloudy,Field C
2022-08-11,15:00,Cow_379,0,0,0,15,25.2,Cloudy,Field A
2022-08-11,15:00,Cow_380,3,4,8,0,25.2,Cloudy,Field A
2022-08-11,15:00,Cow_381,8,0,8,0,25.2,Cloudy,Field A
2022-08-11,15:00,Cow_382,12,0,7,0,25.2,Cloudy,Field A
2022-08-11,15:00,Cow_383,5,4,6,0,25.2,Cloudy,Field A
2022-08-11,15:00,Cow_384,9,3,3,0,25.2,Cloudy,Field C
2022-08-11,15:00,Cow_385,5,2,8,0,25.2,Cloudy,Field A
2022-08-11,15:00,Cow_386,0,0,0,15,25.2,Cloudy,Field A
2022-08-11,15:00,Cow_387,9,1,5,0,25.2,Cloudy,Field C
2022-08-11,15:00,Cow_388,12,8,0,0,25.2,Cloudy,Field B
2022-08-11,15:00,Cow_389,10,0,5,0,25.2,Cloudy,Field B
2022-08-11,15:00,Cow_390,8,5,2,0,25.2,Cloudy,Field B
2022-08-11,15:00,Cow_391,11,0,10,0,25.2,Cloudy,Field B
2022-08-11,15:00,Cow_392,5,4,6,0,25.2,Cloudy,Field C
2022-08-11,15:00,Cow_393,13,0,7,0,25.2,Cloudy,Field B
2022-08-11,15:00,Cow_394,5,7,3,0,25.2,Cloudy,Field B
2022-08-11,15:00,Cow_395,7,12,0,0,25.2,Cloudy,Field A
2022-08-11,15:00,Cow_396,2,6,7,0,25.2,Cloudy,Field C
2022-08-11,15:00,Cow_397,5,3,7,0,25.2,Cloudy,Field C
2022-08-11,15:00,Cow_398,6,4,5,0,25.2,Cloudy,Field C
2022-08-11,15:00,Cow_399,2,10,3,0,25.2,Cloudy,Field B
2022-08-11,15:00,Cow_400,8,10,0,0,25.2,Cloudy,Field C
2022-08-11,15:00,Cow_401,7,10,0,0,25.2,Cloudy,Field B
2022-08-11,15:00,Cow_402,5,6,4,0,25.2,Cloudy,Field A
2022-08-11,15:00,Cow_403,2,7,6,0,25.2,Cloudy,Field B
2022-08-11,15:00,Cow_404,10,8,0,0,25.2,Cloudy,Field C
2022-08-11,15:00,Cow_405,9,5,1,0,25.2,Cloudy,Field A
2022-08-11,15:00,Cow_406,13,9,0,0,25.2,Cloudy,Field A
2022-08-11,15:00,Cow_407,5,5,5,0,25.2,Cloudy,Field B
2022-08-11,15:00,Cow_408,4,8,3,0,25.2,Cloudy,Field B
2022-08-11,15:00,Cow_409,5,7,3,0,25.2,Cloudy,Field C
2022-08-11,15:00,Cow_410,14,3,0,0,25.2,Cloudy,Field A
2022-08-11,15:00,Cow_411,12,0,5,0,25.2,Cloudy,Field B
2022-08-11,15:00,Cow_412,7,12,0,0,25.2,Cloudy,Field C
2022-08-11,15:00,Cow_413,11,0,4,0,25.2,Cloudy,Field C
2022-08-11,15:00,Cow_414,13,0,5,0,25.2,Cloudy,Field C
2022-08-11,15:00,Cow_415,2,10,3,0,25.2,Cloudy,Field A
2022-08-11,15:00,Cow_416,0,0,0,15,25.2,Cloudy,Field B
2022-08-11,15:00,Cow_417,2,7,6,0,25.2,Cloudy,Field C
2022-08-11,15:00,Cow_418,7,4,4,0,25.2,Cloudy,Field B
2022-08-11,15:00,Cow_419,8,3,4,0,25.2,Cloudy,Field B
2022-08-11,15:00,Cow_420,6,5,4,0,25.2,Cloudy,Field A
2022-08-11,15:00,Cow_421,3,7,5,0,25.2,Cloudy,Field C
2022-08-11,15:00,Cow_422,10,3,2,0,25.2,Cloudy,Field B
2022-08-11,15:00,Cow_423,0,9,7,0,25.2,Cloudy,Field A
2022-08-11,15:00,Cow_424,4,6,5,0,25.2,Cloudy,Field C
2022-08-11,15:00,Cow_425,14,0,3,0,25.2,Cloudy,Field B
2022-08-11,15:00,Cow_426,6,8,1,0,25.2,Cloudy,Field B
2022-08-11,15:00,Cow_427,5,6,4,0,25.2,Cloudy,Field C
2022-08-11,15:00,Cow_428,11,0,6,0,25.2,Cloudy,Field C
2022-08-11,15:00,Cow_429,9,5,1,0,25.2,Cloudy,Field B
2022-08-11,15:00,Cow_430,0,8,8,0,25.2,Cloudy,Field A
2022-08-11,15:00,Cow_431,0,0,0,15,25.2,Cloudy,Field C
2022-08-11,15:00,Cow_432,12,0,4,0,25.2,Cloudy,Field A
2022-08-11,15:00,Cow_433,10,0,6,0,25.2,Cloudy,Field C
2022-08-11,15:00,Cow_434,5,9,1,0,25.2,Cloudy,Field A
2022-08-11,15:00,Cow_435,9,7,0,0,25.2,Cloudy,Field B
2022-08-11,15:00,Cow_436,2,9,4,0,25.2,Cloudy,Field A
2022-08-11,15:00,Cow_437,0,0,0,15,25.2,Cloudy,Field B
2022-08-11,15:00,Cow_438,14,8,0,0,25.2,Cloudy,Field B
2022-08-11,15:00,Cow_439,9,1,5,0,25.2,Cloudy,Field C
2022-08-11,15:00,Cow_440,14,10,0,0,25.2,Cloudy,Field A
2022-08-11,15:00,Cow_441,5,10,0,0,25.2,Cloudy,Field C
2022-08-11,15:00,Cow_442,8,10,0,0,25.2,Cloudy,Field C
2022-08-11,15:00,Cow_443,6,4,5,0,25.2,Cloudy,Field A
2022-08-11,15:00,Cow_444,14,0,6,0,25.2,Cloudy,Field A
2022-08-11,15:00,Cow_445,8,3,4,0,25.2,Cloudy,Field A
2022-08-11,15:00,Cow_446,12,5,0,0,25.2,Cloudy,Field C
2022-08-11,15:00,Cow_447,6,4,5,0,25.2,Cloudy,Field A
2022-08-11,15:00,Cow_448,0,0,0,15,25.2,Cloudy,Field A
2022-08-11,15:00,Cow_449,0,10,5,0,25.2,Cloudy,Field A
2022-08-11,15:00,Cow_450,0,10,8,0,25.2,Cloudy,Field A
2022-08-11,15:00,Cow_451,13,0,7,0,25.2,Cloudy,Field C
2022-08-11,15:00,Cow_452,3,9,3,0,25.2,Cloudy,Field C
2022-08-11,15:00,Cow_453,10,0,7,0,25.2,Cloudy,Field C
2022-08-11,15:00,Cow_454,0,0,0,15,25.2,Cloudy,Field A
2022-08-11,15:00,Cow_455,5,6,4,0,25.2,Cloudy,Field C
2022-08-11,15:00,Cow_456,2,9,4,0,25.2,Cloudy,Field C
2022-08-11,15:00,Cow_457,6,6,3,0,25.2,Cloudy,Field C
2022-08-11,15:00,Cow_458,5,3,7,0,25.2,Cloudy,Field B
2022-08-11,15:00,Cow_459,5,3,7,0,25.2,Cloudy,Field A
2022-08-11,15:00,Cow_460,6,3,6,0,25.2,Cloudy,Field B
2022-08-11,15:00,Cow_461,4,3,8,0,25.2,Cloudy,Field B
2022-08-11,15:00,Cow_462,6,4,5,0,25.2,Cloudy,Field A
2022-08-11,15:00,Cow_463,9,0,6,0,25.2,Cloudy,Field A
2022-08-11,15:00,Cow_464,10,2,3,0,25.2,Cloudy,Field B
2022-08-11,15:00,Cow_465,13,5,0,0,25.2,Cloudy,Field A
2022-08-11,15:00,Cow_466,6,4,5,0,25.2,Cloudy,Field B
2022-08-11,15:00,Cow_467,5,2,8,0,25.2,Cloudy,Field B
2022-08-11,15:00,Cow_468,5,5,5,0,25.2,Cloudy,Field A
2022-08-11,15:00,Cow_469,5,7,3,0,25.2,Cloudy,Field A
2022-08-11,15:00,Cow_470,12,9,0,0,25.2,Cloudy,Field B
2022-08-11,15:00,Cow_471,14,0,8,0,25.2,Cloudy,Field C
2022-08-11,15:00,Cow_472,4,3,8,0,25.2,Cloudy,Field B
2022-08-11,15:00,Cow_473,5,8,2,0,25.2,Cloudy,Field A
2022-08-11,15:00,Cow_474,6,6,3,0,25.2,Cloudy,Field A
2022-08-11,15:00,Cow_475,7,4,4,0,25.2,Cloudy,Field A
2022-08-11,15:00,Cow_476,5,5,5,0,25.2,Cloudy,Field C
2022-08-11,15:00,Cow_477,0,8,7,0,25.2,Cloudy,Field B
2022-08-11,15:00,Cow_478,8,4,3,0,25.2,Cloudy,Field A
2022-08-11,15:00,Cow_479,5,7,3,0,25.2,Cloudy,Field A
2022-08-11,15:00,Cow_480,8,4,3,0,25.2,Cloudy,Field B
2022-08-11,15:00,Cow_481,5,8,2,0,25.2,Cloudy,Field A
2022-08-11,15:00,Cow_482,0,8,8,0,25.2,Cloudy,Field C
2022-08-11,15:00,Cow_483,5,7,3,0,25.2,Cloudy,Field C
2022-08-11,15:00,Cow_484,5,10,0,0,25.2,Cloudy,Field A
2022-08-11,15:00,Cow_485,6,4,5,0,25.2,Cloudy,Field A
2022-08-11,15:00,Cow_486,13,0,8,0,25.2,Cloudy,Field A
2022-08-11,15:00,Cow_487,13,0,6,0,25.2,Cloudy,Field B
2022-08-11,15:00,Cow_488,0,0,0,15,25.2,Cloudy,Field B
2022-08-11,15:00,Cow_489,14,0,4,0,25.2,Cloudy,Field C
2022-08-11,15:00,Cow_490,2,7,6,0,25.2,Cloudy,Field B
2022-08-11,15:00,Cow_491,4,8,3,0,25.2,Cloudy,Field B
2022-08-11,15:00,Cow_492,7,4,4,0,25.2,Cloudy,Field C
2022-08-11,15:00,Cow_493,9,3,3,0,25.2,Cloudy,Field C
2022-08-11,15:00,Cow_494,14,5,0,0,25.2,Cloudy,Field C
2022-08-11,15:00,Cow_495,11,5,0,0,25.2,Cloudy,Field C
2022-08-11,15:00,Cow_496,3,7,5,0,25.2,Cloudy,Field C
2022-08-11,15:00,Cow_497,5,3,7,0,25.2,Cloudy,Field A
2022-08-11,15:00,Cow_498,9,2,4,0,25.2,Cloudy,Field B
2022-08-11,15:00,Cow_499,0,0,0,15,25.2,Cloudy,Field A
2022-08-11,15:00,Cow_500,6,6,3,0,25.2,Cloudy,Field C
2022-08-11,15:15,Cow_1,8,3,4,0,24.0,Clear,Field C
2022-08-11,15:15,Cow_2,3,6,6,0,24.0,Clear,Field A
2022-08-11,15:15,Cow_3,0,7,8,0,24.0,Clear,Field C
2022-08-11,15:15,Cow_4,7,5,3,0,24.0,Clear,Field A
2022-08-11,15:15,Cow_5,6,5,4,0,24.0,Clear,Field A
2022-08-11,15:15,Cow_6,13,0,4,0,24.0,Clear,Field C
2022-08-11,15:15,Cow_7,0,0,0,15,24.0,Clear,Field B
2022-08-11,15:15,Cow_8,0,0,0,15,24.0,Clear,Field A
2022-08-11,15:15,Cow_9,5,8,2,0,24.0,Clear,Field A
2022-08-11,15:15,Cow_10,10,7,0,0,24.0,Clear,Field B
2022-08-11,15:15,Cow_11,14,0,8,0,24.0,Clear,Field C
2022-08-11,15:15,Cow_12,6,3,6,0,24.0,Clear,Field C
2022-08-11,15:15,Cow_13,14,0,4,0,24.0,Clear,Field B
2022-08-11,15:15,Cow_14,9,3,3,0,24.0,Clear,Field B
2022-08-11,15:15,Cow_15,10,8,0,0,24.0,Clear,Field A
2022-08-11,15:15,Cow_16,1,8,6,0,24.0,Clear,Field C
2022-08-11,15:15,Cow_17,8,0,7,0,24.0,Clear,Field A
2022-08-11,15:15,Cow_18,5,8,2,0,24.0,Clear,Field C
2022-08-11,15:15,Cow_19,10,5,0,0,24.0,Clear,Field A
2022-08-11,15:15,Cow_20,7,6,2,0,24.0,Clear,Field B
2022-08-11,15:15,Cow_21,15,0,4,0,24.0,Clear,Field C
2022-08-11,15:15,Cow_22,7,7,1,0,24.0,Clear,Field A
2022-08-11,15:15,Cow_23,0,0,0,15,24.0,Clear,Field B
2022-08-11,15:15,Cow_24,9,3,3,0,24.0,Clear,Field A
2022-08-11,15:15,Cow_25,13,4,0,0,24.0,Clear,Field C
2022-08-11,15:15,Cow_26,3,6,6,0,24.0,Clear,Field A
2022-08-11,15:15,Cow_27,11,0,8,0,24.0,Clear,Field C
2022-08-11,15:15,Cow_28,9,1,5,0,24.0,Clear,Field A
2022-08-11,15:15,Cow_29,0,10,8,0,24.0,Clear,Field C
2022-08-11,15:15,Cow_30,0,10,5,0,24.0,Clear,Field A
2022-08-11,15:15,Cow_31,7,7,1,0,24.0,Clear,Field A
2022-08-11,15:15,Cow_32,7,5,3,0,24.0,Clear,Field C
2022-08-11,15:15,Cow_33,0,0,0,15,24.0,Clear,Field C
2022-08-11,15:15,Cow_34,0,0,0,15,24.0,Clear,Field B
2022-08-11,15:15,Cow_35,0,0,0,15,24.0,Clear,Field C
2022-08-11,15:15,Cow_36,8,9,0,0,24.0,Clear,Field B
2022-08-11,15:15,Cow_37,8,6,1,0,24.0,Clear,Field A
2022-08-11,15:15,Cow_38,5,6,4,0,24.0,Clear,Field A
2022-08-11,15:15,Cow_39,12,0,8,0,24.0,Clear,Field B
2022-08-11,15:15,Cow_40,8,3,4,0,24.0,Clear,Field B
2022-08-11,15:15,Cow_41,7,2,6,0,24.0,Clear,Field C
2022-08-11,15:15,Cow_42,0,8,7,0,24.0,Clear,Field C
2022-08-11,15:15,Cow_43,11,0,6,0,24.0,Clear,Field A
2022-08-11,15:15,Cow_44,3,5,7,0,24.0,Clear,Field C
2022-08-11,15:15,Cow_45,8,1,6,0,24.0,Clear,Field A
2022-08-11,15:15,Cow_46,6,6,3,0,24.0,Clear,Field A
2022-08-11,15:15,Cow_47,2,7,6,0,24.0,Clear,Field A
2022-08-11,15:15,Cow_48,12,0,6,0,24.0,Clear,Field B
2022-08-11,15:15,Cow_49,10,7,0,0,24.0,Clear,Field A
2022-08-11,15:15,Cow_50,4,5,6,0,24.0,Clear,Field B
2022-08-11,15:15,Cow_51,1,7,7,0,24.0,Clear,Field B
2022-08-11,15:15,Cow_52,1,8,6,0,24.0,Clear,Field B
2022-08-11,15:15,Cow_53,2,8,5,0,24.0,Clear,Field A
2022-08-11,15:15,Cow_54,13,0,4,0,24.0,Clear,Field B
2022-08-11,15:15,Cow_55,6,6,3,0,24.0,Clear,Field A
2022-08-11,15:15,Cow_56,8,4,3,0,24.0,Clear,Field B
2022-08-11,15:15,Cow_57,12,4,0,0,24.0,Clear,Field C
2022-08-11,15:15,Cow_58,3,7,5,0,24.0,Clear,Field C
2022-08-11,15:15,Cow_59,1,7,7,0,24.0,Clear,Field C
2022-08-11,15:15,Cow_60,13,0,5,0,24.0,Clear,Field C
2022-08-11,15:15,Cow_61,11,4,0,0,24.0,Clear,Field C
2022-08-11,15:15,Cow_62,2,9,4,0,24.0,Clear,Field C
2022-08-11,15:15,Cow_63,9,0,10,0,24.0,Clear,Field C
2022-08-11,15:15,Cow_64,5,4,6,0,24.0,Clear,Field C
2022-08-11,15:15,Cow_65,3,5,7,0,24.0,Clear,Field C
2022-08-11,15:15,Cow_66,0,9,7,0,24.0,Clear,Field B
2022-08-11,15:15,Cow_67,13,9,0,0,24.0,Clear,Field A
2022-08-11,15:15,Cow_68,1,8,6,0,24.0,Clear,Field B
2022-08-11,15:15,Cow_69,0,0,0,15,24.0,Clear,Field A
2022-08-11,15:15,Cow_70,5,3,7,0,24.0,Clear,Field B
2022-08-11,15:15,Cow_71,1,7,7,0,24.0,Clear,Field C
2022-08-11,15:15,Cow_72,2,8,5,0,24.0,Clear,Field A
2022-08-11,15:15,Cow_73,5,8,2,0,24.0,Clear,Field A
2022-08-11,15:15,Cow_74,0,0,0,15,24.0,Clear,Field C
2022-08-11,15:15,Cow_75,11,3,1,0,24.0,Clear,Field B
2022-08-11,15:15,Cow_76,8,9,0,0,24.0,Clear,Field C
2022-08-11,15:15,Cow_77,0,8,7,0,24.0,Clear,Field B
2022-08-11,15:15,Cow_78,1,7,7,0,24.0,Clear,Field B
2022-08-11,15:15,Cow_79,0,10,8,0,24.0,Clear,Field C
2022-08-11,15:15,Cow_80,0,0,0,15,24.0,Clear,Field A
2022-08-11,15:15,Cow_81,14,4,0,0,24.0,Clear,Field C
2022-08-11,15:15,Cow_82,8,0,7,0,24.0,Clear,Field B
2022-08-11,15:15,Cow_83,9,1,5,0,24.0,Clear,Field B
2022-08-11,15:15,Cow_84,0,10,8,0,24.0,Clear,Field B
2022-08-11,15:15,Cow_85,10,9,0,0,24.0,Clear,Field C
2022-08-11,15:15,Cow_86,3,9,3,0,24.0,Clear,Field B
2022-08-11,15:15,Cow_87,4,3,8,0,24.0,Clear,Field C
2022-08-11,15:15,Cow_88,0,0,0,15,24.0,Clear,Field C
2022-08-11,15:15,Cow_89,14,5,0,0,24.0,Clear,Field C
2022-08-11,15:15,Cow_90,6,6,3,0,24.0,Clear,Field A
2022-08-11,15:15,Cow_91,0,0,0,15,24.0,Clear,Field C
2022-08-11,15:15,Cow_92,2,5,8,0,24.0,Clear,Field A
2022-08-11,15:15,Cow_93,11,7,0,0,24.0,Clear,Field C
2022-08-11,15:15,Cow_94,11,1,3,0,24.0,Clear,Field B
2022-08-11,15:15,Cow_95,5,4,6,0,24.0,Clear,Field A
2022-08-11,15:15,Cow_96,0,9,8,0,24.0,Clear,Field B
2022-08-11,15:15,Cow_97,5,3,7,0,24.0,Clear,Field A
2022-08-11,15:15,Cow_98,9,11,0,0,24.0,Clear,Field C
2022-08-11,15:15,Cow_99,12,5,0,0,24.0,Clear,Field A
2022-08-11,15:15,Cow_100,9,3,3,0,24.0,Clear,Field C
2022-08-11,15:15,Cow_101,8,0,8,0,24.0,Clear,Field A
2022-08-11,15:15,Cow_102,14,7,0,0,24.0,Clear,Field A
2022-08-11,15:15,Cow_103,7,9,0,0,24.0,Clear,Field B
2022-08-11,15:15,Cow_104,5,5,5,0,24.0,Clear,Field B
2022-08-11,15:15,Cow_105,10,3,2,0,24.0,Clear,Field A
2022-08-11,15:15,Cow_106,14,0,8,0,24.0,Clear,Field B
2022-08-11,15:15,Cow_107,5,6,4,0,24.0,Clear,Field B
2022-08-11,15:15,Cow_108,9,2,4,0,24.0,Clear,Field B
2022-08-11,15:15,Cow_109,5,7,3,0,24.0,Clear,Field A
2022-08-11,15:15,Cow_110,10,8,0,0,24.0,Clear,Field A
2022-08-11,15:15,Cow_111,12,9,0,0,24.0,Clear,Field A
2022-08-11,15:15,Cow_112,14,6,0,0,24.0,Clear,Field C
2022-08-11,15:15,Cow_113,7,1,7,0,24.0,Clear,Field A
2022-08-11,15:15,Cow_114,7,5,3,0,24.0,Clear,Field B
2022-08-11,15:15,Cow_115,7,3,5,0,24.0,Clear,Field C
2022-08-11,15:15,Cow_116,4,8,3,0,24.0,Clear,Field B
2022-08-11,15:15,Cow_117,1,7,7,0,24.0,Clear,Field C
2022-08-11,15:15,Cow_118,0,10,5,0,24.0,Clear,Field B
2022-08-11,15:15,Cow_119,0,8,8,0,24.0,Clear,Field B
2022-08-11,15:15,Cow_120,6,3,6,0,24.0,Clear,Field B
2022-08-11,15:15,Cow_121,4,3,8,0,24.0,Clear,Field B
2022-08-11,15:15,Cow_122,4,7,4,0,24.0,Clear,Field A
2022-08-11,15:15,Cow_123,0,0,0,15,24.0,Clear,Field B
2022-08-11,15:15,Cow_124,6,4,5,0,24.0,Clear,Field C
2022-08-11,15:15,Cow_125,13,10,0,0,24.0,Clear,Field A
2022-08-11,15:15,Cow_126,12,6,0,0,24.0,Clear,Field A
2022-08-11,15:15,Cow_127,3,9,3,0,24.0,Clear,Field B
2022-08-11,15:15,Cow_128,6,4,5,0,24.0,Clear,Field B
2022-08-11,15:15,Cow_129,13,0,7,0,24.0,Clear,Field A
2022-08-11,15:15,Cow_130,0,10,6,0,24.0,Clear,Field A
2022-08-11,15:15,Cow_131,7,1,7,0,24.0,Clear,Field A
2022-08-11,15:15,Cow_132,14,6,0,0,24.0,Clear,Field B
2022-08-11,15:15,Cow_133,1,7,7,0,24.0,Clear,Field C
2022-08-11,15:15,Cow_134,0,7,8,0,24.0,Clear,Field B
2022-08-11,15:15,Cow_135,8,7,0,0,24.0,Clear,Field C
2022-08-11,15:15,Cow_136,6,5,4,0,24.0,Clear,Field C
2022-08-11,15:15,Cow_137,11,5,0,0,24.0,Clear,Field C
2022-08-11,15:15,Cow_138,12,8,0,0,24.0,Clear,Field B
2022-08-11,15:15,Cow_139,4,3,8,0,24.0,Clear,Field C
2022-08-11,15:15,Cow_140,0,0,0,15,24.0,Clear,Field A
2022-08-11,15:15,Cow_141,9,8,0,0,24.0,Clear,Field B
2022-08-11,15:15,Cow_142,9,3,3,0,24.0,Clear,Field A
2022-08-11,15:15,Cow_143,11,6,0,0,24.0,Clear,Field A
2022-08-11,15:15,Cow_144,14,6,0,0,24.0,Clear,Field B
2022-08-11,15:15,Cow_145,7,5,3,0,24.0,Clear,Field B
2022-08-11,15:15,Cow_146,0,0,0,15,24.0,Clear,Field A
2022-08-11,15:15,Cow_147,10,2,3,0,24.0,Clear,Field C
2022-08-11,15:15,Cow_148,12,6,0,0,24.0,Clear,Field B
2022-08-11,15:15,Cow_149,11,7,0,0,24.0,Clear,Field B
2022-08-11,15:15,Cow_150,7,3,5,0,24.0,Clear,Field B
2022-08-11,15:15,Cow_151,12,4,0,0,24.0,Clear,Field A
2022-08-11,15:15,Cow_152,6,3,6,0,24.0,Clear,Field B
2022-08-11,15:15,Cow_153,1,8,6,0,24.0,Clear,Field C
2022-08-11,15:15,Cow_154,0,10,6,0,24.0,Clear,Field C
2022-08-11,15:15,Cow_155,0,9,7,0,24.0,Clear,Field C
2022-08-11,15:15,Cow_156,14,5,0,0,24.0,Clear,Field C
2022-08-11,15:15,Cow_157,0,10,7,0,24.0,Clear,Field C
2022-08-11,15:15,Cow_158,13,7,0,0,24.0,Clear,Field B
2022-08-11,15:15,Cow_159,11,0,7,0,24.0,Clear,Field B
2022-08-11,15:15,Cow_160,4,7,4,0,24.0,Clear,Field C
2022-08-11,15:15,Cow_161,8,10,0,0,24.0,Clear,Field B
2022-08-11,15:15,Cow_162,0,7,8,0,24.0,Clear,Field A
2022-08-11,15:15,Cow_163,0,0,0,15,24.0,Clear,Field C
2022-08-11,15:15,Cow_164,8,0,7,0,24.0,Clear,Field C
2022-08-11,15:15,Cow_165,1,10,4,0,24.0,Clear,Field A
2022-08-11,15:15,Cow_166,4,7,4,0,24.0,Clear,Field C
2022-08-11,15:15,Cow_167,14,6,0,0,24.0,Clear,Field B
2022-08-11,15:15,Cow_168,11,0,8,0,24.0,Clear,Field A
2022-08-11,15:15,Cow_169,5,4,6,0,24.0,Clear,Field A
2022-08-11,15:15,Cow_170,13,10,0,0,24.0,Clear,Field C
2022-08-11,15:15,Cow_171,5,2,8,0,24.0,Clear,Field B
2022-08-11,15:15,Cow_172,11,9,0,0,24.0,Clear,Field A
2022-08-11,15:15,Cow_173,0,10,8,0,24.0,Clear,Field A
2022-08-11,15:15,Cow_174,5,6,4,0,24.0,Clear,Field B
2022-08-11,15:15,Cow_175,6,6,3,0,24.0,Clear,Field A
2022-08-11,15:15,Cow_176,0,0,0,15,24.0,Clear,Field B
2022-08-11,15:15,Cow_177,9,10,0,0,24.0,Clear,Field B
2022-08-11,15:15,Cow_178,13,0,6,0,24.0,Clear,Field C
2022-08-11,15:15,Cow_179,10,1,4,0,24.0,Clear,Field A
2022-08-11,15:15,Cow_180,13,7,0,0,24.0,Clear,Field A
2022-08-11,15:15,Cow_181,1,7,7,0,24.0,Clear,Field B
2022-08-11,15:15,Cow_182,0,9,8,0,24.0,Clear,Field A
2022-08-11,15:15,Cow_183,5,6,4,0,24.0,Clear,Field A
2022-08-11,15:15,Cow_184,6,3,6,0,24.0,Clear,Field A
2022-08-11,15:15,Cow_185,12,0,4,0,24.0,Clear,Field A
2022-08-11,15:15,Cow_186,3,5,7,0,24.0,Clear,Field C
2022-08-11,15:15,Cow_187,2,6,7,0,24.0,Clear,Field B
2022-08-11,15:15,Cow_188,14,7,0,0,24.0,Clear,Field C
2022-08-11,15:15,Cow_189,6,4,5,0,24.0,Clear,Field C
2022-08-11,15:15,Cow_190,14,7,0,0,24.0,Clear,Field B
2022-08-11,15:15,Cow_191,12,0,8,0,24.0,Clear,Field C
2022-08-11,15:15,Cow_192,1,10,4,0,24.0,Clear,Field A
2022-08-11,15:15,Cow_193,8,3,4,0,24.0,Clear,Field A
2022-08-11,15:15,Cow_194,0,0,0,15,24.0,Clear,Field B
2022-08-11,15:15,Cow_195,8,7,0,0,24.0,Clear,Field C
2022-08-11,15:15,Cow_196,9,2,4,0,24.0,Clear,Field C
2022-08-11,15:15,Cow_197,9,3,3,0,24.0,Clear,Field A
2022-08-11,15:15,Cow_198,14,9,0,0,24.0,Clear,Field C
2022-08-11,15:15,Cow_199,14,8,0,0,24.0,Clear,Field C
2022-08-11,15:15,Cow_200,14,8,0,0,24.0,Clear,Field B
2022-08-11,15:15,Cow_201,13,0,4,0,24.0,Clear,Field C
2022-08-11,15:15,Cow_202,0,8,7,0,24.0,Clear,Field C
2022-08-11,15:15,Cow_203,6,6,3,0,24.0,Clear,Field A
2022-08-11,15:15,Cow_204,13,6,0,0,24.0,Clear,Field B
2022-08-11,15:15,Cow_205,7,3,5,0,24.0,Clear,Field C
2022-08-11,15:15,Cow_206,12,5,0,0,24.0,Clear,Field C
2022-08-11,15:15,Cow_207,3,9,3,0,24.0,Clear,Field C
2022-08-11,15:15,Cow_208,4,5,6,0,24.0,Clear,Field A
2022-08-11,15:15,Cow_209,12,7,0,0,24.0,Clear,Field A
2022-08-11,15:15,Cow_210,0,0,0,15,24.0,Clear,Field A
2022-08-11,15:15,Cow_211,5,5,5,0,24.0,Clear,Field C
2022-08-11,15:15,Cow_212,2,7,6,0,24.0,Clear,Field A
2022-08-11,15:15,Cow_213,9,8,0,0,24.0,Clear,Field A
2022-08-11,15:15,Cow_214,12,8,0,0,24.0,Clear,Field C
2022-08-11,15:15,Cow_215,3,5,7,0,24.0,Clear,Field B
2022-08-11,15:15,Cow_216,2,7,6,0,24.0,Clear,Field B
2022-08-11,15:15,Cow_217,10,1,4,0,24.0,Clear,Field B
2022-08-11,15:15,Cow_218,12,6,0,0,24.0,Clear,Field A
2022-08-11,15:15,Cow_219,9,0,6,0,24.0,Clear,Field C
2022-08-11,15:15,Cow_220,12,8,0,0,24.0,Clear,Field C
2022-08-11,15:15,Cow_221,4,4,7,0,24.0,Clear,Field C
2022-08-11,15:15,Cow_222,12,0,6,0,24.0,Clear,Field C
2022-08-11,15:15,Cow_223,0,9,8,0,24.0,Clear,Field C
2022-08-11,15:15,Cow_224,12,0,4,0,24.0,Clear,Field B
2022-08-11,15:15,Cow_225,8,10,0,0,24.0,Clear,Field B
2022-08-11,15:15,Cow_226,8,3,4,0,24.0,Clear,Field B
2022-08-11,15:15,Cow_227,2,8,5,0,24.0,Clear,Field A
2022-08-11,15:15,Cow_228,13,0,5,0,24.0,Clear,Field C
2022-08-11,15:15,Cow_229,11,3,1,0,24.0,Clear,Field C
2022-08-11,15:15,Cow_230,2,10,3,0,24.0,Clear,Field C
2022-08-11,15:15,Cow_231,5,7,3,0,24.0,Clear,Field C
2022-08-11,15:15,Cow_232,0,10,7,0,24.0,Clear,Field C
2022-08-11,15:15,Cow_233,6,4,5,0,24.0,Clear,Field A
2022-08-11,15:15,Cow_234,2,8,5,0,24.0,Clear,Field A
2022-08-11,15:15,Cow_235,5,7,3,0,24.0,Clear,Field B
2022-08-11,15:15,Cow_236,3,7,5,0,24.0,Clear,Field A
2022-08-11,15:15,Cow_237,2,5,8,0,24.0,Clear,Field A
2022-08-11,15:15,Cow_238,2,9,4,0,24.0,Clear,Field B
2022-08-11,15:15,Cow_239,11,0,7,0,24.0,Clear,Field B
2022-08-11,15:15,Cow_240,12,6,0,0,24.0,Clear,Field A
2022-08-11,15:15,Cow_241,12,5,0,0,24.0,Clear,Field A
2022-08-11,15:15,Cow_242,9,6,0,0,24.0,Clear,Field C
2022-08-11,15:15,Cow_243,8,7,0,0,24.0,Clear,Field B
2022-08-11,15:15,Cow_244,11,8,0,0,24.0,Clear,Field B
2022-08-11,15:15,Cow_245,5,7,3,0,24.0,Clear,Field B
2022-08-11,15:15,Cow_246,11,0,7,0,24.0,Clear,Field A
2022-08-11,15:15,Cow_247,7,10,0,0,24.0,Clear,Field B
2022-08-11,15:15,Cow_248,11,6,0,0,24.0,Clear,Field B
2022-08-11,15:15,Cow_249,11,3,1,0,24.0,Clear,Field B
2022-08-11,15:15,Cow_250,6,8,1,0,24.0,Clear,Field C
2022-08-11,15:15,Cow_251,2,10,3,0,24.0,Clear,Field C
2022-08-11,15:15,Cow_252,8,3,4,0,24.0,Clear,Field A
2022-08-11,15:15,Cow_253,3,5,7,0,24.0,Clear,Field B
2022-08-11,15:15,Cow_254,12,0,3,0,24.0,Clear,Field A
2022-08-11,15:15,Cow_255,7,3,5,0,24.0,Clear,Field C
2022-08-11,15:15,Cow_256,5,3,7,0,24.0,Clear,Field C
2022-08-11,15:15,Cow_257,11,1,3,0,24.0,Clear,Field A
2022-08-11,15:15,Cow_258,2,8,5,0,24.0,Clear,Field C
2022-08-11,15:15,Cow_259,0,0,0,15,24.0,Clear,Field C
2022-08-11,15:15,Cow_260,3,9,3,0,24.0,Clear,Field B
2022-08-11,15:15,Cow_261,6,5,4,0,24.0,Clear,Field A
2022-08-11,15:15,Cow_262,12,6,0,0,24.0,Clear,Field C
2022-08-11,15:15,Cow_263,10,2,3,0,24.0,Clear,Field B
2022-08-11,15:15,Cow_264,11,0,4,0,24.0,Clear,Field B
2022-08-11,15:15,Cow_265,5,5,5,0,24.0,Clear,Field C
2022-08-11,15:15,Cow_266,0,0,0,15,24.0,Clear,Field A
2022-08-11,15:15,Cow_267,9,0,8,0,24.0,Clear,Field B
2022-08-11,15:15,Cow_268,5,3,7,0,24.0,Clear,Field C
2022-08-11,15:15,Cow_269,9,3,3,0,24.0,Clear,Field A
2022-08-11,15:15,Cow_270,0,0,0,15,24.0,Clear,Field C
2022-08-11,15:15,Cow_271,7,5,3,0,24.0,Clear,Field C
2022-08-11,15:15,Cow_272,12,7,0,0,24.0,Clear,Field C
2022-08-11,15:15,Cow_273,7,4,4,0,24.0,Clear,Field C
2022-08-11,15:15,Cow_274,7,9,0,0,24.0,Clear,Field B
2022-08-11,15:15,Cow_275,13,9,0,0,24.0,Clear,Field B
2022-08-11,15:15,Cow_276,6,9,0,0,24.0,Clear,Field A
2022-08-11,15:15,Cow_277,12,0,5,0,24.0,Clear,Field B
2022-08-11,15:15,Cow_278,12,0,4,0,24.0,Clear,Field A
2022-08-11,15:15,Cow_279,11,1,3,0,24.0,Clear,Field C
2022-08-11,15:15,Cow_280,8,5,2,0,24.0,Clear,Field A
2022-08-11,15:15,Cow_281,11,4,0,0,24.0,Clear,Field C
2022-08-11,15:15,Cow_282,7,9,0,0,24.0,Clear,Field C
2022-08-11,15:15,Cow_283,14,0,5,0,24.0,Clear,Field A
2022-08-11,15:15,Cow_284,7,4,4,0,24.0,Clear,Field C
2022-08-11,15:15,Cow_285,8,4,3,0,24.0,Clear,Field A
2022-08-11,15:15,Cow_286,14,0,6,0,24.0,Clear,Field B
2022-08-11,15:15,Cow_287,11,4,0,0,24.0,Clear,Field B
2022-08-11,15:15,Cow_288,9,10,0,0,24.0,Clear,Field A
2022-08-11,15:15,Cow_289,12,4,0,0,24.0,Clear,Field A
2022-08-11,15:15,Cow_290,7,4,4,0,24.0,Clear,Field C
2022-08-11,15:15,Cow_291,9,0,6,0,24.0,Clear,Field C
2022-08-11,15:15,Cow_292,0,0,0,15,24.0,Clear,Field C
2022-08-11,15:15,Cow_293,14,3,0,0,24.0,Clear,Field B
2022-08-11,15:15,Cow_294,7,5,3,0,24.0,Clear,Field A
2022-08-11,15:15,Cow_295,0,10,6,0,24.0,Clear,Field A
2022-08-11,15:15,Cow_296,0,0,0,15,24.0,Clear,Field C
2022-08-11,15:15,Cow_297,8,8,0,0,24.0,Clear,Field A
2022-08-11,15:15,Cow_298,13,0,4,0,24.0,Clear,Field C
2022-08-11,15:15,Cow_299,13,0,4,0,24.0,Clear,Field C
2022-08-11,15:15,Cow_300,5,7,3,0,24.0,Clear,Field C
2022-08-11,15:15,Cow_301,5,10,0,0,24.0,Clear,Field B
2022-08-11,15:15,Cow_302,0,0,0,15,24.0,Clear,Field A
2022-08-11,15:15,Cow_303,4,3,8,0,24.0,Clear,Field C
2022-08-11,15:15,Cow_304,8,8,0,0,24.0,Clear,Field A
2022-08-11,15:15,Cow_305,7,8,0,0,24.0,Clear,Field B
2022-08-11,15:15,Cow_306,0,0,0,15,24.0,Clear,Field B
2022-08-11,15:15,Cow_307,8,9,0,0,24.0,Clear,Field A
2022-08-11,15:15,Cow_308,9,3,3,0,24.0,Clear,Field A
2022-08-11,15:15,Cow_309,8,3,4,0,24.0,Clear,Field A
2022-08-11,15:15,Cow_310,1,8,6,0,24.0,Clear,Field A
2022-08-11,15:15,Cow_311,5,6,4,0,24.0,Clear,Field A
2022-08-11,15:15,Cow_312,0,0,0,15,24.0,Clear,Field C
2022-08-11,15:15,Cow_313,6,6,3,0,24.0,Clear,Field B
2022-08-11,15:15,Cow_314,1,10,4,0,24.0,Clear,Field B
2022-08-11,15:15,Cow_315,0,10,7,0,24.0,Clear,Field B
2022-08-11,15:15,Cow_316,6,6,3,0,24.0,Clear,Field B
2022-08-11,15:15,Cow_317,10,0,6,0,24.0,Clear,Field B
2022-08-11,15:15,Cow_318,7,4,4,0,24.0,Clear,Field C
2022-08-11,15:15,Cow_319,7,4,4,0,24.0,Clear,Field A
2022-08-11,15:15,Cow_320,11,0,7,0,24.0,Clear,Field C
2022-08-11,15:15,Cow_321,9,10,0,0,24.0,Clear,Field A
2022-08-11,15:15,Cow_322,5,2,8,0,24.0,Clear,Field B
2022-08-11,15:15,Cow_323,13,9,0,0,24.0,Clear,Field A
2022-08-11,15:15,Cow_324,6,6,3,0,24.0,Clear,Field B
2022-08-11,15:15,Cow_325,11,9,0,0,24.0,Clear,Field C
2022-08-11,15:15,Cow_326,0,0,0,15,24.0,Clear,Field C
2022-08-11,15:15,Cow_327,2,6,7,0,24.0,Clear,Field A
2022-08-11,15:15,Cow_328,2,8,5,0,24.0,Clear,Field C
2022-08-11,15:15,Cow_329,6,2,7,0,24.0,Clear,Field C
2022-08-11,15:15,Cow_330,6,5,4,0,24.0,Clear,Field B
2022-08-11,15:15,Cow_331,3,6,6,0,24.0,Clear,Field B
2022-08-11,15:15,Cow_332,8,3,4,0,24.0,Clear,Field B
2022-08-11,15:15,Cow_333,7,10,0,0,24.0,Clear,Field A
2022-08-11,15:15,Cow_334,3,6,6,0,24.0,Clear,Field B
2022-08-11,15:15,Cow_335,14,0,8,0,24.0,Clear,Field C
2022-08-11,15:15,Cow_336,7,5,3,0,24.0,Clear,Field A
2022-08-11,15:15,Cow_337,8,3,4,0,24.0,Clear,Field C
2022-08-11,15:15,Cow_338,5,5,5,0,24.0,Clear,Field B
2022-08-11,15:15,Cow_339,1,8,6,0,24.0,Clear,Field A
2022-08-11,15:15,Cow_340,0,9,8,0,24.0,Clear,Field B
2022-08-11,15:15,Cow_341,5,8,2,0,24.0,Clear,Field A
2022-08-11,15:15,Cow_342,9,10,0,0,24.0,Clear,Field A
2022-08-11,15:15,Cow_343,11,0,5,0,24.0,Clear,Field C
2022-08-11,15:15,Cow_344,2,9,4,0,24.0,Clear,Field A
2022-08-11,15:15,Cow_345,11,9,0,0,24.0,Clear,Field C
2022-08-11,15:15,Cow_346,6,4,5,0,24.0,Clear,Field C
2022-08-11,15:15,Cow_347,3,4,8,0,24.0,Clear,Field C
2022-08-11,15:15,Cow_348,10,0,6,0,24.0,Clear,Field A
2022-08-11,15:15,Cow_349,12,0,3,0,24.0,Clear,Field A
2022-08-11,15:15,Cow_350,7,4,4,0,24.0,Clear,Field C
2022-08-11,15:15,Cow_351,0,7,8,0,24.0,Clear,Field C
2022-08-11,15:15,Cow_352,0,0,0,15,24.0,Clear,Field C
2022-08-11,15:15,Cow_353,0,0,0,15,24.0,Clear,Field B
2022-08-11,15:15,Cow_354,11,8,0,0,24.0,Clear,Field C
2022-08-11,15:15,Cow_355,14,9,0,0,24.0,Clear,Field C
2022-08-11,15:15,Cow_356,14,0,6,0,24.0,Clear,Field B
2022-08-11,15:15,Cow_357,3,5,7,0,24.0,Clear,Field B
2022-08-11,15:15,Cow_358,10,0,7,0,24.0,Clear,Field C
2022-08-11,15:15,Cow_359,12,0,7,0,24.0,Clear,Field A
2022-08-11,15:15,Cow_360,11,8,0,0,24.0,Clear,Field A
2022-08-11,15:15,Cow_361,14,0,7,0,24.0,Clear,Field C
2022-08-11,15:15,Cow_362,10,3,2,0,24.0,Clear,Field C
2022-08-11,15:15,Cow_363,8,12,0,0,24.0,Clear,Field A
2022-08-11,15:15,Cow_364,0,0,0,15,24.0,Clear,Field B
2022-08-11,15:15,Cow_365,0,10,7,0,24.0,Clear,Field C
2022-08-11,15:15,Cow_366,5,1,9,0,24.0,Clear,Field A
2022-08-11,15:15,Cow_367,8,10,0,0,24.0,Clear,Field B
2022-08-11,15:15,Cow_368,0,0,0,15,24.0,Clear,Field C
2022-08-11,15:15,Cow_369,11,0,4,0,24.0,Clear,Field A
2022-08-11,15:15,Cow_370,8,3,4,0,24.0,Clear,Field A
2022-08-11,15:15,Cow_371,11,1,3,0,24.0,Clear,Field C
2022-08-11,15:15,Cow_372,5,8,2,0,24.0,Clear,Field C
2022-08-11,15:15,Cow_373,3,9,3,0,24.0,Clear,Field B
2022-08-11,15:15,Cow_374,7,5,3,0,24.0,Clear,Field B
2022-08-11,15:15,Cow_375,5,3,7,0,24.0,Clear,Field A
2022-08-11,15:15,Cow_376,13,0,8,0,24.0,Clear,Field C
2022-08-11,15:15,Cow_377,8,4,3,0,24.0,Clear,Field A
2022-08-11,15:15,Cow_378,6,5,4,0,24.0,Clear,Field B
2022-08-11,15:15,Cow_379,0,8,7,0,24.0,Clear,Field B
2022-08-11,15:15,Cow_380,6,6,3,0,24.0,Clear,Field A
2022-08-11,15:15,Cow_381,6,5,4,0,24.0,Clear,Field B
2022-08-11,15:15,Cow_382,12,0,5,0,24.0,Clear,Field A
2022-08-11,15:15,Cow_383,13,0,3,0,24.0,Clear,Field A
2022-08-11,15:15,Cow_384,10,3,2,0,24.0,Clear,Field C
2022-08-11,15:15,Cow_385,5,5,5,0,24.0,Clear,Field B
2022-08-11,15:15,Cow_386,0,10,7,0,24.0,Clear,Field B
2022-08-11,15:15,Cow_387,2,6,7,0,24.0,Clear,Field A
2022-08-11,15:15,Cow_388,5,4,6,0,24.0,Clear,Field B
2022-08-11,15:15,Cow_389,12,0,8,0,24.0,Clear,Field C
2022-08-11,15:15,Cow_390,10,3,2,0,24.0,Clear,Field A
2022-08-11,15:15,Cow_391,6,6,3,0,24.0,Clear,Field B
2022-08-11,15:15,Cow_392,13,0,3,0,24.0,Clear,Field C
2022-08-11,15:15,Cow_393,9,6,0,0,24.0,Clear,Field A
2022-08-11,15:15,Cow_394,0,10,7,0,24.0,Clear,Field A
2022-08-11,15:15,Cow_395,0,10,7,0,24.0,Clear,Field C
2022-08-11,15:15,Cow_396,6,5,4,0,24.0,Clear,Field A
2022-08-11,15:15,Cow_397,12,0,8,0,24.0,Clear,Field A
2022-08-11,15:15,Cow_398,4,7,4,0,24.0,Clear,Field B
2022-08-11,15:15,Cow_399,10,0,7,0,24.0,Clear,Field C
2022-08-11,15:15,Cow_400,10,7,0,0,24.0,Clear,Field A
2022-08-11,15:15,Cow_401,13,7,0,0,24.0,Clear,Field C
2022-08-11,15:15,Cow_402,8,7,0,0,24.0,Clear,Field C
2022-08-11,15:15,Cow_403,14,3,0,0,24.0,Clear,Field A
2022-08-11,15:15,Cow_404,7,4,4,0,24.0,Clear,Field A
2022-08-11,15:15,Cow_405,8,4,3,0,24.0,Clear,Field C
2022-08-11,15:15,Cow_406,6,1,8,0,24.0,Clear,Field B
2022-08-11,15:15,Cow_407,12,0,7,0,24.0,Clear,Field A
2022-08-11,15:15,Cow_408,0,10,8,0,24.0,Clear,Field C
2022-08-11,15:15,Cow_409,11,0,6,0,24.0,Clear,Field C
2022-08-11,15:15,Cow_410,14,0,4,0,24.0,Clear,Field B
2022-08-11,15:15,Cow_411,10,0,8,0,24.0,Clear,Field A
2022-08-11,15:15,Cow_412,5,8,2,0,24.0,Clear,Field A
2022-08-11,15:15,Cow_413,10,0,6,0,24.0,Clear,Field C
2022-08-11,15:15,Cow_414,12,0,5,0,24.0,Clear,Field A
2022-08-11,15:15,Cow_415,11,0,6,0,24.0,Clear,Field A
2022-08-11,15:15,Cow_416,2,9,4,0,24.0,Clear,Field C
2022-08-11,15:15,Cow_417,11,0,4,0,24.0,Clear,Field A
2022-08-11,15:15,Cow_418,7,8,0,0,24.0,Clear,Field C
2022-08-11,15:15,Cow_419,6,3,6,0,24.0,Clear,Field B
2022-08-11,15:15,Cow_420,14,0,4,0,24.0,Clear,Field B
2022-08-11,15:15,Cow_421,10,9,0,0,24.0,Clear,Field A
2022-08-11,15:15,Cow_422,0,10,8,0,24.0,Clear,Field C
2022-08-11,15:15,Cow_423,7,4,4,0,24.0,Clear,Field C
2022-08-11,15:15,Cow_424,1,7,7,0,24.0,Clear,Field B
2022-08-11,15:15,Cow_425,11,3,1,0,24.0,Clear,Field A
2022-08-11,15:15,Cow_426,9,3,3,0,24.0,Clear,Field B
2022-08-11,15:15,Cow_427,8,4,3,0,24.0,Clear,Field A
2022-08-11,15:15,Cow_428,5,5,5,0,24.0,Clear,Field B
2022-08-11,15:15,Cow_429,12,9,0,0,24.0,Clear,Field B
2022-08-11,15:15,Cow_430,13,3,0,0,24.0,Clear,Field C
2022-08-11,15:15,Cow_431,1,8,6,0,24.0,Clear,Field B
2022-08-11,15:15,Cow_432,0,0,0,15,24.0,Clear,Field A
2022-08-11,15:15,Cow_433,11,0,7,0,24.0,Clear,Field A
2022-08-11,15:15,Cow_434,11,5,0,0,24.0,Clear,Field B
2022-08-11,15:15,Cow_435,9,0,7,0,24.0,Clear,Field C
2022-08-11,15:15,Cow_436,4,8,3,0,24.0,Clear,Field B
2022-08-11,15:15,Cow_437,0,0,0,15,24.0,Clear,Field B
2022-08-11,15:15,Cow_438,4,5,6,0,24.0,Clear,Field C
2022-08-11,15:15,Cow_439,8,4,3,0,24.0,Clear,Field A
2022-08-11,15:15,Cow_440,0,0,0,15,24.0,Clear,Field B
2022-08-11,15:15,Cow_441,2,10,3,0,24.0,Clear,Field C
2022-08-11,15:15,Cow_442,15,0,8,0,24.0,Clear,Field B
2022-08-11,15:15,Cow_443,10,1,4,0,24.0,Clear,Field C
2022-08-11,15:15,Cow_444,7,5,3,0,24.0,Clear,Field B
2022-08-11,15:15,Cow_445,13,0,3,0,24.0,Clear,Field A
2022-08-11,15:15,Cow_446,11,0,5,0,24.0,Clear,Field C
2022-08-11,15:15,Cow_447,9,5,1,0,24.0,Clear,Field A
2022-08-11,15:15,Cow_448,2,8,5,0,24.0,Clear,Field C
2022-08-11,15:15,Cow_449,7,4,4,0,24.0,Clear,Field B
2022-08-11,15:15,Cow_450,0,0,0,15,24.0,Clear,Field A
2022-08-11,15:15,Cow_451,12,0,8,0,24.0,Clear,Field B
2022-08-11,15:15,Cow_452,8,4,3,0,24.0,Clear,Field B
2022-08-11,15:15,Cow_453,4,4,7,0,24.0,Clear,Field A
2022-08-11,15:15,Cow_454,9,3,3,0,24.0,Clear,Field C
2022-08-11,15:15,Cow_455,5,6,4,0,24.0,Clear,Field C
2022-08-11,15:15,Cow_456,3,8,4,0,24.0,Clear,Field B
2022-08-11,15:15,Cow_457,2,6,7,0,24.0,Clear,Field B
2022-08-11,15:15,Cow_458,4,5,6,0,24.0,Clear,Field B
2022-08-11,15:15,Cow_459,12,8,0,0,24.0,Clear,Field B
2022-08-11,15:15,Cow_460,3,9,3,0,24.0,Clear,Field C
2022-08-11,15:15,Cow_461,5,5,5,0,24.0,Clear,Field B
2022-08-11,15:15,Cow_462,14,0,5,0,24.0,Clear,Field B
2022-08-11,15:15,Cow_463,0,7,8,0,24.0,Clear,Field C
2022-08-11,15:15,Cow_464,14,0,3,0,24.0,Clear,Field B
2022-08-11,15:15,Cow_465,2,6,7,0,24.0,Clear,Field C
2022-08-11,15:15,Cow_466,8,4,3,0,24.0,Clear,Field A
2022-08-11,15:15,Cow_467,7,5,3,0,24.0,Clear,Field B
2022-08-11,15:15,Cow_468,5,3,7,0,24.0,Clear,Field B
2022-08-11,15:15,Cow_469,14,8,0,0,24.0,Clear,Field A
2022-08-11,15:15,Cow_470,12,6,0,0,24.0,Clear,Field A
2022-08-11,15:15,Cow_471,12,7,0,0,24.0,Clear,Field A
2022-08-11,15:15,Cow_472,7,5,3,0,24.0,Clear,Field A
2022-08-11,15:15,Cow_473,8,10,0,0,24.0,Clear,Field C
2022-08-11,15:15,Cow_474,6,4,5,0,24.0,Clear,Field C
2022-08-11,15:15,Cow_475,10,0,8,0,24.0,Clear,Field B
2022-08-11,15:15,Cow_476,6,3,6,0,24.0,Clear,Field A
2022-08-11,15:15,Cow_477,0,10,8,0,24.0,Clear,Field A
2022-08-11,15:15,Cow_478,8,5,2,0,24.0,Clear,Field A
2022-08-11,15:15,Cow_479,0,12,6,0,24.0,Clear,Field A
2022-08-11,15:15,Cow_480,13,7,0,0,24.0,Clear,Field B
2022-08-11,15:15,Cow_481,14,0,3,0,24.0,Clear,Field A
2022-08-11,15:15,Cow_482,8,4,3,0,24.0,Clear,Field B
2022-08-11,15:15,Cow_483,8,7,0,0,24.0,Clear,Field A
2022-08-11,15:15,Cow_484,0,9,6,0,24.0,Clear,Field B
2022-08-11,15:15,Cow_485,6,10,0,0,24.0,Clear,Field C
2022-08-11,15:15,Cow_486,6,4,5,0,24.0,Clear,Field A
2022-08-11,15:15,Cow_487,6,5,4,0,24.0,Clear,Field C
2022-08-11,15:15,Cow_488,0,0,0,15,24.0,Clear,Field A
2022-08-11,15:15,Cow_489,8,3,4,0,24.0,Clear,Field A
2022-08-11,15:15,Cow_490,12,0,7,0,24.0,Clear,Field B
2022-08-11,15:15,Cow_491,14,0,8,0,24.0,Clear,Field C
2022-08-11,15:15,Cow_492,2,10,3,0,24.0,Clear,Field A
2022-08-11,15:15,Cow_493,5,6,4,0,24.0,Clear,Field B
2022-08-11,15:15,Cow_494,5,4,6,0,24.0,Clear,Field B
2022-08-11,15:15,Cow_495,5,5,5,0,24.0,Clear,Field B
2022-08-11,15:15,Cow_496,0,8,8,0,24.0,Clear,Field B
2022-08-11,15:15,Cow_497,13,0,8,0,24.0,Clear,Field B
2022-08-11,15:15,Cow_498,6,3,6,0,24.0,Clear,Field C
2022-08-11,15:15,Cow_499,6,5,4,0,24.0,Clear,Field C
2022-08-11,15:15,Cow_500,4,6,5,0,24.0,Clear,Field A
2022-08-11,15:30,Cow_1,4,7,4,0,28.8,Clear,Field B
2022-08-11,15:30,Cow_2,10,7,0,0,28.8,Clear,Field B
2022-08-11,15:30,Cow_3,11,7,0,0,28.8,Clear,Field A
2022-08-11,15:30,Cow_4,0,10,8,0,28.8,Clear,Field B
2022-08-11,15:30,Cow_5,4,6,5,0,28.8,Clear,Field B
2022-08-11,15:30,Cow_6,0,8,8,0,28.8,Clear,Field A
2022-08-11,15:30,Cow_7,10,4,1,0,28.8,Clear,Field A
2022-08-11,15:30,Cow_8,10,2,3,0,28.8,Clear,Field C
2022-08-11,15:30,Cow_9,8,4,3,0,28.8,Clear,Field A
2022-08-11,15:30,Cow_10,14,0,5,0,28.8,Clear,Field A
2022-08-11,15:30,Cow_11,10,0,5,0,28.8,Clear,Field A
2022-08-11,15:30,Cow_12,0,0,0,15,28.8,Clear,Field C
2022-08-11,15:30,Cow_13,8,9,0,0,28.8,Clear,Field A
2022-08-11,15:30,Cow_14,10,2,3,0,28.8,Clear,Field B
2022-08-11,15:30,Cow_15,0,10,8,0,28.8,Clear,Field B
2022-08-11,15:30,Cow_16,4,3,8,0,28.8,Clear,Field A
2022-08-11,15:30,Cow_17,3,6,6,0,28.8,Clear,Field B
2022-08-11,15:30,Cow_18,13,7,0,0,28.8,Clear,Field A
2022-08-11,15:30,Cow_19,6,4,5,0,28.8,Clear,Field B
2022-08-11,15:30,Cow_20,8,3,4,0,28.8,Clear,Field C
2022-08-11,15:30,Cow_21,2,4,9,0,28.8,Clear,Field B
2022-08-11,15:30,Cow_22,14,5,0,0,28.8,Clear,Field B
2022-08-11,15:30,Cow_23,12,7,0,0,28.8,Clear,Field A
2022-08-11,15:30,Cow_24,13,0,5,0,28.8,Clear,Field A
2022-08-11,15:30,Cow_25,4,8,3,0,28.8,Clear,Field B
2022-08-11,15:30,Cow_26,10,2,3,0,28.8,Clear,Field A
2022-08-11,15:30,Cow_27,9,6,0,0,28.8,Clear,Field A
2022-08-11,15:30,Cow_28,8,9,0,0,28.8,Clear,Field C
2022-08-11,15:30,Cow_29,7,3,5,0,28.8,Clear,Field B
2022-08-11,15:30,Cow_30,3,5,7,0,28.8,Clear,Field C
2022-08-11,15:30,Cow_31,6,10,0,0,28.8,Clear,Field B
2022-08-11,15:30,Cow_32,0,8,7,0,28.8,Clear,Field B
2022-08-11,15:30,Cow_33,12,0,8,0,28.8,Clear,Field A
2022-08-11,15:30,Cow_34,0,8,8,0,28.8,Clear,Field B
2022-08-11,15:30,Cow_35,11,10,0,0,28.8,Clear,Field C
2022-08-11,15:30,Cow_36,7,3,5,0,28.8,Clear,Field B
2022-08-11,15:30,Cow_37,1,7,7,0,28.8,Clear,Field A
2022-08-11,15:30,Cow_38,0,0,0,15,28.8,Clear,Field B
2022-08-11,15:30,Cow_39,1,6,8,0,28.8,Clear,Field B
2022-08-11,15:30,Cow_40,14,3,0,0,28.8,Clear,Field B
2022-08-11,15:30,Cow_41,5,5,5,0,28.8,Clear,Field B
2022-08-11,15:30,Cow_42,3,4,8,0,28.8,Clear,Field B
2022-08-11,15:30,Cow_43,7,3,5,0,28.8,Clear,Field C
2022-08-11,15:30,Cow_44,0,0,0,15,28.8,Clear,Field A
2022-08-11,15:30,Cow_45,6,8,1,0,28.8,Clear,Field A
2022-08-11,15:30,Cow_46,0,10,5,0,28.8,Clear,Field B
2022-08-11,15:30,Cow_47,6,9,0,0,28.8,Clear,Field C
2022-08-11,15:30,Cow_48,11,4,0,0,28.8,Clear,Field A
2022-08-11,15:30,Cow_49,3,9,3,0,28.8,Clear,Field A
2022-08-11,15:30,Cow_50,5,4,6,0,28.8,Clear,Field A
2022-08-11,15:30,Cow_51,5,7,3,0,28.8,Clear,Field C
2022-08-11,15:30,Cow_52,0,10,8,0,28.8,Clear,Field B
2022-08-11,15:30,Cow_53,0,0,0,15,28.8,Clear,Field C
2022-08-11,15:30,Cow_54,15,12,0,0,28.8,Clear,Field C
2022-08-11,15:30,Cow_55,6,1,8,0,28.8,Clear,Field A
2022-08-11,15:30,Cow_56,9,0,6,0,28.8,Clear,Field B
2022-08-11,15:30,Cow_57,10,0,7,0,28.8,Clear,Field A
2022-08-11,15:30,Cow_58,10,4,1,0,28.8,Clear,Field C
2022-08-11,15:30,Cow_59,11,4,0,0,28.8,Clear,Field C
2022-08-11,15:30,Cow_60,11,0,7,0,28.8,Clear,Field C
2022-08-11,15:30,Cow_61,1,6,8,0,28.8,Clear,Field C
2022-08-11,15:30,Cow_62,11,1,3,0,28.8,Clear,Field C
2022-08-11,15:30,Cow_63,13,7,0,0,28.8,Clear,Field A
2022-08-11,15:30,Cow_64,10,0,7,0,28.8,Clear,Field A
2022-08-11,15:30,Cow_65,3,5,7,0,28.8,Clear,Field C
2022-08-11,15:30,Cow_66,9,9,0,0,28.8,Clear,Field A
2022-08-11,15:30,Cow_67,7,7,1,0,28.8,Clear,Field A
2022-08-11,15:30,Cow_68,5,5,5,0,28.8,Clear,Field B
2022-08-11,15:30,Cow_69,13,4,0,0,28.8,Clear,Field A
2022-08-11,15:30,Cow_70,12,8,0,0,28.8,Clear,Field C
2022-08-11,15:30,Cow_71,1,6,8,0,28.8,Clear,Field C
2022-08-11,15:30,Cow_72,11,1,3,0,28.8,Clear,Field C
2022-08-11,15:30,Cow_73,7,7,1,0,28.8,Clear,Field A
2022-08-11,15:30,Cow_74,8,6,1,0,28.8,Clear,Field A
2022-08-11,15:30,Cow_75,13,10,0,0,28.8,Clear,Field A
2022-08-11,15:30,Cow_76,6,4,5,0,28.8,Clear,Field B
2022-08-11,15:30,Cow_77,14,9,0,0,28.8,Clear,Field B
2022-08-11,15:30,Cow_78,2,9,4,0,28.8,Clear,Field B
2022-08-11,15:30,Cow_79,7,4,4,0,28.8,Clear,Field A
2022-08-11,15:30,Cow_80,7,5,3,0,28.8,Clear,Field C
2022-08-11,15:30,Cow_81,9,0,8,0,28.8,Clear,Field B
2022-08-11,15:30,Cow_82,0,8,7,0,28.8,Clear,Field B
2022-08-11,15:30,Cow_83,5,5,5,0,28.8,Clear,Field A
2022-08-11,15:30,Cow_84,12,6,0,0,28.8,Clear,Field C
2022-08-11,15:30,Cow_85,0,8,8,0,28.8,Clear,Field B
2022-08-11,15:30,Cow_86,14,0,7,0,28.8,Clear,Field C
2022-08-11,15:30,Cow_87,10,0,8,0,28.8,Clear,Field A
2022-08-11,15:30,Cow_88,5,7,3,0,28.8,Clear,Field B
2022-08-11,15:30,Cow_89,9,3,3,0,28.8,Clear,Field C
2022-08-11,15:30,Cow_90,10,9,0,0,28.8,Clear,Field B
2022-08-11,15:30,Cow_91,7,5,3,0,28.8,Clear,Field B
2022-08-11,15:30,Cow_92,8,0,8,0,28.8,Clear,Field C
2022-08-11,15:30,Cow_93,5,2,8,0,28.8,Clear,Field B
2022-08-11,15:30,Cow_94,9,10,0,0,28.8,Clear,Field B
2022-08-11,15:30,Cow_95,8,8,0,0,28.8,Clear,Field A
2022-08-11,15:30,Cow_96,0,0,0,15,28.8,Clear,Field C
2022-08-11,15:30,Cow_97,12,5,0,0,28.8,Clear,Field B
2022-08-11,15:30,Cow_98,13,0,6,0,28.8,Clear,Field C
2022-08-11,15:30,Cow_99,1,8,6,0,28.8,Clear,Field A
2022-08-11,15:30,Cow_100,11,0,8,0,28.8,Clear,Field B
2022-08-11,15:30,Cow_101,5,5,5,0,28.8,Clear,Field B
2022-08-11,15:30,Cow_102,8,1,6,0,28.8,Clear,Field B
2022-08-11,15:30,Cow_103,0,0,0,15,28.8,Clear,Field A
2022-08-11,15:30,Cow_104,13,0,7,0,28.8,Clear,Field B
2022-08-11,15:30,Cow_105,9,1,5,0,28.8,Clear,Field B
2022-08-11,15:30,Cow_106,12,0,3,0,28.8,Clear,Field C
2022-08-11,15:30,Cow_107,10,6,0,0,28.8,Clear,Field B
2022-08-11,15:30,Cow_108,12,0,4,0,28.8,Clear,Field A
2022-08-11,15:30,Cow_109,13,0,7,0,28.8,Clear,Field B
2022-08-11,15:30,Cow_110,11,0,5,0,28.8,Clear,Field A
2022-08-11,15:30,Cow_111,7,3,5,0,28.8,Clear,Field C
2022-08-11,15:30,Cow_112,13,0,8,0,28.8,Clear,Field C
2022-08-11,15:30,Cow_113,0,8,8,0,28.8,Clear,Field C
2022-08-11,15:30,Cow_114,13,0,8,0,28.8,Clear,Field C
2022-08-11,15:30,Cow_115,0,0,0,15,28.8,Clear,Field A
2022-08-11,15:30,Cow_116,13,0,5,0,28.8,Clear,Field C
2022-08-11,15:30,Cow_117,11,1,3,0,28.8,Clear,Field A
2022-08-11,15:30,Cow_118,5,9,1,0,28.8,Clear,Field C
2022-08-11,15:30,Cow_119,12,0,7,0,28.8,Clear,Field B
2022-08-11,15:30,Cow_120,8,4,3,0,28.8,Clear,Field C
2022-08-11,15:30,Cow_121,9,10,0,0,28.8,Clear,Field C
2022-08-11,15:30,Cow_122,7,9,0,0,28.8,Clear,Field A
2022-08-11,15:30,Cow_123,0,0,0,15,28.8,Clear,Field B
2022-08-11,15:30,Cow_124,0,0,0,15,28.8,Clear,Field C
2022-08-11,15:30,Cow_125,10,1,4,0,28.8,Clear,Field A
2022-08-11,15:30,Cow_126,2,10,3,0,28.8,Clear,Field B
2022-08-11,15:30,Cow_127,0,0,0,15,28.8,Clear,Field B
2022-08-11,15:30,Cow_128,7,3,5,0,28.8,Clear,Field C
2022-08-11,15:30,Cow_129,13,4,0,0,28.8,Clear,Field B
2022-08-11,15:30,Cow_130,0,0,0,15,28.8,Clear,Field C
2022-08-11,15:30,Cow_131,0,0,0,15,28.8,Clear,Field B
2022-08-11,15:30,Cow_132,4,6,5,0,28.8,Clear,Field B
2022-08-11,15:30,Cow_133,0,0,0,15,28.8,Clear,Field A
2022-08-11,15:30,Cow_134,8,4,3,0,28.8,Clear,Field A
2022-08-11,15:30,Cow_135,12,0,8,0,28.8,Clear,Field B
2022-08-11,15:30,Cow_136,1,9,5,0,28.8,Clear,Field A
2022-08-11,15:30,Cow_137,4,6,5,0,28.8,Clear,Field A
2022-08-11,15:30,Cow_138,5,4,6,0,28.8,Clear,Field C
2022-08-11,15:30,Cow_139,1,9,5,0,28.8,Clear,Field C
2022-08-11,15:30,Cow_140,10,0,7,0,28.8,Clear,Field A
2022-08-11,15:30,Cow_141,2,7,6,0,28.8,Clear,Field C
2022-08-11,15:30,Cow_142,13,6,0,0,28.8,Clear,Field B
2022-08-11,15:30,Cow_143,1,10,4,0,28.8,Clear,Field C
2022-08-11,15:30,Cow_144,7,0,8,0,28.8,Clear,Field B
2022-08-11,15:30,Cow_145,11,5,0,0,28.8,Clear,Field A
2022-08-11,15:30,Cow_146,0,0,0,15,28.8,Clear,Field A
2022-08-11,15:30,Cow_147,3,6,6,0,28.8,Clear,Field A
2022-08-11,15:30,Cow_148,8,8,0,0,28.8,Clear,Field C
2022-08-11,15:30,Cow_149,1,6,8,0,28.8,Clear,Field B
2022-08-11,15:30,Cow_150,6,4,5,0,28.8,Clear,Field C
2022-08-11,15:30,Cow_151,2,7,6,0,28.8,Clear,Field C
2022-08-11,15:30,Cow_152,9,3,3,0,28.8,Clear,Field A
2022-08-11,15:30,Cow_153,13,7,0,0,28.8,Clear,Field A
2022-08-11,15:30,Cow_154,5,5,5,0,28.8,Clear,Field C
2022-08-11,15:30,Cow_155,0,0,0,15,28.8,Clear,Field C
2022-08-11,15:30,Cow_156,6,3,6,0,28.8,Clear,Field B
2022-08-11,15:30,Cow_157,12,9,0,0,28.8,Clear,Field A
2022-08-11,15:30,Cow_158,7,3,5,0,28.8,Clear,Field C
2022-08-11,15:30,Cow_159,12,8,0,0,28.8,Clear,Field A
2022-08-11,15:30,Cow_160,9,6,0,0,28.8,Clear,Field B
2022-08-11,15:30,Cow_161,13,3,0,0,28.8,Clear,Field B
2022-08-11,15:30,Cow_162,10,0,8,0,28.8,Clear,Field B
2022-08-11,15:30,Cow_163,9,3,3,0,28.8,Clear,Field B
2022-08-11,15:30,Cow_164,11,0,8,0,28.8,Clear,Field B
2022-08-11,15:30,Cow_165,3,5,7,0,28.8,Clear,Field A
2022-08-11,15:30,Cow_166,14,0,6,0,28.8,Clear,Field C
2022-08-11,15:30,Cow_167,10,4,1,0,28.8,Clear,Field A
2022-08-11,15:30,Cow_168,10,2,3,0,28.8,Clear,Field C
2022-08-11,15:30,Cow_169,5,3,7,0,28.8,Clear,Field C
2022-08-11,15:30,Cow_170,2,7,6,0,28.8,Clear,Field C
2022-08-11,15:30,Cow_171,0,0,0,15,28.8,Clear,Field A
2022-08-11,15:30,Cow_172,7,4,4,0,28.8,Clear,Field A
2022-08-11,15:30,Cow_173,7,4,4,0,28.8,Clear,Field A
2022-08-11,15:30,Cow_174,15,0,10,0,28.8,Clear,Field A
2022-08-11,15:30,Cow_175,8,5,2,0,28.8,Clear,Field C
2022-08-11,15:30,Cow_176,12,0,5,0,28.8,Clear,Field B
2022-08-11,15:30,Cow_177,7,5,3,0,28.8,Clear,Field C
2022-08-11,15:30,Cow_178,6,5,4,0,28.8,Clear,Field A
2022-08-11,15:30,Cow_179,12,5,0,0,28.8,Clear,Field B
2022-08-11,15:30,Cow_180,10,0,6,0,28.8,Clear,Field A
2022-08-11,15:30,Cow_181,9,8,0,0,28.8,Clear,Field B
2022-08-11,15:30,Cow_182,12,7,0,0,28.8,Clear,Field C
2022-08-11,15:30,Cow_183,7,4,4,0,28.8,Clear,Field B
2022-08-11,15:30,Cow_184,8,1,6,0,28.8,Clear,Field C
2022-08-11,15:30,Cow_185,2,8,5,0,28.8,Clear,Field B
2022-08-11,15:30,Cow_186,5,5,5,0,28.8,Clear,Field B
2022-08-11,15:30,Cow_187,14,0,7,0,28.8,Clear,Field B
2022-08-11,15:30,Cow_188,5,6,4,0,28.8,Clear,Field B
2022-08-11,15:30,Cow_189,5,5,5,0,28.8,Clear,Field B
2022-08-11,15:30,Cow_190,7,3,5,0,28.8,Clear,Field A
2022-08-11,15:30,Cow_191,3,7,5,0,28.8,Clear,Field A
2022-08-11,15:30,Cow_192,9,0,8,0,28.8,Clear,Field B
2022-08-11,15:30,Cow_193,0,0,0,15,28.8,Clear,Field C
2022-08-11,15:30,Cow_194,8,2,5,0,28.8,Clear,Field C
2022-08-11,15:30,Cow_195,13,0,3,0,28.8,Clear,Field C
2022-08-11,15:30,Cow_196,14,0,6,0,28.8,Clear,Field B
2022-08-11,15:30,Cow_197,0,0,0,15,28.8,Clear,Field A
2022-08-11,15:30,Cow_198,2,8,5,0,28.8,Clear,Field A
2022-08-11,15:30,Cow_199,4,5,6,0,28.8,Clear,Field B
2022-08-11,15:30,Cow_200,5,9,1,0,28.8,Clear,Field C
2022-08-11,15:30,Cow_201,5,4,6,0,28.8,Clear,Field A
2022-08-11,15:30,Cow_202,1,8,6,0,28.8,Clear,Field C
2022-08-11,15:30,Cow_203,8,0,8,0,28.8,Clear,Field B
2022-08-11,15:30,Cow_204,0,10,7,0,28.8,Clear,Field B
2022-08-11,15:30,Cow_205,0,0,0,15,28.8,Clear,Field C
2022-08-11,15:30,Cow_206,0,0,0,15,28.8,Clear,Field B
2022-08-11,15:30,Cow_207,12,9,0,0,28.8,Clear,Field B
2022-08-11,15:30,Cow_208,0,10,6,0,28.8,Clear,Field C
2022-08-11,15:30,Cow_209,12,0,8,0,28.8,Clear,Field B
2022-08-11,15:30,Cow_210,13,0,5,0,28.8,Clear,Field A
2022-08-11,15:30,Cow_211,9,6,0,0,28.8,Clear,Field A
2022-08-11,15:30,Cow_212,4,3,8,0,28.8,Clear,Field B
2022-08-11,15:30,Cow_213,7,10,0,0,28.8,Clear,Field C
2022-08-11,15:30,Cow_214,14,0,5,0,28.8,Clear,Field A
2022-08-11,15:30,Cow_215,0,0,0,15,28.8,Clear,Field B
2022-08-11,15:30,Cow_216,5,4,6,0,28.8,Clear,Field A
2022-08-11,15:30,Cow_217,11,10,0,0,28.8,Clear,Field C
2022-08-11,15:30,Cow_218,2,8,5,0,28.8,Clear,Field C
2022-08-11,15:30,Cow_219,9,0,6,0,28.8,Clear,Field B
2022-08-11,15:30,Cow_220,5,6,4,0,28.8,Clear,Field C
2022-08-11,15:30,Cow_221,0,0,0,15,28.8,Clear,Field B
2022-08-11,15:30,Cow_222,0,0,0,15,28.8,Clear,Field B
2022-08-11,15:30,Cow_223,10,5,0,0,28.8,Clear,Field C
2022-08-11,15:30,Cow_224,0,0,0,15,28.8,Clear,Field A
2022-08-11,15:30,Cow_225,12,8,0,0,28.8,Clear,Field C
2022-08-11,15:30,Cow_226,4,6,5,0,28.8,Clear,Field A
2022-08-11,15:30,Cow_227,6,8,1,0,28.8,Clear,Field B
2022-08-11,15:30,Cow_228,13,3,0,0,28.8,Clear,Field A
2022-08-11,15:30,Cow_229,8,3,4,0,28.8,Clear,Field C
2022-08-11,15:30,Cow_230,9,2,4,0,28.8,Clear,Field A
2022-08-11,15:30,Cow_231,8,7,0,0,28.8,Clear,Field B
2022-08-11,15:30,Cow_232,7,5,3,0,28.8,Clear,Field B
2022-08-11,15:30,Cow_233,6,3,6,0,28.8,Clear,Field C
2022-08-11,15:30,Cow_234,5,3,7,0,28.8,Clear,Field B
2022-08-11,15:30,Cow_235,9,4,2,0,28.8,Clear,Field C
2022-08-11,15:30,Cow_236,14,0,6,0,28.8,Clear,Field A
2022-08-11,15:30,Cow_237,9,3,3,0,28.8,Clear,Field A
2022-08-11,15:30,Cow_238,7,5,3,0,28.8,Clear,Field A
2022-08-11,15:30,Cow_239,10,6,0,0,28.8,Clear,Field B
2022-08-11,15:30,Cow_240,14,3,0,0,28.8,Clear,Field C
2022-08-11,15:30,Cow_241,11,0,7,0,28.8,Clear,Field B
2022-08-11,15:30,Cow_242,11,1,3,0,28.8,Clear,Field C
2022-08-11,15:30,Cow_243,8,3,4,0,28.8,Clear,Field A
2022-08-11,15:30,Cow_244,7,5,3,0,28.8,Clear,Field B
2022-08-11,15:30,Cow_245,7,3,5,0,28.8,Clear,Field B
2022-08-11,15:30,Cow_246,7,0,8,0,28.8,Clear,Field A
2022-08-11,15:30,Cow_247,6,2,7,0,28.8,Clear,Field B
2022-08-11,15:30,Cow_248,6,3,6,0,28.8,Clear,Field B
2022-08-11,15:30,Cow_249,5,3,7,0,28.8,Clear,Field B
2022-08-11,15:30,Cow_250,13,10,0,0,28.8,Clear,Field C
2022-08-11,15:30,Cow_251,0,8,8,0,28.8,Clear,Field C
2022-08-11,15:30,Cow_252,14,6,0,0,28.8,Clear,Field B
2022-08-11,15:30,Cow_253,7,3,5,0,28.8,Clear,Field B
2022-08-11,15:30,Cow_254,13,4,0,0,28.8,Clear,Field B
2022-08-11,15:30,Cow_255,5,5,5,0,28.8,Clear,Field B
2022-08-11,15:30,Cow_256,11,0,7,0,28.8,Clear,Field A
2022-08-11,15:30,Cow_257,0,0,0,15,28.8,Clear,Field B
2022-08-11,15:30,Cow_258,1,8,6,0,28.8,Clear,Field C
2022-08-11,15:30,Cow_259,0,0,0,15,28.8,Clear,Field C
2022-08-11,15:30,Cow_260,6,6,3,0,28.8,Clear,Field C
2022-08-11,15:30,Cow_261,2,6,7,0,28.8,Clear,Field A
2022-08-11,15:30,Cow_262,14,0,7,0,28.8,Clear,Field B
2022-08-11,15:30,Cow_263,13,10,0,0,28.8,Clear,Field A
2022-08-11,15:30,Cow_264,9,2,4,0,28.8,Clear,Field B
2022-08-11,15:30,Cow_265,2,7,6,0,28.8,Clear,Field A
2022-08-11,15:30,Cow_266,4,4,7,0,28.8,Clear,Field A
2022-08-11,15:30,Cow_267,1,8,6,0,28.8,Clear,Field B
2022-08-11,15:30,Cow_268,0,9,7,0,28.8,Clear,Field B
2022-08-11,15:30,Cow_269,0,0,0,15,28.8,Clear,Field C
2022-08-11,15:30,Cow_270,13,9,0,0,28.8,Clear,Field A
2022-08-11,15:30,Cow_271,1,6,8,0,28.8,Clear,Field A
2022-08-11,15:30,Cow_272,9,0,6,0,28.8,Clear,Field B
2022-08-11,15:30,Cow_273,9,7,0,0,28.8,Clear,Field C
2022-08-11,15:30,Cow_274,7,1,7,0,28.8,Clear,Field A
2022-08-11,15:30,Cow_275,9,10,0,0,28.8,Clear,Field C
2022-08-11,15:30,Cow_276,6,5,4,0,28.8,Clear,Field C
2022-08-11,15:30,Cow_277,3,6,6,0,28.8,Clear,Field B
2022-08-11,15:30,Cow_278,6,4,5,0,28.8,Clear,Field A
2022-08-11,15:30,Cow_279,7,0,8,0,28.8,Clear,Field A
2022-08-11,15:30,Cow_280,10,7,0,0,28.8,Clear,Field A
2022-08-11,15:30,Cow_281,1,10,4,0,28.8,Clear,Field A
2022-08-11,15:30,Cow_282,3,6,6,0,28.8,Clear,Field B
2022-08-11,15:30,Cow_283,10,10,0,0,28.8,Clear,Field A
2022-08-11,15:30,Cow_284,0,8,7,0,28.8,Clear,Field B
2022-08-11,15:30,Cow_285,13,6,0,0,28.8,Clear,Field A
2022-08-11,15:30,Cow_286,12,9,0,0,28.8,Clear,Field B
2022-08-11,15:30,Cow_287,6,1,8,0,28.8,Clear,Field A
2022-08-11,15:30,Cow_288,6,2,7,0,28.8,Clear,Field B
2022-08-11,15:30,Cow_289,5,6,4,0,28.8,Clear,Field C
2022-08-11,15:30,Cow_290,5,6,4,0,28.8,Clear,Field A
2022-08-11,15:30,Cow_291,11,7,0,0,28.8,Clear,Field A
2022-08-11,15:30,Cow_292,11,8,0,0,28.8,Clear,Field A
2022-08-11,15:30,Cow_293,10,4,1,0,28.8,Clear,Field B
2022-08-11,15:30,Cow_294,10,1,4,0,28.8,Clear,Field C
2022-08-11,15:30,Cow_295,1,8,6,0,28.8,Clear,Field A
2022-08-11,15:30,Cow_296,9,7,0,0,28.8,Clear,Field A
2022-08-11,15:30,Cow_297,12,0,7,0,28.8,Clear,Field B
2022-08-11,15:30,Cow_298,14,0,5,0,28.8,Clear,Field B
2022-08-11,15:30,Cow_299,0,8,10,0,28.8,Clear,Field B
2022-08-11,15:30,Cow_300,0,0,0,15,28.8,Clear,Field B
2022-08-11,15:30,Cow_301,12,4,0,0,28.8,Clear,Field A
2022-08-11,15:30,Cow_302,11,1,3,0,28.8,Clear,Field C
2022-08-11,15:30,Cow_303,0,9,6,0,28.8,Clear,Field A
2022-08-11,15:30,Cow_304,6,5,4,0,28.8,Clear,Field C
2022-08-11,15:30,Cow_305,11,0,5,0,28.8,Clear,Field A
2022-08-11,15:30,Cow_306,9,5,1,0,28.8,Clear,Field A
2022-08-11,15:30,Cow_307,7,3,5,0,28.8,Clear,Field B
2022-08-11,15:30,Cow_308,3,8,4,0,28.8,Clear,Field A
2022-08-11,15:30,Cow_309,10,0,7,0,28.8,Clear,Field B
2022-08-11,15:30,Cow_310,12,4,0,0,28.8,Clear,Field A
2022-08-11,15:30,Cow_311,2,10,3,0,28.8,Clear,Field C
2022-08-11,15:30,Cow_312,9,4,2,0,28.8,Clear,Field A
2022-08-11,15:30,Cow_313,6,9,0,0,28.8,Clear,Field B
2022-08-11,15:30,Cow_314,12,0,4,0,28.8,Clear,Field B
2022-08-11,15:30,Cow_315,5,5,5,0,28.8,Clear,Field B
2022-08-11,15:30,Cow_316,11,3,1,0,28.8,Clear,Field A
2022-08-11,15:30,Cow_317,11,7,0,0,28.8,Clear,Field A
2022-08-11,15:30,Cow_318,0,0,0,15,28.8,Clear,Field C
2022-08-11,15:30,Cow_319,1,10,4,0,28.8,Clear,Field A
2022-08-11,15:30,Cow_320,12,0,7,0,28.8,Clear,Field A
2022-08-11,15:30,Cow_321,7,5,3,0,28.8,Clear,Field C
2022-08-11,15:30,Cow_322,0,10,7,0,28.8,Clear,Field C
2022-08-11,15:30,Cow_323,0,0,0,15,28.8,Clear,Field A
2022-08-11,15:30,Cow_324,6,2,7,0,28.8,Clear,Field C
2022-08-11,15:30,Cow_325,14,0,4,0,28.8,Clear,Field C
2022-08-11,15:30,Cow_326,5,10,0,0,28.8,Clear,Field A
2022-08-11,15:30,Cow_327,3,8,4,0,28.8,Clear,Field A
2022-08-11,15:30,Cow_328,6,9,0,0,28.8,Clear,Field B
2022-08-11,15:30,Cow_329,8,6,1,0,28.8,Clear,Field A
2022-08-11,15:30,Cow_330,9,5,1,0,28.8,Clear,Field C
2022-08-11,15:30,Cow_331,6,4,5,0,28.8,Clear,Field A
2022-08-11,15:30,Cow_332,11,7,0,0,28.8,Clear,Field A
2022-08-11,15:30,Cow_333,5,3,7,0,28.8,Clear,Field A
2022-08-11,15:30,Cow_334,5,4,6,0,28.8,Clear,Field A
2022-08-11,15:30,Cow_335,0,10,8,0,28.8,Clear,Field C
2022-08-11,15:30,Cow_336,0,0,0,15,28.8,Clear,Field C
2022-08-11,15:30,Cow_337,8,3,4,0,28.8,Clear,Field C
2022-08-11,15:30,Cow_338,6,4,5,0,28.8,Clear,Field B
2022-08-11,15:30,Cow_339,14,0,7,0,28.8,Clear,Field A
2022-08-11,15:30,Cow_340,9,4,2,0,28.8,Clear,Field A
2022-08-11,15:30,Cow_341,0,0,0,15,28.8,Clear,Field A
2022-08-11,15:30,Cow_342,6,5,4,0,28.8,Clear,Field C
2022-08-11,15:30,Cow_343,11,10,0,0,28.8,Clear,Field C
2022-08-11,15:30,Cow_344,13,0,4,0,28.8,Clear,Field C
2022-08-11,15:30,Cow_345,12,8,0,0,28.8,Clear,Field B
2022-08-11,15:30,Cow_346,6,5,4,0,28.8,Clear,Field C
2022-08-11,15:30,Cow_347,5,2,8,0,28.8,Clear,Field C
2022-08-11,15:30,Cow_348,0,0,0,15,28.8,Clear,Field B
2022-08-11,15:30,Cow_349,5,3,7,0,28.8,Clear,Field A
2022-08-11,15:30,Cow_350,1,7,7,0,28.8,Clear,Field C
2022-08-11,15:30,Cow_351,12,0,6,0,28.8,Clear,Field B
2022-08-11,15:30,Cow_352,0,8,7,0,28.8,Clear,Field C
2022-08-11,15:30,Cow_353,0,0,0,15,28.8,Clear,Field A
2022-08-11,15:30,Cow_354,8,7,0,0,28.8,Clear,Field B
2022-08-11,15:30,Cow_355,12,10,0,0,28.8,Clear,Field B
2022-08-11,15:30,Cow_356,5,7,3,0,28.8,Clear,Field B
2022-08-11,15:30,Cow_357,14,0,7,0,28.8,Clear,Field A
2022-08-11,15:30,Cow_358,6,6,3,0,28.8,Clear,Field A
2022-08-11,15:30,Cow_359,9,3,3,0,28.8,Clear,Field C
2022-08-11,15:30,Cow_360,8,3,4,0,28.8,Clear,Field A
2022-08-11,15:30,Cow_361,5,6,4,0,28.8,Clear,Field B
2022-08-11,15:30,Cow_362,14,8,0,0,28.8,Clear,Field B
2022-08-11,15:30,Cow_363,7,3,5,0,28.8,Clear,Field B
2022-08-11,15:30,Cow_364,13,5,0,0,28.8,Clear,Field B
2022-08-11,15:30,Cow_365,7,2,6,0,28.8,Clear,Field C
2022-08-11,15:30,Cow_366,14,0,4,0,28.8,Clear,Field B
2022-08-11,15:30,Cow_367,4,4,7,0,28.8,Clear,Field B
2022-08-11,15:30,Cow_368,7,4,4,0,28.8,Clear,Field C
2022-08-11,15:30,Cow_369,3,8,4,0,28.8,Clear,Field B
2022-08-11,15:30,Cow_370,10,0,6,0,28.8,Clear,Field C
2022-08-11,15:30,Cow_371,13,7,0,0,28.8,Clear,Field B
2022-08-11,15:30,Cow_372,14,0,7,0,28.8,Clear,Field C
2022-08-11,15:30,Cow_373,6,3,6,0,28.8,Clear,Field C
2022-08-11,15:30,Cow_374,7,3,5,0,28.8,Clear,Field C
2022-08-11,15:30,Cow_375,7,4,4,0,28.8,Clear,Field A
2022-08-11,15:30,Cow_376,13,0,4,0,28.8,Clear,Field B
2022-08-11,15:30,Cow_377,13,0,3,0,28.8,Clear,Field B
2022-08-11,15:30,Cow_378,12,9,0,0,28.8,Clear,Field C
2022-08-11,15:30,Cow_379,10,0,7,0,28.8,Clear,Field B
2022-08-11,15:30,Cow_380,13,0,3,0,28.8,Clear,Field C
2022-08-11,15:30,Cow_381,6,6,3,0,28.8,Clear,Field C
2022-08-11,15:30,Cow_382,12,8,0,0,28.8,Clear,Field A
2022-08-11,15:30,Cow_383,11,0,5,0,28.8,Clear,Field B
2022-08-11,15:30,Cow_384,13,4,0,0,28.8,Clear,Field B
2022-08-11,15:30,Cow_385,4,5,6,0,28.8,Clear,Field A
2022-08-11,15:30,Cow_386,0,0,0,15,28.8,Clear,Field A
2022-08-11,15:30,Cow_387,8,1,6,0,28.8,Clear,Field A
2022-08-11,15:30,Cow_388,8,5,2,0,28.8,Clear,Field A
2022-08-11,15:30,Cow_389,3,5,7,0,28.8,Clear,Field B
2022-08-11,15:30,Cow_390,12,0,4,0,28.8,Clear,Field B
2022-08-11,15:30,Cow_391,0,9,10,0,28.8,Clear,Field B
2022-08-11,15:30,Cow_392,14,4,0,0,28.8,Clear,Field A
2022-08-11,15:30,Cow_393,10,7,0,0,28.8,Clear,Field B
2022-08-11,15:30,Cow_394,7,8,0,0,28.8,Clear,Field B
2022-08-11,15:30,Cow_395,0,11,7,0,28.8,Clear,Field A
2022-08-11,15:30,Cow_396,4,3,8,0,28.8,Clear,Field C
2022-08-11,15:30,Cow_397,3,5,7,0,28.8,Clear,Field C
2022-08-11,15:30,Cow_398,6,4,5,0,28.8,Clear,Field B
2022-08-11,15:30,Cow_399,10,0,7,0,28.8,Clear,Field A
2022-08-11,15:30,Cow_400,10,0,5,0,28.8,Clear,Field B
2022-08-11,15:30,Cow_401,14,0,6,0,28.8,Clear,Field C
2022-08-11,15:30,Cow_402,0,0,0,15,28.8,Clear,Field A
2022-08-11,15:30,Cow_403,14,0,3,0,28.8,Clear,Field B
2022-08-11,15:30,Cow_404,4,5,6,0,28.8,Clear,Field A
2022-08-11,15:30,Cow_405,8,5,2,0,28.8,Clear,Field C
2022-08-11,15:30,Cow_406,0,9,7,0,28.8,Clear,Field B
2022-08-11,15:30,Cow_407,7,4,4,0,28.8,Clear,Field C
2022-08-11,15:30,Cow_408,8,8,0,0,28.8,Clear,Field A
2022-08-11,15:30,Cow_409,2,6,7,0,28.8,Clear,Field B
2022-08-11,15:30,Cow_410,0,0,0,15,28.8,Clear,Field A
2022-08-11,15:30,Cow_411,5,6,4,0,28.8,Clear,Field A
2022-08-11,15:30,Cow_412,8,3,4,0,28.8,Clear,Field A
2022-08-11,15:30,Cow_413,6,2,7,0,28.8,Clear,Field C
2022-08-11,15:30,Cow_414,10,6,0,0,28.8,Clear,Field A
2022-08-11,15:30,Cow_415,9,3,3,0,28.8,Clear,Field A
2022-08-11,15:30,Cow_416,7,5,3,0,28.8,Clear,Field B
2022-08-11,15:30,Cow_417,2,5,8,0,28.8,Clear,Field C
2022-08-11,15:30,Cow_418,0,0,0,15,28.8,Clear,Field B
2022-08-11,15:30,Cow_419,10,7,0,0,28.8,Clear,Field B
2022-08-11,15:30,Cow_420,14,7,0,0,28.8,Clear,Field A
2022-08-11,15:30,Cow_421,1,8,6,0,28.8,Clear,Field C
2022-08-11,15:30,Cow_422,6,4,5,0,28.8,Clear,Field B
2022-08-11,15:30,Cow_423,2,6,7,0,28.8,Clear,Field A
2022-08-11,15:30,Cow_424,3,7,5,0,28.8,Clear,Field C
2022-08-11,15:30,Cow_425,7,3,5,0,28.8,Clear,Field C
2022-08-11,15:30,Cow_426,6,3,6,0,28.8,Clear,Field C
2022-08-11,15:30,Cow_427,5,1,9,0,28.8,Clear,Field B
2022-08-11,15:30,Cow_428,10,0,8,0,28.8,Clear,Field A
2022-08-11,15:30,Cow_429,7,3,5,0,28.8,Clear,Field C
2022-08-11,15:30,Cow_430,12,0,8,0,28.8,Clear,Field A
2022-08-11,15:30,Cow_431,6,6,3,0,28.8,Clear,Field C
2022-08-11,15:30,Cow_432,10,1,4,0,28.8,Clear,Field C
2022-08-11,15:30,Cow_433,9,1,5,0,28.8,Clear,Field B
2022-08-11,15:30,Cow_434,0,10,7,0,28.8,Clear,Field A
2022-08-11,15:30,Cow_435,6,6,3,0,28.8,Clear,Field B
2022-08-11,15:30,Cow_436,0,0,0,15,28.8,Clear,Field A
2022-08-11,15:30,Cow_437,6,6,3,0,28.8,Clear,Field C
2022-08-11,15:30,Cow_438,6,3,6,0,28.8,Clear,Field C
2022-08-11,15:30,Cow_439,14,0,4,0,28.8,Clear,Field A
2022-08-11,15:30,Cow_440,6,6,3,0,28.8,Clear,Field A
2022-08-11,15:30,Cow_441,5,5,5,0,28.8,Clear,Field C
2022-08-11,15:30,Cow_442,11,0,9,0,28.8,Clear,Field C
2022-08-11,15:30,Cow_443,12,9,0,0,28.8,Clear,Field C
2022-08-11,15:30,Cow_444,11,7,0,0,28.8,Clear,Field A
2022-08-11,15:30,Cow_445,12,10,0,0,28.8,Clear,Field C
2022-08-11,15:30,Cow_446,7,4,4,0,28.8,Clear,Field B
2022-08-11,15:30,Cow_447,2,5,8,0,28.8,Clear,Field C
2022-08-11,15:30,Cow_448,11,1,3,0,28.8,Clear,Field C
2022-08-11,15:30,Cow_449,0,9,8,0,28.8,Clear,Field A
2022-08-11,15:30,Cow_450,7,0,8,0,28.8,Clear,Field C
2022-08-11,15:30,Cow_451,4,6,5,0,28.8,Clear,Field A
2022-08-11,15:30,Cow_452,0,10,7,0,28.8,Clear,Field C
2022-08-11,15:30,Cow_453,5,8,2,0,28.8,Clear,Field A
2022-08-11,15:30,Cow_454,8,4,3,0,28.8,Clear,Field A
2022-08-11,15:30,Cow_455,0,10,5,0,28.8,Clear,Field B
2022-08-11,15:30,Cow_456,0,0,0,15,28.8,Clear,Field A
2022-08-11,15:30,Cow_457,5,5,5,0,28.8,Clear,Field B
2022-08-11,15:30,Cow_458,10,0,6,0,28.8,Clear,Field A
2022-08-11,15:30,Cow_459,8,3,4,0,28.8,Clear,Field A
2022-08-11,15:30,Cow_460,8,0,7,0,28.8,Clear,Field C
2022-08-11,15:30,Cow_461,9,3,3,0,28.8,Clear,Field A
2022-08-11,15:30,Cow_462,5,10,0,0,28.8,Clear,Field C
2022-08-11,15:30,Cow_463,3,9,3,0,28.8,Clear,Field B
2022-08-11,15:30,Cow_464,7,8,0,0,28.8,Clear,Field A
2022-08-11,15:30,Cow_465,0,0,0,15,28.8,Clear,Field B
2022-08-11,15:30,Cow_466,12,8,0,0,28.8,Clear,Field C
2022-08-11,15:30,Cow_467,12,7,0,0,28.8,Clear,Field B
2022-08-11,15:30,Cow_468,12,7,0,0,28.8,Clear,Field B
2022-08-11,15:30,Cow_469,11,0,8,0,28.8,Clear,Field C
2022-08-11,15:30,Cow_470,10,5,0,0,28.8,Clear,Field B
2022-08-11,15:30,Cow_471,5,5,5,0,28.8,Clear,Field C
2022-08-11,15:30,Cow_472,6,3,6,0,28.8,Clear,Field A
2022-08-11,15:30,Cow_473,0,10,6,0,28.8,Clear,Field A
2022-08-11,15:30,Cow_474,0,9,7,0,28.8,Clear,Field C
2022-08-11,15:30,Cow_475,7,6,2,0,28.8,Clear,Field A
2022-08-11,15:30,Cow_476,6,4,5,0,28.8,Clear,Field C
2022-08-11,15:30,Cow_477,8,0,8,0,28.8,Clear,Field A
2022-08-11,15:30,Cow_478,0,0,0,15,28.8,Clear,Field C
2022-08-11,15:30,Cow_479,7,0,9,0,28.8,Clear,Field C
2022-08-11,15:30,Cow_480,5,7,3,0,28.8,Clear,Field A
2022-08-11,15:30,Cow_481,6,1,8,0,28.8,Clear,Field C
2022-08-11,15:30,Cow_482,14,0,5,0,28.8,Clear,Field C
2022-08-11,15:30,Cow_483,12,3,0,0,28.8,Clear,Field C
2022-08-11,15:30,Cow_484,5,3,7,0,28.8,Clear,Field C
2022-08-11,15:30,Cow_485,5,10,0,0,28.8,Clear,Field C
2022-08-11,15:30,Cow_486,3,8,4,0,28.8,Clear,Field A
2022-08-11,15:30,Cow_487,12,8,0,0,28.8,Clear,Field C
2022-08-11,15:30,Cow_488,2,7,6,0,28.8,Clear,Field C
2022-08-11,15:30,Cow_489,10,8,0,0,28.8,Clear,Field B
2022-08-11,15:30,Cow_490,14,10,0,0,28.8,Clear,Field A
2022-08-11,15:30,Cow_491,10,6,0,0,28.8,Clear,Field B
2022-08-11,15:30,Cow_492,9,9,0,0,28.8,Clear,Field C
2022-08-11,15:30,Cow_493,5,9,1,0,28.8,Clear,Field B
2022-08-11,15:30,Cow_494,12,0,3,0,28.8,Clear,Field C
2022-08-11,15:30,Cow_495,11,0,6,0,28.8,Clear,Field A
2022-08-11,15:30,Cow_496,2,7,6,0,28.8,Clear,Field C
2022-08-11,15:30,Cow_497,9,6,0,0,28.8,Clear,Field B
2022-08-11,15:30,Cow_498,8,3,4,0,28.8,Clear,Field A
2022-08-11,15:30,Cow_499,10,0,8,0,28.8,Clear,Field B
2022-08-11,15:30,Cow_500,13,3,0,0,28.8,Clear,Field C
2022-08-11,15:45,Cow_1,12,6,0,0,32.6,Cloudy,Field B
2022-08-11,15:45,Cow_2,14,0,3,0,32.6,Cloudy,Field A
2022-08-11,15:45,Cow_3,7,3,5,0,32.6,Cloudy,Field B
2022-08-11,15:45,Cow_4,14,0,6,0,32.6,Cloudy,Field B
2022-08-11,15:45,Cow_5,5,5,5,0,32.6,Cloudy,Field B
2022-08-11,15:45,Cow_6,5,3,7,0,32.6,Cloudy,Field B
2022-08-11,15:45,Cow_7,10,0,8,0,32.6,Cloudy,Field C
2022-08-11,15:45,Cow_8,7,0,8,0,32.6,Cloudy,Field A
2022-08-11,15:45,Cow_9,5,6,4,0,32.6,Cloudy,Field C
2022-08-11,15:45,Cow_10,0,9,8,0,32.6,Cloudy,Field A
2022-08-11,15:45,Cow_11,6,6,3,0,32.6,Cloudy,Field A
2022-08-11,15:45,Cow_12,6,1,8,0,32.6,Cloudy,Field C
2022-08-11,15:45,Cow_13,11,0,6,0,32.6,Cloudy,Field B
2022-08-11,15:45,Cow_14,0,0,0,15,32.6,Cloudy,Field B
2022-08-11,15:45,Cow_15,11,8,0,0,32.6,Cloudy,Field A
2022-08-11,15:45,Cow_16,8,9,0,0,32.6,Cloudy,Field A
2022-08-11,15:45,Cow_17,8,3,4,0,32.6,Cloudy,Field C
2022-08-11,15:45,Cow_18,0,0,0,15,32.6,Cloudy,Field B
2022-08-11,15:45,Cow_19,13,7,0,0,32.6,Cloudy,Field C
2022-08-11,15:45,Cow_20,6,4,5,0,32.6,Cloudy,Field B
2022-08-11,15:45,Cow_21,0,8,8,0,32.6,Cloudy,Field A
2022-08-11,15:45,Cow_22,5,5,5,0,32.6,Cloudy,Field A
2022-08-11,15:45,Cow_23,0,8,7,0,32.6,Cloudy,Field B
2022-08-11,15:45,Cow_24,3,7,5,0,32.6,Cloudy,Field C
2022-08-11,15:45,Cow_25,4,6,5,0,32.6,Cloudy,Field A
2022-08-11,15:45,Cow_26,0,0,0,15,32.6,Cloudy,Field C
2022-08-11,15:45,Cow_27,5,5,5,0,32.6,Cloudy,Field B
2022-08-11,15:45,Cow_28,11,3,1,0,32.6,Cloudy,Field C
2022-08-11,15:45,Cow_29,7,2,6,0,32.6,Cloudy,Field A
2022-08-11,15:45,Cow_30,0,9,6,0,32.6,Cloudy,Field B
2022-08-11,15:45,Cow_31,14,5,0,0,32.6,Cloudy,Field A
2022-08-11,15:45,Cow_32,0,8,8,0,32.6,Cloudy,Field A
2022-08-11,15:45,Cow_33,0,9,8,0,32.6,Cloudy,Field A
2022-08-11,15:45,Cow_34,8,4,3,0,32.6,Cloudy,Field C
2022-08-11,15:45,Cow_35,1,7,7,0,32.6,Cloudy,Field C
2022-08-11,15:45,Cow_36,7,7,1,0,32.6,Cloudy,Field C
2022-08-11,15:45,Cow_37,14,0,8,0,32.6,Cloudy,Field B
2022-08-11,15:45,Cow_38,9,7,0,0,32.6,Cloudy,Field A
2022-08-11,15:45,Cow_39,0,0,0,15,32.6,Cloudy,Field C
2022-08-11,15:45,Cow_40,8,4,3,0,32.6,Cloudy,Field B
2022-08-11,15:45,Cow_41,14,0,3,0,32.6,Cloudy,Field B
2022-08-11,15:45,Cow_42,0,10,7,0,32.6,Cloudy,Field A
2022-08-11,15:45,Cow_43,0,7,8,0,32.6,Cloudy,Field A
2022-08-11,15:45,Cow_44,9,7,0,0,32.6,Cloudy,Field A
2022-08-11,15:45,Cow_45,7,3,5,0,32.6,Cloudy,Field A
2022-08-11,15:45,Cow_46,0,10,6,0,32.6,Cloudy,Field C
2022-08-11,15:45,Cow_47,9,5,1,0,32.6,Cloudy,Field C
2022-08-11,15:45,Cow_48,12,5,0,0,32.6,Cloudy,Field C
2022-08-11,15:45,Cow_49,6,1,8,0,32.6,Cloudy,Field A
2022-08-11,15:45,Cow_50,9,4,2,0,32.6,Cloudy,Field B
2022-08-11,15:45,Cow_51,11,4,0,0,32.6,Cloudy,Field A
2022-08-11,15:45,Cow_52,10,0,8,0,32.6,Cloudy,Field B
2022-08-11,15:45,Cow_53,7,3,5,0,32.6,Cloudy,Field A
2022-08-11,15:45,Cow_54,11,0,7,0,32.6,Cloudy,Field A
2022-08-11,15:45,Cow_55,7,4,4,0,32.6,Cloudy,Field B
2022-08-11,15:45,Cow_56,11,3,1,0,32.6,Cloudy,Field A
2022-08-11,15:45,Cow_57,8,3,4,0,32.6,Cloudy,Field A
2022-08-11,15:45,Cow_58,4,8,3,0,32.6,Cloudy,Field B
2022-08-11,15:45,Cow_59,9,3,3,0,32.6,Cloudy,Field C
2022-08-11,15:45,Cow_60,13,7,0,0,32.6,Cloudy,Field C
2022-08-11,15:45,Cow_61,5,3,7,0,32.6,Cloudy,Field A
2022-08-11,15:45,Cow_62,7,7,1,0,32.6,Cloudy,Field C
2022-08-11,15:45,Cow_63,8,1,6,0,32.6,Cloudy,Field C
2022-08-11,15:45,Cow_64,0,0,0,15,32.6,Cloudy,Field A
2022-08-11,15:45,Cow_65,14,0,3,0,32.6,Cloudy,Field C
2022-08-11,15:45,Cow_66,4,5,6,0,32.6,Cloudy,Field C
2022-08-11,15:45,Cow_67,7,1,7,0,32.6,Cloudy,Field B
2022-08-11,15:45,Cow_68,14,0,7,0,32.6,Cloudy,Field B
2022-08-11,15:45,Cow_69,12,9,0,0,32.6,Cloudy,Field B
2022-08-11,15:45,Cow_70,8,3,4,0,32.6,Cloudy,Field C
2022-08-11,15:45,Cow_71,10,9,0,0,32.6,Cloudy,Field C
2022-08-11,15:45,Cow_72,6,3,6,0,32.6,Cloudy,Field B
2022-08-11,15:45,Cow_73,14,0,4,0,32.6,Cloudy,Field A
2022-08-11,15:45,Cow_74,2,9,4,0,32.6,Cloudy,Field A
2022-08-11,15:45,Cow_75,5,9,1,0,32.6,Cloudy,Field C
2022-08-11,15:45,Cow_76,0,0,0,15,32.6,Cloudy,Field A
2022-08-11,15:45,Cow_77,6,5,4,0,32.6,Cloudy,Field B
2022-08-11,15:45,Cow_78,9,0,8,0,32.6,Cloudy,Field B
2022-08-11,15:45,Cow_79,13,0,5,0,32.6,Cloudy,Field B
2022-08-11,15:45,Cow_80,12,0,3,0,32.6,Cloudy,Field C
2022-08-11,15:45,Cow_81,9,2,4,0,32.6,Cloudy,Field B
2022-08-11,15:45,Cow_82,2,5,8,0,32.6,Cloudy,Field B
2022-08-11,15:45,Cow_83,5,9,1,0,32.6,Cloudy,Field B
2022-08-11,15:45,Cow_84,5,4,6,0,32.6,Cloudy,Field C
2022-08-11,15:45,Cow_85,12,9,0,0,32.6,Cloudy,Field B
2022-08-11,15:45,Cow_86,13,0,7,0,32.6,Cloudy,Field A
2022-08-11,15:45,Cow_87,7,0,8,0,32.6,Cloudy,Field B
2022-08-11,15:45,Cow_88,0,0,0,15,32.6,Cloudy,Field B
2022-08-11,15:45,Cow_89,4,4,7,0,32.6,Cloudy,Field A
2022-08-11,15:45,Cow_90,10,4,1,0,32.6,Cloudy,Field C
2022-08-11,15:45,Cow_91,12,4,0,0,32.6,Cloudy,Field B
2022-08-11,15:45,Cow_92,2,6,7,0,32.6,Cloudy,Field A
2022-08-11,15:45,Cow_93,4,4,7,0,32.6,Cloudy,Field B
2022-08-11,15:45,Cow_94,13,5,0,0,32.6,Cloudy,Field A
2022-08-11,15:45,Cow_95,9,3,3,0,32.6,Cloudy,Field A
2022-08-11,15:45,Cow_96,11,0,4,0,32.6,Cloudy,Field C
2022-08-11,15:45,Cow_97,12,6,0,0,32.6,Cloudy,Field A
2022-08-11,15:45,Cow_98,6,7,2,0,32.6,Cloudy,Field A
2022-08-11,15:45,Cow_99,10,0,8,0,32.6,Cloudy,Field C
2022-08-11,15:45,Cow_100,7,8,0,0,32.6,Cloudy,Field C
2022-08-11,15:45,Cow_101,11,0,8,0,32.6,Cloudy,Field A
2022-08-11,15:45,Cow_102,12,10,0,0,32.6,Cloudy,Field A
2022-08-11,15:45,Cow_103,11,7,0,0,32.6,Cloudy,Field B
2022-08-11,15:45,Cow_104,6,3,6,0,32.6,Cloudy,Field A
2022-08-11,15:45,Cow_105,5,7,3,0,32.6,Cloudy,Field B
2022-08-11,15:45,Cow_106,1,6,8,0,32.6,Cloudy,Field B
2022-08-11,15:45,Cow_107,14,6,0,0,32.6,Cloudy,Field A
2022-08-11,15:45,Cow_108,10,9,0,0,32.6,Cloudy,Field B
2022-08-11,15:45,Cow_109,5,3,7,0,32.6,Cloudy,Field B
2022-08-11,15:45,Cow_110,2,7,6,0,32.6,Cloudy,Field B
2022-08-11,15:45,Cow_111,12,6,0,0,32.6,Cloudy,Field C
2022-08-11,15:45,Cow_112,3,8,4,0,32.6,Cloudy,Field B
2022-08-11,15:45,Cow_113,0,10,5,0,32.6,Cloudy,Field A
2022-08-11,15:45,Cow_114,6,2,7,0,32.6,Cloudy,Field C
2022-08-11,15:45,Cow_115,2,7,6,0,32.6,Cloudy,Field A
2022-08-11,15:45,Cow_116,7,4,4,0,32.6,Cloudy,Field B
2022-08-11,15:45,Cow_117,0,10,8,0,32.6,Cloudy,Field A
2022-08-11,15:45,Cow_118,9,3,3,0,32.6,Cloudy,Field C
2022-08-11,15:45,Cow_119,14,0,6,0,32.6,Cloudy,Field A
2022-08-11,15:45,Cow_120,12,0,7,0,32.6,Cloudy,Field B
2022-08-11,15:45,Cow_121,0,0,0,15,32.6,Cloudy,Field C
2022-08-11,15:45,Cow_122,6,2,7,0,32.6,Cloudy,Field B
2022-08-11,15:45,Cow_123,5,4,6,0,32.6,Cloudy,Field B
2022-08-11,15:45,Cow_124,10,7,0,0,32.6,Cloudy,Field A
2022-08-11,15:45,Cow_125,3,4,8,0,32.6,Cloudy,Field C
2022-08-11,15:45,Cow_126,4,7,4,0,32.6,Cloudy,Field A
2022-08-11,15:45,Cow_127,11,6,0,0,32.6,Cloudy,Field A
2022-08-11,15:45,Cow_128,12,4,0,0,32.6,Cloudy,Field A
2022-08-11,15:45,Cow_129,11,6,0,0,32.6,Cloudy,Field A
2022-08-11,15:45,Cow_130,11,0,7,0,32.6,Cloudy,Field B
2022-08-11,15:45,Cow_131,6,2,7,0,32.6,Cloudy,Field B
2022-08-11,15:45,Cow_132,12,0,7,0,32.6,Cloudy,Field C
2022-08-11,15:45,Cow_133,12,0,3,0,32.6,Cloudy,Field A
2022-08-11,15:45,Cow_134,9,0,7,0,32.6,Cloudy,Field C
2022-08-11,15:45,Cow_135,7,1,7,0,32.6,Cloudy,Field C
2022-08-11,15:45,Cow_136,5,7,3,0,32.6,Cloudy,Field B
2022-08-11,15:45,Cow_137,14,0,3,0,32.6,Cloudy,Field B
2022-08-11,15:45,Cow_138,6,4,5,0,32.6,Cloudy,Field B
2022-08-11,15:45,Cow_139,13,0,7,0,32.6,Cloudy,Field C
2022-08-11,15:45,Cow_140,3,5,7,0,32.6,Cloudy,Field B
2022-08-11,15:45,Cow_141,7,3,5,0,32.6,Cloudy,Field A
2022-08-11,15:45,Cow_142,6,4,5,0,32.6,Cloudy,Field B
2022-08-11,15:45,Cow_143,6,9,0,0,32.6,Cloudy,Field A
2022-08-11,15:45,Cow_144,1,6,8,0,32.6,Cloudy,Field C
2022-08-11,15:45,Cow_145,5,3,7,0,32.6,Cloudy,Field C
2022-08-11,15:45,Cow_146,11,6,0,0,32.6,Cloudy,Field C
2022-08-11,15:45,Cow_147,6,6,3,0,32.6,Cloudy,Field B
2022-08-11,15:45,Cow_148,7,8,0,0,32.6,Cloudy,Field B
2022-08-11,15:45,Cow_149,6,3,6,0,32.6,Cloudy,Field C
2022-08-11,15:45,Cow_150,6,4,5,0,32.6,Cloudy,Field C
2022-08-11,15:45,Cow_151,9,3,3,0,32.6,Cloudy,Field B
2022-08-11,15:45,Cow_152,0,9,6,0,32.6,Cloudy,Field B
2022-08-11,15:45,Cow_153,14,0,5,0,32.6,Cloudy,Field C
2022-08-11,15:45,Cow_154,7,4,4,0,32.6,Cloudy,Field B
2022-08-11,15:45,Cow_155,0,9,8,0,32.6,Cloudy,Field C
2022-08-11,15:45,Cow_156,7,3,5,0,32.6,Cloudy,Field C
2022-08-11,15:45,Cow_157,0,0,0,15,32.6,Cloudy,Field B
2022-08-11,15:45,Cow_158,0,0,0,15,32.6,Cloudy,Field C
2022-08-11,15:45,Cow_159,5,4,6,0,32.6,Cloudy,Field B
2022-08-11,15:45,Cow_160,11,8,0,0,32.6,Cloudy,Field B
2022-08-11,15:45,Cow_161,6,3,6,0,32.6,Cloudy,Field B
2022-08-11,15:45,Cow_162,8,4,3,0,32.6,Cloudy,Field A
2022-08-11,15:45,Cow_163,1,6,8,0,32.6,Cloudy,Field A
2022-08-11,15:45,Cow_164,12,0,3,0,32.6,Cloudy,Field A
2022-08-11,15:45,Cow_165,1,8,6,0,32.6,Cloudy,Field C
2022-08-11,15:45,Cow_166,7,10,0,0,32.6,Cloudy,Field C
2022-08-11,15:45,Cow_167,9,5,1,0,32.6,Cloudy,Field B
2022-08-11,15:45,Cow_168,0,10,5,0,32.6,Cloudy,Field C
2022-08-11,15:45,Cow_169,14,5,0,0,32.6,Cloudy,Field B
2022-08-11,15:45,Cow_170,12,10,0,0,32.6,Cloudy,Field B
2022-08-11,15:45,Cow_171,4,3,8,0,32.6,Cloudy,Field C
2022-08-11,15:45,Cow_172,6,6,3,0,32.6,Cloudy,Field C
2022-08-11,15:45,Cow_173,10,9,0,0,32.6,Cloudy,Field C
2022-08-11,15:45,Cow_174,6,8,1,0,32.6,Cloudy,Field C
2022-08-11,15:45,Cow_175,12,7,0,0,32.6,Cloudy,Field B
2022-08-11,15:45,Cow_176,11,0,8,0,32.6,Cloudy,Field A
2022-08-11,15:45,Cow_177,10,2,3,0,32.6,Cloudy,Field A
2022-08-11,15:45,Cow_178,12,0,8,0,32.6,Cloudy,Field C
2022-08-11,15:45,Cow_179,11,1,3,0,32.6,Cloudy,Field A
2022-08-11,15:45,Cow_180,2,7,6,0,32.6,Cloudy,Field C
2022-08-11,15:45,Cow_181,7,3,5,0,32.6,Cloudy,Field C
2022-08-11,15:45,Cow_182,6,5,4,0,32.6,Cloudy,Field A
2022-08-11,15:45,Cow_183,14,0,3,0,32.6,Cloudy,Field A
2022-08-11,15:45,Cow_184,13,10,0,0,32.6,Cloudy,Field A
2022-08-11,15:45,Cow_185,3,8,4,0,32.6,Cloudy,Field C
2022-08-11,15:45,Cow_186,6,6,3,0,32.6,Cloudy,Field C
2022-08-11,15:45,Cow_187,9,3,3,0,32.6,Cloudy,Field C
2022-08-11,15:45,Cow_188,9,3,3,0,32.6,Cloudy,Field A
2022-08-11,15:45,Cow_189,1,10,4,0,32.6,Cloudy,Field B
2022-08-11,15:45,Cow_190,9,4,2,0,32.6,Cloudy,Field A
2022-08-11,15:45,Cow_191,5,4,6,0,32.6,Cloudy,Field A
2022-08-11,15:45,Cow_192,4,5,6,0,32.6,Cloudy,Field A
2022-08-11,15:45,Cow_193,10,3,2,0,32.6,Cloudy,Field A
2022-08-11,15:45,Cow_194,10,0,5,0,32.6,Cloudy,Field C
2022-08-11,15:45,Cow_195,5,3,7,0,32.6,Cloudy,Field C
2022-08-11,15:45,Cow_196,0,8,8,0,32.6,Cloudy,Field C
2022-08-11,15:45,Cow_197,10,3,2,0,32.6,Cloudy,Field C
2022-08-11,15:45,Cow_198,0,0,0,15,32.6,Cloudy,Field B
2022-08-11,15:45,Cow_199,5,6,4,0,32.6,Cloudy,Field B
2022-08-11,15:45,Cow_200,0,8,7,0,32.6,Cloudy,Field B
2022-08-11,15:45,Cow_201,14,0,8,0,32.6,Cloudy,Field B
2022-08-11,15:45,Cow_202,5,4,6,0,32.6,Cloudy,Field C
2022-08-11,15:45,Cow_203,8,4,3,0,32.6,Cloudy,Field A
2022-08-11,15:45,Cow_204,0,0,0,15,32.6,Cloudy,Field B
2022-08-11,15:45,Cow_205,12,0,7,0,32.6,Cloudy,Field C
2022-08-11,15:45,Cow_206,12,3,0,0,32.6,Cloudy,Field A
2022-08-11,15:45,Cow_207,11,0,4,0,32.6,Cloudy,Field A
2022-08-11,15:45,Cow_208,9,8,0,0,32.6,Cloudy,Field A
2022-08-11,15:45,Cow_209,2,9,4,0,32.6,Cloudy,Field A
2022-08-11,15:45,Cow_210,12,10,0,0,32.6,Cloudy,Field A
2022-08-11,15:45,Cow_211,0,0,0,15,32.6,Cloudy,Field A
2022-08-11,15:45,Cow_212,11,0,6,0,32.6,Cloudy,Field A
2022-08-11,15:45,Cow_213,8,1,6,0,32.6,Cloudy,Field A
2022-08-11,15:45,Cow_214,6,6,3,0,32.6,Cloudy,Field B
2022-08-11,15:45,Cow_215,5,10,0,0,32.6,Cloudy,Field C
2022-08-11,15:45,Cow_216,1,10,4,0,32.6,Cloudy,Field C
2022-08-11,15:45,Cow_217,0,10,8,0,32.6,Cloudy,Field C
2022-08-11,15:45,Cow_218,11,8,0,0,32.6,Cloudy,Field A
2022-08-11,15:45,Cow_219,6,3,6,0,32.6,Cloudy,Field C
2022-08-11,15:45,Cow_220,6,2,7,0,32.6,Cloudy,Field A
2022-08-11,15:45,Cow_221,8,7,0,0,32.6,Cloudy,Field B
2022-08-11,15:45,Cow_222,12,3,0,0,32.6,Cloudy,Field B
2022-08-11,15:45,Cow_223,5,7,3,0,32.6,Cloudy,Field A
2022-08-11,15:45,Cow_224,14,7,0,0,32.6,Cloudy,Field C
2022-08-11,15:45,Cow_225,11,6,0,0,32.6,Cloudy,Field C
2022-08-11,15:45,Cow_226,3,5,7,0,32.6,Cloudy,Field A
2022-08-11,15:45,Cow_227,14,0,5,0,32.6,Cloudy,Field A
2022-08-11,15:45,Cow_228,8,1,6,0,32.6,Cloudy,Field C
2022-08-11,15:45,Cow_229,5,6,4,0,32.6,Cloudy,Field B
2022-08-11,15:45,Cow_230,8,6,1,0,32.6,Cloudy,Field B
2022-08-11,15:45,Cow_231,2,10,3,0,32.6,Cloudy,Field C
2022-08-11,15:45,Cow_232,11,0,8,0,32.6,Cloudy,Field C
2022-08-11,15:45,Cow_233,10,4,1,0,32.6,Cloudy,Field A
2022-08-11,15:45,Cow_234,13,0,6,0,32.6,Cloudy,Field A
2022-08-11,15:45,Cow_235,3,3,9,0,32.6,Cloudy,Field A
2022-08-11,15:45,Cow_236,3,6,6,0,32.6,Cloudy,Field B
2022-08-11,15:45,Cow_237,13,10,0,0,32.6,Cloudy,Field B
2022-08-11,15:45,Cow_238,7,4,4,0,32.6,Cloudy,Field C
2022-08-11,15:45,Cow_239,6,8,1,0,32.6,Cloudy,Field B
2022-08-11,15:45,Cow_240,5,10,0,0,32.6,Cloudy,Field A
2022-08-11,15:45,Cow_241,13,0,5,0,32.6,Cloudy,Field B
2022-08-11,15:45,Cow_242,13,6,0,0,32.6,Cloudy,Field A
2022-08-11,15:45,Cow_243,9,5,1,0,32.6,Cloudy,Field B
2022-08-11,15:45,Cow_244,6,9,0,0,32.6,Cloudy,Field B
2022-08-11,15:45,Cow_245,10,2,3,0,32.6,Cloudy,Field B
2022-08-11,15:45,Cow_246,14,0,7,0,32.6,Cloudy,Field C
2022-08-11,15:45,Cow_247,11,2,2,0,32.6,Cloudy,Field C
2022-08-11,15:45,Cow_248,12,7,0,0,32.6,Cloudy,Field C
2022-08-11,15:45,Cow_249,7,5,3,0,32.6,Cloudy,Field B
2022-08-11,15:45,Cow_250,11,0,8,0,32.6,Cloudy,Field A
2022-08-11,15:45,Cow_251,10,4,1,0,32.6,Cloudy,Field A
2022-08-11,15:45,Cow_252,3,3,9,0,32.6,Cloudy,Field A
2022-08-11,15:45,Cow_253,0,0,0,15,32.6,Cloudy,Field A
2022-08-11,15:45,Cow_254,0,0,0,15,32.6,Cloudy,Field C
2022-08-11,15:45,Cow_255,10,6,0,0,32.6,Cloudy,Field A
2022-08-11,15:45,Cow_256,0,0,0,15,32.6,Cloudy,Field B
2022-08-11,15:45,Cow_257,7,1,7,0,32.6,Cloudy,Field A
2022-08-11,15:45,Cow_258,11,3,1,0,32.6,Cloudy,Field A
2022-08-11,15:45,Cow_259,11,6,0,0,32.6,Cloudy,Field C
2022-08-11,15:45,Cow_260,12,0,3,0,32.6,Cloudy,Field B
2022-08-11,15:45,Cow_261,3,9,3,0,32.6,Cloudy,Field A
2022-08-11,15:45,Cow_262,7,2,6,0,32.6,Cloudy,Field A
2022-08-11,15:45,Cow_263,2,6,7,0,32.6,Cloudy,Field C
2022-08-11,15:45,Cow_264,8,8,0,0,32.6,Cloudy,Field B
2022-08-11,15:45,Cow_265,6,3,6,0,32.6,Cloudy,Field A
2022-08-11,15:45,Cow_266,2,10,3,0,32.6,Cloudy,Field C
2022-08-11,15:45,Cow_267,0,10,7,0,32.6,Cloudy,Field B
2022-08-11,15:45,Cow_268,5,10,0,0,32.6,Cloudy,Field C
2022-08-11,15:45,Cow_269,0,0,0,15,32.6,Cloudy,Field B
2022-08-11,15:45,Cow_270,8,3,4,0,32.6,Cloudy,Field A
2022-08-11,15:45,Cow_271,9,0,7,0,32.6,Cloudy,Field C
2022-08-11,15:45,Cow_272,12,0,7,0,32.6,Cloudy,Field A
2022-08-11,15:45,Cow_273,11,6,0,0,32.6,Cloudy,Field A
2022-08-11,15:45,Cow_274,6,9,0,0,32.6,Cloudy,Field B
2022-08-11,15:45,Cow_275,7,8,0,0,32.6,Cloudy,Field A
2022-08-11,15:45,Cow_276,3,6,6,0,32.6,Cloudy,Field C
2022-08-11,15:45,Cow_277,6,5,4,0,32.6,Cloudy,Field C
2022-08-11,15:45,Cow_278,11,1,3,0,32.6,Cloudy,Field B
2022-08-11,15:45,Cow_279,6,3,6,0,32.6,Cloudy,Field B
2022-08-11,15:45,Cow_280,7,3,5,0,32.6,Cloudy,Field C
2022-08-11,15:45,Cow_281,11,4,0,0,32.6,Cloudy,Field B
2022-08-11,15:45,Cow_282,10,0,5,0,32.6,Cloudy,Field B
2022-08-11,15:45,Cow_283,14,10,0,0,32.6,Cloudy,Field B
2022-08-11,15:45,Cow_284,5,4,6,0,32.6,Cloudy,Field C
2022-08-11,15:45,Cow_285,6,4,5,0,32.6,Cloudy,Field B
2022-08-11,15:45,Cow_286,5,5,5,0,32.6,Cloudy,Field B
2022-08-11,15:45,Cow_287,11,0,7,0,32.6,Cloudy,Field B
2022-08-11,15:45,Cow_288,5,7,3,0,32.6,Cloudy,Field A
2022-08-11,15:45,Cow_289,13,0,4,0,32.6,Cloudy,Field C
2022-08-11,15:45,Cow_290,8,10,0,0,32.6,Cloudy,Field B
2022-08-11,15:45,Cow_291,13,0,4,0,32.6,Cloudy,Field B
2022-08-11,15:45,Cow_292,14,0,3,0,32.6,Cloudy,Field A
2022-08-11,15:45,Cow_293,10,7,0,0,32.6,Cloudy,Field A
2022-08-11,15:45,Cow_294,8,5,2,0,32.6,Cloudy,Field A
2022-08-11,15:45,Cow_295,12,7,0,0,32.6,Cloudy,Field B
2022-08-11,15:45,Cow_296,8,2,5,0,32.6,Cloudy,Field B
2022-08-11,15:45,Cow_297,0,0,0,15,32.6,Cloudy,Field B
2022-08-11,15:45,Cow_298,13,6,0,0,32.6,Cloudy,Field B
2022-08-11,15:45,Cow_299,5,6,4,0,32.6,Cloudy,Field C
2022-08-11,15:45,Cow_300,0,9,7,0,32.6,Cloudy,Field B
2022-08-11,15:45,Cow_301,1,10,4,0,32.6,Cloudy,Field C
2022-08-11,15:45,Cow_302,10,7,0,0,32.6,Cloudy,Field A
2022-08-11,15:45,Cow_303,9,0,7,0,32.6,Cloudy,Field B
2022-08-11,15:45,Cow_304,9,3,3,0,32.6,Cloudy,Field C
2022-08-11,15:45,Cow_305,13,0,7,0,32.6,Cloudy,Field C
2022-08-11,15:45,Cow_306,13,0,6,0,32.6,Cloudy,Field A
2022-08-11,15:45,Cow_307,10,4,1,0,32.6,Cloudy,Field C
2022-08-11,15:45,Cow_308,11,1,3,0,32.6,Cloudy,Field C
2022-08-11,15:45,Cow_309,5,5,5,0,32.6,Cloudy,Field A
2022-08-11,15:45,Cow_310,6,2,7,0,32.6,Cloudy,Field C
2022-08-11,15:45,Cow_311,0,7,8,0,32.6,Cloudy,Field C
2022-08-11,15:45,Cow_312,7,5,3,0,32.6,Cloudy,Field C
2022-08-11,15:45,Cow_313,0,9,6,0,32.6,Cloudy,Field C
2022-08-11,15:45,Cow_314,7,5,3,0,32.6,Cloudy,Field B
2022-08-11,15:45,Cow_315,9,4,2,0,32.6,Cloudy,Field A
2022-08-11,15:45,Cow_316,2,7,6,0,32.6,Cloudy,Field A
2022-08-11,15:45,Cow_317,11,0,8,0,32.6,Cloudy,Field A
2022-08-11,15:45,Cow_318,11,0,7,0,32.6,Cloudy,Field C
2022-08-11,15:45,Cow_319,9,8,0,0,32.6,Cloudy,Field A
2022-08-11,15:45,Cow_320,10,3,2,0,32.6,Cloudy,Field C
2022-08-11,15:45,Cow_321,6,4,5,0,32.6,Cloudy,Field A
2022-08-11,15:45,Cow_322,14,0,6,0,32.6,Cloudy,Field B
2022-08-11,15:45,Cow_323,6,5,4,0,32.6,Cloudy,Field A
2022-08-11,15:45,Cow_324,9,1,5,0,32.6,Cloudy,Field A
2022-08-11,15:45,Cow_325,11,0,4,0,32.6,Cloudy,Field C
2022-08-11,15:45,Cow_326,1,10,4,0,32.6,Cloudy,Field A
2022-08-11,15:45,Cow_327,13,5,0,0,32.6,Cloudy,Field C
2022-08-11,15:45,Cow_328,6,5,4,0,32.6,Cloudy,Field C
2022-08-11,15:45,Cow_329,7,4,4,0,32.6,Cloudy,Field B
2022-08-11,15:45,Cow_330,7,9,0,0,32.6,Cloudy,Field B
2022-08-11,15:45,Cow_331,12,0,8,0,32.6,Cloudy,Field A
2022-08-11,15:45,Cow_332,0,0,0,15,32.6,Cloudy,Field B
2022-08-11,15:45,Cow_333,10,0,8,0,32.6,Cloudy,Field C
2022-08-11,15:45,Cow_334,4,7,4,0,32.6,Cloudy,Field B
2022-08-11,15:45,Cow_335,13,3,0,0,32.6,Cloudy,Field C
2022-08-11,15:45,Cow_336,2,10,3,0,32.6,Cloudy,Field B
2022-08-11,15:45,Cow_337,3,7,5,0,32.6,Cloudy,Field B
2022-08-11,15:45,Cow_338,6,2,7,0,32.6,Cloudy,Field B
2022-08-11,15:45,Cow_339,3,5,7,0,32.6,Cloudy,Field B
2022-08-11,15:45,Cow_340,12,0,6,0,32.6,Cloudy,Field A
2022-08-11,15:45,Cow_341,0,0,0,15,32.6,Cloudy,Field C
2022-08-11,15:45,Cow_342,6,6,3,0,32.6,Cloudy,Field A
2022-08-11,15:45,Cow_343,6,5,4,0,32.6,Cloudy,Field C
2022-08-11,15:45,Cow_344,7,3,5,0,32.6,Cloudy,Field A
2022-08-11,15:45,Cow_345,0,9,6,0,32.6,Cloudy,Field B
2022-08-11,15:45,Cow_346,0,0,0,15,32.6,Cloudy,Field C
2022-08-11,15:45,Cow_347,1,6,8,0,32.6,Cloudy,Field A
2022-08-11,15:45,Cow_348,1,8,6,0,32.6,Cloudy,Field C
2022-08-11,15:45,Cow_349,7,0,8,0,32.6,Cloudy,Field B
2022-08-11,15:45,Cow_350,13,10,0,0,32.6,Cloudy,Field B
2022-08-11,15:45,Cow_351,13,0,7,0,32.6,Cloudy,Field A
2022-08-11,15:45,Cow_352,6,10,0,0,32.6,Cloudy,Field C
2022-08-11,15:45,Cow_353,12,0,3,0,32.6,Cloudy,Field A
2022-08-11,15:45,Cow_354,2,9,4,0,32.6,Cloudy,Field A
2022-08-11,15:45,Cow_355,13,0,3,0,32.6,Cloudy,Field A
2022-08-11,15:45,Cow_356,6,3,6,0,32.6,Cloudy,Field A
2022-08-11,15:45,Cow_357,0,0,0,15,32.6,Cloudy,Field A
2022-08-11,15:45,Cow_358,9,1,5,0,32.6,Cloudy,Field C
2022-08-11,15:45,Cow_359,11,0,10,0,32.6,Cloudy,Field C
2022-08-11,15:45,Cow_360,0,0,0,15,32.6,Cloudy,Field B
2022-08-11,15:45,Cow_361,0,10,5,0,32.6,Cloudy,Field C
2022-08-11,15:45,Cow_362,3,6,6,0,32.6,Cloudy,Field A
2022-08-11,15:45,Cow_363,10,0,9,0,32.6,Cloudy,Field C
2022-08-11,15:45,Cow_364,13,0,3,0,32.6,Cloudy,Field B
2022-08-11,15:45,Cow_365,11,10,0,0,32.6,Cloudy,Field B
2022-08-11,15:45,Cow_366,14,11,0,0,32.6,Cloudy,Field C
2022-08-11,15:45,Cow_367,5,5,5,0,32.6,Cloudy,Field C
2022-08-11,15:45,Cow_368,6,10,0,0,32.6,Cloudy,Field B
2022-08-11,15:45,Cow_369,0,0,0,15,32.6,Cloudy,Field A
2022-08-11,15:45,Cow_370,13,0,3,0,32.6,Cloudy,Field A
2022-08-11,15:45,Cow_371,6,4,5,0,32.6,Cloudy,Field A
2022-08-11,15:45,Cow_372,7,5,3,0,32.6,Cloudy,Field C
2022-08-11,15:45,Cow_373,3,5,7,0,32.6,Cloudy,Field A
2022-08-11,15:45,Cow_374,5,6,4,0,32.6,Cloudy,Field B
2022-08-11,15:45,Cow_375,14,6,0,0,32.6,Cloudy,Field C
2022-08-11,15:45,Cow_376,9,8,0,0,32.6,Cloudy,Field B
2022-08-11,15:45,Cow_377,14,0,5,0,32.6,Cloudy,Field A
2022-08-11,15:45,Cow_378,5,3,7,0,32.6,Cloudy,Field B
2022-08-11,15:45,Cow_379,14,7,0,0,32.6,Cloudy,Field A
2022-08-11,15:45,Cow_380,11,3,1,0,32.6,Cloudy,Field C
2022-08-11,15:45,Cow_381,15,0,8,0,32.6,Cloudy,Field A
2022-08-11,15:45,Cow_382,5,4,6,0,32.6,Cloudy,Field A
2022-08-11,15:45,Cow_383,13,0,4,0,32.6,Cloudy,Field A
2022-08-11,15:45,Cow_384,9,3,3,0,32.6,Cloudy,Field B
2022-08-11,15:45,Cow_385,12,0,6,0,32.6,Cloudy,Field C
2022-08-11,15:45,Cow_386,0,0,0,15,32.6,Cloudy,Field B
2022-08-11,15:45,Cow_387,7,10,0,0,32.6,Cloudy,Field B
2022-08-11,15:45,Cow_388,8,2,5,0,32.6,Cloudy,Field B
2022-08-11,15:45,Cow_389,8,10,0,0,32.6,Cloudy,Field B
2022-08-11,15:45,Cow_390,0,0,0,15,32.6,Cloudy,Field B
2022-08-11,15:45,Cow_391,8,7,0,0,32.6,Cloudy,Field A
2022-08-11,15:45,Cow_392,5,5,5,0,32.6,Cloudy,Field C
2022-08-11,15:45,Cow_393,12,10,0,0,32.6,Cloudy,Field A
2022-08-11,15:45,Cow_394,9,6,0,0,32.6,Cloudy,Field B
2022-08-11,15:45,Cow_395,5,6,4,0,32.6,Cloudy,Field A
2022-08-11,15:45,Cow_396,11,8,0,0,32.6,Cloudy,Field A
2022-08-11,15:45,Cow_397,9,0,7,0,32.6,Cloudy,Field A
2022-08-11,15:45,Cow_398,5,3,7,0,32.6,Cloudy,Field A
2022-08-11,15:45,Cow_399,6,4,5,0,32.6,Cloudy,Field B
2022-08-11,15:45,Cow_400,2,10,3,0,32.6,Cloudy,Field C
2022-08-11,15:45,Cow_401,8,4,3,0,32.6,Cloudy,Field B
2022-08-11,15:45,Cow_402,0,10,8,0,32.6,Cloudy,Field B
2022-08-11,15:45,Cow_403,3,9,3,0,32.6,Cloudy,Field A
2022-08-11,15:45,Cow_404,6,9,0,0,32.6,Cloudy,Field C
2022-08-11,15:45,Cow_405,3,5,7,0,32.6,Cloudy,Field A
2022-08-11,15:45,Cow_406,14,0,3,0,32.6,Cloudy,Field C
2022-08-11,15:45,Cow_407,13,0,3,0,32.6,Cloudy,Field A
2022-08-11,15:45,Cow_408,14,4,0,0,32.6,Cloudy,Field A
2022-08-11,15:45,Cow_409,6,4,5,0,32.6,Cloudy,Field A
2022-08-11,15:45,Cow_410,1,6,8,0,32.6,Cloudy,Field B
2022-08-11,15:45,Cow_411,10,6,0,0,32.6,Cloudy,Field B
2022-08-11,15:45,Cow_412,0,7,10,0,32.6,Cloudy,Field B
2022-08-11,15:45,Cow_413,5,6,4,0,32.6,Cloudy,Field C
2022-08-11,15:45,Cow_414,6,9,0,0,32.6,Cloudy,Field A
2022-08-11,15:45,Cow_415,7,9,0,0,32.6,Cloudy,Field C
2022-08-11,15:45,Cow_416,12,5,0,0,32.6,Cloudy,Field C
2022-08-11,15:45,Cow_417,14,0,5,0,32.6,Cloudy,Field B
2022-08-11,15:45,Cow_418,13,5,0,0,32.6,Cloudy,Field C
2022-08-11,15:45,Cow_419,11,0,6,0,32.6,Cloudy,Field C
2022-08-11,15:45,Cow_420,9,0,8,0,32.6,Cloudy,Field B
2022-08-11,15:45,Cow_421,12,4,0,0,32.6,Cloudy,Field A
2022-08-11,15:45,Cow_422,0,0,0,15,32.6,Cloudy,Field A
2022-08-11,15:45,Cow_423,9,6,0,0,32.6,Cloudy,Field A
2022-08-11,15:45,Cow_424,7,3,5,0,32.6,Cloudy,Field A
2022-08-11,15:45,Cow_425,11,10,0,0,32.6,Cloudy,Field C
2022-08-11,15:45,Cow_426,0,0,0,15,32.6,Cloudy,Field A
2022-08-11,15:45,Cow_427,11,0,8,0,32.6,Cloudy,Field A
2022-08-11,15:45,Cow_428,10,0,5,0,32.6,Cloudy,Field B
2022-08-11,15:45,Cow_429,14,10,0,0,32.6,Cloudy,Field B
2022-08-11,15:45,Cow_430,8,4,3,0,32.6,Cloudy,Field B
2022-08-11,15:45,Cow_431,3,4,8,0,32.6,Cloudy,Field A
2022-08-11,15:45,Cow_432,0,10,7,0,32.6,Cloudy,Field C
2022-08-11,15:45,Cow_433,12,0,7,0,32.6,Cloudy,Field C
2022-08-11,15:45,Cow_434,12,10,0,0,32.6,Cloudy,Field A
2022-08-11,15:45,Cow_435,8,3,4,0,32.6,Cloudy,Field C
2022-08-11,15:45,Cow_436,8,0,8,0,32.6,Cloudy,Field C
2022-08-11,15:45,Cow_437,3,9,3,0,32.6,Cloudy,Field B
2022-08-11,15:45,Cow_438,3,4,8,0,32.6,Cloudy,Field B
2022-08-11,15:45,Cow_439,0,9,7,0,32.6,Cloudy,Field C
2022-08-11,15:45,Cow_440,10,0,8,0,32.6,Cloudy,Field C
2022-08-11,15:45,Cow_441,7,1,7,0,32.6,Cloudy,Field B
2022-08-11,15:45,Cow_442,10,7,0,0,32.6,Cloudy,Field C
2022-08-11,15:45,Cow_443,9,3,3,0,32.6,Cloudy,Field B
2022-08-11,15:45,Cow_444,6,4,5,0,32.6,Cloudy,Field C
2022-08-11,15:45,Cow_445,5,3,7,0,32.6,Cloudy,Field C
2022-08-11,15:45,Cow_446,9,3,3,0,32.6,Cloudy,Field A
2022-08-11,15:45,Cow_447,0,9,6,0,32.6,Cloudy,Field C
2022-08-11,15:45,Cow_448,0,10,6,0,32.6,Cloudy,Field A
2022-08-11,15:45,Cow_449,10,4,1,0,32.6,Cloudy,Field B
2022-08-11,15:45,Cow_450,14,0,4,0,32.6,Cloudy,Field C
2022-08-11,15:45,Cow_451,13,0,8,0,32.6,Cloudy,Field C
2022-08-11,15:45,Cow_452,10,5,0,0,32.6,Cloudy,Field A
2022-08-11,15:45,Cow_453,7,3,5,0,32.6,Cloudy,Field C
2022-08-11,15:45,Cow_454,7,0,8,0,32.6,Cloudy,Field C
2022-08-11,15:45,Cow_455,5,4,6,0,32.6,Cloudy,Field C
2022-08-11,15:45,Cow_456,12,0,7,0,32.6,Cloudy,Field B
2022-08-11,15:45,Cow_457,7,3,5,0,32.6,Cloudy,Field B
2022-08-11,15:45,Cow_458,10,1,4,0,32.6,Cloudy,Field C
2022-08-11,15:45,Cow_459,6,10,0,0,32.6,Cloudy,Field B
2022-08-11,15:45,Cow_460,0,0,0,15,32.6,Cloudy,Field B
2022-08-11,15:45,Cow_461,9,0,6,0,32.6,Cloudy,Field C
2022-08-11,15:45,Cow_462,8,1,6,0,32.6,Cloudy,Field A
2022-08-11,15:45,Cow_463,1,6,8,0,32.6,Cloudy,Field B
2022-08-11,15:45,Cow_464,11,0,7,0,32.6,Cloudy,Field B
2022-08-11,15:45,Cow_465,1,7,7,0,32.6,Cloudy,Field B
2022-08-11,15:45,Cow_466,5,6,4,0,32.6,Cloudy,Field C
2022-08-11,15:45,Cow_467,8,9,0,0,32.6,Cloudy,Field A
2022-08-11,15:45,Cow_468,0,0,0,15,32.6,Cloudy,Field A
2022-08-11,15:45,Cow_469,14,0,5,0,32.6,Cloudy,Field B
2022-08-11,15:45,Cow_470,8,3,4,0,32.6,Cloudy,Field C
2022-08-11,15:45,Cow_471,11,7,0,0,32.6,Cloudy,Field C
2022-08-11,15:45,Cow_472,0,0,0,15,32.6,Cloudy,Field C
2022-08-11,15:45,Cow_473,14,0,4,0,32.6,Cloudy,Field C
2022-08-11,15:45,Cow_474,8,5,2,0,32.6,Cloudy,Field C
2022-08-11,15:45,Cow_475,14,0,6,0,32.6,Cloudy,Field A
2022-08-11,15:45,Cow_476,3,5,7,0,32.6,Cloudy,Field B
2022-08-11,15:45,Cow_477,3,6,6,0,32.6,Cloudy,Field B
2022-08-11,15:45,Cow_478,0,9,8,0,32.6,Cloudy,Field B
2022-08-11,15:45,Cow_479,5,5,5,0,32.6,Cloudy,Field C
2022-08-11,15:45,Cow_480,9,1,5,0,32.6,Cloudy,Field B
2022-08-11,15:45,Cow_481,0,0,0,15,32.6,Cloudy,Field B
2022-08-11,15:45,Cow_482,9,7,0,0,32.6,Cloudy,Field A
2022-08-11,15:45,Cow_483,7,0,8,0,32.6,Cloudy,Field B
2022-08-11,15:45,Cow_484,11,0,5,0,32.6,Cloudy,Field A
2022-08-11,15:45,Cow_485,0,9,7,0,32.6,Cloudy,Field C
2022-08-11,15:45,Cow_486,5,5,5,0,32.6,Cloudy,Field B
2022-08-11,15:45,Cow_487,13,3,0,0,32.6,Cloudy,Field A
2022-08-11,15:45,Cow_488,14,0,7,0,32.6,Cloudy,Field C
2022-08-11,15:45,Cow_489,10,6,0,0,32.6,Cloudy,Field C
2022-08-11,15:45,Cow_490,1,6,8,0,32.6,Cloudy,Field B
2022-08-11,15:45,Cow_491,7,4,4,0,32.6,Cloudy,Field B
2022-08-11,15:45,Cow_492,1,9,5,0,32.6,Cloudy,Field C
2022-08-11,15:45,Cow_493,9,2,4,0,32.6,Cloudy,Field B
2022-08-11,15:45,Cow_494,9,0,7,0,32.6,Cloudy,Field C
2022-08-11,15:45,Cow_495,3,4,8,0,32.6,Cloudy,Field C
2022-08-11,15:45,Cow_496,6,4,5,0,32.6,Cloudy,Field A
2022-08-11,15:45,Cow_497,9,1,5,0,32.6,Cloudy,Field C
2022-08-11,15:45,Cow_498,0,0,0,15,32.6,Cloudy,Field A
2022-08-11,15:45,Cow_499,4,7,4,0,32.6,Cloudy,Field C
2022-08-11,15:45,Cow_500,11,0,7,0,32.6,Cloudy,Field C
2022-08-11,16:00,Cow_1,14,6,0,0,31.0,Cloudy,Field A
2022-08-11,16:00,Cow_2,5,3,7,0,31.0,Cloudy,Field C
2022-08-11,16:00,Cow_3,0,10,7,0,31.0,Cloudy,Field C
2022-08-11,16:00,Cow_4,13,3,0,0,31.0,Cloudy,Field C
2022-08-11,16:00,Cow_5,0,0,0,15,31.0,Cloudy,Field A
2022-08-11,16:00,Cow_6,12,0,7,0,31.0,Cloudy,Field C
2022-08-11,16:00,Cow_7,5,4,6,0,31.0,Cloudy,Field A
2022-08-11,16:00,Cow_8,11,0,7,0,31.0,Cloudy,Field A
2022-08-11,16:00,Cow_9,4,8,3,0,31.0,Cloudy,Field B
2022-08-11,16:00,Cow_10,13,0,7,0,31.0,Cloudy,Field C
2022-08-11,16:00,Cow_11,7,1,7,0,31.0,Cloudy,Field C
2022-08-11,16:00,Cow_12,0,0,0,15,31.0,Cloudy,Field A
2022-08-11,16:00,Cow_13,1,7,7,0,31.0,Cloudy,Field B
2022-08-11,16:00,Cow_14,6,4,5,0,31.0,Cloudy,Field C
2022-08-11,16:00,Cow_15,11,0,7,0,31.0,Cloudy,Field C
2022-08-11,16:00,Cow_16,5,7,3,0,31.0,Cloudy,Field A
2022-08-11,16:00,Cow_17,7,3,5,0,31.0,Cloudy,Field C
2022-08-11,16:00,Cow_18,0,0,0,15,31.0,Cloudy,Field A
2022-08-11,16:00,Cow_19,10,10,0,0,31.0,Cloudy,Field B
2022-08-11,16:00,Cow_20,9,7,0,0,31.0,Cloudy,Field C
2022-08-11,16:00,Cow_21,11,0,10,0,31.0,Cloudy,Field A
2022-08-11,16:00,Cow_22,13,0,5,0,31.0,Cloudy,Field B
2022-08-11,16:00,Cow_23,4,8,3,0,31.0,Cloudy,Field A
2022-08-11,16:00,Cow_24,7,5,3,0,31.0,Cloudy,Field A
2022-08-11,16:00,Cow_25,11,3,1,0,31.0,Cloudy,Field C
2022-08-11,16:00,Cow_26,11,0,6,0,31.0,Cloudy,Field B
2022-08-11,16:00,Cow_27,13,8,0,0,31.0,Cloudy,Field A
2022-08-11,16:00,Cow_28,14,0,6,0,31.0,Cloudy,Field B
2022-08-11,16:00,Cow_29,4,4,7,0,31.0,Cloudy,Field B
2022-08-11,16:00,Cow_30,0,9,8,0,31.0,Cloudy,Field A
2022-08-11,16:00,Cow_31,14,0,3,0,31.0,Cloudy,Field A
2022-08-11,16:00,Cow_32,0,0,0,15,31.0,Cloudy,Field B
2022-08-11,16:00,Cow_33,5,5,5,0,31.0,Cloudy,Field B
2022-08-11,16:00,Cow_34,10,10,0,0,31.0,Cloudy,Field B
2022-08-11,16:00,Cow_35,9,10,0,0,31.0,Cloudy,Field C
2022-08-11,16:00,Cow_36,14,0,4,0,31.0,Cloudy,Field B
2022-08-11,16:00,Cow_37,9,1,5,0,31.0,Cloudy,Field A
2022-08-11,16:00,Cow_38,4,6,5,0,31.0,Cloudy,Field C
2022-08-11,16:00,Cow_39,10,0,7,0,31.0,Cloudy,Field A
2022-08-11,16:00,Cow_40,0,0,0,15,31.0,Cloudy,Field C
2022-08-11,16:00,Cow_41,5,6,4,0,31.0,Cloudy,Field B
2022-08-11,16:00,Cow_42,7,4,4,0,31.0,Cloudy,Field C
2022-08-11,16:00,Cow_43,7,4,4,0,31.0,Cloudy,Field C
2022-08-11,16:00,Cow_44,13,7,0,0,31.0,Cloudy,Field B
2022-08-11,16:00,Cow_45,2,5,8,0,31.0,Cloudy,Field C
2022-08-11,16:00,Cow_46,13,0,5,0,31.0,Cloudy,Field C
2022-08-11,16:00,Cow_47,0,10,8,0,31.0,Cloudy,Field B
2022-08-11,16:00,Cow_48,7,3,5,0,31.0,Cloudy,Field B
2022-08-11,16:00,Cow_49,0,9,7,0,31.0,Cloudy,Field C
2022-08-11,16:00,Cow_50,11,9,0,0,31.0,Cloudy,Field C
2022-08-11,16:00,Cow_51,2,10,3,0,31.0,Cloudy,Field C
2022-08-11,16:00,Cow_52,12,4,0,0,31.0,Cloudy,Field B
2022-08-11,16:00,Cow_53,13,0,4,0,31.0,Cloudy,Field B
2022-08-11,16:00,Cow_54,9,12,0,0,31.0,Cloudy,Field C
2022-08-11,16:00,Cow_55,6,7,2,0,31.0,Cloudy,Field C
2022-08-11,16:00,Cow_56,12,5,0,0,31.0,Cloudy,Field C
2022-08-11,16:00,Cow_57,6,10,0,0,31.0,Cloudy,Field A
2022-08-11,16:00,Cow_58,0,0,0,15,31.0,Cloudy,Field B
2022-08-11,16:00,Cow_59,0,8,8,0,31.0,Cloudy,Field A
2022-08-11,16:00,Cow_60,6,3,6,0,31.0,Cloudy,Field C
2022-08-11,16:00,Cow_61,5,10,0,0,31.0,Cloudy,Field B
2022-08-11,16:00,Cow_62,8,3,4,0,31.0,Cloudy,Field C
2022-08-11,16:00,Cow_63,0,11,10,0,31.0,Cloudy,Field B
2022-08-11,16:00,Cow_64,5,3,7,0,31.0,Cloudy,Field B
2022-08-11,16:00,Cow_65,9,5,1,0,31.0,Cloudy,Field A
2022-08-11,16:00,Cow_66,0,8,7,0,31.0,Cloudy,Field A
2022-08-11,16:00,Cow_67,5,5,5,0,31.0,Cloudy,Field B
2022-08-11,16:00,Cow_68,5,6,4,0,31.0,Cloudy,Field B
2022-08-11,16:00,Cow_69,8,3,4,0,31.0,Cloudy,Field C
2022-08-11,16:00,Cow_70,6,6,3,0,31.0,Cloudy,Field C
2022-08-11,16:00,Cow_71,0,0,0,15,31.0,Cloudy,Field C
2022-08-11,16:00,Cow_72,6,7,2,0,31.0,Cloudy,Field B
2022-08-11,16:00,Cow_73,14,0,8,0,31.0,Cloudy,Field A
2022-08-11,16:00,Cow_74,8,0,8,0,31.0,Cloudy,Field B
2022-08-11,16:00,Cow_75,7,5,3,0,31.0,Cloudy,Field C
2022-08-11,16:00,Cow_76,14,0,7,0,31.0,Cloudy,Field A
2022-08-11,16:00,Cow_77,8,6,1,0,31.0,Cloudy,Field B
2022-08-11,16:00,Cow_78,4,3,8,0,31.0,Cloudy,Field B
2022-08-11,16:00,Cow_79,6,6,3,0,31.0,Cloudy,Field A
2022-08-11,16:00,Cow_80,10,6,0,0,31.0,Cloudy,Field B
2022-08-11,16:00,Cow_81,8,0,8,0,31.0,Cloudy,Field C
2022-08-11,16:00,Cow_82,0,9,8,0,31.0,Cloudy,Field C
2022-08-11,16:00,Cow_83,11,3,1,0,31.0,Cloudy,Field B
2022-08-11,16:00,Cow_84,9,9,0,0,31.0,Cloudy,Field C
2022-08-11,16:00,Cow_85,7,5,3,0,31.0,Cloudy,Field C
2022-08-11,16:00,Cow_86,5,7,3,0,31.0,Cloudy,Field B
2022-08-11,16:00,Cow_87,14,0,3,0,31.0,Cloudy,Field B
2022-08-11,16:00,Cow_88,0,9,6,0,31.0,Cloudy,Field B
2022-08-11,16:00,Cow_89,0,0,0,15,31.0,Cloudy,Field A
2022-08-11,16:00,Cow_90,0,9,8,0,31.0,Cloudy,Field A
2022-08-11,16:00,Cow_91,6,4,5,0,31.0,Cloudy,Field A
2022-08-11,16:00,Cow_92,8,8,0,0,31.0,Cloudy,Field C
2022-08-11,16:00,Cow_93,0,8,8,0,31.0,Cloudy,Field B
2022-08-11,16:00,Cow_94,8,4,3,0,31.0,Cloudy,Field C
2022-08-11,16:00,Cow_95,13,8,0,0,31.0,Cloudy,Field C
2022-08-11,16:00,Cow_96,8,3,4,0,31.0,Cloudy,Field C
2022-08-11,16:00,Cow_97,12,3,0,0,31.0,Cloudy,Field A
2022-08-11,16:00,Cow_98,6,5,4,0,31.0,Cloudy,Field A
2022-08-11,16:00,Cow_99,0,0,0,15,31.0,Cloudy,Field A
2022-08-11,16:00,Cow_100,9,0,7,0,31.0,Cloudy,Field B
2022-08-11,16:00,Cow_101,13,0,5,0,31.0,Cloudy,Field A
2022-08-11,16:00,Cow_102,10,7,0,0,31.0,Cloudy,Field A
2022-08-11,16:00,Cow_103,7,3,5,0,31.0,Cloudy,Field C
2022-08-11,16:00,Cow_104,10,2,3,0,31.0,Cloudy,Field C
2022-08-11,16:00,Cow_105,0,0,0,15,31.0,Cloudy,Field C
2022-08-11,16:00,Cow_106,12,6,0,0,31.0,Cloudy,Field B
2022-08-11,16:00,Cow_107,14,7,0,0,31.0,Cloudy,Field A
2022-08-11,16:00,Cow_108,0,9,8,0,31.0,Cloudy,Field B
2022-08-11,16:00,Cow_109,14,10,0,0,31.0,Cloudy,Field A
2022-08-11,16:00,Cow_110,8,0,8,0,31.0,Cloudy,Field C
2022-08-11,16:00,Cow_111,1,9,5,0,31.0,Cloudy,Field A
2022-08-11,16:00,Cow_112,0,7,8,0,31.0,Cloudy,Field B
2022-08-11,16:00,Cow_113,13,8,0,0,31.0,Cloudy,Field A
2022-08-11,16:00,Cow_114,7,9,0,0,31.0,Cloudy,Field B
2022-08-11,16:00,Cow_115,2,6,7,0,31.0,Cloudy,Field A
2022-08-11,16:00,Cow_116,12,6,0,0,31.0,Cloudy,Field B
2022-08-11,16:00,Cow_117,4,5,6,0,31.0,Cloudy,Field C
2022-08-11,16:00,Cow_118,0,0,0,15,31.0,Cloudy,Field C
2022-08-11,16:00,Cow_119,7,4,4,0,31.0,Cloudy,Field C
2022-08-11,16:00,Cow_120,4,5,6,0,31.0,Cloudy,Field B
2022-08-11,16:00,Cow_121,6,6,3,0,31.0,Cloudy,Field C
2022-08-11,16:00,Cow_122,2,5,8,0,31.0,Cloudy,Field B
2022-08-11,16:00,Cow_123,14,8,0,0,31.0,Cloudy,Field B
2022-08-11,16:00,Cow_124,2,9,4,0,31.0,Cloudy,Field A
2022-08-11,16:00,Cow_125,4,3,8,0,31.0,Cloudy,Field A
2022-08-11,16:00,Cow_126,2,8,5,0,31.0,Cloudy,Field C
2022-08-11,16:00,Cow_127,7,4,4,0,31.0,Cloudy,Field A
2022-08-11,16:00,Cow_128,8,3,4,0,31.0,Cloudy,Field C
2022-08-11,16:00,Cow_129,6,2,7,0,31.0,Cloudy,Field B
2022-08-11,16:00,Cow_130,3,9,3,0,31.0,Cloudy,Field C
2022-08-11,16:00,Cow_131,13,0,6,0,31.0,Cloudy,Field A
2022-08-11,16:00,Cow_132,6,2,7,0,31.0,Cloudy,Field A
2022-08-11,16:00,Cow_133,1,10,4,0,31.0,Cloudy,Field B
2022-08-11,16:00,Cow_134,0,0,0,15,31.0,Cloudy,Field C
2022-08-11,16:00,Cow_135,10,4,1,0,31.0,Cloudy,Field A
2022-08-11,16:00,Cow_136,13,3,0,0,31.0,Cloudy,Field C
2022-08-11,16:00,Cow_137,9,0,6,0,31.0,Cloudy,Field A
2022-08-11,16:00,Cow_138,7,1,7,0,31.0,Cloudy,Field B
2022-08-11,16:00,Cow_139,6,3,6,0,31.0,Cloudy,Field A
2022-08-11,16:00,Cow_140,10,0,6,0,31.0,Cloudy,Field B
2022-08-11,16:00,Cow_141,9,0,8,0,31.0,Cloudy,Field A
2022-08-11,16:00,Cow_142,2,7,6,0,31.0,Cloudy,Field C
2022-08-11,16:00,Cow_143,1,9,5,0,31.0,Cloudy,Field A
2022-08-11,16:00,Cow_144,6,10,0,0,31.0,Cloudy,Field C
2022-08-11,16:00,Cow_145,10,5,0,0,31.0,Cloudy,Field C
2022-08-11,16:00,Cow_146,13,10,0,0,31.0,Cloudy,Field B
2022-08-11,16:00,Cow_147,5,2,8,0,31.0,Cloudy,Field A
2022-08-11,16:00,Cow_148,6,4,5,0,31.0,Cloudy,Field B
2022-08-11,16:00,Cow_149,1,8,6,0,31.0,Cloudy,Field C
2022-08-11,16:00,Cow_150,14,0,5,0,31.0,Cloudy,Field A
2022-08-11,16:00,Cow_151,13,5,0,0,31.0,Cloudy,Field B
2022-08-11,16:00,Cow_152,2,7,6,0,31.0,Cloudy,Field B
2022-08-11,16:00,Cow_153,14,0,3,0,31.0,Cloudy,Field C
2022-08-11,16:00,Cow_154,5,2,8,0,31.0,Cloudy,Field C
2022-08-11,16:00,Cow_155,8,3,4,0,31.0,Cloudy,Field C
2022-08-11,16:00,Cow_156,6,4,5,0,31.0,Cloudy,Field C
2022-08-11,16:00,Cow_157,13,0,8,0,31.0,Cloudy,Field C
2022-08-11,16:00,Cow_158,11,0,8,0,31.0,Cloudy,Field A
2022-08-11,16:00,Cow_159,5,3,7,0,31.0,Cloudy,Field A
2022-08-11,16:00,Cow_160,6,8,1,0,31.0,Cloudy,Field A
2022-08-11,16:00,Cow_161,8,4,3,0,31.0,Cloudy,Field C
2022-08-11,16:00,Cow_162,2,5,8,0,31.0,Cloudy,Field C
2022-08-11,16:00,Cow_163,5,7,3,0,31.0,Cloudy,Field B
2022-08-11,16:00,Cow_164,12,4,0,0,31.0,Cloudy,Field C
2022-08-11,16:00,Cow_165,4,4,7,0,31.0,Cloudy,Field B
2022-08-11,16:00,Cow_166,2,5,8,0,31.0,Cloudy,Field B
2022-08-11,16:00,Cow_167,8,1,6,0,31.0,Cloudy,Field A
2022-08-11,16:00,Cow_168,8,10,0,0,31.0,Cloudy,Field A
2022-08-11,16:00,Cow_169,14,3,0,0,31.0,Cloudy,Field C
2022-08-11,16:00,Cow_170,2,10,3,0,31.0,Cloudy,Field B
2022-08-11,16:00,Cow_171,11,7,0,0,31.0,Cloudy,Field A
2022-08-11,16:00,Cow_172,14,0,8,0,31.0,Cloudy,Field B
2022-08-11,16:00,Cow_173,8,4,3,0,31.0,Cloudy,Field A
2022-08-11,16:00,Cow_174,14,3,0,0,31.0,Cloudy,Field C
2022-08-11,16:00,Cow_175,4,4,7,0,31.0,Cloudy,Field A
2022-08-11,16:00,Cow_176,12,8,0,0,31.0,Cloudy,Field A
2022-08-11,16:00,Cow_177,0,0,0,15,31.0,Cloudy,Field B
2022-08-11,16:00,Cow_178,12,0,6,0,31.0,Cloudy,Field B
2022-08-11,16:00,Cow_179,11,0,4,0,31.0,Cloudy,Field B
2022-08-11,16:00,Cow_180,13,0,6,0,31.0,Cloudy,Field A
2022-08-11,16:00,Cow_181,1,10,4,0,31.0,Cloudy,Field B
2022-08-11,16:00,Cow_182,10,0,7,0,31.0,Cloudy,Field B
2022-08-11,16:00,Cow_183,8,2,5,0,31.0,Cloudy,Field A
2022-08-11,16:00,Cow_184,1,6,8,0,31.0,Cloudy,Field C
2022-08-11,16:00,Cow_185,7,9,0,0,31.0,Cloudy,Field B
2022-08-11,16:00,Cow_186,13,9,0,0,31.0,Cloudy,Field C
2022-08-11,16:00,Cow_187,6,8,1,0,31.0,Cloudy,Field A
2022-08-11,16:00,Cow_188,0,0,0,15,31.0,Cloudy,Field C
2022-08-11,16:00,Cow_189,0,10,7,0,31.0,Cloudy,Field A
2022-08-11,16:00,Cow_190,12,8,0,0,31.0,Cloudy,Field B
2022-08-11,16:00,Cow_191,7,6,2,0,31.0,Cloudy,Field A
2022-08-11,16:00,Cow_192,12,0,3,0,31.0,Cloudy,Field A
2022-08-11,16:00,Cow_193,6,4,5,0,31.0,Cloudy,Field A
2022-08-11,16:00,Cow_194,3,9,3,0,31.0,Cloudy,Field B
2022-08-11,16:00,Cow_195,4,6,5,0,31.0,Cloudy,Field B
2022-08-11,16:00,Cow_196,6,2,7,0,31.0,Cloudy,Field A
2022-08-11,16:00,Cow_197,0,0,0,15,31.0,Cloudy,Field B
2022-08-11,16:00,Cow_198,12,4,0,0,31.0,Cloudy,Field A
2022-08-11,16:00,Cow_199,8,2,5,0,31.0,Cloudy,Field B
2022-08-11,16:00,Cow_200,4,5,6,0,31.0,Cloudy,Field C
2022-08-11,16:00,Cow_201,6,1,8,0,31.0,Cloudy,Field C
2022-08-11,16:00,Cow_202,13,0,3,0,31.0,Cloudy,Field B
2022-08-11,16:00,Cow_203,7,0,8,0,31.0,Cloudy,Field A
2022-08-11,16:00,Cow_204,6,1,8,0,31.0,Cloudy,Field A
2022-08-11,16:00,Cow_205,1,9,5,0,31.0,Cloudy,Field A
2022-08-11,16:00,Cow_206,0,7,8,0,31.0,Cloudy,Field C
2022-08-11,16:00,Cow_207,9,3,3,0,31.0,Cloudy,Field B
2022-08-11,16:00,Cow_208,3,8,4,0,31.0,Cloudy,Field C
2022-08-11,16:00,Cow_209,8,6,1,0,31.0,Cloudy,Field A
2022-08-11,16:00,Cow_210,0,0,0,15,31.0,Cloudy,Field A
2022-08-11,16:00,Cow_211,2,5,8,0,31.0,Cloudy,Field C
2022-08-11,16:00,Cow_212,11,8,0,0,31.0,Cloudy,Field B
2022-08-11,16:00,Cow_213,6,5,4,0,31.0,Cloudy,Field B
2022-08-11,16:00,Cow_214,1,6,8,0,31.0,Cloudy,Field B
2022-08-11,16:00,Cow_215,14,6,0,0,31.0,Cloudy,Field C
2022-08-11,16:00,Cow_216,0,0,0,15,31.0,Cloudy,Field A
2022-08-11,16:00,Cow_217,6,5,4,0,31.0,Cloudy,Field A
2022-08-11,16:00,Cow_218,5,8,2,0,31.0,Cloudy,Field B
2022-08-11,16:00,Cow_219,5,3,7,0,31.0,Cloudy,Field B
2022-08-11,16:00,Cow_220,0,9,6,0,31.0,Cloudy,Field B
2022-08-11,16:00,Cow_221,8,0,7,0,31.0,Cloudy,Field B
2022-08-11,16:00,Cow_222,10,0,6,0,31.0,Cloudy,Field C
2022-08-11,16:00,Cow_223,14,0,8,0,31.0,Cloudy,Field C
2022-08-11,16:00,Cow_224,12,8,0,0,31.0,Cloudy,Field B
2022-08-11,16:00,Cow_225,13,3,0,0,31.0,Cloudy,Field B
2022-08-11,16:00,Cow_226,7,5,3,0,31.0,Cloudy,Field C
2022-08-11,16:00,Cow_227,8,3,4,0,31.0,Cloudy,Field B
2022-08-11,16:00,Cow_228,8,0,7,0,31.0,Cloudy,Field B
2022-08-11,16:00,Cow_229,2,5,8,0,31.0,Cloudy,Field A
2022-08-11,16:00,Cow_230,12,0,7,0,31.0,Cloudy,Field B
2022-08-11,16:00,Cow_231,10,4,1,0,31.0,Cloudy,Field A
2022-08-11,16:00,Cow_232,7,9,0,0,31.0,Cloudy,Field B
2022-08-11,16:00,Cow_233,5,7,3,0,31.0,Cloudy,Field A
2022-08-11,16:00,Cow_234,9,1,5,0,31.0,Cloudy,Field B
2022-08-11,16:00,Cow_235,0,11,10,0,31.0,Cloudy,Field A
2022-08-11,16:00,Cow_236,11,0,8,0,31.0,Cloudy,Field B
2022-08-11,16:00,Cow_237,9,0,7,0,31.0,Cloudy,Field C
2022-08-11,16:00,Cow_238,5,8,2,0,31.0,Cloudy,Field A
2022-08-11,16:00,Cow_239,2,7,6,0,31.0,Cloudy,Field B
2022-08-11,16:00,Cow_240,1,9,5,0,31.0,Cloudy,Field B
2022-08-11,16:00,Cow_241,10,1,4,0,31.0,Cloudy,Field C
2022-08-11,16:00,Cow_242,0,0,0,15,31.0,Cloudy,Field B
2022-08-11,16:00,Cow_243,10,5,0,0,31.0,Cloudy,Field B
2022-08-11,16:00,Cow_244,0,10,5,0,31.0,Cloudy,Field C
2022-08-11,16:00,Cow_245,8,6,1,0,31.0,Cloudy,Field A
2022-08-11,16:00,Cow_246,7,1,7,0,31.0,Cloudy,Field C
2022-08-11,16:00,Cow_247,5,11,0,0,31.0,Cloudy,Field C
2022-08-11,16:00,Cow_248,9,0,6,0,31.0,Cloudy,Field B
2022-08-11,16:00,Cow_249,13,7,0,0,31.0,Cloudy,Field C
2022-08-11,16:00,Cow_250,1,6,8,0,31.0,Cloudy,Field C
2022-08-11,16:00,Cow_251,10,3,2,0,31.0,Cloudy,Field A
2022-08-11,16:00,Cow_252,7,4,4,0,31.0,Cloudy,Field A
2022-08-11,16:00,Cow_253,11,0,4,0,31.0,Cloudy,Field C
2022-08-11,16:00,Cow_254,1,9,5,0,31.0,Cloudy,Field C
2022-08-11,16:00,Cow_255,2,9,4,0,31.0,Cloudy,Field A
2022-08-11,16:00,Cow_256,11,9,0,0,31.0,Cloudy,Field A
2022-08-11,16:00,Cow_257,14,0,6,0,31.0,Cloudy,Field C
2022-08-11,16:00,Cow_258,11,0,5,0,31.0,Cloudy,Field A
2022-08-11,16:00,Cow_259,12,4,0,0,31.0,Cloudy,Field A
2022-08-11,16:00,Cow_260,0,0,0,15,31.0,Cloudy,Field B
2022-08-11,16:00,Cow_261,6,5,4,0,31.0,Cloudy,Field C
2022-08-11,16:00,Cow_262,7,9,0,0,31.0,Cloudy,Field C
2022-08-11,16:00,Cow_263,14,6,0,0,31.0,Cloudy,Field A
2022-08-11,16:00,Cow_264,10,5,0,0,31.0,Cloudy,Field B
2022-08-11,16:00,Cow_265,14,0,4,0,31.0,Cloudy,Field A
2022-08-11,16:00,Cow_266,13,0,4,0,31.0,Cloudy,Field B
2022-08-11,16:00,Cow_267,10,7,0,0,31.0,Cloudy,Field B
2022-08-11,16:00,Cow_268,0,7,8,0,31.0,Cloudy,Field C
2022-08-11,16:00,Cow_269,5,5,5,0,31.0,Cloudy,Field A
2022-08-11,16:00,Cow_270,8,4,3,0,31.0,Cloudy,Field A
2022-08-11,16:00,Cow_271,8,4,3,0,31.0,Cloudy,Field C
2022-08-11,16:00,Cow_272,2,5,8,0,31.0,Cloudy,Field A
2022-08-11,16:00,Cow_273,0,0,0,15,31.0,Cloudy,Field A
2022-08-11,16:00,Cow_274,0,10,7,0,31.0,Cloudy,Field A
2022-08-11,16:00,Cow_275,0,0,0,15,31.0,Cloudy,Field C
2022-08-11,16:00,Cow_276,1,7,7,0,31.0,Cloudy,Field A
2022-08-11,16:00,Cow_277,8,0,7,0,31.0,Cloudy,Field B
2022-08-11,16:00,Cow_278,3,7,5,0,31.0,Cloudy,Field B
2022-08-11,16:00,Cow_279,10,10,0,0,31.0,Cloudy,Field A
2022-08-11,16:00,Cow_280,9,0,7,0,31.0,Cloudy,Field A
2022-08-11,16:00,Cow_281,7,3,5,0,31.0,Cloudy,Field B
2022-08-11,16:00,Cow_282,6,2,7,0,31.0,Cloudy,Field B
2022-08-11,16:00,Cow_283,0,10,5,0,31.0,Cloudy,Field B
2022-08-11,16:00,Cow_284,3,5,7,0,31.0,Cloudy,Field A
2022-08-11,16:00,Cow_285,0,8,8,0,31.0,Cloudy,Field A
2022-08-11,16:00,Cow_286,0,7,8,0,31.0,Cloudy,Field C
2022-08-11,16:00,Cow_287,1,6,8,0,31.0,Cloudy,Field B
2022-08-11,16:00,Cow_288,8,3,4,0,31.0,Cloudy,Field B
2022-08-11,16:00,Cow_289,10,9,0,0,31.0,Cloudy,Field C
2022-08-11,16:00,Cow_290,2,7,6,0,31.0,Cloudy,Field A
2022-08-11,16:00,Cow_291,0,0,0,15,31.0,Cloudy,Field A
2022-08-11,16:00,Cow_292,4,4,7,0,31.0,Cloudy,Field A
2022-08-11,16:00,Cow_293,12,0,6,0,31.0,Cloudy,Field A
2022-08-11,16:00,Cow_294,13,0,4,0,31.0,Cloudy,Field C
2022-08-11,16:00,Cow_295,11,0,8,0,31.0,Cloudy,Field C
2022-08-11,16:00,Cow_296,12,0,4,0,31.0,Cloudy,Field B
2022-08-11,16:00,Cow_297,0,0,0,15,31.0,Cloudy,Field C
2022-08-11,16:00,Cow_298,6,5,4,0,31.0,Cloudy,Field B
2022-08-11,16:00,Cow_299,9,3,3,0,31.0,Cloudy,Field A
2022-08-11,16:00,Cow_300,3,8,4,0,31.0,Cloudy,Field B
2022-08-11,16:00,Cow_301,6,3,6,0,31.0,Cloudy,Field B
2022-08-11,16:00,Cow_302,0,0,0,15,31.0,Cloudy,Field C
2022-08-11,16:00,Cow_303,12,8,0,0,31.0,Cloudy,Field C
2022-08-11,16:00,Cow_304,0,10,6,0,31.0,Cloudy,Field B
2022-08-11,16:00,Cow_305,12,3,0,0,31.0,Cloudy,Field A
2022-08-11,16:00,Cow_306,0,10,8,0,31.0,Cloudy,Field B
2022-08-11,16:00,Cow_307,8,0,7,0,31.0,Cloudy,Field B
2022-08-11,16:00,Cow_308,10,4,1,0,31.0,Cloudy,Field B
2022-08-11,16:00,Cow_309,13,0,7,0,31.0,Cloudy,Field C
2022-08-11,16:00,Cow_310,5,4,6,0,31.0,Cloudy,Field C
2022-08-11,16:00,Cow_311,10,5,0,0,31.0,Cloudy,Field C
2022-08-11,16:00,Cow_312,14,5,0,0,31.0,Cloudy,Field B
2022-08-11,16:00,Cow_313,0,10,5,0,31.0,Cloudy,Field B
2022-08-11,16:00,Cow_314,10,0,7,0,31.0,Cloudy,Field A
2022-08-11,16:00,Cow_315,11,3,1,0,31.0,Cloudy,Field A
2022-08-11,16:00,Cow_316,8,2,5,0,31.0,Cloudy,Field A
2022-08-11,16:00,Cow_317,4,7,4,0,31.0,Cloudy,Field A
2022-08-11,16:00,Cow_318,6,4,5,0,31.0,Cloudy,Field C
2022-08-11,16:00,Cow_319,5,9,1,0,31.0,Cloudy,Field A
2022-08-11,16:00,Cow_320,11,1,3,0,31.0,Cloudy,Field A
2022-08-11,16:00,Cow_321,12,4,0,0,31.0,Cloudy,Field C
2022-08-11,16:00,Cow_322,12,4,0,0,31.0,Cloudy,Field C
2022-08-11,16:00,Cow_323,13,6,0,0,31.0,Cloudy,Field C
2022-08-11,16:00,Cow_324,13,0,5,0,31.0,Cloudy,Field B
2022-08-11,16:00,Cow_325,13,0,6,0,31.0,Cloudy,Field C
2022-08-11,16:00,Cow_326,8,4,3,0,31.0,Cloudy,Field A
2022-08-11,16:00,Cow_327,13,0,4,0,31.0,Cloudy,Field A
2022-08-11,16:00,Cow_328,2,9,4,0,31.0,Cloudy,Field C
2022-08-11,16:00,Cow_329,7,3,5,0,31.0,Cloudy,Field C
2022-08-11,16:00,Cow_330,7,4,4,0,31.0,Cloudy,Field B
2022-08-11,16:00,Cow_331,12,6,0,0,31.0,Cloudy,Field B
2022-08-11,16:00,Cow_332,13,9,0,0,31.0,Cloudy,Field C
2022-08-11,16:00,Cow_333,2,8,5,0,31.0,Cloudy,Field B
2022-08-11,16:00,Cow_334,6,3,6,0,31.0,Cloudy,Field A
2022-08-11,16:00,Cow_335,5,5,5,0,31.0,Cloudy,Field A
2022-08-11,16:00,Cow_336,13,0,6,0,31.0,Cloudy,Field B
2022-08-11,16:00,Cow_337,14,0,6,0,31.0,Cloudy,Field B
2022-08-11,16:00,Cow_338,13,0,3,0,31.0,Cloudy,Field A
2022-08-11,16:00,Cow_339,12,0,5,0,31.0,Cloudy,Field A
2022-08-11,16:00,Cow_340,9,3,3,0,31.0,Cloudy,Field A
2022-08-11,16:00,Cow_341,11,1,3,0,31.0,Cloudy,Field A
2022-08-11,16:00,Cow_342,13,0,5,0,31.0,Cloudy,Field A
2022-08-11,16:00,Cow_343,6,3,6,0,31.0,Cloudy,Field A
2022-08-11,16:00,Cow_344,12,0,5,0,31.0,Cloudy,Field C
2022-08-11,16:00,Cow_345,10,1,4,0,31.0,Cloudy,Field B
2022-08-11,16:00,Cow_346,0,0,0,15,31.0,Cloudy,Field A
2022-08-11,16:00,Cow_347,3,7,5,0,31.0,Cloudy,Field C
2022-08-11,16:00,Cow_348,8,0,10,0,31.0,Cloudy,Field A
2022-08-11,16:00,Cow_349,0,0,0,15,31.0,Cloudy,Field B
2022-08-11,16:00,Cow_350,14,0,3,0,31.0,Cloudy,Field A
2022-08-11,16:00,Cow_351,0,10,6,0,31.0,Cloudy,Field A
2022-08-11,16:00,Cow_352,11,3,1,0,31.0,Cloudy,Field B
2022-08-11,16:00,Cow_353,8,4,3,0,31.0,Cloudy,Field A
2022-08-11,16:00,Cow_354,3,5,7,0,31.0,Cloudy,Field C
2022-08-11,16:00,Cow_355,11,0,8,0,31.0,Cloudy,Field C
2022-08-11,16:00,Cow_356,9,3,3,0,31.0,Cloudy,Field C
2022-08-11,16:00,Cow_357,13,6,0,0,31.0,Cloudy,Field C
2022-08-11,16:00,Cow_358,6,1,8,0,31.0,Cloudy,Field C
2022-08-11,16:00,Cow_359,0,9,6,0,31.0,Cloudy,Field B
2022-08-11,16:00,Cow_360,9,2,4,0,31.0,Cloudy,Field A
2022-08-11,16:00,Cow_361,12,10,0,0,31.0,Cloudy,Field B
2022-08-11,16:00,Cow_362,5,7,3,0,31.0,Cloudy,Field B
2022-08-11,16:00,Cow_363,14,0,5,0,31.0,Cloudy,Field B
2022-08-11,16:00,Cow_364,10,0,8,0,31.0,Cloudy,Field B
2022-08-11,16:00,Cow_365,9,6,0,0,31.0,Cloudy,Field C
2022-08-11,16:00,Cow_366,7,0,8,0,31.0,Cloudy,Field A
2022-08-11,16:00,Cow_367,2,7,6,0,31.0,Cloudy,Field B
2022-08-11,16:00,Cow_368,11,0,4,0,31.0,Cloudy,Field B
2022-08-11,16:00,Cow_369,8,3,4,0,31.0,Cloudy,Field B
2022-08-11,16:00,Cow_370,11,0,6,0,31.0,Cloudy,Field A
2022-08-11,16:00,Cow_371,7,3,5,0,31.0,Cloudy,Field B
2022-08-11,16:00,Cow_372,6,4,5,0,31.0,Cloudy,Field A
2022-08-11,16:00,Cow_373,11,6,0,0,31.0,Cloudy,Field A
2022-08-11,16:00,Cow_374,0,0,0,15,31.0,Cloudy,Field B
2022-08-11,16:00,Cow_375,14,0,4,0,31.0,Cloudy,Field C
2022-08-11,16:00,Cow_376,7,8,0,0,31.0,Cloudy,Field C
2022-08-11,16:00,Cow_377,8,3,4,0,31.0,Cloudy,Field B
2022-08-11,16:00,Cow_378,13,0,6,0,31.0,Cloudy,Field A
2022-08-11,16:00,Cow_379,14,0,6,0,31.0,Cloudy,Field A
2022-08-11,16:00,Cow_380,13,0,7,0,31.0,Cloudy,Field C
2022-08-11,16:00,Cow_381,10,0,5,0,31.0,Cloudy,Field C
2022-08-11,16:00,Cow_382,8,6,1,0,31.0,Cloudy,Field B
2022-08-11,16:00,Cow_383,7,5,3,0,31.0,Cloudy,Field B
2022-08-11,16:00,Cow_384,6,5,4,0,31.0,Cloudy,Field C
2022-08-11,16:00,Cow_385,7,10,0,0,31.0,Cloudy,Field C
2022-08-11,16:00,Cow_386,13,10,0,0,31.0,Cloudy,Field A
2022-08-11,16:00,Cow_387,2,9,4,0,31.0,Cloudy,Field C
2022-08-11,16:00,Cow_388,8,3,4,0,31.0,Cloudy,Field B
2022-08-11,16:00,Cow_389,8,4,3,0,31.0,Cloudy,Field C
2022-08-11,16:00,Cow_390,2,9,4,0,31.0,Cloudy,Field C
2022-08-11,16:00,Cow_391,0,9,6,0,31.0,Cloudy,Field A
2022-08-11,16:00,Cow_392,0,0,0,15,31.0,Cloudy,Field A
2022-08-11,16:00,Cow_393,1,10,4,0,31.0,Cloudy,Field C
2022-08-11,16:00,Cow_394,6,5,4,0,31.0,Cloudy,Field A
2022-08-11,16:00,Cow_395,11,10,0,0,31.0,Cloudy,Field A
2022-08-11,16:00,Cow_396,9,10,0,0,31.0,Cloudy,Field A
2022-08-11,16:00,Cow_397,7,4,4,0,31.0,Cloudy,Field B
2022-08-11,16:00,Cow_398,12,0,6,0,31.0,Cloudy,Field B
2022-08-11,16:00,Cow_399,11,0,7,0,31.0,Cloudy,Field A
2022-08-11,16:00,Cow_400,8,6,1,0,31.0,Cloudy,Field A
2022-08-11,16:00,Cow_401,7,9,0,0,31.0,Cloudy,Field C
2022-08-11,16:00,Cow_402,8,3,4,0,31.0,Cloudy,Field C
2022-08-11,16:00,Cow_403,2,9,4,0,31.0,Cloudy,Field C
2022-08-11,16:00,Cow_404,10,4,1,0,31.0,Cloudy,Field A
2022-08-11,16:00,Cow_405,12,5,0,0,31.0,Cloudy,Field C
2022-08-11,16:00,Cow_406,6,3,6,0,31.0,Cloudy,Field B
2022-08-11,16:00,Cow_407,0,9,7,0,31.0,Cloudy,Field C
2022-08-11,16:00,Cow_408,3,6,6,0,31.0,Cloudy,Field C
2022-08-11,16:00,Cow_409,10,0,6,0,31.0,Cloudy,Field A
2022-08-11,16:00,Cow_410,10,0,5,0,31.0,Cloudy,Field B
2022-08-11,16:00,Cow_411,12,5,0,0,31.0,Cloudy,Field B
2022-08-11,16:00,Cow_412,10,0,5,0,31.0,Cloudy,Field A
2022-08-11,16:00,Cow_413,11,5,0,0,31.0,Cloudy,Field C
2022-08-11,16:00,Cow_414,2,5,8,0,31.0,Cloudy,Field B
2022-08-11,16:00,Cow_415,13,7,0,0,31.0,Cloudy,Field A
2022-08-11,16:00,Cow_416,5,4,6,0,31.0,Cloudy,Field C
2022-08-11,16:00,Cow_417,7,7,1,0,31.0,Cloudy,Field C
2022-08-11,16:00,Cow_418,14,8,0,0,31.0,Cloudy,Field C
2022-08-11,16:00,Cow_419,14,6,0,0,31.0,Cloudy,Field C
2022-08-11,16:00,Cow_420,4,8,3,0,31.0,Cloudy,Field A
2022-08-11,16:00,Cow_421,11,4,0,0,31.0,Cloudy,Field C
2022-08-11,16:00,Cow_422,7,1,7,0,31.0,Cloudy,Field A
2022-08-11,16:00,Cow_423,11,0,6,0,31.0,Cloudy,Field B
2022-08-11,16:00,Cow_424,0,0,0,15,31.0,Cloudy,Field A
2022-08-11,16:00,Cow_425,6,6,3,0,31.0,Cloudy,Field B
2022-08-11,16:00,Cow_426,8,5,2,0,31.0,Cloudy,Field A
2022-08-11,16:00,Cow_427,9,0,8,0,31.0,Cloudy,Field B
2022-08-11,16:00,Cow_428,6,5,4,0,31.0,Cloudy,Field B
2022-08-11,16:00,Cow_429,0,9,8,0,31.0,Cloudy,Field C
2022-08-11,16:00,Cow_430,11,9,0,0,31.0,Cloudy,Field C
2022-08-11,16:00,Cow_431,0,0,0,15,31.0,Cloudy,Field A
2022-08-11,16:00,Cow_432,6,5,4,0,31.0,Cloudy,Field C
2022-08-11,16:00,Cow_433,6,4,5,0,31.0,Cloudy,Field C
2022-08-11,16:00,Cow_434,6,5,4,0,31.0,Cloudy,Field C
2022-08-11,16:00,Cow_435,0,9,8,0,31.0,Cloudy,Field B
2022-08-11,16:00,Cow_436,10,0,5,0,31.0,Cloudy,Field B
2022-08-11,16:00,Cow_437,2,5,8,0,31.0,Cloudy,Field B
2022-08-11,16:00,Cow_438,3,5,7,0,31.0,Cloudy,Field B
2022-08-11,16:00,Cow_439,5,6,4,0,31.0,Cloudy,Field B
2022-08-11,16:00,Cow_440,9,2,4,0,31.0,Cloudy,Field A
2022-08-11,16:00,Cow_441,0,7,8,0,31.0,Cloudy,Field B
2022-08-11,16:00,Cow_442,6,4,5,0,31.0,Cloudy,Field B
2022-08-11,16:00,Cow_443,12,0,8,0,31.0,Cloudy,Field C
2022-08-11,16:00,Cow_444,5,5,5,0,31.0,Cloudy,Field C
2022-08-11,16:00,Cow_445,13,4,0,0,31.0,Cloudy,Field C
2022-08-11,16:00,Cow_446,6,10,0,0,31.0,Cloudy,Field C
2022-08-11,16:00,Cow_447,5,7,3,0,31.0,Cloudy,Field C
2022-08-11,16:00,Cow_448,1,9,5,0,31.0,Cloudy,Field C
2022-08-11,16:00,Cow_449,9,5,1,0,31.0,Cloudy,Field B
2022-08-11,16:00,Cow_450,6,8,1,0,31.0,Cloudy,Field B
2022-08-11,16:00,Cow_451,11,0,4,0,31.0,Cloudy,Field C
2022-08-11,16:00,Cow_452,6,5,4,0,31.0,Cloudy,Field C
2022-08-11,16:00,Cow_453,12,0,4,0,31.0,Cloudy,Field C
2022-08-11,16:00,Cow_454,6,1,8,0,31.0,Cloudy,Field C
2022-08-11,16:00,Cow_455,14,6,0,0,31.0,Cloudy,Field A
2022-08-11,16:00,Cow_456,6,4,5,0,31.0,Cloudy,Field C
2022-08-11,16:00,Cow_457,2,8,5,0,31.0,Cloudy,Field B
2022-08-11,16:00,Cow_458,12,0,6,0,31.0,Cloudy,Field C
2022-08-11,16:00,Cow_459,7,0,8,0,31.0,Cloudy,Field C
2022-08-11,16:00,Cow_460,3,5,7,0,31.0,Cloudy,Field C
2022-08-11,16:00,Cow_461,2,7,6,0,31.0,Cloudy,Field A
2022-08-11,16:00,Cow_462,13,8,0,0,31.0,Cloudy,Field B
2022-08-11,16:00,Cow_463,1,6,8,0,31.0,Cloudy,Field C
2022-08-11,16:00,Cow_464,6,6,3,0,31.0,Cloudy,Field A
2022-08-11,16:00,Cow_465,1,10,4,0,31.0,Cloudy,Field B
2022-08-11,16:00,Cow_466,12,4,0,0,31.0,Cloudy,Field C
2022-08-11,16:00,Cow_467,14,10,0,0,31.0,Cloudy,Field C
2022-08-11,16:00,Cow_468,9,6,0,0,31.0,Cloudy,Field B
2022-08-11,16:00,Cow_469,0,0,0,15,31.0,Cloudy,Field B
2022-08-11,16:00,Cow_470,7,1,7,0,31.0,Cloudy,Field B
2022-08-11,16:00,Cow_471,8,7,0,0,31.0,Cloudy,Field B
2022-08-11,16:00,Cow_472,5,5,5,0,31.0,Cloudy,Field C
2022-08-11,16:00,Cow_473,12,4,0,0,31.0,Cloudy,Field C
2022-08-11,16:00,Cow_474,13,0,5,0,31.0,Cloudy,Field B
2022-08-11,16:00,Cow_475,9,3,3,0,31.0,Cloudy,Field B
2022-08-11,16:00,Cow_476,12,0,8,0,31.0,Cloudy,Field A
2022-08-11,16:00,Cow_477,10,3,2,0,31.0,Cloudy,Field C
2022-08-11,16:00,Cow_478,5,4,6,0,31.0,Cloudy,Field B
2022-08-11,16:00,Cow_479,13,0,9,0,31.0,Cloudy,Field B
2022-08-11,16:00,Cow_480,11,5,0,0,31.0,Cloudy,Field B
2022-08-11,16:00,Cow_481,0,0,0,15,31.0,Cloudy,Field A
2022-08-11,16:00,Cow_482,5,4,6,0,31.0,Cloudy,Field B
2022-08-11,16:00,Cow_483,13,0,7,0,31.0,Cloudy,Field A
2022-08-11,16:00,Cow_484,8,5,2,0,31.0,Cloudy,Field A
2022-08-11,16:00,Cow_485,4,7,4,0,31.0,Cloudy,Field B
2022-08-11,16:00,Cow_486,6,6,3,0,31.0,Cloudy,Field B
2022-08-11,16:00,Cow_487,5,4,6,0,31.0,Cloudy,Field B
2022-08-11,16:00,Cow_488,0,0,0,15,31.0,Cloudy,Field A
2022-08-11,16:00,Cow_489,9,0,8,0,31.0,Cloudy,Field A
2022-08-11,16:00,Cow_490,0,0,0,15,31.0,Cloudy,Field B
2022-08-11,16:00,Cow_491,14,5,0,0,31.0,Cloudy,Field C
2022-08-11,16:00,Cow_492,5,4,6,0,31.0,Cloudy,Field C
2022-08-11,16:00,Cow_493,6,6,3,0,31.0,Cloudy,Field B
2022-08-11,16:00,Cow_494,14,0,6,0,31.0,Cloudy,Field B
2022-08-11,16:00,Cow_495,0,0,0,15,31.0,Cloudy,Field A
2022-08-11,16:00,Cow_496,6,4,5,0,31.0,Cloudy,Field A
2022-08-11,16:00,Cow_497,3,7,5,0,31.0,Cloudy,Field B
2022-08-11,16:00,Cow_498,11,3,1,0,31.0,Cloudy,Field A
2022-08-11,16:00,Cow_499,5,5,5,0,31.0,Cloudy,Field A
2022-08-11,16:00,Cow_500,3,4,8,0,31.0,Cloudy,Field B
2022-08-11,16:15,Cow_1,3,6,6,0,32.6,Clear,Field A
2022-08-11,16:15,Cow_2,5,3,7,0,32.6,Clear,Field A
2022-08-11,16:15,Cow_3,14,0,4,0,32.6,Clear,Field A
2022-08-11,16:15,Cow_4,5,7,3,0,32.6,Clear,Field A
2022-08-11,16:15,Cow_5,0,0,0,15,32.6,Clear,Field A
2022-08-11,16:15,Cow_6,8,6,1,0,32.6,Clear,Field B
2022-08-11,16:15,Cow_7,5,5,5,0,32.6,Clear,Field B
2022-08-11,16:15,Cow_8,7,4,4,0,32.6,Clear,Field B
2022-08-11,16:15,Cow_9,1,8,6,0,32.6,Clear,Field B
2022-08-11,16:15,Cow_10,0,10,5,0,32.6,Clear,Field A
2022-08-11,16:15,Cow_11,8,4,3,0,32.6,Clear,Field B
2022-08-11,16:15,Cow_12,9,10,0,0,32.6,Clear,Field C
2022-08-11,16:15,Cow_13,6,5,4,0,32.6,Clear,Field A
2022-08-11,16:15,Cow_14,9,3,3,0,32.6,Clear,Field B
2022-08-11,16:15,Cow_15,14,0,4,0,32.6,Clear,Field B
2022-08-11,16:15,Cow_16,0,0,0,15,32.6,Clear,Field A
2022-08-11,16:15,Cow_17,6,5,4,0,32.6,Clear,Field B
2022-08-11,16:15,Cow_18,1,10,4,0,32.6,Clear,Field C
2022-08-11,16:15,Cow_19,9,0,6,0,32.6,Clear,Field C
2022-08-11,16:15,Cow_20,0,8,7,0,32.6,Clear,Field B
2022-08-11,16:15,Cow_21,15,0,7,0,32.6,Clear,Field C
2022-08-11,16:15,Cow_22,1,8,6,0,32.6,Clear,Field A
2022-08-11,16:15,Cow_23,0,9,7,0,32.6,Clear,Field C
2022-08-11,16:15,Cow_24,6,4,5,0,32.6,Clear,Field A
2022-08-11,16:15,Cow_25,13,0,3,0,32.6,Clear,Field B
2022-08-11,16:15,Cow_26,0,7,8,0,32.6,Clear,Field A
2022-08-11,16:15,Cow_27,8,3,4,0,32.6,Clear,Field A
2022-08-11,16:15,Cow_28,10,3,2,0,32.6,Clear,Field A
2022-08-11,16:15,Cow_29,4,5,6,0,32.6,Clear,Field B
2022-08-11,16:15,Cow_30,13,6,0,0,32.6,Clear,Field C
2022-08-11,16:15,Cow_31,0,10,7,0,32.6,Clear,Field C
2022-08-11,16:15,Cow_32,14,4,0,0,32.6,Clear,Field B
2022-08-11,16:15,Cow_33,3,7,5,0,32.6,Clear,Field A
2022-08-11,16:15,Cow_34,3,4,8,0,32.6,Clear,Field A
2022-08-11,16:15,Cow_35,0,10,5,0,32.6,Clear,Field A
2022-08-11,16:15,Cow_36,13,4,0,0,32.6,Clear,Field B
2022-08-11,16:15,Cow_37,11,6,0,0,32.6,Clear,Field A
2022-08-11,16:15,Cow_38,7,5,3,0,32.6,Clear,Field A
2022-08-11,16:15,Cow_39,9,7,0,0,32.6,Clear,Field A
2022-08-11,16:15,Cow_40,14,0,5,0,32.6,Clear,Field B
2022-08-11,16:15,Cow_41,6,10,0,0,32.6,Clear,Field B
2022-08-11,16:15,Cow_42,3,6,6,0,32.6,Clear,Field B
2022-08-11,16:15,Cow_43,13,0,7,0,32.6,Clear,Field B
2022-08-11,16:15,Cow_44,7,3,5,0,32.6,Clear,Field C
2022-08-11,16:15,Cow_45,1,8,6,0,32.6,Clear,Field A
2022-08-11,16:15,Cow_46,6,4,5,0,32.6,Clear,Field A
2022-08-11,16:15,Cow_47,3,9,3,0,32.6,Clear,Field A
2022-08-11,16:15,Cow_48,0,10,7,0,32.6,Clear,Field A
2022-08-11,16:15,Cow_49,7,1,7,0,32.6,Clear,Field B
2022-08-11,16:15,Cow_50,13,5,0,0,32.6,Clear,Field C
2022-08-11,16:15,Cow_51,3,7,5,0,32.6,Clear,Field C
2022-08-11,16:15,Cow_52,10,0,5,0,32.6,Clear,Field C
2022-08-11,16:15,Cow_53,13,6,0,0,32.6,Clear,Field A
2022-08-11,16:15,Cow_54,5,3,7,0,32.6,Clear,Field A
2022-08-11,16:15,Cow_55,8,9,0,0,32.6,Clear,Field A
2022-08-11,16:15,Cow_56,9,3,3,0,32.6,Clear,Field A
2022-08-11,16:15,Cow_57,14,3,0,0,32.6,Clear,Field A
2022-08-11,16:15,Cow_58,0,8,8,0,32.6,Clear,Field A
2022-08-11,16:15,Cow_59,14,0,8,0,32.6,Clear,Field A
2022-08-11,16:15,Cow_60,10,4,1,0,32.6,Clear,Field B
2022-08-11,16:15,Cow_61,10,1,4,0,32.6,Clear,Field C
2022-08-11,16:15,Cow_62,5,7,3,0,32.6,Clear,Field A
2022-08-11,16:15,Cow_63,8,5,2,0,32.6,Clear,Field C
2022-08-11,16:15,Cow_64,6,6,3,0,32.6,Clear,Field B
2022-08-11,16:15,Cow_65,6,4,5,0,32.6,Clear,Field B
2022-08-11,16:15,Cow_66,10,0,6,0,32.6,Clear,Field A
2022-08-11,16:15,Cow_67,7,4,4,0,32.6,Clear,Field B
2022-08-11,16:15,Cow_68,9,0,7,0,32.6,Clear,Field C
2022-08-11,16:15,Cow_69,5,3,7,0,32.6,Clear,Field B
2022-08-11,16:15,Cow_70,14,0,3,0,32.6,Clear,Field C
2022-08-11,16:15,Cow_71,12,4,0,0,32.6,Clear,Field A
2022-08-11,16:15,Cow_72,11,0,7,0,32.6,Clear,Field B
2022-08-11,16:15,Cow_73,14,4,0,0,32.6,Clear,Field B
2022-08-11,16:15,Cow_74,5,4,6,0,32.6,Clear,Field B
2022-08-11,16:15,Cow_75,12,8,0,0,32.6,Clear,Field A
2022-08-11,16:15,Cow_76,8,9,0,0,32.6,Clear,Field B
2022-08-11,16:15,Cow_77,5,4,6,0,32.6,Clear,Field A
2022-08-11,16:15,Cow_78,10,10,0,0,32.6,Clear,Field A
2022-08-11,16:15,Cow_79,0,7,8,0,32.6,Clear,Field A
2022-08-11,16:15,Cow_80,11,0,8,0,32.6,Clear,Field A
2022-08-11,16:15,Cow_81,0,0,0,15,32.6,Clear,Field C
2022-08-11,16:15,Cow_82,0,0,0,15,32.6,Clear,Field B
2022-08-11,16:15,Cow_83,12,0,7,0,32.6,Clear,Field C
2022-08-11,16:15,Cow_84,13,0,3,0,32.6,Clear,Field B
2022-08-11,16:15,Cow_85,14,4,0,0,32.6,Clear,Field B
2022-08-11,16:15,Cow_86,12,0,3,0,32.6,Clear,Field B
2022-08-11,16:15,Cow_87,13,0,5,0,32.6,Clear,Field A
2022-08-11,16:15,Cow_88,5,9,1,0,32.6,Clear,Field A
2022-08-11,16:15,Cow_89,5,10,0,0,32.6,Clear,Field C
2022-08-11,16:15,Cow_90,7,3,5,0,32.6,Clear,Field C
2022-08-11,16:15,Cow_91,13,0,6,0,32.6,Clear,Field B
2022-08-11,16:15,Cow_92,0,0,0,15,32.6,Clear,Field B
2022-08-11,16:15,Cow_93,9,0,6,0,32.6,Clear,Field C
2022-08-11,16:15,Cow_94,9,6,0,0,32.6,Clear,Field A
2022-08-11,16:15,Cow_95,11,0,5,0,32.6,Clear,Field A
2022-08-11,16:15,Cow_96,12,0,7,0,32.6,Clear,Field B
2022-08-11,16:15,Cow_97,0,10,8,0,32.6,Clear,Field B
2022-08-11,16:15,Cow_98,8,2,5,0,32.6,Clear,Field A
2022-08-11,16:15,Cow_99,2,9,4,0,32.6,Clear,Field B
2022-08-11,16:15,Cow_100,6,3,6,0,32.6,Clear,Field A
2022-08-11,16:15,Cow_101,0,0,0,15,32.6,Clear,Field A
2022-08-11,16:15,Cow_102,0,0,0,15,32.6,Clear,Field B
2022-08-11,16:15,Cow_103,7,5,3,0,32.6,Clear,Field A
2022-08-11,16:15,Cow_104,9,0,6,0,32.6,Clear,Field A
2022-08-11,16:15,Cow_105,8,0,8,0,32.6,Clear,Field B
2022-08-11,16:15,Cow_106,2,7,6,0,32.6,Clear,Field B
2022-08-11,16:15,Cow_107,13,8,0,0,32.6,Clear,Field C
2022-08-11,16:15,Cow_108,8,0,7,0,32.6,Clear,Field A
2022-08-11,16:15,Cow_109,8,0,8,0,32.6,Clear,Field B
2022-08-11,16:15,Cow_110,0,0,0,15,32.6,Clear,Field B
2022-08-11,16:15,Cow_111,9,7,0,0,32.6,Clear,Field B
2022-08-11,16:15,Cow_112,9,1,5,0,32.6,Clear,Field B
2022-08-11,16:15,Cow_113,6,1,8,0,32.6,Clear,Field B
2022-08-11,16:15,Cow_114,14,9,0,0,32.6,Clear,Field B
2022-08-11,16:15,Cow_115,14,0,4,0,32.6,Clear,Field C
2022-08-11,16:15,Cow_116,7,5,3,0,32.6,Clear,Field A
2022-08-11,16:15,Cow_117,13,6,0,0,32.6,Clear,Field A
2022-08-11,16:15,Cow_118,0,0,0,15,32.6,Clear,Field B
2022-08-11,16:15,Cow_119,14,3,0,0,32.6,Clear,Field B
2022-08-11,16:15,Cow_120,4,8,3,0,32.6,Clear,Field A
2022-08-11,16:15,Cow_121,6,6,3,0,32.6,Clear,Field C
2022-08-11,16:15,Cow_122,10,4,1,0,32.6,Clear,Field C
2022-08-11,16:15,Cow_123,6,4,5,0,32.6,Clear,Field C
2022-08-11,16:15,Cow_124,8,3,4,0,32.6,Clear,Field A
2022-08-11,16:15,Cow_125,0,9,8,0,32.6,Clear,Field B
2022-08-11,16:15,Cow_126,11,8,0,0,32.6,Clear,Field C
2022-08-11,16:15,Cow_127,5,3,7,0,32.6,Clear,Field A
2022-08-11,16:15,Cow_128,12,9,0,0,32.6,Clear,Field C
2022-08-11,16:15,Cow_129,0,9,6,0,32.6,Clear,Field B
2022-08-11,16:15,Cow_130,7,4,4,0,32.6,Clear,Field B
2022-08-11,16:15,Cow_131,3,5,7,0,32.6,Clear,Field A
2022-08-11,16:15,Cow_132,13,3,0,0,32.6,Clear,Field A
2022-08-11,16:15,Cow_133,9,10,0,0,32.6,Clear,Field B
2022-08-11,16:15,Cow_134,6,4,5,0,32.6,Clear,Field A
2022-08-11,16:15,Cow_135,10,10,0,0,32.6,Clear,Field C
2022-08-11,16:15,Cow_136,0,10,7,0,32.6,Clear,Field C
2022-08-11,16:15,Cow_137,1,9,5,0,32.6,Clear,Field C
2022-08-11,16:15,Cow_138,14,0,8,0,32.6,Clear,Field C
2022-08-11,16:15,Cow_139,11,4,0,0,32.6,Clear,Field C
2022-08-11,16:15,Cow_140,1,7,7,0,32.6,Clear,Field B
2022-08-11,16:15,Cow_141,2,10,3,0,32.6,Clear,Field C
2022-08-11,16:15,Cow_142,6,5,4,0,32.6,Clear,Field B
2022-08-11,16:15,Cow_143,6,10,0,0,32.6,Clear,Field A
2022-08-11,16:15,Cow_144,7,4,4,0,32.6,Clear,Field C
2022-08-11,16:15,Cow_145,5,5,5,0,32.6,Clear,Field C
2022-08-11,16:15,Cow_146,0,9,6,0,32.6,Clear,Field A
2022-08-11,16:15,Cow_147,0,0,0,15,32.6,Clear,Field B
2022-08-11,16:15,Cow_148,13,0,4,0,32.6,Clear,Field B
2022-08-11,16:15,Cow_149,6,6,3,0,32.6,Clear,Field A
2022-08-11,16:15,Cow_150,5,9,1,0,32.6,Clear,Field A
2022-08-11,16:15,Cow_151,5,2,8,0,32.6,Clear,Field B
2022-08-11,16:15,Cow_152,12,3,0,0,32.6,Clear,Field A
2022-08-11,16:15,Cow_153,13,0,7,0,32.6,Clear,Field C
2022-08-11,16:15,Cow_154,5,6,4,0,32.6,Clear,Field C
2022-08-11,16:15,Cow_155,6,10,0,0,32.6,Clear,Field B
2022-08-11,16:15,Cow_156,6,8,1,0,32.6,Clear,Field C
2022-08-11,16:15,Cow_157,3,9,3,0,32.6,Clear,Field A
2022-08-11,16:15,Cow_158,13,10,0,0,32.6,Clear,Field C
2022-08-11,16:15,Cow_159,8,2,5,0,32.6,Clear,Field C
2022-08-11,16:15,Cow_160,14,0,6,0,32.6,Clear,Field A
2022-08-11,16:15,Cow_161,3,9,3,0,32.6,Clear,Field C
2022-08-11,16:15,Cow_162,13,6,0,0,32.6,Clear,Field A
2022-08-11,16:15,Cow_163,11,6,0,0,32.6,Clear,Field B
2022-08-11,16:15,Cow_164,5,6,4,0,32.6,Clear,Field B
2022-08-11,16:15,Cow_165,3,6,6,0,32.6,Clear,Field C
2022-08-11,16:15,Cow_166,1,9,5,0,32.6,Clear,Field A
2022-08-11,16:15,Cow_167,0,8,7,0,32.6,Clear,Field A
2022-08-11,16:15,Cow_168,6,6,3,0,32.6,Clear,Field C
2022-08-11,16:15,Cow_169,10,5,0,0,32.6,Clear,Field A
2022-08-11,16:15,Cow_170,1,10,4,0,32.6,Clear,Field B
2022-08-11,16:15,Cow_171,7,4,4,0,32.6,Clear,Field C
2022-08-11,16:15,Cow_172,14,0,6,0,32.6,Clear,Field C
2022-08-11,16:15,Cow_173,14,4,0,0,32.6,Clear,Field B
2022-08-11,16:15,Cow_174,7,3,5,0,32.6,Clear,Field B
2022-08-11,16:15,Cow_175,5,4,6,0,32.6,Clear,Field A
2022-08-11,16:15,Cow_176,14,0,4,0,32.6,Clear,Field C
2022-08-11,16:15,Cow_177,8,0,7,0,32.6,Clear,Field A
2022-08-11,16:15,Cow_178,8,3,4,0,32.6,Clear,Field A
2022-08-11,16:15,Cow_179,10,5,0,0,32.6,Clear,Field B
2022-08-11,16:15,Cow_180,0,9,6,0,32.6,Clear,Field A
2022-08-11,16:15,Cow_181,13,0,6,0,32.6,Clear,Field A
2022-08-11,16:15,Cow_182,0,0,0,15,32.6,Clear,Field A
2022-08-11,16:15,Cow_183,0,0,0,15,32.6,Clear,Field B
2022-08-11,16:15,Cow_184,1,6,8,0,32.6,Clear,Field B
2022-08-11,16:15,Cow_185,10,7,0,0,32.6,Clear,Field B
2022-08-11,16:15,Cow_186,0,0,0,15,32.6,Clear,Field C
2022-08-11,16:15,Cow_187,12,0,3,0,32.6,Clear,Field C
2022-08-11,16:15,Cow_188,8,4,3,0,32.6,Clear,Field A
2022-08-11,16:15,Cow_189,11,8,0,0,32.6,Clear,Field B
2022-08-11,16:15,Cow_190,11,6,0,0,32.6,Clear,Field B
2022-08-11,16:15,Cow_191,0,0,0,15,32.6,Clear,Field C
2022-08-11,16:15,Cow_192,5,4,6,0,32.6,Clear,Field C
2022-08-11,16:15,Cow_193,10,0,8,0,32.6,Clear,Field A
2022-08-11,16:15,Cow_194,4,4,7,0,32.6,Clear,Field C
2022-08-11,16:15,Cow_195,5,4,6,0,32.6,Clear,Field B
2022-08-11,16:15,Cow_196,10,0,5,0,32.6,Clear,Field C
2022-08-11,16:15,Cow_197,0,9,7,0,32.6,Clear,Field C
2022-08-11,16:15,Cow_198,4,3,8,0,32.6,Clear,Field C
2022-08-11,16:15,Cow_199,0,0,0,15,32.6,Clear,Field B
2022-08-11,16:15,Cow_200,0,8,8,0,32.6,Clear,Field A
2022-08-11,16:15,Cow_201,1,8,6,0,32.6,Clear,Field A
2022-08-11,16:15,Cow_202,0,0,0,15,32.6,Clear,Field B
2022-08-11,16:15,Cow_203,5,4,6,0,32.6,Clear,Field B
2022-08-11,16:15,Cow_204,0,0,0,15,32.6,Clear,Field B
2022-08-11,16:15,Cow_205,10,2,3,0,32.6,Clear,Field A
2022-08-11,16:15,Cow_206,0,9,8,0,32.6,Clear,Field A
2022-08-11,16:15,Cow_207,10,0,7,0,32.6,Clear,Field A
2022-08-11,16:15,Cow_208,7,8,0,0,32.6,Clear,Field A
2022-08-11,16:15,Cow_209,12,7,0,0,32.6,Clear,Field A
2022-08-11,16:15,Cow_210,5,7,3,0,32.6,Clear,Field A
2022-08-11,16:15,Cow_211,7,3,5,0,32.6,Clear,Field C
2022-08-11,16:15,Cow_212,8,1,6,0,32.6,Clear,Field A
2022-08-11,16:15,Cow_213,5,7,3,0,32.6,Clear,Field B
2022-08-11,16:15,Cow_214,6,5,4,0,32.6,Clear,Field B
2022-08-11,16:15,Cow_215,9,0,8,0,32.6,Clear,Field C
2022-08-11,16:15,Cow_216,4,4,7,0,32.6,Clear,Field C
2022-08-11,16:15,Cow_217,7,1,7,0,32.6,Clear,Field C
2022-08-11,16:15,Cow_218,8,2,5,0,32.6,Clear,Field C
2022-08-11,16:15,Cow_219,1,8,6,0,32.6,Clear,Field B
2022-08-11,16:15,Cow_220,1,9,5,0,32.6,Clear,Field A
2022-08-11,16:15,Cow_221,6,7,2,0,32.6,Clear,Field B
2022-08-11,16:15,Cow_222,0,0,0,15,32.6,Clear,Field B
2022-08-11,16:15,Cow_223,4,5,6,0,32.6,Clear,Field B
2022-08-11,16:15,Cow_224,13,0,4,0,32.6,Clear,Field B
2022-08-11,16:15,Cow_225,6,3,6,0,32.6,Clear,Field B
2022-08-11,16:15,Cow_226,0,8,8,0,32.6,Clear,Field A
2022-08-11,16:15,Cow_227,14,10,0,0,32.6,Clear,Field B
2022-08-11,16:15,Cow_228,9,3,3,0,32.6,Clear,Field A
2022-08-11,16:15,Cow_229,0,9,7,0,32.6,Clear,Field A
2022-08-11,16:15,Cow_230,5,6,4,0,32.6,Clear,Field A
2022-08-11,16:15,Cow_231,0,9,8,0,32.6,Clear,Field B
2022-08-11,16:15,Cow_232,10,0,7,0,32.6,Clear,Field A
2022-08-11,16:15,Cow_233,14,8,0,0,32.6,Clear,Field C
2022-08-11,16:15,Cow_234,7,5,3,0,32.6,Clear,Field B
2022-08-11,16:15,Cow_235,0,0,0,15,32.6,Clear,Field B
2022-08-11,16:15,Cow_236,13,0,6,0,32.6,Clear,Field B
2022-08-11,16:15,Cow_237,0,9,6,0,32.6,Clear,Field B
2022-08-11,16:15,Cow_238,10,4,1,0,32.6,Clear,Field C
2022-08-11,16:15,Cow_239,2,7,6,0,32.6,Clear,Field C
2022-08-11,16:15,Cow_240,6,3,6,0,32.6,Clear,Field B
2022-08-11,16:15,Cow_241,5,4,6,0,32.6,Clear,Field A
2022-08-11,16:15,Cow_242,7,5,3,0,32.6,Clear,Field A
2022-08-11,16:15,Cow_243,4,5,6,0,32.6,Clear,Field C
2022-08-11,16:15,Cow_244,2,5,8,0,32.6,Clear,Field C
2022-08-11,16:15,Cow_245,7,0,8,0,32.6,Clear,Field C
2022-08-11,16:15,Cow_246,10,0,7,0,32.6,Clear,Field B
2022-08-11,16:15,Cow_247,5,5,5,0,32.6,Clear,Field C
2022-08-11,16:15,Cow_248,0,9,7,0,32.6,Clear,Field C
2022-08-11,16:15,Cow_249,7,6,2,0,32.6,Clear,Field C
2022-08-11,16:15,Cow_250,14,0,8,0,32.6,Clear,Field C
2022-08-11,16:15,Cow_251,10,1,4,0,32.6,Clear,Field C
2022-08-11,16:15,Cow_252,10,0,9,0,32.6,Clear,Field A
2022-08-11,16:15,Cow_253,2,5,8,0,32.6,Clear,Field C
2022-08-11,16:15,Cow_254,14,0,7,0,32.6,Clear,Field A
2022-08-11,16:15,Cow_255,9,9,0,0,32.6,Clear,Field B
2022-08-11,16:15,Cow_256,9,0,7,0,32.6,Clear,Field A
2022-08-11,16:15,Cow_257,0,9,8,0,32.6,Clear,Field B
2022-08-11,16:15,Cow_258,2,10,3,0,32.6,Clear,Field B
2022-08-11,16:15,Cow_259,11,0,5,0,32.6,Clear,Field C
2022-08-11,16:15,Cow_260,5,10,0,0,32.6,Clear,Field A
2022-08-11,16:15,Cow_261,0,0,0,15,32.6,Clear,Field C
2022-08-11,16:15,Cow_262,10,6,0,0,32.6,Clear,Field B
2022-08-11,16:15,Cow_263,9,0,6,0,32.6,Clear,Field B
2022-08-11,16:15,Cow_264,0,9,8,0,32.6,Clear,Field A
2022-08-11,16:15,Cow_265,13,0,8,0,32.6,Clear,Field C
2022-08-11,16:15,Cow_266,2,10,3,0,32.6,Clear,Field A
2022-08-11,16:15,Cow_267,5,4,6,0,32.6,Clear,Field A
2022-08-11,16:15,Cow_268,0,0,0,15,32.6,Clear,Field B
2022-08-11,16:15,Cow_269,0,0,0,15,32.6,Clear,Field B
2022-08-11,16:15,Cow_270,6,9,0,0,32.6,Clear,Field C
2022-08-11,16:15,Cow_271,13,4,0,0,32.6,Clear,Field B
2022-08-11,16:15,Cow_272,7,4,4,0,32.6,Clear,Field C
2022-08-11,16:15,Cow_273,7,10,0,0,32.6,Clear,Field B
2022-08-11,16:15,Cow_274,0,8,8,0,32.6,Clear,Field A
2022-08-11,16:15,Cow_275,7,0,8,0,32.6,Clear,Field A
2022-08-11,16:15,Cow_276,7,0,8,0,32.6,Clear,Field C
2022-08-11,16:15,Cow_277,9,9,0,0,32.6,Clear,Field A
2022-08-11,16:15,Cow_278,10,9,0,0,32.6,Clear,Field B
2022-08-11,16:15,Cow_279,14,0,5,0,32.6,Clear,Field B
2022-08-11,16:15,Cow_280,12,0,4,0,32.6,Clear,Field B
2022-08-11,16:15,Cow_281,7,5,3,0,32.6,Clear,Field A
2022-08-11,16:15,Cow_282,6,8,1,0,32.6,Clear,Field A
2022-08-11,16:15,Cow_283,0,9,7,0,32.6,Clear,Field C
2022-08-11,16:15,Cow_284,11,0,7,0,32.6,Clear,Field B
2022-08-11,16:15,Cow_285,12,9,0,0,32.6,Clear,Field A
2022-08-11,16:15,Cow_286,4,8,3,0,32.6,Clear,Field A
2022-08-11,16:15,Cow_287,7,6,2,0,32.6,Clear,Field C
2022-08-11,16:15,Cow_288,9,6,0,0,32.6,Clear,Field A
2022-08-11,16:15,Cow_289,10,7,0,0,32.6,Clear,Field C
2022-08-11,16:15,Cow_290,1,9,5,0,32.6,Clear,Field B
2022-08-11,16:15,Cow_291,9,2,4,0,32.6,Clear,Field C
2022-08-11,16:15,Cow_292,8,4,3,0,32.6,Clear,Field C
2022-08-11,16:15,Cow_293,5,7,3,0,32.6,Clear,Field B
2022-08-11,16:15,Cow_294,7,4,4,0,32.6,Clear,Field C
2022-08-11,16:15,Cow_295,8,5,2,0,32.6,Clear,Field A
2022-08-11,16:15,Cow_296,0,0,0,15,32.6,Clear,Field C
2022-08-11,16:15,Cow_297,1,10,4,0,32.6,Clear,Field C
2022-08-11,16:15,Cow_298,1,7,7,0,32.6,Clear,Field A
2022-08-11,16:15,Cow_299,12,0,4,0,32.6,Clear,Field A
2022-08-11,16:15,Cow_300,10,5,0,0,32.6,Clear,Field C
2022-08-11,16:15,Cow_301,9,6,0,0,32.6,Clear,Field C
2022-08-11,16:15,Cow_302,7,4,4,0,32.6,Clear,Field A
2022-08-11,16:15,Cow_303,13,7,0,0,32.6,Clear,Field A
2022-08-11,16:15,Cow_304,8,0,7,0,32.6,Clear,Field C
2022-08-11,16:15,Cow_305,10,1,4,0,32.6,Clear,Field B
2022-08-11,16:15,Cow_306,13,6,0,0,32.6,Clear,Field C
2022-08-11,16:15,Cow_307,6,5,4,0,32.6,Clear,Field A
2022-08-11,16:15,Cow_308,0,0,0,15,32.6,Clear,Field B
2022-08-11,16:15,Cow_309,7,3,5,0,32.6,Clear,Field C
2022-08-11,16:15,Cow_310,6,6,3,0,32.6,Clear,Field C
2022-08-11,16:15,Cow_311,7,10,0,0,32.6,Clear,Field A
2022-08-11,16:15,Cow_312,3,6,6,0,32.6,Clear,Field B
2022-08-11,16:15,Cow_313,0,0,0,15,32.6,Clear,Field C
2022-08-11,16:15,Cow_314,3,4,8,0,32.6,Clear,Field C
2022-08-11,16:15,Cow_315,10,3,2,0,32.6,Clear,Field A
2022-08-11,16:15,Cow_316,13,10,0,0,32.6,Clear,Field A
2022-08-11,16:15,Cow_317,3,9,3,0,32.6,Clear,Field A
2022-08-11,16:15,Cow_318,5,9,1,0,32.6,Clear,Field A
2022-08-11,16:15,Cow_319,12,0,8,0,32.6,Clear,Field B
2022-08-11,16:15,Cow_320,14,0,5,0,32.6,Clear,Field B
2022-08-11,16:15,Cow_321,11,0,4,0,32.6,Clear,Field A
2022-08-11,16:15,Cow_322,7,4,4,0,32.6,Clear,Field A
2022-08-11,16:15,Cow_323,12,0,7,0,32.6,Clear,Field C
2022-08-11,16:15,Cow_324,10,2,3,0,32.6,Clear,Field B
2022-08-11,16:15,Cow_325,6,5,4,0,32.6,Clear,Field C
2022-08-11,16:15,Cow_326,0,0,0,15,32.6,Clear,Field A
2022-08-11,16:15,Cow_327,4,4,7,0,32.6,Clear,Field C
2022-08-11,16:15,Cow_328,3,9,3,0,32.6,Clear,Field C
2022-08-11,16:15,Cow_329,7,10,0,0,32.6,Clear,Field A
2022-08-11,16:15,Cow_330,2,9,4,0,32.6,Clear,Field C
2022-08-11,16:15,Cow_331,0,10,8,0,32.6,Clear,Field A
2022-08-11,16:15,Cow_332,10,0,6,0,32.6,Clear,Field A
2022-08-11,16:15,Cow_333,3,7,5,0,32.6,Clear,Field C
2022-08-11,16:15,Cow_334,0,9,6,0,32.6,Clear,Field C
2022-08-11,16:15,Cow_335,5,6,4,0,32.6,Clear,Field B
2022-08-11,16:15,Cow_336,4,7,4,0,32.6,Clear,Field C
2022-08-11,16:15,Cow_337,9,8,0,0,32.6,Clear,Field B
2022-08-11,16:15,Cow_338,1,7,7,0,32.6,Clear,Field A
2022-08-11,16:15,Cow_339,14,0,7,0,32.6,Clear,Field A
2022-08-11,16:15,Cow_340,7,7,1,0,32.6,Clear,Field B
2022-08-11,16:15,Cow_341,8,4,3,0,32.6,Clear,Field B
2022-08-11,16:15,Cow_342,9,5,1,0,32.6,Clear,Field C
2022-08-11,16:15,Cow_343,9,9,0,0,32.6,Clear,Field C
2022-08-11,16:15,Cow_344,7,2,6,0,32.6,Clear,Field A
2022-08-11,16:15,Cow_345,11,6,0,0,32.6,Clear,Field A
2022-08-11,16:15,Cow_346,12,0,3,0,32.6,Clear,Field C
2022-08-11,16:15,Cow_347,3,4,8,0,32.6,Clear,Field C
2022-08-11,16:15,Cow_348,8,12,0,0,32.6,Clear,Field A
2022-08-11,16:15,Cow_349,7,3,5,0,32.6,Clear,Field B
2022-08-11,16:15,Cow_350,14,7,0,0,32.6,Clear,Field A
2022-08-11,16:15,Cow_351,5,7,3,0,32.6,Clear,Field B
2022-08-11,16:15,Cow_352,10,6,0,0,32.6,Clear,Field B
2022-08-11,16:15,Cow_353,5,7,3,0,32.6,Clear,Field A
2022-08-11,16:15,Cow_354,1,7,7,0,32.6,Clear,Field B
2022-08-11,16:15,Cow_355,0,9,6,0,32.6,Clear,Field B
2022-08-11,16:15,Cow_356,5,5,5,0,32.6,Clear,Field B
2022-08-11,16:15,Cow_357,6,6,3,0,32.6,Clear,Field C
2022-08-11,16:15,Cow_358,7,4,4,0,32.6,Clear,Field C
2022-08-11,16:15,Cow_359,12,4,0,0,32.6,Clear,Field B
2022-08-11,16:15,Cow_360,8,0,8,0,32.6,Clear,Field A
2022-08-11,16:15,Cow_361,4,6,5,0,32.6,Clear,Field A
2022-08-11,16:15,Cow_362,9,3,3,0,32.6,Clear,Field C
2022-08-11,16:15,Cow_363,0,11,10,0,32.6,Clear,Field B
2022-08-11,16:15,Cow_364,8,2,5,0,32.6,Clear,Field B
2022-08-11,16:15,Cow_365,13,0,8,0,32.6,Clear,Field C
2022-08-11,16:15,Cow_366,7,10,0,0,32.6,Clear,Field C
2022-08-11,16:15,Cow_367,0,0,0,15,32.6,Clear,Field C
2022-08-11,16:15,Cow_368,6,4,5,0,32.6,Clear,Field A
2022-08-11,16:15,Cow_369,8,4,3,0,32.6,Clear,Field C
2022-08-11,16:15,Cow_370,5,7,3,0,32.6,Clear,Field A
2022-08-11,16:15,Cow_371,11,9,0,0,32.6,Clear,Field B
2022-08-11,16:15,Cow_372,5,7,3,0,32.6,Clear,Field C
2022-08-11,16:15,Cow_373,8,3,4,0,32.6,Clear,Field C
2022-08-11,16:15,Cow_374,6,6,3,0,32.6,Clear,Field B
2022-08-11,16:15,Cow_375,5,4,6,0,32.6,Clear,Field A
2022-08-11,16:15,Cow_376,3,8,4,0,32.6,Clear,Field A
2022-08-11,16:15,Cow_377,14,0,8,0,32.6,Clear,Field C
2022-08-11,16:15,Cow_378,7,4,4,0,32.6,Clear,Field B
2022-08-11,16:15,Cow_379,14,0,5,0,32.6,Clear,Field B
2022-08-11,16:15,Cow_380,6,6,3,0,32.6,Clear,Field B
2022-08-11,16:15,Cow_381,0,12,7,0,32.6,Clear,Field C
2022-08-11,16:15,Cow_382,12,0,8,0,32.6,Clear,Field A
2022-08-11,16:15,Cow_383,13,0,3,0,32.6,Clear,Field A
2022-08-11,16:15,Cow_384,10,1,4,0,32.6,Clear,Field C
2022-08-11,16:15,Cow_385,6,10,0,0,32.6,Clear,Field B
2022-08-11,16:15,Cow_386,8,4,3,0,32.6,Clear,Field B
2022-08-11,16:15,Cow_387,8,4,3,0,32.6,Clear,Field C
2022-08-11,16:15,Cow_388,11,0,6,0,32.6,Clear,Field B
2022-08-11,16:15,Cow_389,7,4,4,0,32.6,Clear,Field C
2022-08-11,16:15,Cow_390,9,3,3,0,32.6,Clear,Field C
2022-08-11,16:15,Cow_391,9,10,0,0,32.6,Clear,Field B
2022-08-11,16:15,Cow_392,14,0,5,0,32.6,Clear,Field B
2022-08-11,16:15,Cow_393,0,0,0,15,32.6,Clear,Field C
2022-08-11,16:15,Cow_394,9,0,8,0,32.6,Clear,Field A
2022-08-11,16:15,Cow_395,7,5,3,0,32.6,Clear,Field C
2022-08-11,16:15,Cow_396,10,7,0,0,32.6,Clear,Field A
2022-08-11,16:15,Cow_397,8,3,4,0,32.6,Clear,Field B
2022-08-11,16:15,Cow_398,5,7,3,0,32.6,Clear,Field C
2022-08-11,16:15,Cow_399,0,8,7,0,32.6,Clear,Field B
2022-08-11,16:15,Cow_400,8,4,3,0,32.6,Clear,Field B
2022-08-11,16:15,Cow_401,3,7,5,0,32.6,Clear,Field C
2022-08-11,16:15,Cow_402,14,0,6,0,32.6,Clear,Field B
2022-08-11,16:15,Cow_403,10,0,7,0,32.6,Clear,Field B
2022-08-11,16:15,Cow_404,12,6,0,0,32.6,Clear,Field A
2022-08-11,16:15,Cow_405,0,0,0,15,32.6,Clear,Field C
2022-08-11,16:15,Cow_406,8,10,0,0,32.6,Clear,Field B
2022-08-11,16:15,Cow_407,14,0,8,0,32.6,Clear,Field C
2022-08-11,16:15,Cow_408,10,7,0,0,32.6,Clear,Field A
2022-08-11,16:15,Cow_409,9,3,3,0,32.6,Clear,Field A
2022-08-11,16:15,Cow_410,12,10,0,0,32.6,Clear,Field C
2022-08-11,16:15,Cow_411,11,0,5,0,32.6,Clear,Field A
2022-08-11,16:15,Cow_412,6,5,4,0,32.6,Clear,Field A
2022-08-11,16:15,Cow_413,12,5,0,0,32.6,Clear,Field C
2022-08-11,16:15,Cow_414,3,5,7,0,32.6,Clear,Field C
2022-08-11,16:15,Cow_415,9,3,3,0,32.6,Clear,Field B
2022-08-11,16:15,Cow_416,5,5,5,0,32.6,Clear,Field C
2022-08-11,16:15,Cow_417,8,2,5,0,32.6,Clear,Field C
2022-08-11,16:15,Cow_418,14,0,7,0,32.6,Clear,Field A
2022-08-11,16:15,Cow_419,9,3,3,0,32.6,Clear,Field C
2022-08-11,16:15,Cow_420,10,9,0,0,32.6,Clear,Field C
2022-08-11,16:15,Cow_421,13,4,0,0,32.6,Clear,Field B
2022-08-11,16:15,Cow_422,10,4,1,0,32.6,Clear,Field B
2022-08-11,16:15,Cow_423,4,8,3,0,32.6,Clear,Field A
2022-08-11,16:15,Cow_424,3,5,7,0,32.6,Clear,Field C
2022-08-11,16:15,Cow_425,8,2,5,0,32.6,Clear,Field B
2022-08-11,16:15,Cow_426,2,10,3,0,32.6,Clear,Field A
2022-08-11,16:15,Cow_427,5,1,9,0,32.6,Clear,Field B
2022-08-11,16:15,Cow_428,11,1,3,0,32.6,Clear,Field B
2022-08-11,16:15,Cow_429,13,0,7,0,32.6,Clear,Field B
2022-08-11,16:15,Cow_430,10,0,7,0,32.6,Clear,Field C
2022-08-11,16:15,Cow_431,2,6,7,0,32.6,Clear,Field A
2022-08-11,16:15,Cow_432,6,9,0,0,32.6,Clear,Field A
2022-08-11,16:15,Cow_433,6,5,4,0,32.6,Clear,Field B
2022-08-11,16:15,Cow_434,3,7,5,0,32.6,Clear,Field C
2022-08-11,16:15,Cow_435,10,7,0,0,32.6,Clear,Field C
2022-08-11,16:15,Cow_436,0,0,0,15,32.6,Clear,Field B
2022-08-11,16:15,Cow_437,3,4,8,0,32.6,Clear,Field B
2022-08-11,16:15,Cow_438,14,0,3,0,32.6,Clear,Field B
2022-08-11,16:15,Cow_439,6,9,0,0,32.6,Clear,Field B
2022-08-11,16:15,Cow_440,13,0,6,0,32.6,Clear,Field A
2022-08-11,16:15,Cow_441,2,5,8,0,32.6,Clear,Field A
2022-08-11,16:15,Cow_442,15,3,0,0,32.6,Clear,Field B
2022-08-11,16:15,Cow_443,8,0,7,0,32.6,Clear,Field C
2022-08-11,16:15,Cow_444,4,3,8,0,32.6,Clear,Field B
2022-08-11,16:15,Cow_445,9,3,3,0,32.6,Clear,Field C
2022-08-11,16:15,Cow_446,11,5,0,0,32.6,Clear,Field B
2022-08-11,16:15,Cow_447,7,1,7,0,32.6,Clear,Field A
2022-08-11,16:15,Cow_448,14,0,7,0,32.6,Clear,Field A
2022-08-11,16:15,Cow_449,1,6,8,0,32.6,Clear,Field B
2022-08-11,16:15,Cow_450,0,10,7,0,32.6,Clear,Field A
2022-08-11,16:15,Cow_451,8,3,4,0,32.6,Clear,Field B
2022-08-11,16:15,Cow_452,14,0,8,0,32.6,Clear,Field A
2022-08-11,16:15,Cow_453,11,0,8,0,32.6,Clear,Field A
2022-08-11,16:15,Cow_454,14,0,3,0,32.6,Clear,Field C
2022-08-11,16:15,Cow_455,1,8,6,0,32.6,Clear,Field C
2022-08-11,16:15,Cow_456,10,3,2,0,32.6,Clear,Field A
2022-08-11,16:15,Cow_457,5,3,7,0,32.6,Clear,Field B
2022-08-11,16:15,Cow_458,13,9,0,0,32.6,Clear,Field B
2022-08-11,16:15,Cow_459,0,10,8,0,32.6,Clear,Field A
2022-08-11,16:15,Cow_460,6,3,6,0,32.6,Clear,Field B
2022-08-11,16:15,Cow_461,0,9,8,0,32.6,Clear,Field B
2022-08-11,16:15,Cow_462,7,1,7,0,32.6,Clear,Field B
2022-08-11,16:15,Cow_463,13,5,0,0,32.6,Clear,Field C
2022-08-11,16:15,Cow_464,8,10,0,0,32.6,Clear,Field C
2022-08-11,16:15,Cow_465,10,9,0,0,32.6,Clear,Field B
2022-08-11,16:15,Cow_466,8,4,3,0,32.6,Clear,Field A
2022-08-11,16:15,Cow_467,9,10,0,0,32.6,Clear,Field B
2022-08-11,16:15,Cow_468,0,0,0,15,32.6,Clear,Field B
2022-08-11,16:15,Cow_469,8,10,0,0,32.6,Clear,Field C
2022-08-11,16:15,Cow_470,0,0,0,15,32.6,Clear,Field A
2022-08-11,16:15,Cow_471,14,8,0,0,32.6,Clear,Field C
2022-08-11,16:15,Cow_472,11,1,3,0,32.6,Clear,Field C
2022-08-11,16:15,Cow_473,7,10,0,0,32.6,Clear,Field A
2022-08-11,16:15,Cow_474,6,9,0,0,32.6,Clear,Field A
2022-08-11,16:15,Cow_475,10,2,3,0,32.6,Clear,Field C
2022-08-11,16:15,Cow_476,14,0,7,0,32.6,Clear,Field A
2022-08-11,16:15,Cow_477,6,5,4,0,32.6,Clear,Field B
2022-08-11,16:15,Cow_478,12,0,3,0,32.6,Clear,Field A
2022-08-11,16:15,Cow_479,12,0,8,0,32.6,Clear,Field C
2022-08-11,16:15,Cow_480,14,0,3,0,32.6,Clear,Field C
2022-08-11,16:15,Cow_481,9,2,4,0,32.6,Clear,Field B
2022-08-11,16:15,Cow_482,9,9,0,0,32.6,Clear,Field B
2022-08-11,16:15,Cow_483,7,3,5,0,32.6,Clear,Field A
2022-08-11,16:15,Cow_484,0,9,7,0,32.6,Clear,Field A
2022-08-11,16:15,Cow_485,3,7,5,0,32.6,Clear,Field A
2022-08-11,16:15,Cow_486,12,0,7,0,32.6,Clear,Field A
2022-08-11,16:15,Cow_487,5,4,6,0,32.6,Clear,Field C
2022-08-11,16:15,Cow_488,6,3,6,0,32.6,Clear,Field C
2022-08-11,16:15,Cow_489,5,4,6,0,32.6,Clear,Field B
2022-08-11,16:15,Cow_490,11,10,0,0,32.6,Clear,Field B
2022-08-11,16:15,Cow_491,13,7,0,0,32.6,Clear,Field A
2022-08-11,16:15,Cow_492,6,5,4,0,32.6,Clear,Field B
2022-08-11,16:15,Cow_493,3,6,6,0,32.6,Clear,Field B
2022-08-11,16:15,Cow_494,13,0,7,0,32.6,Clear,Field B
2022-08-11,16:15,Cow_495,9,8,0,0,32.6,Clear,Field A
2022-08-11,16:15,Cow_496,12,9,0,0,32.6,Clear,Field C
2022-08-11,16:15,Cow_497,14,0,4,0,32.6,Clear,Field C
2022-08-11,16:15,Cow_498,12,0,8,0,32.6,Clear,Field A
2022-08-11,16:15,Cow_499,14,0,6,0,32.6,Clear,Field B
2022-08-11,16:15,Cow_500,9,1,5,0,32.6,Clear,Field B
2022-08-11,16:30,Cow_1,8,0,8,0,28.2,Cloudy,Field C
2022-08-11,16:30,Cow_2,5,3,7,0,28.2,Cloudy,Field C
2022-08-11,16:30,Cow_3,5,9,1,0,28.2,Cloudy,Field A
2022-08-11,16:30,Cow_4,14,7,0,0,28.2,Cloudy,Field A
2022-08-11,16:30,Cow_5,13,0,6,0,28.2,Cloudy,Field B
2022-08-11,16:30,Cow_6,12,4,0,0,28.2,Cloudy,Field A
2022-08-11,16:30,Cow_7,5,3,7,0,28.2,Cloudy,Field A
2022-08-11,16:30,Cow_8,4,6,5,0,28.2,Cloudy,Field C
2022-08-11,16:30,Cow_9,12,0,8,0,28.2,Cloudy,Field B
2022-08-11,16:30,Cow_10,6,5,4,0,28.2,Cloudy,Field C
2022-08-11,16:30,Cow_11,0,0,0,15,28.2,Cloudy,Field C
2022-08-11,16:30,Cow_12,12,7,0,0,28.2,Cloudy,Field A
2022-08-11,16:30,Cow_13,13,0,8,0,28.2,Cloudy,Field A
2022-08-11,16:30,Cow_14,7,8,0,0,28.2,Cloudy,Field C
2022-08-11,16:30,Cow_15,9,6,0,0,28.2,Cloudy,Field A
2022-08-11,16:30,Cow_16,1,8,6,0,28.2,Cloudy,Field B
2022-08-11,16:30,Cow_17,1,7,7,0,28.2,Cloudy,Field B
2022-08-11,16:30,Cow_18,10,6,0,0,28.2,Cloudy,Field A
2022-08-11,16:30,Cow_19,14,0,3,0,28.2,Cloudy,Field A
2022-08-11,16:30,Cow_20,12,5,0,0,28.2,Cloudy,Field C
2022-08-11,16:30,Cow_21,3,4,8,0,28.2,Cloudy,Field B
2022-08-11,16:30,Cow_22,0,9,7,0,28.2,Cloudy,Field B
2022-08-11,16:30,Cow_23,8,3,4,0,28.2,Cloudy,Field C
2022-08-11,16:30,Cow_24,10,0,8,0,28.2,Cloudy,Field A
2022-08-11,16:30,Cow_25,0,0,0,15,28.2,Cloudy,Field C
2022-08-11,16:30,Cow_26,6,5,4,0,28.2,Cloudy,Field A
2022-08-11,16:30,Cow_27,10,8,0,0,28.2,Cloudy,Field B
2022-08-11,16:30,Cow_28,4,6,5,0,28.2,Cloudy,Field C
2022-08-11,16:30,Cow_29,6,6,3,0,28.2,Cloudy,Field B
2022-08-11,16:30,Cow_30,11,4,0,0,28.2,Cloudy,Field A
2022-08-11,16:30,Cow_31,7,3,5,0,28.2,Cloudy,Field C
2022-08-11,16:30,Cow_32,0,0,0,15,28.2,Cloudy,Field B
2022-08-11,16:30,Cow_33,2,9,4,0,28.2,Cloudy,Field A
2022-08-11,16:30,Cow_34,1,6,8,0,28.2,Cloudy,Field C
2022-08-11,16:30,Cow_35,0,0,0,15,28.2,Cloudy,Field B
2022-08-11,16:30,Cow_36,8,7,0,0,28.2,Cloudy,Field B
2022-08-11,16:30,Cow_37,9,6,0,0,28.2,Cloudy,Field B
2022-08-11,16:30,Cow_38,6,3,6,0,28.2,Cloudy,Field B
2022-08-11,16:30,Cow_39,4,4,7,0,28.2,Cloudy,Field B
2022-08-11,16:30,Cow_40,2,6,7,0,28.2,Cloudy,Field A
2022-08-11,16:30,Cow_41,14,0,4,0,28.2,Cloudy,Field C
2022-08-11,16:30,Cow_42,7,4,4,0,28.2,Cloudy,Field B
2022-08-11,16:30,Cow_43,11,0,7,0,28.2,Cloudy,Field C
2022-08-11,16:30,Cow_44,7,4,4,0,28.2,Cloudy,Field B
2022-08-11,16:30,Cow_45,1,9,5,0,28.2,Cloudy,Field B
2022-08-11,16:30,Cow_46,5,10,0,0,28.2,Cloudy,Field C
2022-08-11,16:30,Cow_47,7,10,0,0,28.2,Cloudy,Field C
2022-08-11,16:30,Cow_48,6,5,4,0,28.2,Cloudy,Field B
2022-08-11,16:30,Cow_49,0,9,7,0,28.2,Cloudy,Field A
2022-08-11,16:30,Cow_50,0,0,0,15,28.2,Cloudy,Field C
2022-08-11,16:30,Cow_51,6,4,5,0,28.2,Cloudy,Field B
2022-08-11,16:30,Cow_52,3,4,8,0,28.2,Cloudy,Field B
2022-08-11,16:30,Cow_53,4,4,7,0,28.2,Cloudy,Field A
2022-08-11,16:30,Cow_54,14,12,0,0,28.2,Cloudy,Field A
2022-08-11,16:30,Cow_55,12,0,7,0,28.2,Cloudy,Field A
2022-08-11,16:30,Cow_56,5,6,4,0,28.2,Cloudy,Field A
2022-08-11,16:30,Cow_57,9,2,4,0,28.2,Cloudy,Field C
2022-08-11,16:30,Cow_58,0,0,0,15,28.2,Cloudy,Field B
2022-08-11,16:30,Cow_59,7,3,5,0,28.2,Cloudy,Field C
2022-08-11,16:30,Cow_60,8,10,0,0,28.2,Cloudy,Field A
2022-08-11,16:30,Cow_61,10,8,0,0,28.2,Cloudy,Field A
2022-08-11,16:30,Cow_62,8,3,4,0,28.2,Cloudy,Field A
2022-08-11,16:30,Cow_63,10,0,8,0,28.2,Cloudy,Field B
2022-08-11,16:30,Cow_64,13,3,0,0,28.2,Cloudy,Field C
2022-08-11,16:30,Cow_65,0,0,0,15,28.2,Cloudy,Field A
2022-08-11,16:30,Cow_66,5,4,6,0,28.2,Cloudy,Field B
2022-08-11,16:30,Cow_67,6,6,3,0,28.2,Cloudy,Field A
2022-08-11,16:30,Cow_68,6,10,0,0,28.2,Cloudy,Field A
2022-08-11,16:30,Cow_69,0,0,0,15,28.2,Cloudy,Field C
2022-08-11,16:30,Cow_70,14,10,0,0,28.2,Cloudy,Field C
2022-08-11,16:30,Cow_71,8,3,4,0,28.2,Cloudy,Field A
2022-08-11,16:30,Cow_72,5,5,5,0,28.2,Cloudy,Field B
2022-08-11,16:30,Cow_73,5,7,3,0,28.2,Cloudy,Field A
2022-08-11,16:30,Cow_74,13,0,6,0,28.2,Cloudy,Field C
2022-08-11,16:30,Cow_75,10,0,7,0,28.2,Cloudy,Field A
2022-08-11,16:30,Cow_76,6,3,6,0,28.2,Cloudy,Field C
2022-08-11,16:30,Cow_77,3,7,5,0,28.2,Cloudy,Field B
2022-08-11,16:30,Cow_78,1,7,7,0,28.2,Cloudy,Field B
2022-08-11,16:30,Cow_79,12,6,0,0,28.2,Cloudy,Field C
2022-08-11,16:30,Cow_80,8,3,4,0,28.2,Cloudy,Field B
2022-08-11,16:30,Cow_81,5,5,5,0,28.2,Cloudy,Field A
2022-08-11,16:30,Cow_82,12,0,5,0,28.2,Cloudy,Field A
2022-08-11,16:30,Cow_83,6,6,3,0,28.2,Cloudy,Field A
2022-08-11,16:30,Cow_84,10,0,8,0,28.2,Cloudy,Field B
2022-08-11,16:30,Cow_85,10,1,4,0,28.2,Cloudy,Field C
2022-08-11,16:30,Cow_86,10,0,7,0,28.2,Cloudy,Field B
2022-08-11,16:30,Cow_87,11,0,8,0,28.2,Cloudy,Field C
2022-08-11,16:30,Cow_88,0,0,0,15,28.2,Cloudy,Field B
2022-08-11,16:30,Cow_89,0,0,0,15,28.2,Cloudy,Field C
2022-08-11,16:30,Cow_90,14,10,0,0,28.2,Cloudy,Field B
2022-08-11,16:30,Cow_91,9,0,6,0,28.2,Cloudy,Field C
2022-08-11,16:30,Cow_92,0,0,0,15,28.2,Cloudy,Field B
2022-08-11,16:30,Cow_93,12,0,8,0,28.2,Cloudy,Field A
2022-08-11,16:30,Cow_94,0,0,0,15,28.2,Cloudy,Field C
2022-08-11,16:30,Cow_95,14,5,0,0,28.2,Cloudy,Field A
2022-08-11,16:30,Cow_96,10,1,4,0,28.2,Cloudy,Field A
2022-08-11,16:30,Cow_97,0,10,5,0,28.2,Cloudy,Field B
2022-08-11,16:30,Cow_98,14,7,0,0,28.2,Cloudy,Field C
2022-08-11,16:30,Cow_99,6,3,6,0,28.2,Cloudy,Field C
2022-08-11,16:30,Cow_100,11,9,0,0,28.2,Cloudy,Field B
2022-08-11,16:30,Cow_101,12,0,7,0,28.2,Cloudy,Field B
2022-08-11,16:30,Cow_102,14,0,7,0,28.2,Cloudy,Field C
2022-08-11,16:30,Cow_103,6,2,7,0,28.2,Cloudy,Field B
2022-08-11,16:30,Cow_104,0,0,0,15,28.2,Cloudy,Field B
2022-08-11,16:30,Cow_105,5,8,2,0,28.2,Cloudy,Field C
2022-08-11,16:30,Cow_106,8,0,7,0,28.2,Cloudy,Field B
2022-08-11,16:30,Cow_107,12,0,7,0,28.2,Cloudy,Field A
2022-08-11,16:30,Cow_108,12,0,4,0,28.2,Cloudy,Field A
2022-08-11,16:30,Cow_109,3,4,8,0,28.2,Cloudy,Field B
2022-08-11,16:30,Cow_110,12,0,7,0,28.2,Cloudy,Field C
2022-08-11,16:30,Cow_111,12,6,0,0,28.2,Cloudy,Field C
2022-08-11,16:30,Cow_112,0,0,0,15,28.2,Cloudy,Field B
2022-08-11,16:30,Cow_113,5,2,8,0,28.2,Cloudy,Field A
2022-08-11,16:30,Cow_114,6,6,3,0,28.2,Cloudy,Field C
2022-08-11,16:30,Cow_115,1,10,4,0,28.2,Cloudy,Field A
2022-08-11,16:30,Cow_116,13,10,0,0,28.2,Cloudy,Field B
2022-08-11,16:30,Cow_117,5,3,7,0,28.2,Cloudy,Field C
2022-08-11,16:30,Cow_118,13,0,6,0,28.2,Cloudy,Field A
2022-08-11,16:30,Cow_119,1,10,4,0,28.2,Cloudy,Field B
2022-08-11,16:30,Cow_120,4,3,8,0,28.2,Cloudy,Field A
2022-08-11,16:30,Cow_121,9,3,3,0,28.2,Cloudy,Field B
2022-08-11,16:30,Cow_122,6,8,1,0,28.2,Cloudy,Field A
2022-08-11,16:30,Cow_123,8,5,2,0,28.2,Cloudy,Field B
2022-08-11,16:30,Cow_124,6,4,5,0,28.2,Cloudy,Field A
2022-08-11,16:30,Cow_125,12,4,0,0,28.2,Cloudy,Field A
2022-08-11,16:30,Cow_126,9,5,1,0,28.2,Cloudy,Field A
2022-08-11,16:30,Cow_127,0,0,0,15,28.2,Cloudy,Field A
2022-08-11,16:30,Cow_128,0,10,7,0,28.2,Cloudy,Field A
2022-08-11,16:30,Cow_129,6,6,3,0,28.2,Cloudy,Field A
2022-08-11,16:30,Cow_130,6,9,0,0,28.2,Cloudy,Field A
2022-08-11,16:30,Cow_131,12,0,5,0,28.2,Cloudy,Field B
2022-08-11,16:30,Cow_132,2,8,5,0,28.2,Cloudy,Field A
2022-08-11,16:30,Cow_133,11,8,0,0,28.2,Cloudy,Field A
2022-08-11,16:30,Cow_134,12,9,0,0,28.2,Cloudy,Field A
2022-08-11,16:30,Cow_135,0,8,8,0,28.2,Cloudy,Field A
2022-08-11,16:30,Cow_136,12,0,8,0,28.2,Cloudy,Field B
2022-08-11,16:30,Cow_137,8,2,5,0,28.2,Cloudy,Field A
2022-08-11,16:30,Cow_138,9,0,7,0,28.2,Cloudy,Field B
2022-08-11,16:30,Cow_139,13,0,8,0,28.2,Cloudy,Field A
2022-08-11,16:30,Cow_140,4,4,7,0,28.2,Cloudy,Field C
2022-08-11,16:30,Cow_141,0,8,8,0,28.2,Cloudy,Field C
2022-08-11,16:30,Cow_142,9,3,3,0,28.2,Cloudy,Field C
2022-08-11,16:30,Cow_143,9,0,8,0,28.2,Cloudy,Field A
2022-08-11,16:30,Cow_144,10,8,0,0,28.2,Cloudy,Field B
2022-08-11,16:30,Cow_145,9,7,0,0,28.2,Cloudy,Field B
2022-08-11,16:30,Cow_146,0,0,0,15,28.2,Cloudy,Field C
2022-08-11,16:30,Cow_147,0,9,6,0,28.2,Cloudy,Field A
2022-08-11,16:30,Cow_148,6,4,5,0,28.2,Cloudy,Field C
2022-08-11,16:30,Cow_149,13,0,3,0,28.2,Cloudy,Field A
2022-08-11,16:30,Cow_150,14,0,8,0,28.2,Cloudy,Field C
2022-08-11,16:30,Cow_151,5,9,1,0,28.2,Cloudy,Field B
2022-08-11,16:30,Cow_152,4,4,7,0,28.2,Cloudy,Field A
2022-08-11,16:30,Cow_153,11,10,0,0,28.2,Cloudy,Field B
2022-08-11,16:30,Cow_154,10,3,2,0,28.2,Cloudy,Field B
2022-08-11,16:30,Cow_155,0,0,0,15,28.2,Cloudy,Field C
2022-08-11,16:30,Cow_156,12,8,0,0,28.2,Cloudy,Field C
2022-08-11,16:30,Cow_157,0,10,5,0,28.2,Cloudy,Field B
2022-08-11,16:30,Cow_158,6,4,5,0,28.2,Cloudy,Field C
2022-08-11,16:30,Cow_159,5,3,7,0,28.2,Cloudy,Field A
2022-08-11,16:30,Cow_160,12,8,0,0,28.2,Cloudy,Field A
2022-08-11,16:30,Cow_161,10,5,0,0,28.2,Cloudy,Field C
2022-08-11,16:30,Cow_162,3,9,3,0,28.2,Cloudy,Field B
2022-08-11,16:30,Cow_163,6,6,3,0,28.2,Cloudy,Field B
2022-08-11,16:30,Cow_164,6,5,4,0,28.2,Cloudy,Field C
2022-08-11,16:30,Cow_165,3,5,7,0,28.2,Cloudy,Field B
2022-08-11,16:30,Cow_166,10,0,7,0,28.2,Cloudy,Field B
2022-08-11,16:30,Cow_167,0,0,0,15,28.2,Cloudy,Field B
2022-08-11,16:30,Cow_168,0,0,0,15,28.2,Cloudy,Field A
2022-08-11,16:30,Cow_169,6,3,6,0,28.2,Cloudy,Field A
2022-08-11,16:30,Cow_170,10,4,1,0,28.2,Cloudy,Field C
2022-08-11,16:30,Cow_171,11,0,6,0,28.2,Cloudy,Field A
2022-08-11,16:30,Cow_172,0,0,0,15,28.2,Cloudy,Field A
2022-08-11,16:30,Cow_173,14,7,0,0,28.2,Cloudy,Field C
2022-08-11,16:30,Cow_174,9,7,0,0,28.2,Cloudy,Field B
2022-08-11,16:30,Cow_175,13,0,7,0,28.2,Cloudy,Field C
2022-08-11,16:30,Cow_176,7,3,5,0,28.2,Cloudy,Field C
2022-08-11,16:30,Cow_177,10,1,4,0,28.2,Cloudy,Field A
2022-08-11,16:30,Cow_178,14,8,0,0,28.2,Cloudy,Field C
2022-08-11,16:30,Cow_179,3,8,4,0,28.2,Cloudy,Field C
2022-08-11,16:30,Cow_180,6,4,5,0,28.2,Cloudy,Field B
2022-08-11,16:30,Cow_181,12,4,0,0,28.2,Cloudy,Field A
2022-08-11,16:30,Cow_182,9,0,7,0,28.2,Cloudy,Field C
2022-08-11,16:30,Cow_183,10,0,6,0,28.2,Cloudy,Field A
2022-08-11,16:30,Cow_184,9,3,3,0,28.2,Cloudy,Field C
2022-08-11,16:30,Cow_185,14,0,4,0,28.2,Cloudy,Field A
2022-08-11,16:30,Cow_186,2,7,6,0,28.2,Cloudy,Field C
2022-08-11,16:30,Cow_187,5,4,6,0,28.2,Cloudy,Field B
2022-08-11,16:30,Cow_188,14,10,0,0,28.2,Cloudy,Field B
2022-08-11,16:30,Cow_189,14,5,0,0,28.2,Cloudy,Field B
2022-08-11,16:30,Cow_190,8,0,7,0,28.2,Cloudy,Field B
2022-08-11,16:30,Cow_191,5,7,3,0,28.2,Cloudy,Field A
2022-08-11,16:30,Cow_192,14,8,0,0,28.2,Cloudy,Field A
2022-08-11,16:30,Cow_193,3,6,6,0,28.2,Cloudy,Field C
2022-08-11,16:30,Cow_194,8,5,2,0,28.2,Cloudy,Field B
2022-08-11,16:30,Cow_195,3,6,6,0,28.2,Cloudy,Field A
2022-08-11,16:30,Cow_196,0,9,8,0,28.2,Cloudy,Field A
2022-08-11,16:30,Cow_197,5,9,1,0,28.2,Cloudy,Field B
2022-08-11,16:30,Cow_198,13,7,0,0,28.2,Cloudy,Field B
2022-08-11,16:30,Cow_199,9,0,8,0,28.2,Cloudy,Field C
2022-08-11,16:30,Cow_200,6,1,8,0,28.2,Cloudy,Field A
2022-08-11,16:30,Cow_201,4,3,8,0,28.2,Cloudy,Field A
2022-08-11,16:30,Cow_202,1,6,8,0,28.2,Cloudy,Field B
2022-08-11,16:30,Cow_203,9,0,6,0,28.2,Cloudy,Field C
2022-08-11,16:30,Cow_204,3,6,6,0,28.2,Cloudy,Field B
2022-08-11,16:30,Cow_205,14,9,0,0,28.2,Cloudy,Field A
2022-08-11,16:30,Cow_206,0,0,0,15,28.2,Cloudy,Field C
2022-08-11,16:30,Cow_207,13,0,3,0,28.2,Cloudy,Field C
2022-08-11,16:30,Cow_208,6,5,4,0,28.2,Cloudy,Field B
2022-08-11,16:30,Cow_209,0,0,0,15,28.2,Cloudy,Field B
2022-08-11,16:30,Cow_210,7,4,4,0,28.2,Cloudy,Field A
2022-08-11,16:30,Cow_211,11,5,0,0,28.2,Cloudy,Field B
2022-08-11,16:30,Cow_212,10,4,1,0,28.2,Cloudy,Field C
2022-08-11,16:30,Cow_213,2,8,5,0,28.2,Cloudy,Field B
2022-08-11,16:30,Cow_214,5,7,3,0,28.2,Cloudy,Field B
2022-08-11,16:30,Cow_215,7,3,5,0,28.2,Cloudy,Field B
2022-08-11,16:30,Cow_216,4,6,5,0,28.2,Cloudy,Field B
2022-08-11,16:30,Cow_217,5,5,5,0,28.2,Cloudy,Field A
2022-08-11,16:30,Cow_218,14,3,0,0,28.2,Cloudy,Field A
2022-08-11,16:30,Cow_219,14,0,4,0,28.2,Cloudy,Field C
2022-08-11,16:30,Cow_220,8,10,0,0,28.2,Cloudy,Field C
2022-08-11,16:30,Cow_221,5,7,3,0,28.2,Cloudy,Field C
2022-08-11,16:30,Cow_222,7,3,5,0,28.2,Cloudy,Field C
2022-08-11,16:30,Cow_223,6,3,6,0,28.2,Cloudy,Field B
2022-08-11,16:30,Cow_224,8,3,4,0,28.2,Cloudy,Field B
2022-08-11,16:30,Cow_225,11,8,0,0,28.2,Cloudy,Field C
2022-08-11,16:30,Cow_226,14,5,0,0,28.2,Cloudy,Field C
2022-08-11,16:30,Cow_227,4,8,3,0,28.2,Cloudy,Field C
2022-08-11,16:30,Cow_228,7,2,6,0,28.2,Cloudy,Field C
2022-08-11,16:30,Cow_229,2,5,8,0,28.2,Cloudy,Field A
2022-08-11,16:30,Cow_230,11,8,0,0,28.2,Cloudy,Field A
2022-08-11,16:30,Cow_231,2,7,6,0,28.2,Cloudy,Field A
2022-08-11,16:30,Cow_232,0,0,0,15,28.2,Cloudy,Field C
2022-08-11,16:30,Cow_233,0,7,8,0,28.2,Cloudy,Field C
2022-08-11,16:30,Cow_234,14,0,8,0,28.2,Cloudy,Field B
2022-08-11,16:30,Cow_235,5,3,7,0,28.2,Cloudy,Field A
2022-08-11,16:30,Cow_236,14,4,0,0,28.2,Cloudy,Field B
2022-08-11,16:30,Cow_237,9,5,1,0,28.2,Cloudy,Field C
2022-08-11,16:30,Cow_238,7,7,1,0,28.2,Cloudy,Field C
2022-08-11,16:30,Cow_239,8,3,4,0,28.2,Cloudy,Field C
2022-08-11,16:30,Cow_240,12,0,3,0,28.2,Cloudy,Field B
2022-08-11,16:30,Cow_241,2,8,5,0,28.2,Cloudy,Field A
2022-08-11,16:30,Cow_242,12,0,4,0,28.2,Cloudy,Field C
2022-08-11,16:30,Cow_243,7,3,5,0,28.2,Cloudy,Field C
2022-08-11,16:30,Cow_244,13,6,0,0,28.2,Cloudy,Field C
2022-08-11,16:30,Cow_245,4,8,3,0,28.2,Cloudy,Field A
2022-08-11,16:30,Cow_246,4,7,4,0,28.2,Cloudy,Field C
2022-08-11,16:30,Cow_247,8,3,4,0,28.2,Cloudy,Field C
2022-08-11,16:30,Cow_248,5,8,2,0,28.2,Cloudy,Field C
2022-08-11,16:30,Cow_249,13,8,0,0,28.2,Cloudy,Field B
2022-08-11,16:30,Cow_250,11,6,0,0,28.2,Cloudy,Field B
2022-08-11,16:30,Cow_251,5,7,3,0,28.2,Cloudy,Field B
2022-08-11,16:30,Cow_252,5,6,4,0,28.2,Cloudy,Field A
2022-08-11,16:30,Cow_253,5,8,2,0,28.2,Cloudy,Field C
2022-08-11,16:30,Cow_254,10,5,0,0,28.2,Cloudy,Field C
2022-08-11,16:30,Cow_255,14,9,0,0,28.2,Cloudy,Field C
2022-08-11,16:30,Cow_256,0,9,7,0,28.2,Cloudy,Field A
2022-08-11,16:30,Cow_257,2,8,5,0,28.2,Cloudy,Field A
2022-08-11,16:30,Cow_258,0,0,0,15,28.2,Cloudy,Field A
2022-08-11,16:30,Cow_259,12,10,0,0,28.2,Cloudy,Field C
2022-08-11,16:30,Cow_260,14,10,0,0,28.2,Cloudy,Field B
2022-08-11,16:30,Cow_261,6,6,3,0,28.2,Cloudy,Field A
2022-08-11,16:30,Cow_262,4,3,8,0,28.2,Cloudy,Field A
2022-08-11,16:30,Cow_263,4,5,6,0,28.2,Cloudy,Field A
2022-08-11,16:30,Cow_264,7,2,6,0,28.2,Cloudy,Field B
2022-08-11,16:30,Cow_265,0,0,0,15,28.2,Cloudy,Field C
2022-08-11,16:30,Cow_266,11,3,1,0,28.2,Cloudy,Field B
2022-08-11,16:30,Cow_267,13,0,6,0,28.2,Cloudy,Field C
2022-08-11,16:30,Cow_268,3,8,4,0,28.2,Cloudy,Field C
2022-08-11,16:30,Cow_269,9,9,0,0,28.2,Cloudy,Field B
2022-08-11,16:30,Cow_270,6,5,4,0,28.2,Cloudy,Field B
2022-08-11,16:30,Cow_271,9,3,3,0,28.2,Cloudy,Field C
2022-08-11,16:30,Cow_272,10,2,3,0,28.2,Cloudy,Field A
2022-08-11,16:30,Cow_273,6,7,2,0,28.2,Cloudy,Field B
2022-08-11,16:30,Cow_274,5,3,7,0,28.2,Cloudy,Field C
2022-08-11,16:30,Cow_275,6,5,4,0,28.2,Cloudy,Field A
2022-08-11,16:30,Cow_276,4,4,7,0,28.2,Cloudy,Field A
2022-08-11,16:30,Cow_277,6,3,6,0,28.2,Cloudy,Field C
2022-08-11,16:30,Cow_278,0,10,5,0,28.2,Cloudy,Field B
2022-08-11,16:30,Cow_279,8,7,0,0,28.2,Cloudy,Field B
2022-08-11,16:30,Cow_280,14,0,4,0,28.2,Cloudy,Field C
2022-08-11,16:30,Cow_281,2,8,5,0,28.2,Cloudy,Field C
2022-08-11,16:30,Cow_282,10,0,8,0,28.2,Cloudy,Field C
2022-08-11,16:30,Cow_283,7,5,3,0,28.2,Cloudy,Field B
2022-08-11,16:30,Cow_284,9,7,0,0,28.2,Cloudy,Field C
2022-08-11,16:30,Cow_285,9,2,4,0,28.2,Cloudy,Field B
2022-08-11,16:30,Cow_286,5,3,7,0,28.2,Cloudy,Field A
2022-08-11,16:30,Cow_287,6,7,2,0,28.2,Cloudy,Field C
2022-08-11,16:30,Cow_288,4,6,5,0,28.2,Cloudy,Field B
2022-08-11,16:30,Cow_289,8,4,3,0,28.2,Cloudy,Field B
2022-08-11,16:30,Cow_290,13,9,0,0,28.2,Cloudy,Field C
2022-08-11,16:30,Cow_291,12,7,0,0,28.2,Cloudy,Field C
2022-08-11,16:30,Cow_292,10,2,3,0,28.2,Cloudy,Field A
2022-08-11,16:30,Cow_293,10,10,0,0,28.2,Cloudy,Field C
2022-08-11,16:30,Cow_294,9,0,6,0,28.2,Cloudy,Field A
2022-08-11,16:30,Cow_295,9,1,5,0,28.2,Cloudy,Field A
2022-08-11,16:30,Cow_296,7,4,4,0,28.2,Cloudy,Field B
2022-08-11,16:30,Cow_297,5,3,7,0,28.2,Cloudy,Field A
2022-08-11,16:30,Cow_298,13,0,8,0,28.2,Cloudy,Field B
2022-08-11,16:30,Cow_299,4,8,3,0,28.2,Cloudy,Field A
2022-08-11,16:30,Cow_300,13,3,0,0,28.2,Cloudy,Field C
2022-08-11,16:30,Cow_301,6,4,5,0,28.2,Cloudy,Field A
2022-08-11,16:30,Cow_302,5,6,4,0,28.2,Cloudy,Field C
2022-08-11,16:30,Cow_303,14,10,0,0,28.2,Cloudy,Field B
2022-08-11,16:30,Cow_304,2,9,4,0,28.2,Cloudy,Field B
2022-08-11,16:30,Cow_305,2,6,7,0,28.2,Cloudy,Field B
2022-08-11,16:30,Cow_306,11,9,0,0,28.2,Cloudy,Field B
2022-08-11,16:30,Cow_307,13,0,4,0,28.2,Cloudy,Field A
2022-08-11,16:30,Cow_308,6,6,3,0,28.2,Cloudy,Field A
2022-08-11,16:30,Cow_309,9,10,0,0,28.2,Cloudy,Field C
2022-08-11,16:30,Cow_310,8,3,4,0,28.2,Cloudy,Field B
2022-08-11,16:30,Cow_311,5,3,7,0,28.2,Cloudy,Field C
2022-08-11,16:30,Cow_312,1,7,7,0,28.2,Cloudy,Field A
2022-08-11,16:30,Cow_313,12,4,0,0,28.2,Cloudy,Field B
2022-08-11,16:30,Cow_314,13,0,5,0,28.2,Cloudy,Field B
2022-08-11,16:30,Cow_315,2,8,5,0,28.2,Cloudy,Field A
2022-08-11,16:30,Cow_316,3,5,7,0,28.2,Cloudy,Field A
2022-08-11,16:30,Cow_317,14,0,5,0,28.2,Cloudy,Field B
2022-08-11,16:30,Cow_318,5,4,6,0,28.2,Cloudy,Field C
2022-08-11,16:30,Cow_319,0,7,8,0,28.2,Cloudy,Field B
2022-08-11,16:30,Cow_320,14,3,0,0,28.2,Cloudy,Field A
2022-08-11,16:30,Cow_321,7,5,3,0,28.2,Cloudy,Field A
2022-08-11,16:30,Cow_322,0,0,0,15,28.2,Cloudy,Field B
2022-08-11,16:30,Cow_323,8,2,5,0,28.2,Cloudy,Field A
2022-08-11,16:30,Cow_324,8,2,5,0,28.2,Cloudy,Field B
2022-08-11,16:30,Cow_325,5,4,6,0,28.2,Cloudy,Field B
2022-08-11,16:30,Cow_326,0,10,8,0,28.2,Cloudy,Field A
2022-08-11,16:30,Cow_327,13,9,0,0,28.2,Cloudy,Field A
2022-08-11,16:30,Cow_328,12,0,7,0,28.2,Cloudy,Field B
2022-08-11,16:30,Cow_329,14,4,0,0,28.2,Cloudy,Field B
2022-08-11,16:30,Cow_330,13,0,4,0,28.2,Cloudy,Field C
2022-08-11,16:30,Cow_331,5,5,5,0,28.2,Cloudy,Field A
2022-08-11,16:30,Cow_332,5,10,0,0,28.2,Cloudy,Field C
2022-08-11,16:30,Cow_333,8,8,0,0,28.2,Cloudy,Field A
2022-08-11,16:30,Cow_334,8,4,3,0,28.2,Cloudy,Field C
2022-08-11,16:30,Cow_335,8,4,3,0,28.2,Cloudy,Field B
2022-08-11,16:30,Cow_336,13,4,0,0,28.2,Cloudy,Field B
2022-08-11,16:30,Cow_337,11,0,6,0,28.2,Cloudy,Field C
2022-08-11,16:30,Cow_338,2,10,3,0,28.2,Cloudy,Field C
2022-08-11,16:30,Cow_339,9,0,8,0,28.2,Cloudy,Field C
2022-08-11,16:30,Cow_340,14,0,7,0,28.2,Cloudy,Field A
2022-08-11,16:30,Cow_341,12,9,0,0,28.2,Cloudy,Field B
2022-08-11,16:30,Cow_342,8,7,0,0,28.2,Cloudy,Field A
2022-08-11,16:30,Cow_343,11,0,7,0,28.2,Cloudy,Field A
2022-08-11,16:30,Cow_344,8,4,3,0,28.2,Cloudy,Field A
2022-08-11,16:30,Cow_345,3,4,8,0,28.2,Cloudy,Field C
2022-08-11,16:30,Cow_346,0,7,8,0,28.2,Cloudy,Field C
2022-08-11,16:30,Cow_347,7,10,0,0,28.2,Cloudy,Field C
2022-08-11,16:30,Cow_348,15,6,0,0,28.2,Cloudy,Field C
2022-08-11,16:30,Cow_349,10,0,7,0,28.2,Cloudy,Field B
2022-08-11,16:30,Cow_350,0,0,0,15,28.2,Cloudy,Field C
2022-08-11,16:30,Cow_351,8,7,0,0,28.2,Cloudy,Field B
2022-08-11,16:30,Cow_352,5,6,4,0,28.2,Cloudy,Field A
2022-08-11,16:30,Cow_353,8,8,0,0,28.2,Cloudy,Field A
2022-08-11,16:30,Cow_354,6,5,4,0,28.2,Cloudy,Field B
2022-08-11,16:30,Cow_355,7,3,5,0,28.2,Cloudy,Field B
2022-08-11,16:30,Cow_356,14,10,0,0,28.2,Cloudy,Field B
2022-08-11,16:30,Cow_357,0,10,7,0,28.2,Cloudy,Field B
2022-08-11,16:30,Cow_358,7,4,4,0,28.2,Cloudy,Field A
2022-08-11,16:30,Cow_359,7,5,3,0,28.2,Cloudy,Field B
2022-08-11,16:30,Cow_360,0,0,0,15,28.2,Cloudy,Field A
2022-08-11,16:30,Cow_361,6,3,6,0,28.2,Cloudy,Field B
2022-08-11,16:30,Cow_362,13,0,6,0,28.2,Cloudy,Field C
2022-08-11,16:30,Cow_363,10,10,0,0,28.2,Cloudy,Field A
2022-08-11,16:30,Cow_364,0,0,0,15,28.2,Cloudy,Field C
2022-08-11,16:30,Cow_365,11,0,8,0,28.2,Cloudy,Field A
2022-08-11,16:30,Cow_366,13,0,8,0,28.2,Cloudy,Field A
2022-08-11,16:30,Cow_367,10,10,0,0,28.2,Cloudy,Field A
2022-08-11,16:30,Cow_368,5,5,5,0,28.2,Cloudy,Field B
2022-08-11,16:30,Cow_369,8,4,3,0,28.2,Cloudy,Field C
2022-08-11,16:30,Cow_370,9,0,7,0,28.2,Cloudy,Field C
2022-08-11,16:30,Cow_371,8,3,4,0,28.2,Cloudy,Field B
2022-08-11,16:30,Cow_372,14,0,6,0,28.2,Cloudy,Field B
2022-08-11,16:30,Cow_373,1,7,7,0,28.2,Cloudy,Field C
2022-08-11,16:30,Cow_374,9,3,3,0,28.2,Cloudy,Field B
2022-08-11,16:30,Cow_375,12,7,0,0,28.2,Cloudy,Field A
2022-08-11,16:30,Cow_376,12,0,8,0,28.2,Cloudy,Field A
2022-08-11,16:30,Cow_377,1,6,8,0,28.2,Cloudy,Field B
2022-08-11,16:30,Cow_378,0,7,8,0,28.2,Cloudy,Field B
2022-08-11,16:30,Cow_379,10,8,0,0,28.2,Cloudy,Field B
2022-08-11,16:30,Cow_380,8,8,0,0,28.2,Cloudy,Field A
2022-08-11,16:30,Cow_381,3,10,2,0,28.2,Cloudy,Field C
2022-08-11,16:30,Cow_382,8,3,4,0,28.2,Cloudy,Field B
2022-08-11,16:30,Cow_383,0,9,6,0,28.2,Cloudy,Field C
2022-08-11,16:30,Cow_384,3,9,3,0,28.2,Cloudy,Field C
2022-08-11,16:30,Cow_385,10,7,0,0,28.2,Cloudy,Field B
2022-08-11,16:30,Cow_386,6,4,5,0,28.2,Cloudy,Field B
2022-08-11,16:30,Cow_387,3,8,4,0,28.2,Cloudy,Field C
2022-08-11,16:30,Cow_388,0,10,6,0,28.2,Cloudy,Field A
2022-08-11,16:30,Cow_389,12,10,0,0,28.2,Cloudy,Field A
2022-08-11,16:30,Cow_390,13,5,0,0,28.2,Cloudy,Field C
2022-08-11,16:30,Cow_391,11,12,0,0,28.2,Cloudy,Field C
2022-08-11,16:30,Cow_392,10,5,0,0,28.2,Cloudy,Field B
2022-08-11,16:30,Cow_393,12,7,0,0,28.2,Cloudy,Field A
2022-08-11,16:30,Cow_394,5,6,4,0,28.2,Cloudy,Field B
2022-08-11,16:30,Cow_395,5,12,0,0,28.2,Cloudy,Field C
2022-08-11,16:30,Cow_396,0,9,7,0,28.2,Cloudy,Field B
2022-08-11,16:30,Cow_397,9,0,6,0,28.2,Cloudy,Field B
2022-08-11,16:30,Cow_398,0,0,0,15,28.2,Cloudy,Field A
2022-08-11,16:30,Cow_399,11,1,3,0,28.2,Cloudy,Field A
2022-08-11,16:30,Cow_400,4,6,5,0,28.2,Cloudy,Field A
2022-08-11,16:30,Cow_401,3,9,3,0,28.2,Cloudy,Field B
2022-08-11,16:30,Cow_402,9,0,8,0,28.2,Cloudy,Field B
2022-08-11,16:30,Cow_403,6,3,6,0,28.2,Cloudy,Field B
2022-08-11,16:30,Cow_404,4,5,6,0,28.2,Cloudy,Field C
2022-08-11,16:30,Cow_405,8,1,6,0,28.2,Cloudy,Field A
2022-08-11,16:30,Cow_406,5,7,3,0,28.2,Cloudy,Field C
2022-08-11,16:30,Cow_407,11,0,6,0,28.2,Cloudy,Field C
2022-08-11,16:30,Cow_408,5,6,4,0,28.2,Cloudy,Field A
2022-08-11,16:30,Cow_409,8,0,8,0,28.2,Cloudy,Field C
2022-08-11,16:30,Cow_410,5,5,5,0,28.2,Cloudy,Field B
2022-08-11,16:30,Cow_411,13,0,6,0,28.2,Cloudy,Field C
2022-08-11,16:30,Cow_412,5,6,4,0,28.2,Cloudy,Field B
2022-08-11,16:30,Cow_413,9,3,3,0,28.2,Cloudy,Field B
2022-08-11,16:30,Cow_414,8,9,0,0,28.2,Cloudy,Field A
2022-08-11,16:30,Cow_415,3,6,6,0,28.2,Cloudy,Field C
2022-08-11,16:30,Cow_416,8,8,0,0,28.2,Cloudy,Field C
2022-08-11,16:30,Cow_417,0,0,0,15,28.2,Cloudy,Field A
2022-08-11,16:30,Cow_418,1,10,4,0,28.2,Cloudy,Field A
2022-08-11,16:30,Cow_419,10,7,0,0,28.2,Cloudy,Field C
2022-08-11,16:30,Cow_420,8,1,6,0,28.2,Cloudy,Field C
2022-08-11,16:30,Cow_421,6,6,3,0,28.2,Cloudy,Field B
2022-08-11,16:30,Cow_422,10,2,3,0,28.2,Cloudy,Field B
2022-08-11,16:30,Cow_423,6,3,6,0,28.2,Cloudy,Field A
2022-08-11,16:30,Cow_424,12,6,0,0,28.2,Cloudy,Field C
2022-08-11,16:30,Cow_425,2,7,6,0,28.2,Cloudy,Field B
2022-08-11,16:30,Cow_426,11,0,6,0,28.2,Cloudy,Field C
2022-08-11,16:30,Cow_427,8,5,2,0,28.2,Cloudy,Field B
2022-08-11,16:30,Cow_428,0,9,6,0,28.2,Cloudy,Field B
2022-08-11,16:30,Cow_429,3,5,7,0,28.2,Cloudy,Field A
2022-08-11,16:30,Cow_430,5,10,0,0,28.2,Cloudy,Field A
2022-08-11,16:30,Cow_431,8,0,7,0,28.2,Cloudy,Field B
2022-08-11,16:30,Cow_432,3,8,4,0,28.2,Cloudy,Field B
2022-08-11,16:30,Cow_433,0,0,0,15,28.2,Cloudy,Field C
2022-08-11,16:30,Cow_434,9,2,4,0,28.2,Cloudy,Field C
2022-08-11,16:30,Cow_435,4,3,8,0,28.2,Cloudy,Field C
2022-08-11,16:30,Cow_436,7,4,4,0,28.2,Cloudy,Field B
2022-08-11,16:30,Cow_437,9,3,3,0,28.2,Cloudy,Field C
2022-08-11,16:30,Cow_438,7,4,4,0,28.2,Cloudy,Field C
2022-08-11,16:30,Cow_439,1,6,8,0,28.2,Cloudy,Field B
2022-08-11,16:30,Cow_440,6,5,4,0,28.2,Cloudy,Field C
2022-08-11,16:30,Cow_441,13,0,3,0,28.2,Cloudy,Field A
2022-08-11,16:30,Cow_442,0,11,8,0,28.2,Cloudy,Field B
2022-08-11,16:30,Cow_443,0,10,6,0,28.2,Cloudy,Field C
2022-08-11,16:30,Cow_444,9,0,6,0,28.2,Cloudy,Field C
2022-08-11,16:30,Cow_445,5,6,4,0,28.2,Cloudy,Field C
2022-08-11,16:30,Cow_446,10,0,5,0,28.2,Cloudy,Field A
2022-08-11,16:30,Cow_447,14,5,0,0,28.2,Cloudy,Field A
2022-08-11,16:30,Cow_448,6,2,7,0,28.2,Cloudy,Field C
2022-08-11,16:30,Cow_449,6,5,4,0,28.2,Cloudy,Field C
2022-08-11,16:30,Cow_450,14,0,5,0,28.2,Cloudy,Field B
2022-08-11,16:30,Cow_451,12,0,6,0,28.2,Cloudy,Field A
2022-08-11,16:30,Cow_452,14,8,0,0,28.2,Cloudy,Field C
2022-08-11,16:30,Cow_453,4,4,7,0,28.2,Cloudy,Field B
2022-08-11,16:30,Cow_454,9,0,6,0,28.2,Cloudy,Field A
2022-08-11,16:30,Cow_455,13,0,6,0,28.2,Cloudy,Field A
2022-08-11,16:30,Cow_456,5,6,4,0,28.2,Cloudy,Field A
2022-08-11,16:30,Cow_457,2,5,8,0,28.2,Cloudy,Field A
2022-08-11,16:30,Cow_458,6,4,5,0,28.2,Cloudy,Field C
2022-08-11,16:30,Cow_459,9,0,6,0,28.2,Cloudy,Field B
2022-08-11,16:30,Cow_460,0,0,0,15,28.2,Cloudy,Field C
2022-08-11,16:30,Cow_461,12,3,0,0,28.2,Cloudy,Field C
2022-08-11,16:30,Cow_462,9,1,5,0,28.2,Cloudy,Field B
2022-08-11,16:30,Cow_463,6,3,6,0,28.2,Cloudy,Field A
2022-08-11,16:30,Cow_464,3,8,4,0,28.2,Cloudy,Field C
2022-08-11,16:30,Cow_465,14,4,0,0,28.2,Cloudy,Field A
2022-08-11,16:30,Cow_466,13,3,0,0,28.2,Cloudy,Field A
2022-08-11,16:30,Cow_467,11,1,3,0,28.2,Cloudy,Field B
2022-08-11,16:30,Cow_468,14,0,8,0,28.2,Cloudy,Field A
2022-08-11,16:30,Cow_469,5,3,7,0,28.2,Cloudy,Field A
2022-08-11,16:30,Cow_470,4,3,8,0,28.2,Cloudy,Field C
2022-08-11,16:30,Cow_471,6,5,4,0,28.2,Cloudy,Field B
2022-08-11,16:30,Cow_472,12,0,6,0,28.2,Cloudy,Field A
2022-08-11,16:30,Cow_473,5,5,5,0,28.2,Cloudy,Field B
2022-08-11,16:30,Cow_474,5,2,8,0,28.2,Cloudy,Field A
2022-08-11,16:30,Cow_475,6,6,3,0,28.2,Cloudy,Field B
2022-08-11,16:30,Cow_476,0,0,0,15,28.2,Cloudy,Field C
2022-08-11,16:30,Cow_477,0,10,7,0,28.2,Cloudy,Field A
2022-08-11,16:30,Cow_478,5,3,7,0,28.2,Cloudy,Field B
2022-08-11,16:30,Cow_479,15,6,0,0,28.2,Cloudy,Field A
2022-08-11,16:30,Cow_480,7,5,3,0,28.2,Cloudy,Field B
2022-08-11,16:30,Cow_481,6,4,5,0,28.2,Cloudy,Field B
2022-08-11,16:30,Cow_482,5,3,7,0,28.2,Cloudy,Field B
2022-08-11,16:30,Cow_483,11,0,6,0,28.2,Cloudy,Field A
2022-08-11,16:30,Cow_484,14,0,6,0,28.2,Cloudy,Field B
2022-08-11,16:30,Cow_485,10,0,8,0,28.2,Cloudy,Field B
2022-08-11,16:30,Cow_486,8,0,8,0,28.2,Cloudy,Field B
2022-08-11,16:30,Cow_487,14,0,4,0,28.2,Cloudy,Field A
2022-08-11,16:30,Cow_488,12,10,0,0,28.2,Cloudy,Field B
2022-08-11,16:30,Cow_489,4,7,4,0,28.2,Cloudy,Field A
2022-08-11,16:30,Cow_490,11,6,0,0,28.2,Cloudy,Field B
2022-08-11,16:30,Cow_491,7,10,0,0,28.2,Cloudy,Field C
2022-08-11,16:30,Cow_492,1,6,8,0,28.2,Cloudy,Field B
2022-08-11,16:30,Cow_493,5,6,4,0,28.2,Cloudy,Field B
2022-08-11,16:30,Cow_494,12,10,0,0,28.2,Cloudy,Field B
2022-08-11,16:30,Cow_495,7,0,8,0,28.2,Cloudy,Field A
2022-08-11,16:30,Cow_496,0,10,7,0,28.2,Cloudy,Field B
2022-08-11,16:30,Cow_497,0,0,0,15,28.2,Cloudy,Field B
2022-08-11,16:30,Cow_498,0,0,0,15,28.2,Cloudy,Field C
2022-08-11,16:30,Cow_499,8,0,8,0,28.2,Cloudy,Field B
2022-08-11,16:30,Cow_500,0,9,8,0,28.2,Cloudy,Field B
2022-08-11,16:45,Cow_1,9,7,0,0,25.9,Cloudy,Field A
2022-08-11,16:45,Cow_2,10,0,5,0,25.9,Cloudy,Field B
2022-08-11,16:45,Cow_3,0,0,0,15,25.9,Cloudy,Field C
2022-08-11,16:45,Cow_4,3,9,3,0,25.9,Cloudy,Field C
2022-08-11,16:45,Cow_5,9,2,4,0,25.9,Cloudy,Field C
2022-08-11,16:45,Cow_6,6,6,3,0,25.9,Cloudy,Field A
2022-08-11,16:45,Cow_7,13,0,7,0,25.9,Cloudy,Field B
2022-08-11,16:45,Cow_8,0,8,8,0,25.9,Cloudy,Field B
2022-08-11,16:45,Cow_9,8,4,3,0,25.9,Cloudy,Field C
2022-08-11,16:45,Cow_10,4,6,5,0,25.9,Cloudy,Field A
2022-08-11,16:45,Cow_11,11,1,3,0,25.9,Cloudy,Field C
2022-08-11,16:45,Cow_12,10,1,4,0,25.9,Cloudy,Field B
2022-08-11,16:45,Cow_13,10,5,0,0,25.9,Cloudy,Field A
2022-08-11,16:45,Cow_14,11,5,0,0,25.9,Cloudy,Field A
2022-08-11,16:45,Cow_15,0,0,0,15,25.9,Cloudy,Field A
2022-08-11,16:45,Cow_16,14,0,4,0,25.9,Cloudy,Field C
2022-08-11,16:45,Cow_17,7,4,4,0,25.9,Cloudy,Field B
2022-08-11,16:45,Cow_18,0,11,9,0,25.9,Cloudy,Field A
2022-08-11,16:45,Cow_19,10,0,7,0,25.9,Cloudy,Field B
2022-08-11,16:45,Cow_20,8,0,8,0,25.9,Cloudy,Field B
2022-08-11,16:45,Cow_21,0,12,4,0,25.9,Cloudy,Field C
2022-08-11,16:45,Cow_22,0,9,7,0,25.9,Cloudy,Field C
2022-08-11,16:45,Cow_23,10,10,0,0,25.9,Cloudy,Field B
2022-08-11,16:45,Cow_24,0,0,0,15,25.9,Cloudy,Field A
2022-08-11,16:45,Cow_25,12,4,0,0,25.9,Cloudy,Field C
2022-08-11,16:45,Cow_26,3,6,6,0,25.9,Cloudy,Field A
2022-08-11,16:45,Cow_27,9,0,6,0,25.9,Cloudy,Field B
2022-08-11,16:45,Cow_28,2,9,4,0,25.9,Cloudy,Field B
2022-08-11,16:45,Cow_29,5,5,5,0,25.9,Cloudy,Field B
2022-08-11,16:45,Cow_30,6,3,6,0,25.9,Cloudy,Field B
2022-08-11,16:45,Cow_31,6,6,3,0,25.9,Cloudy,Field C
2022-08-11,16:45,Cow_32,14,0,4,0,25.9,Cloudy,Field B
2022-08-11,16:45,Cow_33,10,2,3,0,25.9,Cloudy,Field C
2022-08-11,16:45,Cow_34,0,8,8,0,25.9,Cloudy,Field C
2022-08-11,16:45,Cow_35,10,3,2,0,25.9,Cloudy,Field B
2022-08-11,16:45,Cow_36,12,10,0,0,25.9,Cloudy,Field B
2022-08-11,16:45,Cow_37,11,0,5,0,25.9,Cloudy,Field C
2022-08-11,16:45,Cow_38,1,7,7,0,25.9,Cloudy,Field B
2022-08-11,16:45,Cow_39,0,9,7,0,25.9,Cloudy,Field C
2022-08-11,16:45,Cow_40,12,3,0,0,25.9,Cloudy,Field B
2022-08-11,16:45,Cow_41,7,3,5,0,25.9,Cloudy,Field A
2022-08-11,16:45,Cow_42,13,0,4,0,25.9,Cloudy,Field C
2022-08-11,16:45,Cow_43,4,5,6,0,25.9,Cloudy,Field A
2022-08-11,16:45,Cow_44,5,5,5,0,25.9,Cloudy,Field A
2022-08-11,16:45,Cow_45,6,4,5,0,25.9,Cloudy,Field A
2022-08-11,16:45,Cow_46,4,7,4,0,25.9,Cloudy,Field C
2022-08-11,16:45,Cow_47,0,0,0,15,25.9,Cloudy,Field B
2022-08-11,16:45,Cow_48,8,10,0,0,25.9,Cloudy,Field C
2022-08-11,16:45,Cow_49,8,7,0,0,25.9,Cloudy,Field C
2022-08-11,16:45,Cow_50,8,3,4,0,25.9,Cloudy,Field B
2022-08-11,16:45,Cow_51,12,0,7,0,25.9,Cloudy,Field B
2022-08-11,16:45,Cow_52,5,7,3,0,25.9,Cloudy,Field C
2022-08-11,16:45,Cow_53,5,5,5,0,25.9,Cloudy,Field C
2022-08-11,16:45,Cow_54,7,5,3,0,25.9,Cloudy,Field A
2022-08-11,16:45,Cow_55,5,3,7,0,25.9,Cloudy,Field B
2022-08-11,16:45,Cow_56,14,0,7,0,25.9,Cloudy,Field B
2022-08-11,16:45,Cow_57,10,1,4,0,25.9,Cloudy,Field A
2022-08-11,16:45,Cow_58,13,0,7,0,25.9,Cloudy,Field C
2022-08-11,16:45,Cow_59,9,3,3,0,25.9,Cloudy,Field C
2022-08-11,16:45,Cow_60,1,8,6,0,25.9,Cloudy,Field B
2022-08-11,16:45,Cow_61,10,0,7,0,25.9,Cloudy,Field B
2022-08-11,16:45,Cow_62,11,6,0,0,25.9,Cloudy,Field C
2022-08-11,16:45,Cow_63,9,4,2,0,25.9,Cloudy,Field C
2022-08-11,16:45,Cow_64,14,8,0,0,25.9,Cloudy,Field C
2022-08-11,16:45,Cow_65,1,9,5,0,25.9,Cloudy,Field A
2022-08-11,16:45,Cow_66,6,6,3,0,25.9,Cloudy,Field C
2022-08-11,16:45,Cow_67,8,0,8,0,25.9,Cloudy,Field B
2022-08-11,16:45,Cow_68,11,1,3,0,25.9,Cloudy,Field A
2022-08-11,16:45,Cow_69,5,6,4,0,25.9,Cloudy,Field A
2022-08-11,16:45,Cow_70,13,0,3,0,25.9,Cloudy,Field C
2022-08-11,16:45,Cow_71,8,5,2,0,25.9,Cloudy,Field C
2022-08-11,16:45,Cow_72,5,7,3,0,25.9,Cloudy,Field C
2022-08-11,16:45,Cow_73,8,9,0,0,25.9,Cloudy,Field C
2022-08-11,16:45,Cow_74,10,4,1,0,25.9,Cloudy,Field A
2022-08-11,16:45,Cow_75,0,10,6,0,25.9,Cloudy,Field C
2022-08-11,16:45,Cow_76,0,10,7,0,25.9,Cloudy,Field C
2022-08-11,16:45,Cow_77,13,10,0,0,25.9,Cloudy,Field A
2022-08-11,16:45,Cow_78,13,0,4,0,25.9,Cloudy,Field C
2022-08-11,16:45,Cow_79,0,0,0,15,25.9,Cloudy,Field A
2022-08-11,16:45,Cow_80,3,4,8,0,25.9,Cloudy,Field A
2022-08-11,16:45,Cow_81,9,2,4,0,25.9,Cloudy,Field C
2022-08-11,16:45,Cow_82,0,10,6,0,25.9,Cloudy,Field A
2022-08-11,16:45,Cow_83,13,3,0,0,25.9,Cloudy,Field C
2022-08-11,16:45,Cow_84,0,0,0,15,25.9,Cloudy,Field A
2022-08-11,16:45,Cow_85,9,1,5,0,25.9,Cloudy,Field A
2022-08-11,16:45,Cow_86,0,8,7,0,25.9,Cloudy,Field A
2022-08-11,16:45,Cow_87,11,0,7,0,25.9,Cloudy,Field A
2022-08-11,16:45,Cow_88,7,9,0,0,25.9,Cloudy,Field B
2022-08-11,16:45,Cow_89,14,0,5,0,25.9,Cloudy,Field B
2022-08-11,16:45,Cow_90,3,4,8,0,25.9,Cloudy,Field B
2022-08-11,16:45,Cow_91,3,6,6,0,25.9,Cloudy,Field B
2022-08-11,16:45,Cow_92,1,10,4,0,25.9,Cloudy,Field B
2022-08-11,16:45,Cow_93,7,10,0,0,25.9,Cloudy,Field A
2022-08-11,16:45,Cow_94,1,6,8,0,25.9,Cloudy,Field B
2022-08-11,16:45,Cow_95,10,0,7,0,25.9,Cloudy,Field C
2022-08-11,16:45,Cow_96,7,0,8,0,25.9,Cloudy,Field A
2022-08-11,16:45,Cow_97,2,6,7,0,25.9,Cloudy,Field A
2022-08-11,16:45,Cow_98,11,0,8,0,25.9,Cloudy,Field C
2022-08-11,16:45,Cow_99,5,6,4,0,25.9,Cloudy,Field A
2022-08-11,16:45,Cow_100,6,4,5,0,25.9,Cloudy,Field B
2022-08-11,16:45,Cow_101,2,9,4,0,25.9,Cloudy,Field C
2022-08-11,16:45,Cow_102,8,0,8,0,25.9,Cloudy,Field A
2022-08-11,16:45,Cow_103,6,6,3,0,25.9,Cloudy,Field B
2022-08-11,16:45,Cow_104,14,0,5,0,25.9,Cloudy,Field A
2022-08-11,16:45,Cow_105,5,3,7,0,25.9,Cloudy,Field C
2022-08-11,16:45,Cow_106,14,0,7,0,25.9,Cloudy,Field C
2022-08-11,16:45,Cow_107,8,5,2,0,25.9,Cloudy,Field C
2022-08-11,16:45,Cow_108,14,0,7,0,25.9,Cloudy,Field C
2022-08-11,16:45,Cow_109,0,0,0,15,25.9,Cloudy,Field B
2022-08-11,16:45,Cow_110,7,6,2,0,25.9,Cloudy,Field C
2022-08-11,16:45,Cow_111,10,1,4,0,25.9,Cloudy,Field B
2022-08-11,16:45,Cow_112,8,4,3,0,25.9,Cloudy,Field A
2022-08-11,16:45,Cow_113,11,0,6,0,25.9,Cloudy,Field C
2022-08-11,16:45,Cow_114,6,4,5,0,25.9,Cloudy,Field B
2022-08-11,16:45,Cow_115,8,0,7,0,25.9,Cloudy,Field A
2022-08-11,16:45,Cow_116,1,9,5,0,25.9,Cloudy,Field A
2022-08-11,16:45,Cow_117,12,0,7,0,25.9,Cloudy,Field C
2022-08-11,16:45,Cow_118,2,5,8,0,25.9,Cloudy,Field A
2022-08-11,16:45,Cow_119,5,4,6,0,25.9,Cloudy,Field C
2022-08-11,16:45,Cow_120,8,3,4,0,25.9,Cloudy,Field C
2022-08-11,16:45,Cow_121,6,4,5,0,25.9,Cloudy,Field C
2022-08-11,16:45,Cow_122,6,5,4,0,25.9,Cloudy,Field C
2022-08-11,16:45,Cow_123,5,7,3,0,25.9,Cloudy,Field A
2022-08-11,16:45,Cow_124,5,10,0,0,25.9,Cloudy,Field B
2022-08-11,16:45,Cow_125,8,1,6,0,25.9,Cloudy,Field B
2022-08-11,16:45,Cow_126,13,8,0,0,25.9,Cloudy,Field A
2022-08-11,16:45,Cow_127,4,4,7,0,25.9,Cloudy,Field B
2022-08-11,16:45,Cow_128,4,3,8,0,25.9,Cloudy,Field C
2022-08-11,16:45,Cow_129,0,8,8,0,25.9,Cloudy,Field A
2022-08-11,16:45,Cow_130,9,2,4,0,25.9,Cloudy,Field A
2022-08-11,16:45,Cow_131,5,6,4,0,25.9,Cloudy,Field C
2022-08-11,16:45,Cow_132,4,4,7,0,25.9,Cloudy,Field A
2022-08-11,16:45,Cow_133,13,8,0,0,25.9,Cloudy,Field B
2022-08-11,16:45,Cow_134,9,0,6,0,25.9,Cloudy,Field A
2022-08-11,16:45,Cow_135,6,2,7,0,25.9,Cloudy,Field C
2022-08-11,16:45,Cow_136,12,9,0,0,25.9,Cloudy,Field C
2022-08-11,16:45,Cow_137,12,0,3,0,25.9,Cloudy,Field C
2022-08-11,16:45,Cow_138,6,6,3,0,25.9,Cloudy,Field A
2022-08-11,16:45,Cow_139,7,4,4,0,25.9,Cloudy,Field A
2022-08-11,16:45,Cow_140,12,0,6,0,25.9,Cloudy,Field A
2022-08-11,16:45,Cow_141,0,10,7,0,25.9,Cloudy,Field C
2022-08-11,16:45,Cow_142,0,10,8,0,25.9,Cloudy,Field B
2022-08-11,16:45,Cow_143,8,4,3,0,25.9,Cloudy,Field A
2022-08-11,16:45,Cow_144,10,7,0,0,25.9,Cloudy,Field A
2022-08-11,16:45,Cow_145,13,0,8,0,25.9,Cloudy,Field B
2022-08-11,16:45,Cow_146,10,0,8,0,25.9,Cloudy,Field C
2022-08-11,16:45,Cow_147,4,3,8,0,25.9,Cloudy,Field C
2022-08-11,16:45,Cow_148,5,3,7,0,25.9,Cloudy,Field C
2022-08-11,16:45,Cow_149,10,2,3,0,25.9,Cloudy,Field A
2022-08-11,16:45,Cow_150,3,4,8,0,25.9,Cloudy,Field B
2022-08-11,16:45,Cow_151,12,8,0,0,25.9,Cloudy,Field A
2022-08-11,16:45,Cow_152,6,6,3,0,25.9,Cloudy,Field A
2022-08-11,16:45,Cow_153,5,5,5,0,25.9,Cloudy,Field C
2022-08-11,16:45,Cow_154,0,0,0,15,25.9,Cloudy,Field C
2022-08-11,16:45,Cow_155,0,10,8,0,25.9,Cloudy,Field B
2022-08-11,16:45,Cow_156,0,0,0,15,25.9,Cloudy,Field B
2022-08-11,16:45,Cow_157,7,6,2,0,25.9,Cloudy,Field A
2022-08-11,16:45,Cow_158,11,0,5,0,25.9,Cloudy,Field C
2022-08-11,16:45,Cow_159,3,6,6,0,25.9,Cloudy,Field A
2022-08-11,16:45,Cow_160,10,5,0,0,25.9,Cloudy,Field B
2022-08-11,16:45,Cow_161,0,0,0,15,25.9,Cloudy,Field C
2022-08-11,16:45,Cow_162,5,5,5,0,25.9,Cloudy,Field A
2022-08-11,16:45,Cow_163,7,3,5,0,25.9,Cloudy,Field A
2022-08-11,16:45,Cow_164,5,8,2,0,25.9,Cloudy,Field B
2022-08-11,16:45,Cow_165,12,7,0,0,25.9,Cloudy,Field C
2022-08-11,16:45,Cow_166,5,3,7,0,25.9,Cloudy,Field A
2022-08-11,16:45,Cow_167,8,1,6,0,25.9,Cloudy,Field A
2022-08-11,16:45,Cow_168,7,9,0,0,25.9,Cloudy,Field C
2022-08-11,16:45,Cow_169,4,8,3,0,25.9,Cloudy,Field A
2022-08-11,16:45,Cow_170,2,10,3,0,25.9,Cloudy,Field C
2022-08-11,16:45,Cow_171,7,0,8,0,25.9,Cloudy,Field A
2022-08-11,16:45,Cow_172,1,10,4,0,25.9,Cloudy,Field C
2022-08-11,16:45,Cow_173,0,0,0,15,25.9,Cloudy,Field B
2022-08-11,16:45,Cow_174,0,6,9,0,25.9,Cloudy,Field A
2022-08-11,16:45,Cow_175,12,0,4,0,25.9,Cloudy,Field A
2022-08-11,16:45,Cow_176,6,4,5,0,25.9,Cloudy,Field C
2022-08-11,16:45,Cow_177,1,8,6,0,25.9,Cloudy,Field B
2022-08-11,16:45,Cow_178,3,4,8,0,25.9,Cloudy,Field B
2022-08-11,16:45,Cow_179,0,0,0,15,25.9,Cloudy,Field A
2022-08-11,16:45,Cow_180,8,4,3,0,25.9,Cloudy,Field A
2022-08-11,16:45,Cow_181,11,0,6,0,25.9,Cloudy,Field C
2022-08-11,16:45,Cow_182,6,10,0,0,25.9,Cloudy,Field A
2022-08-11,16:45,Cow_183,11,0,7,0,25.9,Cloudy,Field C
2022-08-11,16:45,Cow_184,5,7,3,0,25.9,Cloudy,Field A
2022-08-11,16:45,Cow_185,12,4,0,0,25.9,Cloudy,Field A
2022-08-11,16:45,Cow_186,4,5,6,0,25.9,Cloudy,Field C
2022-08-11,16:45,Cow_187,0,0,0,15,25.9,Cloudy,Field A
2022-08-11,16:45,Cow_188,13,7,0,0,25.9,Cloudy,Field C
2022-08-11,16:45,Cow_189,2,7,6,0,25.9,Cloudy,Field B
2022-08-11,16:45,Cow_190,14,10,0,0,25.9,Cloudy,Field C
2022-08-11,16:45,Cow_191,6,7,2,0,25.9,Cloudy,Field C
2022-08-11,16:45,Cow_192,5,7,3,0,25.9,Cloudy,Field C
2022-08-11,16:45,Cow_193,0,8,8,0,25.9,Cloudy,Field C
2022-08-11,16:45,Cow_194,6,6,3,0,25.9,Cloudy,Field B
2022-08-11,16:45,Cow_195,4,3,8,0,25.9,Cloudy,Field C
2022-08-11,16:45,Cow_196,10,0,8,0,25.9,Cloudy,Field A
2022-08-11,16:45,Cow_197,0,9,6,0,25.9,Cloudy,Field B
2022-08-11,16:45,Cow_198,0,10,8,0,25.9,Cloudy,Field B
2022-08-11,16:45,Cow_199,6,5,4,0,25.9,Cloudy,Field B
2022-08-11,16:45,Cow_200,6,5,4,0,25.9,Cloudy,Field C
2022-08-11,16:45,Cow_201,5,7,3,0,25.9,Cloudy,Field C
2022-08-11,16:45,Cow_202,0,0,0,15,25.9,Cloudy,Field C
2022-08-11,16:45,Cow_203,11,6,0,0,25.9,Cloudy,Field B
2022-08-11,16:45,Cow_204,13,0,3,0,25.9,Cloudy,Field A
2022-08-11,16:45,Cow_205,14,0,6,0,25.9,Cloudy,Field A
2022-08-11,16:45,Cow_206,5,10,0,0,25.9,Cloudy,Field A
2022-08-11,16:45,Cow_207,9,3,3,0,25.9,Cloudy,Field B
2022-08-11,16:45,Cow_208,4,5,6,0,25.9,Cloudy,Field B
2022-08-11,16:45,Cow_209,3,9,3,0,25.9,Cloudy,Field C
2022-08-11,16:45,Cow_210,12,0,5,0,25.9,Cloudy,Field B
2022-08-11,16:45,Cow_211,9,3,3,0,25.9,Cloudy,Field C
2022-08-11,16:45,Cow_212,12,6,0,0,25.9,Cloudy,Field B
2022-08-11,16:45,Cow_213,6,9,0,0,25.9,Cloudy,Field B
2022-08-11,16:45,Cow_214,8,3,4,0,25.9,Cloudy,Field A
2022-08-11,16:45,Cow_215,7,5,3,0,25.9,Cloudy,Field A
2022-08-11,16:45,Cow_216,5,4,6,0,25.9,Cloudy,Field A
2022-08-11,16:45,Cow_217,11,0,4,0,25.9,Cloudy,Field C
2022-08-11,16:45,Cow_218,9,2,4,0,25.9,Cloudy,Field A
2022-08-11,16:45,Cow_219,3,6,6,0,25.9,Cloudy,Field B
2022-08-11,16:45,Cow_220,0,0,0,15,25.9,Cloudy,Field C
2022-08-11,16:45,Cow_221,0,0,0,15,25.9,Cloudy,Field A
2022-08-11,16:45,Cow_222,6,4,5,0,25.9,Cloudy,Field B
2022-08-11,16:45,Cow_223,12,4,0,0,25.9,Cloudy,Field C
2022-08-11,16:45,Cow_224,11,6,0,0,25.9,Cloudy,Field C
2022-08-11,16:45,Cow_225,4,3,8,0,25.9,Cloudy,Field B
2022-08-11,16:45,Cow_226,5,8,2,0,25.9,Cloudy,Field B
2022-08-11,16:45,Cow_227,7,4,4,0,25.9,Cloudy,Field A
2022-08-11,16:45,Cow_228,13,3,0,0,25.9,Cloudy,Field C
2022-08-11,16:45,Cow_229,2,7,6,0,25.9,Cloudy,Field A
2022-08-11,16:45,Cow_230,0,9,8,0,25.9,Cloudy,Field B
2022-08-11,16:45,Cow_231,12,0,4,0,25.9,Cloudy,Field A
2022-08-11,16:45,Cow_232,13,0,8,0,25.9,Cloudy,Field A
2022-08-11,16:45,Cow_233,2,6,7,0,25.9,Cloudy,Field A
2022-08-11,16:45,Cow_234,10,0,7,0,25.9,Cloudy,Field A
2022-08-11,16:45,Cow_235,7,11,0,0,25.9,Cloudy,Field C
2022-08-11,16:45,Cow_236,2,10,3,0,25.9,Cloudy,Field B
2022-08-11,16:45,Cow_237,6,4,5,0,25.9,Cloudy,Field B
2022-08-11,16:45,Cow_238,0,0,0,15,25.9,Cloudy,Field C
2022-08-11,16:45,Cow_239,7,8,0,0,25.9,Cloudy,Field C
2022-08-11,16:45,Cow_240,8,6,1,0,25.9,Cloudy,Field C
2022-08-11,16:45,Cow_241,6,5,4,0,25.9,Cloudy,Field A
2022-08-11,16:45,Cow_242,14,10,0,0,25.9,Cloudy,Field C
2022-08-11,16:45,Cow_243,6,4,5,0,25.9,Cloudy,Field B
2022-08-11,16:45,Cow_244,7,0,8,0,25.9,Cloudy,Field C
2022-08-11,16:45,Cow_245,1,7,7,0,25.9,Cloudy,Field C
2022-08-11,16:45,Cow_246,10,3,2,0,25.9,Cloudy,Field C
2022-08-11,16:45,Cow_247,0,11,6,0,25.9,Cloudy,Field B
2022-08-11,16:45,Cow_248,5,4,6,0,25.9,Cloudy,Field C
2022-08-11,16:45,Cow_249,9,8,0,0,25.9,Cloudy,Field A
2022-08-11,16:45,Cow_250,8,4,3,0,25.9,Cloudy,Field B
2022-08-11,16:45,Cow_251,6,3,6,0,25.9,Cloudy,Field C
2022-08-11,16:45,Cow_252,13,5,0,0,25.9,Cloudy,Field A
2022-08-11,16:45,Cow_253,2,9,4,0,25.9,Cloudy,Field C
2022-08-11,16:45,Cow_254,5,2,8,0,25.9,Cloudy,Field A
2022-08-11,16:45,Cow_255,0,8,7,0,25.9,Cloudy,Field A
2022-08-11,16:45,Cow_256,6,1,8,0,25.9,Cloudy,Field B
2022-08-11,16:45,Cow_257,7,5,3,0,25.9,Cloudy,Field A
2022-08-11,16:45,Cow_258,5,7,3,0,25.9,Cloudy,Field A
2022-08-11,16:45,Cow_259,7,4,4,0,25.9,Cloudy,Field A
2022-08-11,16:45,Cow_260,11,1,3,0,25.9,Cloudy,Field A
2022-08-11,16:45,Cow_261,3,5,7,0,25.9,Cloudy,Field A
2022-08-11,16:45,Cow_262,0,8,7,0,25.9,Cloudy,Field C
2022-08-11,16:45,Cow_263,11,9,0,0,25.9,Cloudy,Field A
2022-08-11,16:45,Cow_264,0,0,0,15,25.9,Cloudy,Field B
2022-08-11,16:45,Cow_265,0,10,7,0,25.9,Cloudy,Field A
2022-08-11,16:45,Cow_266,11,0,8,0,25.9,Cloudy,Field B
2022-08-11,16:45,Cow_267,10,7,0,0,25.9,Cloudy,Field B
2022-08-11,16:45,Cow_268,11,4,0,0,25.9,Cloudy,Field C
2022-08-11,16:45,Cow_269,2,8,5,0,25.9,Cloudy,Field C
2022-08-11,16:45,Cow_270,0,10,8,0,25.9,Cloudy,Field C
2022-08-11,16:45,Cow_271,6,3,6,0,25.9,Cloudy,Field B
2022-08-11,16:45,Cow_272,6,2,7,0,25.9,Cloudy,Field C
2022-08-11,16:45,Cow_273,5,5,5,0,25.9,Cloudy,Field B
2022-08-11,16:45,Cow_274,14,0,8,0,25.9,Cloudy,Field B
2022-08-11,16:45,Cow_275,1,9,5,0,25.9,Cloudy,Field C
2022-08-11,16:45,Cow_276,12,0,6,0,25.9,Cloudy,Field B
2022-08-11,16:45,Cow_277,7,1,7,0,25.9,Cloudy,Field A
2022-08-11,16:45,Cow_278,1,7,7,0,25.9,Cloudy,Field A
2022-08-11,16:45,Cow_279,13,0,8,0,25.9,Cloudy,Field B
2022-08-11,16:45,Cow_280,0,10,6,0,25.9,Cloudy,Field C
2022-08-11,16:45,Cow_281,7,5,3,0,25.9,Cloudy,Field B
2022-08-11,16:45,Cow_282,5,3,7,0,25.9,Cloudy,Field A
2022-08-11,16:45,Cow_283,5,3,7,0,25.9,Cloudy,Field A
2022-08-11,16:45,Cow_284,9,1,5,0,25.9,Cloudy,Field C
2022-08-11,16:45,Cow_285,7,3,5,0,25.9,Cloudy,Field A
2022-08-11,16:45,Cow_286,14,0,3,0,25.9,Cloudy,Field C
2022-08-11,16:45,Cow_287,10,0,7,0,25.9,Cloudy,Field A
2022-08-11,16:45,Cow_288,7,1,7,0,25.9,Cloudy,Field A
2022-08-11,16:45,Cow_289,7,7,1,0,25.9,Cloudy,Field A
2022-08-11,16:45,Cow_290,2,9,4,0,25.9,Cloudy,Field C
2022-08-11,16:45,Cow_291,10,9,0,0,25.9,Cloudy,Field A
2022-08-11,16:45,Cow_292,14,0,5,0,25.9,Cloudy,Field A
2022-08-11,16:45,Cow_293,5,5,5,0,25.9,Cloudy,Field B
2022-08-11,16:45,Cow_294,5,7,3,0,25.9,Cloudy,Field B
2022-08-11,16:45,Cow_295,10,0,6,0,25.9,Cloudy,Field A
2022-08-11,16:45,Cow_296,0,9,8,0,25.9,Cloudy,Field A
2022-08-11,16:45,Cow_297,7,10,0,0,25.9,Cloudy,Field B
2022-08-11,16:45,Cow_298,3,7,5,0,25.9,Cloudy,Field C
2022-08-11,16:45,Cow_299,2,8,5,0,25.9,Cloudy,Field C
2022-08-11,16:45,Cow_300,9,0,6,0,25.9,Cloudy,Field A
2022-08-11,16:45,Cow_301,7,4,4,0,25.9,Cloudy,Field C
2022-08-11,16:45,Cow_302,0,0,0,15,25.9,Cloudy,Field A
2022-08-11,16:45,Cow_303,0,0,0,15,25.9,Cloudy,Field A
2022-08-11,16:45,Cow_304,9,0,8,0,25.9,Cloudy,Field A
2022-08-11,16:45,Cow_305,7,10,0,0,25.9,Cloudy,Field B
2022-08-11,16:45,Cow_306,8,3,4,0,25.9,Cloudy,Field B
2022-08-11,16:45,Cow_307,0,10,5,0,25.9,Cloudy,Field C
2022-08-11,16:45,Cow_308,8,0,8,0,25.9,Cloudy,Field C
2022-08-11,16:45,Cow_309,9,5,1,0,25.9,Cloudy,Field C
2022-08-11,16:45,Cow_310,6,9,0,0,25.9,Cloudy,Field A
2022-08-11,16:45,Cow_311,10,8,0,0,25.9,Cloudy,Field A
2022-08-11,16:45,Cow_312,2,7,6,0,25.9,Cloudy,Field C
2022-08-11,16:45,Cow_313,1,10,4,0,25.9,Cloudy,Field A
2022-08-11,16:45,Cow_314,6,10,0,0,25.9,Cloudy,Field A
2022-08-11,16:45,Cow_315,10,0,7,0,25.9,Cloudy,Field B
2022-08-11,16:45,Cow_316,7,6,2,0,25.9,Cloudy,Field B
2022-08-11,16:45,Cow_317,5,6,4,0,25.9,Cloudy,Field A
2022-08-11,16:45,Cow_318,12,3,0,0,25.9,Cloudy,Field B
2022-08-11,16:45,Cow_319,6,6,3,0,25.9,Cloudy,Field C
2022-08-11,16:45,Cow_320,0,9,7,0,25.9,Cloudy,Field C
2022-08-11,16:45,Cow_321,8,6,1,0,25.9,Cloudy,Field B
2022-08-11,16:45,Cow_322,0,0,0,15,25.9,Cloudy,Field B
2022-08-11,16:45,Cow_323,8,7,0,0,25.9,Cloudy,Field C
2022-08-11,16:45,Cow_324,1,6,8,0,25.9,Cloudy,Field A
2022-08-11,16:45,Cow_325,10,3,2,0,25.9,Cloudy,Field C
2022-08-11,16:45,Cow_326,8,1,6,0,25.9,Cloudy,Field C
2022-08-11,16:45,Cow_327,6,6,3,0,25.9,Cloudy,Field B
2022-08-11,16:45,Cow_328,12,9,0,0,25.9,Cloudy,Field A
2022-08-11,16:45,Cow_329,10,0,5,0,25.9,Cloudy,Field C
2022-08-11,16:45,Cow_330,12,9,0,0,25.9,Cloudy,Field B
2022-08-11,16:45,Cow_331,8,3,4,0,25.9,Cloudy,Field C
2022-08-11,16:45,Cow_332,13,7,0,0,25.9,Cloudy,Field C
2022-08-11,16:45,Cow_333,7,3,5,0,25.9,Cloudy,Field C
2022-08-11,16:45,Cow_334,3,7,5,0,25.9,Cloudy,Field A
2022-08-11,16:45,Cow_335,9,3,3,0,25.9,Cloudy,Field A
2022-08-11,16:45,Cow_336,2,10,3,0,25.9,Cloudy,Field B
2022-08-11,16:45,Cow_337,10,9,0,0,25.9,Cloudy,Field C
2022-08-11,16:45,Cow_338,11,6,0,0,25.9,Cloudy,Field B
2022-08-11,16:45,Cow_339,1,6,8,0,25.9,Cloudy,Field B
2022-08-11,16:45,Cow_340,0,10,5,0,25.9,Cloudy,Field A
2022-08-11,16:45,Cow_341,14,10,0,0,25.9,Cloudy,Field C
2022-08-11,16:45,Cow_342,3,7,5,0,25.9,Cloudy,Field B
2022-08-11,16:45,Cow_343,0,10,7,0,25.9,Cloudy,Field B
2022-08-11,16:45,Cow_344,4,8,3,0,25.9,Cloudy,Field C
2022-08-11,16:45,Cow_345,1,9,5,0,25.9,Cloudy,Field C
2022-08-11,16:45,Cow_346,14,0,5,0,25.9,Cloudy,Field A
2022-08-11,16:45,Cow_347,7,3,5,0,25.9,Cloudy,Field B
2022-08-11,16:45,Cow_348,0,7,9,0,25.9,Cloudy,Field B
2022-08-11,16:45,Cow_349,11,0,4,0,25.9,Cloudy,Field B
2022-08-11,16:45,Cow_350,6,7,2,0,25.9,Cloudy,Field A
2022-08-11,16:45,Cow_351,10,0,6,0,25.9,Cloudy,Field C
2022-08-11,16:45,Cow_352,8,6,1,0,25.9,Cloudy,Field A
2022-08-11,16:45,Cow_353,0,9,7,0,25.9,Cloudy,Field A
2022-08-11,16:45,Cow_354,12,0,4,0,25.9,Cloudy,Field C
2022-08-11,16:45,Cow_355,11,1,3,0,25.9,Cloudy,Field B
2022-08-11,16:45,Cow_356,5,4,6,0,25.9,Cloudy,Field B
2022-08-11,16:45,Cow_357,0,8,8,0,25.9,Cloudy,Field A
2022-08-11,16:45,Cow_358,12,6,0,0,25.9,Cloudy,Field B
2022-08-11,16:45,Cow_359,6,6,3,0,25.9,Cloudy,Field A
2022-08-11,16:45,Cow_360,2,9,4,0,25.9,Cloudy,Field B
2022-08-11,16:45,Cow_361,1,10,4,0,25.9,Cloudy,Field C
2022-08-11,16:45,Cow_362,2,10,3,0,25.9,Cloudy,Field A
2022-08-11,16:45,Cow_363,7,6,2,0,25.9,Cloudy,Field A
2022-08-11,16:45,Cow_364,8,7,0,0,25.9,Cloudy,Field C
2022-08-11,16:45,Cow_365,7,5,3,0,25.9,Cloudy,Field A
2022-08-11,16:45,Cow_366,15,0,10,0,25.9,Cloudy,Field A
2022-08-11,16:45,Cow_367,6,3,6,0,25.9,Cloudy,Field C
2022-08-11,16:45,Cow_368,12,0,6,0,25.9,Cloudy,Field A
2022-08-11,16:45,Cow_369,6,4,5,0,25.9,Cloudy,Field C
2022-08-11,16:45,Cow_370,0,0,0,15,25.9,Cloudy,Field C
2022-08-11,16:45,Cow_371,11,0,7,0,25.9,Cloudy,Field C
2022-08-11,16:45,Cow_372,0,0,0,15,25.9,Cloudy,Field A
2022-08-11,16:45,Cow_373,7,10,0,0,25.9,Cloudy,Field A
2022-08-11,16:45,Cow_374,1,7,7,0,25.9,Cloudy,Field A
2022-08-11,16:45,Cow_375,11,0,4,0,25.9,Cloudy,Field C
2022-08-11,16:45,Cow_376,9,3,3,0,25.9,Cloudy,Field B
2022-08-11,16:45,Cow_377,14,3,0,0,25.9,Cloudy,Field C
2022-08-11,16:45,Cow_378,9,4,2,0,25.9,Cloudy,Field B
2022-08-11,16:45,Cow_379,8,10,0,0,25.9,Cloudy,Field A
2022-08-11,16:45,Cow_380,8,4,3,0,25.9,Cloudy,Field A
2022-08-11,16:45,Cow_381,10,8,0,0,25.9,Cloudy,Field C
2022-08-11,16:45,Cow_382,8,10,0,0,25.9,Cloudy,Field A
2022-08-11,16:45,Cow_383,2,6,7,0,25.9,Cloudy,Field B
2022-08-11,16:45,Cow_384,6,1,8,0,25.9,Cloudy,Field A
2022-08-11,16:45,Cow_385,3,5,7,0,25.9,Cloudy,Field A
2022-08-11,16:45,Cow_386,7,1,7,0,25.9,Cloudy,Field A
2022-08-11,16:45,Cow_387,9,6,0,0,25.9,Cloudy,Field A
2022-08-11,16:45,Cow_388,6,10,0,0,25.9,Cloudy,Field C
2022-08-11,16:45,Cow_389,8,5,2,0,25.9,Cloudy,Field A
2022-08-11,16:45,Cow_390,9,10,0,0,25.9,Cloudy,Field B
2022-08-11,16:45,Cow_391,2,8,5,0,25.9,Cloudy,Field B
2022-08-11,16:45,Cow_392,6,3,6,0,25.9,Cloudy,Field C
2022-08-11,16:45,Cow_393,7,9,0,0,25.9,Cloudy,Field C
2022-08-11,16:45,Cow_394,4,6,5,0,25.9,Cloudy,Field A
2022-08-11,16:45,Cow_395,0,8,10,0,25.9,Cloudy,Field B
2022-08-11,16:45,Cow_396,8,9,0,0,25.9,Cloudy,Field A
2022-08-11,16:45,Cow_397,7,3,5,0,25.9,Cloudy,Field A
2022-08-11,16:45,Cow_398,0,9,8,0,25.9,Cloudy,Field B
2022-08-11,16:45,Cow_399,8,7,0,0,25.9,Cloudy,Field B
2022-08-11,16:45,Cow_400,8,1,6,0,25.9,Cloudy,Field A
2022-08-11,16:45,Cow_401,13,0,4,0,25.9,Cloudy,Field C
2022-08-11,16:45,Cow_402,0,10,7,0,25.9,Cloudy,Field C
2022-08-11,16:45,Cow_403,13,0,3,0,25.9,Cloudy,Field C
2022-08-11,16:45,Cow_404,13,10,0,0,25.9,Cloudy,Field C
2022-08-11,16:45,Cow_405,0,9,6,0,25.9,Cloudy,Field B
2022-08-11,16:45,Cow_406,9,2,4,0,25.9,Cloudy,Field B
2022-08-11,16:45,Cow_407,4,5,6,0,25.9,Cloudy,Field A
2022-08-11,16:45,Cow_408,0,10,6,0,25.9,Cloudy,Field A
2022-08-11,16:45,Cow_409,9,3,3,0,25.9,Cloudy,Field A
2022-08-11,16:45,Cow_410,11,9,0,0,25.9,Cloudy,Field A
2022-08-11,16:45,Cow_411,10,1,4,0,25.9,Cloudy,Field B
2022-08-11,16:45,Cow_412,1,4,10,0,25.9,Cloudy,Field A
2022-08-11,16:45,Cow_413,8,0,7,0,25.9,Cloudy,Field A
2022-08-11,16:45,Cow_414,5,7,3,0,25.9,Cloudy,Field B
2022-08-11,16:45,Cow_415,2,6,7,0,25.9,Cloudy,Field B
2022-08-11,16:45,Cow_416,8,0,7,0,25.9,Cloudy,Field B
2022-08-11,16:45,Cow_417,0,8,7,0,25.9,Cloudy,Field A
2022-08-11,16:45,Cow_418,12,0,3,0,25.9,Cloudy,Field B
2022-08-11,16:45,Cow_419,5,3,7,0,25.9,Cloudy,Field C
2022-08-11,16:45,Cow_420,2,10,3,0,25.9,Cloudy,Field A
2022-08-11,16:45,Cow_421,1,7,7,0,25.9,Cloudy,Field A
2022-08-11,16:45,Cow_422,9,0,7,0,25.9,Cloudy,Field C
2022-08-11,16:45,Cow_423,1,10,4,0,25.9,Cloudy,Field C
2022-08-11,16:45,Cow_424,6,3,6,0,25.9,Cloudy,Field A
2022-08-11,16:45,Cow_425,1,9,5,0,25.9,Cloudy,Field A
2022-08-11,16:45,Cow_426,13,5,0,0,25.9,Cloudy,Field A
2022-08-11,16:45,Cow_427,11,0,8,0,25.9,Cloudy,Field B
2022-08-11,16:45,Cow_428,12,0,8,0,25.9,Cloudy,Field A
2022-08-11,16:45,Cow_429,4,8,3,0,25.9,Cloudy,Field B
2022-08-11,16:45,Cow_430,6,7,2,0,25.9,Cloudy,Field B
2022-08-11,16:45,Cow_431,6,4,5,0,25.9,Cloudy,Field A
2022-08-11,16:45,Cow_432,8,8,0,0,25.9,Cloudy,Field C
2022-08-11,16:45,Cow_433,12,0,4,0,25.9,Cloudy,Field A
2022-08-11,16:45,Cow_434,10,0,5,0,25.9,Cloudy,Field B
2022-08-11,16:45,Cow_435,8,4,3,0,25.9,Cloudy,Field C
2022-08-11,16:45,Cow_436,11,9,0,0,25.9,Cloudy,Field B
2022-08-11,16:45,Cow_437,11,9,0,0,25.9,Cloudy,Field A
2022-08-11,16:45,Cow_438,7,4,4,0,25.9,Cloudy,Field B
2022-08-11,16:45,Cow_439,7,5,3,0,25.9,Cloudy,Field A
2022-08-11,16:45,Cow_440,3,5,7,0,25.9,Cloudy,Field A
2022-08-11,16:45,Cow_441,14,0,4,0,25.9,Cloudy,Field C
2022-08-11,16:45,Cow_442,6,3,6,0,25.9,Cloudy,Field C
2022-08-11,16:45,Cow_443,8,3,4,0,25.9,Cloudy,Field C
2022-08-11,16:45,Cow_444,12,9,0,0,25.9,Cloudy,Field C
2022-08-11,16:45,Cow_445,5,5,5,0,25.9,Cloudy,Field B
2022-08-11,16:45,Cow_446,0,9,7,0,25.9,Cloudy,Field B
2022-08-11,16:45,Cow_447,11,9,0,0,25.9,Cloudy,Field A
2022-08-11,16:45,Cow_448,7,1,7,0,25.9,Cloudy,Field A
2022-08-11,16:45,Cow_449,0,0,0,15,25.9,Cloudy,Field B
2022-08-11,16:45,Cow_450,2,7,6,0,25.9,Cloudy,Field C
2022-08-11,16:45,Cow_451,13,0,3,0,25.9,Cloudy,Field C
2022-08-11,16:45,Cow_452,14,9,0,0,25.9,Cloudy,Field B
2022-08-11,16:45,Cow_453,8,0,8,0,25.9,Cloudy,Field A
2022-08-11,16:45,Cow_454,6,5,4,0,25.9,Cloudy,Field B
2022-08-11,16:45,Cow_455,1,7,7,0,25.9,Cloudy,Field C
2022-08-11,16:45,Cow_456,5,3,7,0,25.9,Cloudy,Field C
2022-08-11,16:45,Cow_457,8,0,8,0,25.9,Cloudy,Field B
2022-08-11,16:45,Cow_458,11,0,4,0,25.9,Cloudy,Field A
2022-08-11,16:45,Cow_459,11,7,0,0,25.9,Cloudy,Field A
2022-08-11,16:45,Cow_460,11,0,4,0,25.9,Cloudy,Field B
2022-08-11,16:45,Cow_461,5,5,5,0,25.9,Cloudy,Field A
2022-08-11,16:45,Cow_462,6,1,8,0,25.9,Cloudy,Field A
2022-08-11,16:45,Cow_463,10,0,5,0,25.9,Cloudy,Field B
2022-08-11,16:45,Cow_464,10,1,4,0,25.9,Cloudy,Field C
2022-08-11,16:45,Cow_465,7,4,4,0,25.9,Cloudy,Field A
2022-08-11,16:45,Cow_466,3,9,3,0,25.9,Cloudy,Field C
2022-08-11,16:45,Cow_467,6,2,7,0,25.9,Cloudy,Field A
2022-08-11,16:45,Cow_468,9,6,0,0,25.9,Cloudy,Field B
2022-08-11,16:45,Cow_469,9,0,6,0,25.9,Cloudy,Field A
2022-08-11,16:45,Cow_470,4,5,6,0,25.9,Cloudy,Field C
2022-08-11,16:45,Cow_471,9,0,8,0,25.9,Cloudy,Field A
2022-08-11,16:45,Cow_472,7,3,5,0,25.9,Cloudy,Field A
2022-08-11,16:45,Cow_473,2,7,6,0,25.9,Cloudy,Field A
2022-08-11,16:45,Cow_474,13,4,0,0,25.9,Cloudy,Field C
2022-08-11,16:45,Cow_475,0,0,0,15,25.9,Cloudy,Field C
2022-08-11,16:45,Cow_476,5,6,4,0,25.9,Cloudy,Field C
2022-08-11,16:45,Cow_477,6,10,0,0,25.9,Cloudy,Field A
2022-08-11,16:45,Cow_478,9,3,3,0,25.9,Cloudy,Field B
2022-08-11,16:45,Cow_479,14,6,0,0,25.9,Cloudy,Field C
2022-08-11,16:45,Cow_480,3,4,8,0,25.9,Cloudy,Field C
2022-08-11,16:45,Cow_481,3,6,6,0,25.9,Cloudy,Field A
2022-08-11,16:45,Cow_482,6,6,3,0,25.9,Cloudy,Field C
2022-08-11,16:45,Cow_483,11,7,0,0,25.9,Cloudy,Field B
2022-08-11,16:45,Cow_484,7,5,3,0,25.9,Cloudy,Field B
2022-08-11,16:45,Cow_485,1,7,7,0,25.9,Cloudy,Field C
2022-08-11,16:45,Cow_486,13,0,7,0,25.9,Cloudy,Field A
2022-08-11,16:45,Cow_487,9,3,3,0,25.9,Cloudy,Field B
2022-08-11,16:45,Cow_488,9,1,5,0,25.9,Cloudy,Field B
2022-08-11,16:45,Cow_489,8,4,3,0,25.9,Cloudy,Field B
2022-08-11,16:45,Cow_490,0,9,6,0,25.9,Cloudy,Field A
2022-08-11,16:45,Cow_491,12,0,5,0,25.9,Cloudy,Field B
2022-08-11,16:45,Cow_492,11,0,4,0,25.9,Cloudy,Field B
2022-08-11,16:45,Cow_493,11,6,0,0,25.9,Cloudy,Field C
2022-08-11,16:45,Cow_494,10,10,0,0,25.9,Cloudy,Field B
2022-08-11,16:45,Cow_495,11,0,6,0,25.9,Cloudy,Field A
2022-08-11,16:45,Cow_496,8,3,4,0,25.9,Cloudy,Field B
2022-08-11,16:45,Cow_497,0,0,0,15,25.9,Cloudy,Field B
2022-08-11,16:45,Cow_498,11,0,8,0,25.9,Cloudy,Field C
2022-08-11,16:45,Cow_499,6,6,3,0,25.9,Cloudy,Field B
2022-08-11,16:45,Cow_500,7,7,1,0,25.9,Cloudy,Field C
2022-08-11,17:00,Cow_1,6,5,4,0,28.0,Cloudy,Field B
2022-08-11,17:00,Cow_2,8,0,8,0,28.0,Cloudy,Field B
2022-08-11,17:00,Cow_3,14,0,3,0,28.0,Cloudy,Field A
2022-08-11,17:00,Cow_4,12,0,4,0,28.0,Cloudy,Field C
2022-08-11,17:00,Cow_5,4,8,3,0,28.0,Cloudy,Field B
2022-08-11,17:00,Cow_6,7,0,8,0,28.0,Cloudy,Field C
2022-08-11,17:00,Cow_7,8,4,3,0,28.0,Cloudy,Field B
2022-08-11,17:00,Cow_8,0,0,0,15,28.0,Cloudy,Field A
2022-08-11,17:00,Cow_9,11,0,8,0,28.0,Cloudy,Field C
2022-08-11,17:00,Cow_10,12,0,4,0,28.0,Cloudy,Field A
2022-08-11,17:00,Cow_11,1,9,5,0,28.0,Cloudy,Field A
2022-08-11,17:00,Cow_12,12,3,0,0,28.0,Cloudy,Field B
2022-08-11,17:00,Cow_13,8,2,5,0,28.0,Cloudy,Field A
2022-08-11,17:00,Cow_14,11,0,7,0,28.0,Cloudy,Field A
2022-08-11,17:00,Cow_15,13,10,0,0,28.0,Cloudy,Field C
2022-08-11,17:00,Cow_16,14,0,7,0,28.0,Cloudy,Field B
2022-08-11,17:00,Cow_17,14,4,0,0,28.0,Cloudy,Field B
2022-08-11,17:00,Cow_18,0,10,6,0,28.0,Cloudy,Field B
2022-08-11,17:00,Cow_19,4,6,5,0,28.0,Cloudy,Field A
2022-08-11,17:00,Cow_20,1,7,7,0,28.0,Cloudy,Field A
2022-08-11,17:00,Cow_21,4,9,2,0,28.0,Cloudy,Field A
2022-08-11,17:00,Cow_22,8,9,0,0,28.0,Cloudy,Field A
2022-08-11,17:00,Cow_23,6,3,6,0,28.0,Cloudy,Field B
2022-08-11,17:00,Cow_24,7,4,4,0,28.0,Cloudy,Field A
2022-08-11,17:00,Cow_25,6,7,2,0,28.0,Cloudy,Field B
2022-08-11,17:00,Cow_26,11,4,0,0,28.0,Cloudy,Field A
2022-08-11,17:00,Cow_27,2,10,3,0,28.0,Cloudy,Field A
2022-08-11,17:00,Cow_28,2,6,7,0,28.0,Cloudy,Field A
2022-08-11,17:00,Cow_29,5,3,7,0,28.0,Cloudy,Field B
2022-08-11,17:00,Cow_30,9,3,3,0,28.0,Cloudy,Field B
2022-08-11,17:00,Cow_31,8,0,7,0,28.0,Cloudy,Field A
2022-08-11,17:00,Cow_32,10,4,1,0,28.0,Cloudy,Field A
2022-08-11,17:00,Cow_33,0,9,8,0,28.0,Cloudy,Field B
2022-08-11,17:00,Cow_34,6,3,6,0,28.0,Cloudy,Field C
2022-08-11,17:00,Cow_35,8,7,0,0,28.0,Cloudy,Field C
2022-08-11,17:00,Cow_36,5,7,3,0,28.0,Cloudy,Field A
2022-08-11,17:00,Cow_37,4,8,3,0,28.0,Cloudy,Field C
2022-08-11,17:00,Cow_38,12,3,0,0,28.0,Cloudy,Field B
2022-08-11,17:00,Cow_39,8,3,4,0,28.0,Cloudy,Field A
2022-08-11,17:00,Cow_40,9,9,0,0,28.0,Cloudy,Field B
2022-08-11,17:00,Cow_41,11,3,1,0,28.0,Cloudy,Field B
2022-08-11,17:00,Cow_42,14,0,7,0,28.0,Cloudy,Field A
2022-08-11,17:00,Cow_43,7,5,3,0,28.0,Cloudy,Field C
2022-08-11,17:00,Cow_44,9,1,5,0,28.0,Cloudy,Field C
2022-08-11,17:00,Cow_45,0,0,0,15,28.0,Cloudy,Field A
2022-08-11,17:00,Cow_46,9,3,3,0,28.0,Cloudy,Field B
2022-08-11,17:00,Cow_47,3,5,7,0,28.0,Cloudy,Field C
2022-08-11,17:00,Cow_48,5,6,4,0,28.0,Cloudy,Field B
2022-08-11,17:00,Cow_49,5,6,4,0,28.0,Cloudy,Field A
2022-08-11,17:00,Cow_50,0,8,7,0,28.0,Cloudy,Field B
2022-08-11,17:00,Cow_51,2,10,3,0,28.0,Cloudy,Field C
2022-08-11,17:00,Cow_52,0,7,8,0,28.0,Cloudy,Field A
2022-08-11,17:00,Cow_53,7,10,0,0,28.0,Cloudy,Field C
2022-08-11,17:00,Cow_54,9,3,3,0,28.0,Cloudy,Field C
2022-08-11,17:00,Cow_55,4,7,4,0,28.0,Cloudy,Field C
2022-08-11,17:00,Cow_56,8,2,5,0,28.0,Cloudy,Field B
2022-08-11,17:00,Cow_57,9,3,3,0,28.0,Cloudy,Field B
2022-08-11,17:00,Cow_58,8,5,2,0,28.0,Cloudy,Field C
2022-08-11,17:00,Cow_59,9,0,7,0,28.0,Cloudy,Field B
2022-08-11,17:00,Cow_60,12,0,7,0,28.0,Cloudy,Field A
2022-08-11,17:00,Cow_61,6,6,3,0,28.0,Cloudy,Field A
2022-08-11,17:00,Cow_62,3,7,5,0,28.0,Cloudy,Field B
2022-08-11,17:00,Cow_63,9,3,3,0,28.0,Cloudy,Field A
2022-08-11,17:00,Cow_64,3,8,4,0,28.0,Cloudy,Field C
2022-08-11,17:00,Cow_65,0,8,8,0,28.0,Cloudy,Field C
2022-08-11,17:00,Cow_66,10,0,6,0,28.0,Cloudy,Field C
2022-08-11,17:00,Cow_67,8,0,7,0,28.0,Cloudy,Field C
2022-08-11,17:00,Cow_68,13,9,0,0,28.0,Cloudy,Field C
2022-08-11,17:00,Cow_69,11,0,4,0,28.0,Cloudy,Field A
2022-08-11,17:00,Cow_70,12,6,0,0,28.0,Cloudy,Field B
2022-08-11,17:00,Cow_71,14,7,0,0,28.0,Cloudy,Field B
2022-08-11,17:00,Cow_72,9,5,1,0,28.0,Cloudy,Field B
2022-08-11,17:00,Cow_73,7,3,5,0,28.0,Cloudy,Field A
2022-08-11,17:00,Cow_74,11,6,0,0,28.0,Cloudy,Field C
2022-08-11,17:00,Cow_75,14,0,6,0,28.0,Cloudy,Field A
2022-08-11,17:00,Cow_76,4,4,7,0,28.0,Cloudy,Field A
2022-08-11,17:00,Cow_77,8,6,1,0,28.0,Cloudy,Field B
2022-08-11,17:00,Cow_78,6,3,6,0,28.0,Cloudy,Field A
2022-08-11,17:00,Cow_79,10,9,0,0,28.0,Cloudy,Field C
2022-08-11,17:00,Cow_80,5,3,7,0,28.0,Cloudy,Field A
2022-08-11,17:00,Cow_81,3,7,5,0,28.0,Cloudy,Field C
2022-08-11,17:00,Cow_82,12,6,0,0,28.0,Cloudy,Field A
2022-08-11,17:00,Cow_83,0,10,5,0,28.0,Cloudy,Field B
2022-08-11,17:00,Cow_84,0,8,8,0,28.0,Cloudy,Field A
2022-08-11,17:00,Cow_85,0,0,0,15,28.0,Cloudy,Field C
2022-08-11,17:00,Cow_86,6,6,3,0,28.0,Cloudy,Field C
2022-08-11,17:00,Cow_87,7,3,5,0,28.0,Cloudy,Field A
2022-08-11,17:00,Cow_88,7,4,4,0,28.0,Cloudy,Field A
2022-08-11,17:00,Cow_89,11,0,7,0,28.0,Cloudy,Field C
2022-08-11,17:00,Cow_90,11,4,0,0,28.0,Cloudy,Field C
2022-08-11,17:00,Cow_91,8,9,0,0,28.0,Cloudy,Field B
2022-08-11,17:00,Cow_92,5,4,6,0,28.0,Cloudy,Field B
2022-08-11,17:00,Cow_93,10,6,0,0,28.0,Cloudy,Field A
2022-08-11,17:00,Cow_94,10,9,0,0,28.0,Cloudy,Field B
2022-08-11,17:00,Cow_95,7,5,3,0,28.0,Cloudy,Field C
2022-08-11,17:00,Cow_96,11,3,1,0,28.0,Cloudy,Field C
2022-08-11,17:00,Cow_97,3,9,3,0,28.0,Cloudy,Field B
2022-08-11,17:00,Cow_98,14,12,0,0,28.0,Cloudy,Field C
2022-08-11,17:00,Cow_99,6,10,0,0,28.0,Cloudy,Field A
2022-08-11,17:00,Cow_100,0,10,7,0,28.0,Cloudy,Field C
2022-08-11,17:00,Cow_101,8,5,2,0,28.0,Cloudy,Field C
2022-08-11,17:00,Cow_102,0,9,6,0,28.0,Cloudy,Field B
2022-08-11,17:00,Cow_103,8,4,3,0,28.0,Cloudy,Field B
2022-08-11,17:00,Cow_104,12,5,0,0,28.0,Cloudy,Field A
2022-08-11,17:00,Cow_105,12,0,7,0,28.0,Cloudy,Field C
2022-08-11,17:00,Cow_106,4,8,3,0,28.0,Cloudy,Field B
2022-08-11,17:00,Cow_107,5,6,4,0,28.0,Cloudy,Field B
2022-08-11,17:00,Cow_108,0,0,0,15,28.0,Cloudy,Field C
2022-08-11,17:00,Cow_109,8,2,5,0,28.0,Cloudy,Field A
2022-08-11,17:00,Cow_110,9,6,0,0,28.0,Cloudy,Field A
2022-08-11,17:00,Cow_111,12,4,0,0,28.0,Cloudy,Field B
2022-08-11,17:00,Cow_112,9,8,0,0,28.0,Cloudy,Field C
2022-08-11,17:00,Cow_113,10,6,0,0,28.0,Cloudy,Field B
2022-08-11,17:00,Cow_114,5,3,7,0,28.0,Cloudy,Field A
2022-08-11,17:00,Cow_115,5,6,4,0,28.0,Cloudy,Field A
2022-08-11,17:00,Cow_116,0,9,8,0,28.0,Cloudy,Field A
2022-08-11,17:00,Cow_117,9,9,0,0,28.0,Cloudy,Field C
2022-08-11,17:00,Cow_118,13,0,6,0,28.0,Cloudy,Field B
2022-08-11,17:00,Cow_119,0,0,0,15,28.0,Cloudy,Field B
2022-08-11,17:00,Cow_120,7,7,1,0,28.0,Cloudy,Field C
2022-08-11,17:00,Cow_121,0,8,8,0,28.0,Cloudy,Field B
2022-08-11,17:00,Cow_122,5,8,2,0,28.0,Cloudy,Field B
2022-08-11,17:00,Cow_123,1,7,7,0,28.0,Cloudy,Field C
2022-08-11,17:00,Cow_124,9,9,0,0,28.0,Cloudy,Field C
2022-08-11,17:00,Cow_125,0,8,7,0,28.0,Cloudy,Field C
2022-08-11,17:00,Cow_126,0,8,7,0,28.0,Cloudy,Field B
2022-08-11,17:00,Cow_127,6,8,1,0,28.0,Cloudy,Field B
2022-08-11,17:00,Cow_128,11,0,8,0,28.0,Cloudy,Field A
2022-08-11,17:00,Cow_129,6,7,2,0,28.0,Cloudy,Field C
2022-08-11,17:00,Cow_130,0,10,8,0,28.0,Cloudy,Field A
2022-08-11,17:00,Cow_131,12,8,0,0,28.0,Cloudy,Field B
2022-08-11,17:00,Cow_132,10,7,0,0,28.0,Cloudy,Field C
2022-08-11,17:00,Cow_133,12,0,7,0,28.0,Cloudy,Field B
2022-08-11,17:00,Cow_134,8,2,5,0,28.0,Cloudy,Field B
2022-08-11,17:00,Cow_135,7,8,0,0,28.0,Cloudy,Field A
2022-08-11,17:00,Cow_136,4,3,8,0,28.0,Cloudy,Field A
2022-08-11,17:00,Cow_137,4,8,3,0,28.0,Cloudy,Field A
2022-08-11,17:00,Cow_138,11,10,0,0,28.0,Cloudy,Field A
2022-08-11,17:00,Cow_139,6,4,5,0,28.0,Cloudy,Field B
2022-08-11,17:00,Cow_140,10,5,0,0,28.0,Cloudy,Field A
2022-08-11,17:00,Cow_141,4,4,7,0,28.0,Cloudy,Field B
2022-08-11,17:00,Cow_142,10,1,4,0,28.0,Cloudy,Field A
2022-08-11,17:00,Cow_143,7,3,5,0,28.0,Cloudy,Field C
2022-08-11,17:00,Cow_144,10,8,0,0,28.0,Cloudy,Field A
2022-08-11,17:00,Cow_145,5,3,7,0,28.0,Cloudy,Field C
2022-08-11,17:00,Cow_146,9,2,4,0,28.0,Cloudy,Field B
2022-08-11,17:00,Cow_147,13,8,0,0,28.0,Cloudy,Field A
2022-08-11,17:00,Cow_148,0,0,0,15,28.0,Cloudy,Field B
2022-08-11,17:00,Cow_149,7,4,4,0,28.0,Cloudy,Field B
2022-08-11,17:00,Cow_150,11,0,6,0,28.0,Cloudy,Field A
2022-08-11,17:00,Cow_151,6,4,5,0,28.0,Cloudy,Field C
2022-08-11,17:00,Cow_152,9,10,0,0,28.0,Cloudy,Field C
2022-08-11,17:00,Cow_153,7,3,5,0,28.0,Cloudy,Field B
2022-08-11,17:00,Cow_154,11,0,8,0,28.0,Cloudy,Field C
2022-08-11,17:00,Cow_155,1,10,4,0,28.0,Cloudy,Field B
2022-08-11,17:00,Cow_156,0,0,0,15,28.0,Cloudy,Field C
2022-08-11,17:00,Cow_157,14,0,8,0,28.0,Cloudy,Field B
2022-08-11,17:00,Cow_158,8,4,3,0,28.0,Cloudy,Field B
2022-08-11,17:00,Cow_159,14,0,7,0,28.0,Cloudy,Field B
2022-08-11,17:00,Cow_160,11,0,5,0,28.0,Cloudy,Field B
2022-08-11,17:00,Cow_161,12,7,0,0,28.0,Cloudy,Field A
2022-08-11,17:00,Cow_162,6,5,4,0,28.0,Cloudy,Field C
2022-08-11,17:00,Cow_163,9,3,3,0,28.0,Cloudy,Field A
2022-08-11,17:00,Cow_164,5,3,7,0,28.0,Cloudy,Field B
2022-08-11,17:00,Cow_165,5,4,6,0,28.0,Cloudy,Field C
2022-08-11,17:00,Cow_166,10,10,0,0,28.0,Cloudy,Field C
2022-08-11,17:00,Cow_167,8,0,7,0,28.0,Cloudy,Field B
2022-08-11,17:00,Cow_168,4,3,8,0,28.0,Cloudy,Field B
2022-08-11,17:00,Cow_169,14,7,0,0,28.0,Cloudy,Field C
2022-08-11,17:00,Cow_170,5,4,6,0,28.0,Cloudy,Field C
2022-08-11,17:00,Cow_171,6,1,8,0,28.0,Cloudy,Field B
2022-08-11,17:00,Cow_172,14,0,8,0,28.0,Cloudy,Field B
2022-08-11,17:00,Cow_173,7,3,5,0,28.0,Cloudy,Field C
2022-08-11,17:00,Cow_174,12,0,5,0,28.0,Cloudy,Field B
2022-08-11,17:00,Cow_175,9,4,2,0,28.0,Cloudy,Field B
2022-08-11,17:00,Cow_176,9,6,0,0,28.0,Cloudy,Field A
2022-08-11,17:00,Cow_177,7,3,5,0,28.0,Cloudy,Field C
2022-08-11,17:00,Cow_178,9,2,4,0,28.0,Cloudy,Field B
2022-08-11,17:00,Cow_179,6,6,3,0,28.0,Cloudy,Field B
2022-08-11,17:00,Cow_180,0,0,0,15,28.0,Cloudy,Field C
2022-08-11,17:00,Cow_181,5,6,4,0,28.0,Cloudy,Field A
2022-08-11,17:00,Cow_182,0,0,0,15,28.0,Cloudy,Field C
2022-08-11,17:00,Cow_183,10,6,0,0,28.0,Cloudy,Field A
2022-08-11,17:00,Cow_184,6,4,5,0,28.0,Cloudy,Field A
2022-08-11,17:00,Cow_185,7,9,0,0,28.0,Cloudy,Field B
2022-08-11,17:00,Cow_186,9,5,1,0,28.0,Cloudy,Field B
2022-08-11,17:00,Cow_187,5,7,3,0,28.0,Cloudy,Field A
2022-08-11,17:00,Cow_188,0,10,5,0,28.0,Cloudy,Field C
2022-08-11,17:00,Cow_189,0,0,0,15,28.0,Cloudy,Field C
2022-08-11,17:00,Cow_190,0,0,0,15,28.0,Cloudy,Field A
2022-08-11,17:00,Cow_191,4,4,7,0,28.0,Cloudy,Field B
2022-08-11,17:00,Cow_192,6,4,5,0,28.0,Cloudy,Field A
2022-08-11,17:00,Cow_193,0,0,0,15,28.0,Cloudy,Field C
2022-08-11,17:00,Cow_194,13,0,8,0,28.0,Cloudy,Field C
2022-08-11,17:00,Cow_195,6,5,4,0,28.0,Cloudy,Field A
2022-08-11,17:00,Cow_196,1,7,7,0,28.0,Cloudy,Field A
2022-08-11,17:00,Cow_197,11,3,1,0,28.0,Cloudy,Field B
2022-08-11,17:00,Cow_198,10,2,3,0,28.0,Cloudy,Field C
2022-08-11,17:00,Cow_199,0,0,0,15,28.0,Cloudy,Field A
2022-08-11,17:00,Cow_200,10,0,6,0,28.0,Cloudy,Field B
2022-08-11,17:00,Cow_201,10,0,7,0,28.0,Cloudy,Field A
2022-08-11,17:00,Cow_202,8,9,0,0,28.0,Cloudy,Field C
2022-08-11,17:00,Cow_203,7,4,4,0,28.0,Cloudy,Field A
2022-08-11,17:00,Cow_204,12,0,6,0,28.0,Cloudy,Field C
2022-08-11,17:00,Cow_205,14,5,0,0,28.0,Cloudy,Field A
2022-08-11,17:00,Cow_206,7,5,3,0,28.0,Cloudy,Field C
2022-08-11,17:00,Cow_207,7,4,4,0,28.0,Cloudy,Field A
2022-08-11,17:00,Cow_208,5,3,7,0,28.0,Cloudy,Field B
2022-08-11,17:00,Cow_209,2,10,3,0,28.0,Cloudy,Field C
2022-08-11,17:00,Cow_210,14,7,0,0,28.0,Cloudy,Field B
2022-08-11,17:00,Cow_211,0,10,6,0,28.0,Cloudy,Field C
2022-08-11,17:00,Cow_212,3,5,7,0,28.0,Cloudy,Field B
2022-08-11,17:00,Cow_213,10,0,7,0,28.0,Cloudy,Field C
2022-08-11,17:00,Cow_214,13,7,0,0,28.0,Cloudy,Field B
2022-08-11,17:00,Cow_215,0,10,8,0,28.0,Cloudy,Field B
2022-08-11,17:00,Cow_216,5,2,8,0,28.0,Cloudy,Field C
2022-08-11,17:00,Cow_217,1,8,6,0,28.0,Cloudy,Field B
2022-08-11,17:00,Cow_218,8,3,4,0,28.0,Cloudy,Field B
2022-08-11,17:00,Cow_219,5,4,6,0,28.0,Cloudy,Field A
2022-08-11,17:00,Cow_220,7,8,0,0,28.0,Cloudy,Field A
2022-08-11,17:00,Cow_221,5,5,5,0,28.0,Cloudy,Field C
2022-08-11,17:00,Cow_222,5,7,3,0,28.0,Cloudy,Field B
2022-08-11,17:00,Cow_223,12,0,7,0,28.0,Cloudy,Field B
2022-08-11,17:00,Cow_224,10,0,7,0,28.0,Cloudy,Field C
2022-08-11,17:00,Cow_225,14,7,0,0,28.0,Cloudy,Field C
2022-08-11,17:00,Cow_226,8,3,4,0,28.0,Cloudy,Field C
2022-08-11,17:00,Cow_227,0,0,0,15,28.0,Cloudy,Field B
2022-08-11,17:00,Cow_228,5,9,1,0,28.0,Cloudy,Field A
2022-08-11,17:00,Cow_229,8,9,0,0,28.0,Cloudy,Field A
2022-08-11,17:00,Cow_230,0,9,6,0,28.0,Cloudy,Field C
2022-08-11,17:00,Cow_231,5,5,5,0,28.0,Cloudy,Field A
2022-08-11,17:00,Cow_232,12,0,5,0,28.0,Cloudy,Field B
2022-08-11,17:00,Cow_233,14,7,0,0,28.0,Cloudy,Field C
2022-08-11,17:00,Cow_234,6,2,7,0,28.0,Cloudy,Field A
2022-08-11,17:00,Cow_235,12,10,0,0,28.0,Cloudy,Field A
2022-08-11,17:00,Cow_236,8,3,4,0,28.0,Cloudy,Field B
2022-08-11,17:00,Cow_237,6,5,4,0,28.0,Cloudy,Field C
2022-08-11,17:00,Cow_238,10,0,6,0,28.0,Cloudy,Field B
2022-08-11,17:00,Cow_239,5,3,7,0,28.0,Cloudy,Field B
2022-08-11,17:00,Cow_240,12,0,7,0,28.0,Cloudy,Field B
2022-08-11,17:00,Cow_241,11,3,1,0,28.0,Cloudy,Field A
2022-08-11,17:00,Cow_242,13,0,6,0,28.0,Cloudy,Field A
2022-08-11,17:00,Cow_243,4,6,5,0,28.0,Cloudy,Field B
2022-08-11,17:00,Cow_244,14,10,0,0,28.0,Cloudy,Field A
2022-08-11,17:00,Cow_245,14,10,0,0,28.0,Cloudy,Field A
2022-08-11,17:00,Cow_246,0,9,6,0,28.0,Cloudy,Field A
2022-08-11,17:00,Cow_247,1,10,4,0,28.0,Cloudy,Field A
2022-08-11,17:00,Cow_248,12,10,0,0,28.0,Cloudy,Field A
2022-08-11,17:00,Cow_249,12,0,7,0,28.0,Cloudy,Field A
2022-08-11,17:00,Cow_250,0,0,0,15,28.0,Cloudy,Field A
2022-08-11,17:00,Cow_251,4,5,6,0,28.0,Cloudy,Field A
2022-08-11,17:00,Cow_252,12,0,9,0,28.0,Cloudy,Field A
2022-08-11,17:00,Cow_253,0,0,0,15,28.0,Cloudy,Field B
2022-08-11,17:00,Cow_254,7,6,2,0,28.0,Cloudy,Field B
2022-08-11,17:00,Cow_255,9,3,3,0,28.0,Cloudy,Field B
2022-08-11,17:00,Cow_256,3,8,4,0,28.0,Cloudy,Field C
2022-08-11,17:00,Cow_257,5,2,8,0,28.0,Cloudy,Field A
2022-08-11,17:00,Cow_258,12,4,0,0,28.0,Cloudy,Field C
2022-08-11,17:00,Cow_259,1,10,4,0,28.0,Cloudy,Field C
2022-08-11,17:00,Cow_260,8,8,0,0,28.0,Cloudy,Field B
2022-08-11,17:00,Cow_261,10,0,6,0,28.0,Cloudy,Field B
2022-08-11,17:00,Cow_262,0,0,0,15,28.0,Cloudy,Field C
2022-08-11,17:00,Cow_263,0,0,0,15,28.0,Cloudy,Field C
2022-08-11,17:00,Cow_264,9,8,0,0,28.0,Cloudy,Field A
2022-08-11,17:00,Cow_265,6,9,0,0,28.0,Cloudy,Field B
2022-08-11,17:00,Cow_266,11,0,8,0,28.0,Cloudy,Field A
2022-08-11,17:00,Cow_267,6,5,4,0,28.0,Cloudy,Field A
2022-08-11,17:00,Cow_268,5,7,3,0,28.0,Cloudy,Field C
2022-08-11,17:00,Cow_269,2,7,6,0,28.0,Cloudy,Field C
2022-08-11,17:00,Cow_270,0,9,8,0,28.0,Cloudy,Field C
2022-08-11,17:00,Cow_271,8,4,3,0,28.0,Cloudy,Field C
2022-08-11,17:00,Cow_272,9,4,2,0,28.0,Cloudy,Field C
2022-08-11,17:00,Cow_273,7,2,6,0,28.0,Cloudy,Field C
2022-08-11,17:00,Cow_274,0,10,7,0,28.0,Cloudy,Field C
2022-08-11,17:00,Cow_275,14,4,0,0,28.0,Cloudy,Field B
2022-08-11,17:00,Cow_276,8,4,3,0,28.0,Cloudy,Field C
2022-08-11,17:00,Cow_277,7,1,7,0,28.0,Cloudy,Field C
2022-08-11,17:00,Cow_278,7,9,0,0,28.0,Cloudy,Field C
2022-08-11,17:00,Cow_279,14,3,0,0,28.0,Cloudy,Field B
2022-08-11,17:00,Cow_280,9,5,1,0,28.0,Cloudy,Field B
2022-08-11,17:00,Cow_281,6,10,0,0,28.0,Cloudy,Field B
2022-08-11,17:00,Cow_282,9,0,8,0,28.0,Cloudy,Field B
2022-08-11,17:00,Cow_283,7,9,0,0,28.0,Cloudy,Field C
2022-08-11,17:00,Cow_284,13,3,0,0,28.0,Cloudy,Field B
2022-08-11,17:00,Cow_285,3,8,4,0,28.0,Cloudy,Field A
2022-08-11,17:00,Cow_286,1,8,6,0,28.0,Cloudy,Field A
2022-08-11,17:00,Cow_287,12,10,0,0,28.0,Cloudy,Field B
2022-08-11,17:00,Cow_288,14,0,6,0,28.0,Cloudy,Field A
2022-08-11,17:00,Cow_289,5,2,8,0,28.0,Cloudy,Field B
2022-08-11,17:00,Cow_290,14,0,7,0,28.0,Cloudy,Field B
2022-08-11,17:00,Cow_291,3,8,4,0,28.0,Cloudy,Field C
2022-08-11,17:00,Cow_292,0,0,0,15,28.0,Cloudy,Field C
2022-08-11,17:00,Cow_293,0,7,10,0,28.0,Cloudy,Field A
2022-08-11,17:00,Cow_294,10,9,0,0,28.0,Cloudy,Field B
2022-08-11,17:00,Cow_295,11,8,0,0,28.0,Cloudy,Field B
2022-08-11,17:00,Cow_296,11,0,4,0,28.0,Cloudy,Field B
2022-08-11,17:00,Cow_297,9,7,0,0,28.0,Cloudy,Field A
2022-08-11,17:00,Cow_298,4,7,4,0,28.0,Cloudy,Field A
2022-08-11,17:00,Cow_299,14,0,5,0,28.0,Cloudy,Field A
2022-08-11,17:00,Cow_300,14,0,7,0,28.0,Cloudy,Field A
2022-08-11,17:00,Cow_301,0,0,0,15,28.0,Cloudy,Field B
2022-08-11,17:00,Cow_302,13,0,5,0,28.0,Cloudy,Field A
2022-08-11,17:00,Cow_303,6,5,4,0,28.0,Cloudy,Field B
2022-08-11,17:00,Cow_304,2,8,5,0,28.0,Cloudy,Field A
2022-08-11,17:00,Cow_305,10,0,7,0,28.0,Cloudy,Field B
2022-08-11,17:00,Cow_306,13,6,0,0,28.0,Cloudy,Field A
2022-08-11,17:00,Cow_307,5,4,6,0,28.0,Cloudy,Field B
2022-08-11,17:00,Cow_308,8,3,4,0,28.0,Cloudy,Field C
2022-08-11,17:00,Cow_309,7,5,3,0,28.0,Cloudy,Field B
2022-08-11,17:00,Cow_310,7,2,6,0,28.0,Cloudy,Field A
2022-08-11,17:00,Cow_311,5,3,7,0,28.0,Cloudy,Field B
2022-08-11,17:00,Cow_312,8,0,8,0,28.0,Cloudy,Field C
2022-08-11,17:00,Cow_313,7,5,3,0,28.0,Cloudy,Field B
2022-08-11,17:00,Cow_314,0,9,6,0,28.0,Cloudy,Field A
2022-08-11,17:00,Cow_315,13,0,5,0,28.0,Cloudy,Field A
2022-08-11,17:00,Cow_316,5,7,3,0,28.0,Cloudy,Field C
2022-08-11,17:00,Cow_317,12,0,6,0,28.0,Cloudy,Field A
2022-08-11,17:00,Cow_318,4,7,4,0,28.0,Cloudy,Field A
2022-08-11,17:00,Cow_319,7,3,5,0,28.0,Cloudy,Field A
2022-08-11,17:00,Cow_320,7,6,2,0,28.0,Cloudy,Field A
2022-08-11,17:00,Cow_321,0,10,5,0,28.0,Cloudy,Field A
2022-08-11,17:00,Cow_322,5,10,0,0,28.0,Cloudy,Field B
2022-08-11,17:00,Cow_323,7,3,5,0,28.0,Cloudy,Field A
2022-08-11,17:00,Cow_324,7,4,4,0,28.0,Cloudy,Field B
2022-08-11,17:00,Cow_325,9,8,0,0,28.0,Cloudy,Field C
2022-08-11,17:00,Cow_326,12,0,7,0,28.0,Cloudy,Field A
2022-08-11,17:00,Cow_327,7,3,5,0,28.0,Cloudy,Field C
2022-08-11,17:00,Cow_328,11,3,1,0,28.0,Cloudy,Field A
2022-08-11,17:00,Cow_329,0,10,8,0,28.0,Cloudy,Field C
2022-08-11,17:00,Cow_330,12,0,3,0,28.0,Cloudy,Field C
2022-08-11,17:00,Cow_331,0,0,0,15,28.0,Cloudy,Field A
2022-08-11,17:00,Cow_332,9,0,6,0,28.0,Cloudy,Field A
2022-08-11,17:00,Cow_333,0,7,8,0,28.0,Cloudy,Field C
2022-08-11,17:00,Cow_334,9,9,0,0,28.0,Cloudy,Field C
2022-08-11,17:00,Cow_335,5,3,7,0,28.0,Cloudy,Field C
2022-08-11,17:00,Cow_336,13,0,4,0,28.0,Cloudy,Field A
2022-08-11,17:00,Cow_337,5,7,3,0,28.0,Cloudy,Field A
2022-08-11,17:00,Cow_338,10,0,8,0,28.0,Cloudy,Field C
2022-08-11,17:00,Cow_339,5,6,4,0,28.0,Cloudy,Field C
2022-08-11,17:00,Cow_340,12,0,3,0,28.0,Cloudy,Field A
2022-08-11,17:00,Cow_341,0,10,5,0,28.0,Cloudy,Field C
2022-08-11,17:00,Cow_342,4,7,4,0,28.0,Cloudy,Field B
2022-08-11,17:00,Cow_343,7,4,4,0,28.0,Cloudy,Field B
2022-08-11,17:00,Cow_344,11,3,1,0,28.0,Cloudy,Field B
2022-08-11,17:00,Cow_345,5,3,7,0,28.0,Cloudy,Field A
2022-08-11,17:00,Cow_346,7,6,2,0,28.0,Cloudy,Field A
2022-08-11,17:00,Cow_347,1,7,7,0,28.0,Cloudy,Field C
2022-08-11,17:00,Cow_348,0,0,0,15,28.0,Cloudy,Field C
2022-08-11,17:00,Cow_349,14,9,0,0,28.0,Cloudy,Field C
2022-08-11,17:00,Cow_350,7,1,7,0,28.0,Cloudy,Field C
2022-08-11,17:00,Cow_351,10,1,4,0,28.0,Cloudy,Field A
2022-08-11,17:00,Cow_352,0,0,0,15,28.0,Cloudy,Field B
2022-08-11,17:00,Cow_353,8,7,0,0,28.0,Cloudy,Field A
2022-08-11,17:00,Cow_354,14,6,0,0,28.0,Cloudy,Field C
2022-08-11,17:00,Cow_355,8,0,8,0,28.0,Cloudy,Field A
2022-08-11,17:00,Cow_356,0,0,0,15,28.0,Cloudy,Field B
2022-08-11,17:00,Cow_357,5,7,3,0,28.0,Cloudy,Field A
2022-08-11,17:00,Cow_358,5,3,7,0,28.0,Cloudy,Field A
2022-08-11,17:00,Cow_359,0,0,0,15,28.0,Cloudy,Field B
2022-08-11,17:00,Cow_360,8,3,4,0,28.0,Cloudy,Field C
2022-08-11,17:00,Cow_361,7,1,7,0,28.0,Cloudy,Field A
2022-08-11,17:00,Cow_362,7,4,4,0,28.0,Cloudy,Field C
2022-08-11,17:00,Cow_363,8,4,3,0,28.0,Cloudy,Field C
2022-08-11,17:00,Cow_364,6,3,6,0,28.0,Cloudy,Field B
2022-08-11,17:00,Cow_365,8,9,0,0,28.0,Cloudy,Field A
2022-08-11,17:00,Cow_366,10,0,5,0,28.0,Cloudy,Field A
2022-08-11,17:00,Cow_367,8,4,3,0,28.0,Cloudy,Field A
2022-08-11,17:00,Cow_368,6,4,5,0,28.0,Cloudy,Field A
2022-08-11,17:00,Cow_369,13,7,0,0,28.0,Cloudy,Field C
2022-08-11,17:00,Cow_370,13,0,4,0,28.0,Cloudy,Field B
2022-08-11,17:00,Cow_371,13,7,0,0,28.0,Cloudy,Field A
2022-08-11,17:00,Cow_372,3,6,6,0,28.0,Cloudy,Field B
2022-08-11,17:00,Cow_373,13,6,0,0,28.0,Cloudy,Field B
2022-08-11,17:00,Cow_374,6,6,3,0,28.0,Cloudy,Field C
2022-08-11,17:00,Cow_375,12,10,0,0,28.0,Cloudy,Field B
2022-08-11,17:00,Cow_376,8,9,0,0,28.0,Cloudy,Field A
2022-08-11,17:00,Cow_377,0,7,8,0,28.0,Cloudy,Field C
2022-08-11,17:00,Cow_378,7,3,5,0,28.0,Cloudy,Field B
2022-08-11,17:00,Cow_379,2,8,5,0,28.0,Cloudy,Field C
2022-08-11,17:00,Cow_380,8,5,2,0,28.0,Cloudy,Field C
2022-08-11,17:00,Cow_381,0,0,0,15,28.0,Cloudy,Field B
2022-08-11,17:00,Cow_382,9,9,0,0,28.0,Cloudy,Field A
2022-08-11,17:00,Cow_383,12,5,0,0,28.0,Cloudy,Field A
2022-08-11,17:00,Cow_384,0,10,8,0,28.0,Cloudy,Field A
2022-08-11,17:00,Cow_385,7,4,4,0,28.0,Cloudy,Field B
2022-08-11,17:00,Cow_386,1,8,6,0,28.0,Cloudy,Field A
2022-08-11,17:00,Cow_387,10,0,8,0,28.0,Cloudy,Field B
2022-08-11,17:00,Cow_388,5,6,4,0,28.0,Cloudy,Field A
2022-08-11,17:00,Cow_389,10,3,2,0,28.0,Cloudy,Field B
2022-08-11,17:00,Cow_390,11,0,8,0,28.0,Cloudy,Field C
2022-08-11,17:00,Cow_391,14,0,10,0,28.0,Cloudy,Field C
2022-08-11,17:00,Cow_392,12,9,0,0,28.0,Cloudy,Field A
2022-08-11,17:00,Cow_393,7,5,3,0,28.0,Cloudy,Field B
2022-08-11,17:00,Cow_394,3,7,5,0,28.0,Cloudy,Field A
2022-08-11,17:00,Cow_395,7,6,2,0,28.0,Cloudy,Field B
2022-08-11,17:00,Cow_396,10,1,4,0,28.0,Cloudy,Field A
2022-08-11,17:00,Cow_397,6,5,4,0,28.0,Cloudy,Field C
2022-08-11,17:00,Cow_398,10,3,2,0,28.0,Cloudy,Field A
2022-08-11,17:00,Cow_399,0,0,0,15,28.0,Cloudy,Field B
2022-08-11,17:00,Cow_400,10,8,0,0,28.0,Cloudy,Field C
2022-08-11,17:00,Cow_401,13,0,7,0,28.0,Cloudy,Field A
2022-08-11,17:00,Cow_402,2,8,5,0,28.0,Cloudy,Field C
2022-08-11,17:00,Cow_403,0,0,0,15,28.0,Cloudy,Field C
2022-08-11,17:00,Cow_404,0,0,0,15,28.0,Cloudy,Field A
2022-08-11,17:00,Cow_405,4,7,4,0,28.0,Cloudy,Field A
2022-08-11,17:00,Cow_406,13,0,5,0,28.0,Cloudy,Field A
2022-08-11,17:00,Cow_407,4,7,4,0,28.0,Cloudy,Field B
2022-08-11,17:00,Cow_408,11,8,0,0,28.0,Cloudy,Field B
2022-08-11,17:00,Cow_409,14,0,3,0,28.0,Cloudy,Field C
2022-08-11,17:00,Cow_410,10,7,0,0,28.0,Cloudy,Field A
2022-08-11,17:00,Cow_411,5,5,5,0,28.0,Cloudy,Field C
2022-08-11,17:00,Cow_412,10,0,6,0,28.0,Cloudy,Field B
2022-08-11,17:00,Cow_413,8,4,3,0,28.0,Cloudy,Field B
2022-08-11,17:00,Cow_414,1,7,7,0,28.0,Cloudy,Field B
2022-08-11,17:00,Cow_415,3,5,7,0,28.0,Cloudy,Field B
2022-08-11,17:00,Cow_416,7,5,3,0,28.0,Cloudy,Field C
2022-08-11,17:00,Cow_417,4,7,4,0,28.0,Cloudy,Field C
2022-08-11,17:00,Cow_418,12,0,5,0,28.0,Cloudy,Field C
2022-08-11,17:00,Cow_419,8,9,0,0,28.0,Cloudy,Field B
2022-08-11,17:00,Cow_420,4,5,6,0,28.0,Cloudy,Field A
2022-08-11,17:00,Cow_421,4,8,3,0,28.0,Cloudy,Field B
2022-08-11,17:00,Cow_422,13,0,3,0,28.0,Cloudy,Field A
2022-08-11,17:00,Cow_423,12,0,7,0,28.0,Cloudy,Field C
2022-08-11,17:00,Cow_424,3,9,3,0,28.0,Cloudy,Field C
2022-08-11,17:00,Cow_425,10,6,0,0,28.0,Cloudy,Field C
2022-08-11,17:00,Cow_426,11,7,0,0,28.0,Cloudy,Field B
2022-08-11,17:00,Cow_427,0,12,4,0,28.0,Cloudy,Field A
2022-08-11,17:00,Cow_428,0,7,8,0,28.0,Cloudy,Field A
2022-08-11,17:00,Cow_429,0,0,0,15,28.0,Cloudy,Field A
2022-08-11,17:00,Cow_430,1,10,4,0,28.0,Cloudy,Field C
2022-08-11,17:00,Cow_431,11,7,0,0,28.0,Cloudy,Field A
2022-08-11,17:00,Cow_432,10,2,3,0,28.0,Cloudy,Field B
2022-08-11,17:00,Cow_433,11,0,6,0,28.0,Cloudy,Field B
2022-08-11,17:00,Cow_434,1,9,5,0,28.0,Cloudy,Field B
2022-08-11,17:00,Cow_435,5,8,2,0,28.0,Cloudy,Field B
2022-08-11,17:00,Cow_436,5,3,7,0,28.0,Cloudy,Field C
2022-08-11,17:00,Cow_437,8,8,0,0,28.0,Cloudy,Field B
2022-08-11,17:00,Cow_438,7,3,5,0,28.0,Cloudy,Field C
2022-08-11,17:00,Cow_439,11,10,0,0,28.0,Cloudy,Field A
2022-08-11,17:00,Cow_440,1,7,7,0,28.0,Cloudy,Field C
2022-08-11,17:00,Cow_441,4,4,7,0,28.0,Cloudy,Field A
2022-08-11,17:00,Cow_442,3,5,7,0,28.0,Cloudy,Field C
2022-08-11,17:00,Cow_443,7,8,0,0,28.0,Cloudy,Field A
2022-08-11,17:00,Cow_444,0,0,0,15,28.0,Cloudy,Field C
2022-08-11,17:00,Cow_445,11,1,3,0,28.0,Cloudy,Field B
2022-08-11,17:00,Cow_446,14,7,0,0,28.0,Cloudy,Field A
2022-08-11,17:00,Cow_447,3,4,8,0,28.0,Cloudy,Field B
2022-08-11,17:00,Cow_448,7,8,0,0,28.0,Cloudy,Field C
2022-08-11,17:00,Cow_449,13,3,0,0,28.0,Cloudy,Field B
2022-08-11,17:00,Cow_450,5,7,3,0,28.0,Cloudy,Field C
2022-08-11,17:00,Cow_451,7,3,5,0,28.0,Cloudy,Field B
2022-08-11,17:00,Cow_452,8,5,2,0,28.0,Cloudy,Field B
2022-08-11,17:00,Cow_453,5,4,6,0,28.0,Cloudy,Field A
2022-08-11,17:00,Cow_454,10,0,8,0,28.0,Cloudy,Field B
2022-08-11,17:00,Cow_455,6,1,8,0,28.0,Cloudy,Field C
2022-08-11,17:00,Cow_456,10,9,0,0,28.0,Cloudy,Field B
2022-08-11,17:00,Cow_457,14,7,0,0,28.0,Cloudy,Field A
2022-08-11,17:00,Cow_458,11,8,0,0,28.0,Cloudy,Field C
2022-08-11,17:00,Cow_459,7,5,3,0,28.0,Cloudy,Field C
2022-08-11,17:00,Cow_460,3,9,3,0,28.0,Cloudy,Field A
2022-08-11,17:00,Cow_461,0,0,0,15,28.0,Cloudy,Field C
2022-08-11,17:00,Cow_462,6,5,4,0,28.0,Cloudy,Field C
2022-08-11,17:00,Cow_463,0,0,0,15,28.0,Cloudy,Field B
2022-08-11,17:00,Cow_464,9,7,0,0,28.0,Cloudy,Field C
2022-08-11,17:00,Cow_465,3,4,8,0,28.0,Cloudy,Field B
2022-08-11,17:00,Cow_466,3,4,8,0,28.0,Cloudy,Field C
2022-08-11,17:00,Cow_467,6,6,3,0,28.0,Cloudy,Field A
2022-08-11,17:00,Cow_468,8,2,5,0,28.0,Cloudy,Field A
2022-08-11,17:00,Cow_469,13,0,6,0,28.0,Cloudy,Field C
2022-08-11,17:00,Cow_470,3,7,5,0,28.0,Cloudy,Field A
2022-08-11,17:00,Cow_471,13,8,0,0,28.0,Cloudy,Field C
2022-08-11,17:00,Cow_472,12,4,0,0,28.0,Cloudy,Field C
2022-08-11,17:00,Cow_473,0,0,0,15,28.0,Cloudy,Field C
2022-08-11,17:00,Cow_474,6,6,3,0,28.0,Cloudy,Field B
2022-08-11,17:00,Cow_475,7,4,4,0,28.0,Cloudy,Field A
2022-08-11,17:00,Cow_476,5,4,6,0,28.0,Cloudy,Field B
2022-08-11,17:00,Cow_477,11,1,3,0,28.0,Cloudy,Field A
2022-08-11,17:00,Cow_478,10,0,5,0,28.0,Cloudy,Field A
2022-08-11,17:00,Cow_479,0,12,10,0,28.0,Cloudy,Field B
2022-08-11,17:00,Cow_480,14,9,0,0,28.0,Cloudy,Field B
2022-08-11,17:00,Cow_481,7,3,5,0,28.0,Cloudy,Field B
2022-08-11,17:00,Cow_482,10,2,3,0,28.0,Cloudy,Field A
2022-08-11,17:00,Cow_483,5,7,3,0,28.0,Cloudy,Field C
2022-08-11,17:00,Cow_484,9,2,4,0,28.0,Cloudy,Field C
2022-08-11,17:00,Cow_485,6,9,0,0,28.0,Cloudy,Field A
2022-08-11,17:00,Cow_486,6,3,6,0,28.0,Cloudy,Field B
2022-08-11,17:00,Cow_487,2,8,5,0,28.0,Cloudy,Field B
2022-08-11,17:00,Cow_488,0,0,0,15,28.0,Cloudy,Field B
2022-08-11,17:00,Cow_489,10,4,1,0,28.0,Cloudy,Field C
2022-08-11,17:00,Cow_490,14,0,7,0,28.0,Cloudy,Field B
2022-08-11,17:00,Cow_491,2,10,3,0,28.0,Cloudy,Field A
2022-08-11,17:00,Cow_492,14,0,6,0,28.0,Cloudy,Field A
2022-08-11,17:00,Cow_493,2,5,8,0,28.0,Cloudy,Field A
2022-08-11,17:00,Cow_494,0,0,0,15,28.0,Cloudy,Field C
2022-08-11,17:00,Cow_495,11,7,0,0,28.0,Cloudy,Field C
2022-08-11,17:00,Cow_496,6,3,6,0,28.0,Cloudy,Field C
2022-08-11,17:00,Cow_497,6,6,3,0,28.0,Cloudy,Field C
2022-08-11,17:00,Cow_498,8,3,4,0,28.0,Cloudy,Field C
2022-08-11,17:00,Cow_499,0,10,8,0,28.0,Cloudy,Field A
2022-08-11,17:00,Cow_500,1,7,7,0,28.0,Cloudy,Field A
2022-08-11,17:15,Cow_1,12,5,0,0,34.4,Rainy,Field B
2022-08-11,17:15,Cow_2,2,5,8,0,34.4,Rainy,Field B
2022-08-11,17:15,Cow_3,2,6,7,0,34.4,Rainy,Field C
2022-08-11,17:15,Cow_4,0,0,0,15,34.4,Rainy,Field C
2022-08-11,17:15,Cow_5,11,3,1,0,34.4,Rainy,Field C
2022-08-11,17:15,Cow_6,0,9,7,0,34.4,Rainy,Field C
2022-08-11,17:15,Cow_7,13,0,3,0,34.4,Rainy,Field C
2022-08-11,17:15,Cow_8,10,9,0,0,34.4,Rainy,Field C
2022-08-11,17:15,Cow_9,5,5,5,0,34.4,Rainy,Field B
2022-08-11,17:15,Cow_10,0,10,7,0,34.4,Rainy,Field B
2022-08-11,17:15,Cow_11,8,8,0,0,34.4,Rainy,Field A
2022-08-11,17:15,Cow_12,7,4,4,0,34.4,Rainy,Field C
2022-08-11,17:15,Cow_13,7,0,8,0,34.4,Rainy,Field A
2022-08-11,17:15,Cow_14,0,10,7,0,34.4,Rainy,Field B
2022-08-11,17:15,Cow_15,4,6,5,0,34.4,Rainy,Field B
2022-08-11,17:15,Cow_16,14,0,5,0,34.4,Rainy,Field A
2022-08-11,17:15,Cow_17,0,0,0,15,34.4,Rainy,Field C
2022-08-11,17:15,Cow_18,2,11,2,0,34.4,Rainy,Field A
2022-08-11,17:15,Cow_19,8,4,3,0,34.4,Rainy,Field C
2022-08-11,17:15,Cow_20,0,0,0,15,34.4,Rainy,Field A
2022-08-11,17:15,Cow_21,14,0,10,0,34.4,Rainy,Field C
2022-08-11,17:15,Cow_22,9,0,7,0,34.4,Rainy,Field A
2022-08-11,17:15,Cow_23,5,3,7,0,34.4,Rainy,Field C
2022-08-11,17:15,Cow_24,9,3,3,0,34.4,Rainy,Field C
2022-08-11,17:15,Cow_25,12,0,8,0,34.4,Rainy,Field C
2022-08-11,17:15,Cow_26,6,6,3,0,34.4,Rainy,Field B
2022-08-11,17:15,Cow_27,7,6,2,0,34.4,Rainy,Field B
2022-08-11,17:15,Cow_28,12,9,0,0,34.4,Rainy,Field C
2022-08-11,17:15,Cow_29,13,0,7,0,34.4,Rainy,Field C
2022-08-11,17:15,Cow_30,7,1,7,0,34.4,Rainy,Field A
2022-08-11,17:15,Cow_31,6,3,6,0,34.4,Rainy,Field A
2022-08-11,17:15,Cow_32,6,5,4,0,34.4,Rainy,Field A
2022-08-11,17:15,Cow_33,13,8,0,0,34.4,Rainy,Field C
2022-08-11,17:15,Cow_34,9,4,2,0,34.4,Rainy,Field A
2022-08-11,17:15,Cow_35,11,8,0,0,34.4,Rainy,Field B
2022-08-11,17:15,Cow_36,1,9,5,0,34.4,Rainy,Field C
2022-08-11,17:15,Cow_37,9,1,5,0,34.4,Rainy,Field A
2022-08-11,17:15,Cow_38,7,3,5,0,34.4,Rainy,Field C
2022-08-11,17:15,Cow_39,12,0,5,0,34.4,Rainy,Field A
2022-08-11,17:15,Cow_40,7,9,0,0,34.4,Rainy,Field A
2022-08-11,17:15,Cow_41,8,4,3,0,34.4,Rainy,Field A
2022-08-11,17:15,Cow_42,0,8,7,0,34.4,Rainy,Field C
2022-08-11,17:15,Cow_43,14,10,0,0,34.4,Rainy,Field B
2022-08-11,17:15,Cow_44,9,0,7,0,34.4,Rainy,Field A
2022-08-11,17:15,Cow_45,12,9,0,0,34.4,Rainy,Field C
2022-08-11,17:15,Cow_46,6,8,1,0,34.4,Rainy,Field B
2022-08-11,17:15,Cow_47,3,5,7,0,34.4,Rainy,Field C
2022-08-11,17:15,Cow_48,0,0,0,15,34.4,Rainy,Field C
2022-08-11,17:15,Cow_49,10,10,0,0,34.4,Rainy,Field C
2022-08-11,17:15,Cow_50,14,4,0,0,34.4,Rainy,Field A
2022-08-11,17:15,Cow_51,10,5,0,0,34.4,Rainy,Field C
2022-08-11,17:15,Cow_52,13,0,7,0,34.4,Rainy,Field C
2022-08-11,17:15,Cow_53,6,9,0,0,34.4,Rainy,Field C
2022-08-11,17:15,Cow_54,0,9,9,0,34.4,Rainy,Field C
2022-08-11,17:15,Cow_55,11,0,5,0,34.4,Rainy,Field B
2022-08-11,17:15,Cow_56,0,0,0,15,34.4,Rainy,Field A
2022-08-11,17:15,Cow_57,5,5,5,0,34.4,Rainy,Field A
2022-08-11,17:15,Cow_58,4,7,4,0,34.4,Rainy,Field B
2022-08-11,17:15,Cow_59,5,6,4,0,34.4,Rainy,Field B
2022-08-11,17:15,Cow_60,8,5,2,0,34.4,Rainy,Field B
2022-08-11,17:15,Cow_61,0,0,0,15,34.4,Rainy,Field A
2022-08-11,17:15,Cow_62,0,9,6,0,34.4,Rainy,Field A
2022-08-11,17:15,Cow_63,6,5,4,0,34.4,Rainy,Field B
2022-08-11,17:15,Cow_64,5,2,8,0,34.4,Rainy,Field C
2022-08-11,17:15,Cow_65,8,4,3,0,34.4,Rainy,Field A
2022-08-11,17:15,Cow_66,6,6,3,0,34.4,Rainy,Field A
2022-08-11,17:15,Cow_67,6,4,5,0,34.4,Rainy,Field B
2022-08-11,17:15,Cow_68,0,0,0,15,34.4,Rainy,Field A
2022-08-11,17:15,Cow_69,7,1,7,0,34.4,Rainy,Field C
2022-08-11,17:15,Cow_70,14,9,0,0,34.4,Rainy,Field A
2022-08-11,17:15,Cow_71,7,1,7,0,34.4,Rainy,Field A
2022-08-11,17:15,Cow_72,5,7,3,0,34.4,Rainy,Field A
2022-08-11,17:15,Cow_73,5,5,5,0,34.4,Rainy,Field C
2022-08-11,17:15,Cow_74,0,10,7,0,34.4,Rainy,Field A
2022-08-11,17:15,Cow_75,11,10,0,0,34.4,Rainy,Field B
2022-08-11,17:15,Cow_76,0,0,0,15,34.4,Rainy,Field A
2022-08-11,17:15,Cow_77,9,0,8,0,34.4,Rainy,Field A
2022-08-11,17:15,Cow_78,14,0,5,0,34.4,Rainy,Field B
2022-08-11,17:15,Cow_79,11,7,0,0,34.4,Rainy,Field C
2022-08-11,17:15,Cow_80,7,0,8,0,34.4,Rainy,Field C
2022-08-11,17:15,Cow_81,14,0,4,0,34.4,Rainy,Field A
2022-08-11,17:15,Cow_82,6,5,4,0,34.4,Rainy,Field C
2022-08-11,17:15,Cow_83,5,6,4,0,34.4,Rainy,Field B
2022-08-11,17:15,Cow_84,7,3,5,0,34.4,Rainy,Field B
2022-08-11,17:15,Cow_85,7,2,6,0,34.4,Rainy,Field B
2022-08-11,17:15,Cow_86,0,0,0,15,34.4,Rainy,Field C
2022-08-11,17:15,Cow_87,4,7,4,0,34.4,Rainy,Field C
2022-08-11,17:15,Cow_88,0,7,8,0,34.4,Rainy,Field B
2022-08-11,17:15,Cow_89,13,0,7,0,34.4,Rainy,Field C
2022-08-11,17:15,Cow_90,0,8,7,0,34.4,Rainy,Field B
2022-08-11,17:15,Cow_91,6,4,5,0,34.4,Rainy,Field B
2022-08-11,17:15,Cow_92,13,9,0,0,34.4,Rainy,Field A
2022-08-11,17:15,Cow_93,13,9,0,0,34.4,Rainy,Field C
2022-08-11,17:15,Cow_94,8,10,0,0,34.4,Rainy,Field C
2022-08-11,17:15,Cow_95,7,4,4,0,34.4,Rainy,Field C
2022-08-11,17:15,Cow_96,14,10,0,0,34.4,Rainy,Field C
2022-08-11,17:15,Cow_97,10,9,0,0,34.4,Rainy,Field C
2022-08-11,17:15,Cow_98,1,9,5,0,34.4,Rainy,Field A
2022-08-11,17:15,Cow_99,5,4,6,0,34.4,Rainy,Field B
2022-08-11,17:15,Cow_100,1,10,4,0,34.4,Rainy,Field B
2022-08-11,17:15,Cow_101,6,4,5,0,34.4,Rainy,Field B
2022-08-11,17:15,Cow_102,1,8,6,0,34.4,Rainy,Field A
2022-08-11,17:15,Cow_103,14,0,8,0,34.4,Rainy,Field C
2022-08-11,17:15,Cow_104,0,9,8,0,34.4,Rainy,Field B
2022-08-11,17:15,Cow_105,12,10,0,0,34.4,Rainy,Field B
2022-08-11,17:15,Cow_106,8,6,1,0,34.4,Rainy,Field C
2022-08-11,17:15,Cow_107,13,3,0,0,34.4,Rainy,Field A
2022-08-11,17:15,Cow_108,2,9,4,0,34.4,Rainy,Field C
2022-08-11,17:15,Cow_109,10,0,5,0,34.4,Rainy,Field A
2022-08-11,17:15,Cow_110,0,0,0,15,34.4,Rainy,Field B
2022-08-11,17:15,Cow_111,2,8,5,0,34.4,Rainy,Field C
2022-08-11,17:15,Cow_112,8,3,4,0,34.4,Rainy,Field A
2022-08-11,17:15,Cow_113,11,9,0,0,34.4,Rainy,Field B
2022-08-11,17:15,Cow_114,6,6,3,0,34.4,Rainy,Field A
2022-08-11,17:15,Cow_115,3,9,3,0,34.4,Rainy,Field B
2022-08-11,17:15,Cow_116,12,7,0,0,34.4,Rainy,Field C
2022-08-11,17:15,Cow_117,12,9,0,0,34.4,Rainy,Field A
2022-08-11,17:15,Cow_118,7,5,3,0,34.4,Rainy,Field C
2022-08-11,17:15,Cow_119,1,8,6,0,34.4,Rainy,Field C
2022-08-11,17:15,Cow_120,8,4,3,0,34.4,Rainy,Field A
2022-08-11,17:15,Cow_121,13,5,0,0,34.4,Rainy,Field C
2022-08-11,17:15,Cow_122,11,0,6,0,34.4,Rainy,Field A
2022-08-11,17:15,Cow_123,12,0,6,0,34.4,Rainy,Field C
2022-08-11,17:15,Cow_124,6,4,5,0,34.4,Rainy,Field A
2022-08-11,17:15,Cow_125,5,3,7,0,34.4,Rainy,Field C
2022-08-11,17:15,Cow_126,5,7,3,0,34.4,Rainy,Field A
2022-08-11,17:15,Cow_127,12,10,0,0,34.4,Rainy,Field A
2022-08-11,17:15,Cow_128,12,0,3,0,34.4,Rainy,Field C
2022-08-11,17:15,Cow_129,4,8,3,0,34.4,Rainy,Field B
2022-08-11,17:15,Cow_130,7,1,7,0,34.4,Rainy,Field A
2022-08-11,17:15,Cow_131,5,3,7,0,34.4,Rainy,Field C
2022-08-11,17:15,Cow_132,5,6,4,0,34.4,Rainy,Field A
2022-08-11,17:15,Cow_133,13,6,0,0,34.4,Rainy,Field C
2022-08-11,17:15,Cow_134,11,1,3,0,34.4,Rainy,Field A
2022-08-11,17:15,Cow_135,12,0,5,0,34.4,Rainy,Field B
2022-08-11,17:15,Cow_136,14,0,6,0,34.4,Rainy,Field B
2022-08-11,17:15,Cow_137,7,8,0,0,34.4,Rainy,Field C
2022-08-11,17:15,Cow_138,13,0,7,0,34.4,Rainy,Field A
2022-08-11,17:15,Cow_139,10,5,0,0,34.4,Rainy,Field B
2022-08-11,17:15,Cow_140,13,0,6,0,34.4,Rainy,Field A
2022-08-11,17:15,Cow_141,0,10,7,0,34.4,Rainy,Field C
2022-08-11,17:15,Cow_142,9,0,6,0,34.4,Rainy,Field A
2022-08-11,17:15,Cow_143,0,8,8,0,34.4,Rainy,Field A
2022-08-11,17:15,Cow_144,14,0,5,0,34.4,Rainy,Field C
2022-08-11,17:15,Cow_145,12,4,0,0,34.4,Rainy,Field B
2022-08-11,17:15,Cow_146,14,8,0,0,34.4,Rainy,Field C
2022-08-11,17:15,Cow_147,0,9,7,0,34.4,Rainy,Field C
2022-08-11,17:15,Cow_148,6,10,0,0,34.4,Rainy,Field C
2022-08-11,17:15,Cow_149,7,3,5,0,34.4,Rainy,Field B
2022-08-11,17:15,Cow_150,5,2,8,0,34.4,Rainy,Field B
2022-08-11,17:15,Cow_151,6,5,4,0,34.4,Rainy,Field B
2022-08-11,17:15,Cow_152,8,6,1,0,34.4,Rainy,Field B
2022-08-11,17:15,Cow_153,0,0,0,15,34.4,Rainy,Field A
2022-08-11,17:15,Cow_154,0,0,0,15,34.4,Rainy,Field A
2022-08-11,17:15,Cow_155,13,9,0,0,34.4,Rainy,Field B
2022-08-11,17:15,Cow_156,6,6,3,0,34.4,Rainy,Field B
2022-08-11,17:15,Cow_157,0,0,0,15,34.4,Rainy,Field C
2022-08-11,17:15,Cow_158,9,3,3,0,34.4,Rainy,Field B
2022-08-11,17:15,Cow_159,0,0,0,15,34.4,Rainy,Field A
2022-08-11,17:15,Cow_160,6,4,5,0,34.4,Rainy,Field A
2022-08-11,17:15,Cow_161,10,5,0,0,34.4,Rainy,Field B
2022-08-11,17:15,Cow_162,13,8,0,0,34.4,Rainy,Field B
2022-08-11,17:15,Cow_163,13,0,7,0,34.4,Rainy,Field B
2022-08-11,17:15,Cow_164,7,5,3,0,34.4,Rainy,Field C
2022-08-11,17:15,Cow_165,8,3,4,0,34.4,Rainy,Field A
2022-08-11,17:15,Cow_166,10,4,1,0,34.4,Rainy,Field C
2022-08-11,17:15,Cow_167,6,5,4,0,34.4,Rainy,Field B
2022-08-11,17:15,Cow_168,14,0,6,0,34.4,Rainy,Field B
2022-08-11,17:15,Cow_169,4,6,5,0,34.4,Rainy,Field A
2022-08-11,17:15,Cow_170,0,10,8,0,34.4,Rainy,Field A
2022-08-11,17:15,Cow_171,7,4,4,0,34.4,Rainy,Field A
2022-08-11,17:15,Cow_172,3,8,4,0,34.4,Rainy,Field B
2022-08-11,17:15,Cow_173,0,9,7,0,34.4,Rainy,Field A
2022-08-11,17:15,Cow_174,6,6,3,0,34.4,Rainy,Field B
2022-08-11,17:15,Cow_175,14,6,0,0,34.4,Rainy,Field C
2022-08-11,17:15,Cow_176,13,0,7,0,34.4,Rainy,Field B
2022-08-11,17:15,Cow_177,11,0,8,0,34.4,Rainy,Field A
2022-08-11,17:15,Cow_178,6,8,1,0,34.4,Rainy,Field A
2022-08-11,17:15,Cow_179,13,0,4,0,34.4,Rainy,Field C
2022-08-11,17:15,Cow_180,6,3,6,0,34.4,Rainy,Field A
2022-08-11,17:15,Cow_181,6,5,4,0,34.4,Rainy,Field A
2022-08-11,17:15,Cow_182,5,4,6,0,34.4,Rainy,Field A
2022-08-11,17:15,Cow_183,5,2,8,0,34.4,Rainy,Field B
2022-08-11,17:15,Cow_184,14,0,5,0,34.4,Rainy,Field B
2022-08-11,17:15,Cow_185,11,10,0,0,34.4,Rainy,Field A
2022-08-11,17:15,Cow_186,5,10,0,0,34.4,Rainy,Field B
2022-08-11,17:15,Cow_187,6,3,6,0,34.4,Rainy,Field C
2022-08-11,17:15,Cow_188,9,8,0,0,34.4,Rainy,Field A
2022-08-11,17:15,Cow_189,6,6,3,0,34.4,Rainy,Field A
2022-08-11,17:15,Cow_190,0,9,8,0,34.4,Rainy,Field C
2022-08-11,17:15,Cow_191,12,0,7,0,34.4,Rainy,Field B
2022-08-11,17:15,Cow_192,7,9,0,0,34.4,Rainy,Field C
2022-08-11,17:15,Cow_193,6,5,4,0,34.4,Rainy,Field A
2022-08-11,17:15,Cow_194,14,8,0,0,34.4,Rainy,Field A
2022-08-11,17:15,Cow_195,5,9,1,0,34.4,Rainy,Field C
2022-08-11,17:15,Cow_196,13,7,0,0,34.4,Rainy,Field C
2022-08-11,17:15,Cow_197,5,7,3,0,34.4,Rainy,Field A
2022-08-11,17:15,Cow_198,7,4,4,0,34.4,Rainy,Field B
2022-08-11,17:15,Cow_199,6,7,2,0,34.4,Rainy,Field C
2022-08-11,17:15,Cow_200,8,4,3,0,34.4,Rainy,Field C
2022-08-11,17:15,Cow_201,8,4,3,0,34.4,Rainy,Field B
2022-08-11,17:15,Cow_202,14,4,0,0,34.4,Rainy,Field A
2022-08-11,17:15,Cow_203,10,7,0,0,34.4,Rainy,Field A
2022-08-11,17:15,Cow_204,6,6,3,0,34.4,Rainy,Field A
2022-08-11,17:15,Cow_205,8,5,2,0,34.4,Rainy,Field A
2022-08-11,17:15,Cow_206,11,7,0,0,34.4,Rainy,Field A
2022-08-11,17:15,Cow_207,2,5,8,0,34.4,Rainy,Field C
2022-08-11,17:15,Cow_208,4,7,4,0,34.4,Rainy,Field B
2022-08-11,17:15,Cow_209,10,10,0,0,34.4,Rainy,Field C
2022-08-11,17:15,Cow_210,7,7,1,0,34.4,Rainy,Field A
2022-08-11,17:15,Cow_211,0,0,0,15,34.4,Rainy,Field A
2022-08-11,17:15,Cow_212,6,3,6,0,34.4,Rainy,Field A
2022-08-11,17:15,Cow_213,12,4,0,0,34.4,Rainy,Field C
2022-08-11,17:15,Cow_214,12,3,0,0,34.4,Rainy,Field B
2022-08-11,17:15,Cow_215,4,8,3,0,34.4,Rainy,Field C
2022-08-11,17:15,Cow_216,13,0,7,0,34.4,Rainy,Field A
2022-08-11,17:15,Cow_217,5,9,1,0,34.4,Rainy,Field A
2022-08-11,17:15,Cow_218,7,3,5,0,34.4,Rainy,Field C
2022-08-11,17:15,Cow_219,0,10,6,0,34.4,Rainy,Field B
2022-08-11,17:15,Cow_220,10,1,4,0,34.4,Rainy,Field B
2022-08-11,17:15,Cow_221,5,4,6,0,34.4,Rainy,Field B
2022-08-11,17:15,Cow_222,14,0,8,0,34.4,Rainy,Field A
2022-08-11,17:15,Cow_223,8,9,0,0,34.4,Rainy,Field B
2022-08-11,17:15,Cow_224,11,8,0,0,34.4,Rainy,Field B
2022-08-11,17:15,Cow_225,5,6,4,0,34.4,Rainy,Field A
2022-08-11,17:15,Cow_226,5,6,4,0,34.4,Rainy,Field C
2022-08-11,17:15,Cow_227,10,0,6,0,34.4,Rainy,Field B
2022-08-11,17:15,Cow_228,12,10,0,0,34.4,Rainy,Field C
2022-08-11,17:15,Cow_229,6,4,5,0,34.4,Rainy,Field A
2022-08-11,17:15,Cow_230,12,0,7,0,34.4,Rainy,Field A
2022-08-11,17:15,Cow_231,3,7,5,0,34.4,Rainy,Field C
2022-08-11,17:15,Cow_232,7,5,3,0,34.4,Rainy,Field B
2022-08-11,17:15,Cow_233,0,0,0,15,34.4,Rainy,Field A
2022-08-11,17:15,Cow_234,5,6,4,0,34.4,Rainy,Field A
2022-08-11,17:15,Cow_235,12,0,6,0,34.4,Rainy,Field C
2022-08-11,17:15,Cow_236,10,0,7,0,34.4,Rainy,Field B
2022-08-11,17:15,Cow_237,7,4,4,0,34.4,Rainy,Field B
2022-08-11,17:15,Cow_238,6,10,0,0,34.4,Rainy,Field A
2022-08-11,17:15,Cow_239,12,8,0,0,34.4,Rainy,Field B
2022-08-11,17:15,Cow_240,10,7,0,0,34.4,Rainy,Field B
2022-08-11,17:15,Cow_241,8,3,4,0,34.4,Rainy,Field C
2022-08-11,17:15,Cow_242,10,10,0,0,34.4,Rainy,Field C
2022-08-11,17:15,Cow_243,12,8,0,0,34.4,Rainy,Field A
2022-08-11,17:15,Cow_244,9,3,3,0,34.4,Rainy,Field C
2022-08-11,17:15,Cow_245,4,4,7,0,34.4,Rainy,Field B
2022-08-11,17:15,Cow_246,0,0,0,15,34.4,Rainy,Field B
2022-08-11,17:15,Cow_247,9,4,2,0,34.4,Rainy,Field A
2022-08-11,17:15,Cow_248,9,3,3,0,34.4,Rainy,Field C
2022-08-11,17:15,Cow_249,7,4,4,0,34.4,Rainy,Field C
2022-08-11,17:15,Cow_250,4,8,3,0,34.4,Rainy,Field C
2022-08-11,17:15,Cow_251,4,4,7,0,34.4,Rainy,Field A
2022-08-11,17:15,Cow_252,12,4,0,0,34.4,Rainy,Field B
2022-08-11,17:15,Cow_253,6,6,3,0,34.4,Rainy,Field B
2022-08-11,17:15,Cow_254,14,4,0,0,34.4,Rainy,Field A
2022-08-11,17:15,Cow_255,9,8,0,0,34.4,Rainy,Field C
2022-08-11,17:15,Cow_256,5,5,5,0,34.4,Rainy,Field A
2022-08-11,17:15,Cow_257,9,2,4,0,34.4,Rainy,Field B
2022-08-11,17:15,Cow_258,5,6,4,0,34.4,Rainy,Field A
2022-08-11,17:15,Cow_259,12,5,0,0,34.4,Rainy,Field A
2022-08-11,17:15,Cow_260,10,4,1,0,34.4,Rainy,Field C
2022-08-11,17:15,Cow_261,6,3,6,0,34.4,Rainy,Field C
2022-08-11,17:15,Cow_262,10,3,2,0,34.4,Rainy,Field A
2022-08-11,17:15,Cow_263,5,7,3,0,34.4,Rainy,Field C
2022-08-11,17:15,Cow_264,14,0,3,0,34.4,Rainy,Field A
2022-08-11,17:15,Cow_265,6,2,7,0,34.4,Rainy,Field C
2022-08-11,17:15,Cow_266,12,5,0,0,34.4,Rainy,Field B
2022-08-11,17:15,Cow_267,0,0,0,15,34.4,Rainy,Field C
2022-08-11,17:15,Cow_268,8,10,0,0,34.4,Rainy,Field A
2022-08-11,17:15,Cow_269,7,5,3,0,34.4,Rainy,Field B
2022-08-11,17:15,Cow_270,0,0,0,15,34.4,Rainy,Field A
2022-08-11,17:15,Cow_271,1,9,5,0,34.4,Rainy,Field A
2022-08-11,17:15,Cow_272,12,4,0,0,34.4,Rainy,Field B
2022-08-11,17:15,Cow_273,8,1,6,0,34.4,Rainy,Field A
2022-08-11,17:15,Cow_274,12,0,3,0,34.4,Rainy,Field C
2022-08-11,17:15,Cow_275,2,9,4,0,34.4,Rainy,Field B
2022-08-11,17:15,Cow_276,8,9,0,0,34.4,Rainy,Field C
2022-08-11,17:15,Cow_277,0,0,0,15,34.4,Rainy,Field A
2022-08-11,17:15,Cow_278,0,0,0,15,34.4,Rainy,Field B
2022-08-11,17:15,Cow_279,6,6,3,0,34.4,Rainy,Field C
2022-08-11,17:15,Cow_280,3,7,5,0,34.4,Rainy,Field C
2022-08-11,17:15,Cow_281,11,0,7,0,34.4,Rainy,Field A
2022-08-11,17:15,Cow_282,13,5,0,0,34.4,Rainy,Field C
2022-08-11,17:15,Cow_283,8,1,6,0,34.4,Rainy,Field C
2022-08-11,17:15,Cow_284,5,9,1,0,34.4,Rainy,Field C
2022-08-11,17:15,Cow_285,14,9,0,0,34.4,Rainy,Field C
2022-08-11,17:15,Cow_286,0,10,8,0,34.4,Rainy,Field B
2022-08-11,17:15,Cow_287,11,0,4,0,34.4,Rainy,Field C
2022-08-11,17:15,Cow_288,6,3,6,0,34.4,Rainy,Field B
2022-08-11,17:15,Cow_289,5,8,2,0,34.4,Rainy,Field B
2022-08-11,17:15,Cow_290,3,4,8,0,34.4,Rainy,Field B
2022-08-11,17:15,Cow_291,9,2,4,0,34.4,Rainy,Field A
2022-08-11,17:15,Cow_292,12,8,0,0,34.4,Rainy,Field B
2022-08-11,17:15,Cow_293,13,5,0,0,34.4,Rainy,Field B
2022-08-11,17:15,Cow_294,8,3,4,0,34.4,Rainy,Field C
2022-08-11,17:15,Cow_295,1,8,6,0,34.4,Rainy,Field B
2022-08-11,17:15,Cow_296,5,6,4,0,34.4,Rainy,Field C
2022-08-11,17:15,Cow_297,0,10,7,0,34.4,Rainy,Field A
2022-08-11,17:15,Cow_298,5,4,6,0,34.4,Rainy,Field A
2022-08-11,17:15,Cow_299,6,5,4,0,34.4,Rainy,Field C
2022-08-11,17:15,Cow_300,5,4,6,0,34.4,Rainy,Field B
2022-08-11,17:15,Cow_301,1,9,5,0,34.4,Rainy,Field A
2022-08-11,17:15,Cow_302,2,6,7,0,34.4,Rainy,Field C
2022-08-11,17:15,Cow_303,13,10,0,0,34.4,Rainy,Field A
2022-08-11,17:15,Cow_304,4,3,8,0,34.4,Rainy,Field A
2022-08-11,17:15,Cow_305,11,6,0,0,34.4,Rainy,Field B
2022-08-11,17:15,Cow_306,3,7,5,0,34.4,Rainy,Field A
2022-08-11,17:15,Cow_307,7,3,5,0,34.4,Rainy,Field B
2022-08-11,17:15,Cow_308,7,4,4,0,34.4,Rainy,Field C
2022-08-11,17:15,Cow_309,0,10,5,0,34.4,Rainy,Field B
2022-08-11,17:15,Cow_310,5,6,4,0,34.4,Rainy,Field C
2022-08-11,17:15,Cow_311,0,0,0,15,34.4,Rainy,Field B
2022-08-11,17:15,Cow_312,14,0,7,0,34.4,Rainy,Field B
2022-08-11,17:15,Cow_313,0,0,0,15,34.4,Rainy,Field A
2022-08-11,17:15,Cow_314,0,8,8,0,34.4,Rainy,Field C
2022-08-11,17:15,Cow_315,1,9,5,0,34.4,Rainy,Field A
2022-08-11,17:15,Cow_316,0,7,8,0,34.4,Rainy,Field A
2022-08-11,17:15,Cow_317,0,8,8,0,34.4,Rainy,Field A
2022-08-11,17:15,Cow_318,7,3,5,0,34.4,Rainy,Field C
2022-08-11,17:15,Cow_319,2,7,6,0,34.4,Rainy,Field C
2022-08-11,17:15,Cow_320,0,8,8,0,34.4,Rainy,Field A
2022-08-11,17:15,Cow_321,11,10,0,0,34.4,Rainy,Field A
2022-08-11,17:15,Cow_322,3,6,6,0,34.4,Rainy,Field B
2022-08-11,17:15,Cow_323,6,9,0,0,34.4,Rainy,Field C
2022-08-11,17:15,Cow_324,12,0,5,0,34.4,Rainy,Field C
2022-08-11,17:15,Cow_325,3,4,8,0,34.4,Rainy,Field B
2022-08-11,17:15,Cow_326,4,8,3,0,34.4,Rainy,Field A
2022-08-11,17:15,Cow_327,4,4,7,0,34.4,Rainy,Field C
2022-08-11,17:15,Cow_328,5,6,4,0,34.4,Rainy,Field C
2022-08-11,17:15,Cow_329,13,8,0,0,34.4,Rainy,Field B
2022-08-11,17:15,Cow_330,0,0,0,15,34.4,Rainy,Field B
2022-08-11,17:15,Cow_331,6,3,6,0,34.4,Rainy,Field B
2022-08-11,17:15,Cow_332,10,3,2,0,34.4,Rainy,Field C
2022-08-11,17:15,Cow_333,0,0,0,15,34.4,Rainy,Field A
2022-08-11,17:15,Cow_334,13,0,6,0,34.4,Rainy,Field C
2022-08-11,17:15,Cow_335,10,4,1,0,34.4,Rainy,Field C
2022-08-11,17:15,Cow_336,4,4,7,0,34.4,Rainy,Field C
2022-08-11,17:15,Cow_337,4,5,6,0,34.4,Rainy,Field A
2022-08-11,17:15,Cow_338,3,5,7,0,34.4,Rainy,Field C
2022-08-11,17:15,Cow_339,8,3,4,0,34.4,Rainy,Field A
2022-08-11,17:15,Cow_340,5,3,7,0,34.4,Rainy,Field C
2022-08-11,17:15,Cow_341,13,0,4,0,34.4,Rainy,Field C
2022-08-11,17:15,Cow_342,0,8,8,0,34.4,Rainy,Field A
2022-08-11,17:15,Cow_343,1,7,7,0,34.4,Rainy,Field B
2022-08-11,17:15,Cow_344,9,3,3,0,34.4,Rainy,Field A
2022-08-11,17:15,Cow_345,6,5,4,0,34.4,Rainy,Field B
2022-08-11,17:15,Cow_346,13,9,0,0,34.4,Rainy,Field C
2022-08-11,17:15,Cow_347,9,3,3,0,34.4,Rainy,Field A
2022-08-11,17:15,Cow_348,12,10,0,0,34.4,Rainy,Field C
2022-08-11,17:15,Cow_349,7,3,5,0,34.4,Rainy,Field A
2022-08-11,17:15,Cow_350,12,0,5,0,34.4,Rainy,Field C
2022-08-11,17:15,Cow_351,9,2,4,0,34.4,Rainy,Field A
2022-08-11,17:15,Cow_352,10,2,3,0,34.4,Rainy,Field A
2022-08-11,17:15,Cow_353,0,0,0,15,34.4,Rainy,Field A
2022-08-11,17:15,Cow_354,9,9,0,0,34.4,Rainy,Field C
2022-08-11,17:15,Cow_355,0,0,0,15,34.4,Rainy,Field C
2022-08-11,17:15,Cow_356,6,6,3,0,34.4,Rainy,Field A
2022-08-11,17:15,Cow_357,12,3,0,0,34.4,Rainy,Field C
2022-08-11,17:15,Cow_358,0,0,0,15,34.4,Rainy,Field C
2022-08-11,17:15,Cow_359,5,0,10,0,34.4,Rainy,Field C
2022-08-11,17:15,Cow_360,3,8,4,0,34.4,Rainy,Field A
2022-08-11,17:15,Cow_361,11,1,3,0,34.4,Rainy,Field C
2022-08-11,17:15,Cow_362,10,0,5,0,34.4,Rainy,Field B
2022-08-11,17:15,Cow_363,1,12,2,0,34.4,Rainy,Field A
2022-08-11,17:15,Cow_364,8,4,3,0,34.4,Rainy,Field B
2022-08-11,17:15,Cow_365,1,10,4,0,34.4,Rainy,Field C
2022-08-11,17:15,Cow_366,4,6,5,0,34.4,Rainy,Field C
2022-08-11,17:15,Cow_367,2,8,5,0,34.4,Rainy,Field C
2022-08-11,17:15,Cow_368,9,2,4,0,34.4,Rainy,Field C
2022-08-11,17:15,Cow_369,11,7,0,0,34.4,Rainy,Field A
2022-08-11,17:15,Cow_370,0,0,0,15,34.4,Rainy,Field C
2022-08-11,17:15,Cow_371,7,5,3,0,34.4,Rainy,Field B
2022-08-11,17:15,Cow_372,6,1,8,0,34.4,Rainy,Field A
2022-08-11,17:15,Cow_373,7,6,2,0,34.4,Rainy,Field A
2022-08-11,17:15,Cow_374,8,4,3,0,34.4,Rainy,Field C
2022-08-11,17:15,Cow_375,10,4,1,0,34.4,Rainy,Field B
2022-08-11,17:15,Cow_376,9,3,3,0,34.4,Rainy,Field B
2022-08-11,17:15,Cow_377,0,10,6,0,34.4,Rainy,Field A
2022-08-11,17:15,Cow_378,12,0,8,0,34.4,Rainy,Field A
2022-08-11,17:15,Cow_379,6,4,5,0,34.4,Rainy,Field A
2022-08-11,17:15,Cow_380,4,3,8,0,34.4,Rainy,Field B
2022-08-11,17:15,Cow_381,14,12,0,0,34.4,Rainy,Field A
2022-08-11,17:15,Cow_382,5,7,3,0,34.4,Rainy,Field B
2022-08-11,17:15,Cow_383,4,6,5,0,34.4,Rainy,Field A
2022-08-11,17:15,Cow_384,1,9,5,0,34.4,Rainy,Field B
2022-08-11,17:15,Cow_385,8,3,4,0,34.4,Rainy,Field C
2022-08-11,17:15,Cow_386,6,3,6,0,34.4,Rainy,Field B
2022-08-11,17:15,Cow_387,0,0,0,15,34.4,Rainy,Field C
2022-08-11,17:15,Cow_388,6,5,4,0,34.4,Rainy,Field B
2022-08-11,17:15,Cow_389,6,3,6,0,34.4,Rainy,Field A
2022-08-11,17:15,Cow_390,12,7,0,0,34.4,Rainy,Field B
2022-08-11,17:15,Cow_391,15,0,10,0,34.4,Rainy,Field C
2022-08-11,17:15,Cow_392,6,3,6,0,34.4,Rainy,Field A
2022-08-11,17:15,Cow_393,7,4,4,0,34.4,Rainy,Field B
2022-08-11,17:15,Cow_394,0,10,6,0,34.4,Rainy,Field A
2022-08-11,17:15,Cow_395,1,4,10,0,34.4,Rainy,Field B
2022-08-11,17:15,Cow_396,0,10,7,0,34.4,Rainy,Field B
2022-08-11,17:15,Cow_397,14,3,0,0,34.4,Rainy,Field C
2022-08-11,17:15,Cow_398,14,0,4,0,34.4,Rainy,Field B
2022-08-11,17:15,Cow_399,12,0,6,0,34.4,Rainy,Field B
2022-08-11,17:15,Cow_400,7,4,4,0,34.4,Rainy,Field C
2022-08-11,17:15,Cow_401,9,7,0,0,34.4,Rainy,Field C
2022-08-11,17:15,Cow_402,0,9,8,0,34.4,Rainy,Field A
2022-08-11,17:15,Cow_403,5,4,6,0,34.4,Rainy,Field B
2022-08-11,17:15,Cow_404,12,0,6,0,34.4,Rainy,Field C
2022-08-11,17:15,Cow_405,14,4,0,0,34.4,Rainy,Field C
2022-08-11,17:15,Cow_406,10,8,0,0,34.4,Rainy,Field C
2022-08-11,17:15,Cow_407,0,0,0,15,34.4,Rainy,Field C
2022-08-11,17:15,Cow_408,12,0,5,0,34.4,Rainy,Field A
2022-08-11,17:15,Cow_409,0,9,8,0,34.4,Rainy,Field C
2022-08-11,17:15,Cow_410,8,4,3,0,34.4,Rainy,Field C
2022-08-11,17:15,Cow_411,0,7,8,0,34.4,Rainy,Field A
2022-08-11,17:15,Cow_412,8,10,0,0,34.4,Rainy,Field B
2022-08-11,17:15,Cow_413,12,0,5,0,34.4,Rainy,Field C
2022-08-11,17:15,Cow_414,0,0,0,15,34.4,Rainy,Field B
2022-08-11,17:15,Cow_415,12,0,5,0,34.4,Rainy,Field B
2022-08-11,17:15,Cow_416,7,5,3,0,34.4,Rainy,Field C
2022-08-11,17:15,Cow_417,4,3,8,0,34.4,Rainy,Field A
2022-08-11,17:15,Cow_418,5,4,6,0,34.4,Rainy,Field A
2022-08-11,17:15,Cow_419,0,0,0,15,34.4,Rainy,Field A
2022-08-11,17:15,Cow_420,9,2,4,0,34.4,Rainy,Field A
2022-08-11,17:15,Cow_421,8,9,0,0,34.4,Rainy,Field A
2022-08-11,17:15,Cow_422,5,4,6,0,34.4,Rainy,Field A
2022-08-11,17:15,Cow_423,8,0,8,0,34.4,Rainy,Field C
2022-08-11,17:15,Cow_424,10,2,3,0,34.4,Rainy,Field A
2022-08-11,17:15,Cow_425,8,0,8,0,34.4,Rainy,Field B
2022-08-11,17:15,Cow_426,11,0,4,0,34.4,Rainy,Field C
2022-08-11,17:15,Cow_427,3,4,8,0,34.4,Rainy,Field B
2022-08-11,17:15,Cow_428,8,1,6,0,34.4,Rainy,Field B
2022-08-11,17:15,Cow_429,1,7,7,0,34.4,Rainy,Field A
2022-08-11,17:15,Cow_430,6,9,0,0,34.4,Rainy,Field B
2022-08-11,17:15,Cow_431,6,4,5,0,34.4,Rainy,Field B
2022-08-11,17:15,Cow_432,14,0,3,0,34.4,Rainy,Field C
2022-08-11,17:15,Cow_433,1,9,5,0,34.4,Rainy,Field B
2022-08-11,17:15,Cow_434,12,4,0,0,34.4,Rainy,Field A
2022-08-11,17:15,Cow_435,6,5,4,0,34.4,Rainy,Field B
2022-08-11,17:15,Cow_436,7,7,1,0,34.4,Rainy,Field C
2022-08-11,17:15,Cow_437,2,10,3,0,34.4,Rainy,Field B
2022-08-11,17:15,Cow_438,6,6,3,0,34.4,Rainy,Field A
2022-08-11,17:15,Cow_439,11,0,6,0,34.4,Rainy,Field A
2022-08-11,17:15,Cow_440,9,7,0,0,34.4,Rainy,Field B
2022-08-11,17:15,Cow_441,9,0,6,0,34.4,Rainy,Field A
2022-08-11,17:15,Cow_442,0,0,0,15,34.4,Rainy,Field A
2022-08-11,17:15,Cow_443,1,7,7,0,34.4,Rainy,Field C
2022-08-11,17:15,Cow_444,6,4,5,0,34.4,Rainy,Field B
2022-08-11,17:15,Cow_445,5,6,4,0,34.4,Rainy,Field C
2022-08-11,17:15,Cow_446,6,2,7,0,34.4,Rainy,Field C
2022-08-11,17:15,Cow_447,11,0,4,0,34.4,Rainy,Field B
2022-08-11,17:15,Cow_448,7,5,3,0,34.4,Rainy,Field B
2022-08-11,17:15,Cow_449,12,3,0,0,34.4,Rainy,Field A
2022-08-11,17:15,Cow_450,0,9,6,0,34.4,Rainy,Field C
2022-08-11,17:15,Cow_451,10,0,6,0,34.4,Rainy,Field C
2022-08-11,17:15,Cow_452,14,4,0,0,34.4,Rainy,Field B
2022-08-11,17:15,Cow_453,6,4,5,0,34.4,Rainy,Field A
2022-08-11,17:15,Cow_454,13,0,5,0,34.4,Rainy,Field A
2022-08-11,17:15,Cow_455,13,0,7,0,34.4,Rainy,Field A
2022-08-11,17:15,Cow_456,0,7,8,0,34.4,Rainy,Field B
2022-08-11,17:15,Cow_457,14,0,8,0,34.4,Rainy,Field B
2022-08-11,17:15,Cow_458,3,9,3,0,34.4,Rainy,Field C
2022-08-11,17:15,Cow_459,14,4,0,0,34.4,Rainy,Field A
2022-08-11,17:15,Cow_460,6,3,6,0,34.4,Rainy,Field A
2022-08-11,17:15,Cow_461,3,9,3,0,34.4,Rainy,Field B
2022-08-11,17:15,Cow_462,10,5,0,0,34.4,Rainy,Field A
2022-08-11,17:15,Cow_463,8,3,4,0,34.4,Rainy,Field B
2022-08-11,17:15,Cow_464,9,0,7,0,34.4,Rainy,Field A
2022-08-11,17:15,Cow_465,5,3,7,0,34.4,Rainy,Field C
2022-08-11,17:15,Cow_466,14,0,6,0,34.4,Rainy,Field B
2022-08-11,17:15,Cow_467,4,7,4,0,34.4,Rainy,Field C
2022-08-11,17:15,Cow_468,0,9,6,0,34.4,Rainy,Field A
2022-08-11,17:15,Cow_469,5,6,4,0,34.4,Rainy,Field C
2022-08-11,17:15,Cow_470,10,9,0,0,34.4,Rainy,Field B
2022-08-11,17:15,Cow_471,3,9,3,0,34.4,Rainy,Field C
2022-08-11,17:15,Cow_472,11,6,0,0,34.4,Rainy,Field C
2022-08-11,17:15,Cow_473,5,5,5,0,34.4,Rainy,Field A
2022-08-11,17:15,Cow_474,10,0,6,0,34.4,Rainy,Field A
2022-08-11,17:15,Cow_475,6,6,3,0,34.4,Rainy,Field A
2022-08-11,17:15,Cow_476,12,3,0,0,34.4,Rainy,Field A
2022-08-11,17:15,Cow_477,0,9,6,0,34.4,Rainy,Field B
2022-08-11,17:15,Cow_478,6,3,6,0,34.4,Rainy,Field A
2022-08-11,17:15,Cow_479,10,3,2,0,34.4,Rainy,Field B
2022-08-11,17:15,Cow_480,9,4,2,0,34.4,Rainy,Field A
2022-08-11,17:15,Cow_481,4,3,8,0,34.4,Rainy,Field B
2022-08-11,17:15,Cow_482,0,7,8,0,34.4,Rainy,Field C
2022-08-11,17:15,Cow_483,12,9,0,0,34.4,Rainy,Field A
2022-08-11,17:15,Cow_484,0,10,5,0,34.4,Rainy,Field C
2022-08-11,17:15,Cow_485,4,5,6,0,34.4,Rainy,Field A
2022-08-11,17:15,Cow_486,12,0,4,0,34.4,Rainy,Field C
2022-08-11,17:15,Cow_487,0,0,0,15,34.4,Rainy,Field C
2022-08-11,17:15,Cow_488,6,3,6,0,34.4,Rainy,Field C
2022-08-11,17:15,Cow_489,4,5,6,0,34.4,Rainy,Field C
2022-08-11,17:15,Cow_490,10,6,0,0,34.4,Rainy,Field C
2022-08-11,17:15,Cow_491,10,8,0,0,34.4,Rainy,Field A
2022-08-11,17:15,Cow_492,7,4,4,0,34.4,Rainy,Field B
2022-08-11,17:15,Cow_493,5,3,7,0,34.4,Rainy,Field C
2022-08-11,17:15,Cow_494,0,0,0,15,34.4,Rainy,Field C
2022-08-11,17:15,Cow_495,8,1,6,0,34.4,Rainy,Field A
2022-08-11,17:15,Cow_496,5,4,6,0,34.4,Rainy,Field A
2022-08-11,17:15,Cow_497,12,10,0,0,34.4,Rainy,Field A
2022-08-11,17:15,Cow_498,12,5,0,0,34.4,Rainy,Field B
2022-08-11,17:15,Cow_499,8,9,0,0,34.4,Rainy,Field B
2022-08-11,17:15,Cow_500,7,7,1,0,34.4,Rainy,Field B
2022-08-11,17:30,Cow_1,2,6,7,0,26.0,Clear,Field C
2022-08-11,17:30,Cow_2,7,4,4,0,26.0,Clear,Field C
2022-08-11,17:30,Cow_3,13,10,0,0,26.0,Clear,Field C
2022-08-11,17:30,Cow_4,2,9,4,0,26.0,Clear,Field B
2022-08-11,17:30,Cow_5,2,7,6,0,26.0,Clear,Field A
2022-08-11,17:30,Cow_6,6,6,3,0,26.0,Clear,Field A
2022-08-11,17:30,Cow_7,14,9,0,0,26.0,Clear,Field C
2022-08-11,17:30,Cow_8,14,8,0,0,26.0,Clear,Field B
2022-08-11,17:30,Cow_9,5,5,5,0,26.0,Clear,Field A
2022-08-11,17:30,Cow_10,9,2,4,0,26.0,Clear,Field C
2022-08-11,17:30,Cow_11,8,3,4,0,26.0,Clear,Field C
2022-08-11,17:30,Cow_12,0,10,8,0,26.0,Clear,Field C
2022-08-11,17:30,Cow_13,14,5,0,0,26.0,Clear,Field B
2022-08-11,17:30,Cow_14,8,4,3,0,26.0,Clear,Field A
2022-08-11,17:30,Cow_15,13,5,0,0,26.0,Clear,Field B
2022-08-11,17:30,Cow_16,2,5,8,0,26.0,Clear,Field A
2022-08-11,17:30,Cow_17,12,5,0,0,26.0,Clear,Field A
2022-08-11,17:30,Cow_18,9,5,1,0,26.0,Clear,Field B
2022-08-11,17:30,Cow_19,7,5,3,0,26.0,Clear,Field A
2022-08-11,17:30,Cow_20,6,8,1,0,26.0,Clear,Field C
2022-08-11,17:30,Cow_21,6,3,6,0,26.0,Clear,Field C
2022-08-11,17:30,Cow_22,8,2,5,0,26.0,Clear,Field C
2022-08-11,17:30,Cow_23,9,9,0,0,26.0,Clear,Field C
2022-08-11,17:30,Cow_24,9,0,7,0,26.0,Clear,Field B
2022-08-11,17:30,Cow_25,4,8,3,0,26.0,Clear,Field A
2022-08-11,17:30,Cow_26,9,3,3,0,26.0,Clear,Field A
2022-08-11,17:30,Cow_27,8,7,0,0,26.0,Clear,Field C
2022-08-11,17:30,Cow_28,11,6,0,0,26.0,Clear,Field A
2022-08-11,17:30,Cow_29,6,9,0,0,26.0,Clear,Field B
2022-08-11,17:30,Cow_30,5,9,1,0,26.0,Clear,Field C
2022-08-11,17:30,Cow_31,14,9,0,0,26.0,Clear,Field B
2022-08-11,17:30,Cow_32,0,10,5,0,26.0,Clear,Field B
2022-08-11,17:30,Cow_33,14,3,0,0,26.0,Clear,Field A
2022-08-11,17:30,Cow_34,3,8,4,0,26.0,Clear,Field B
2022-08-11,17:30,Cow_35,10,1,4,0,26.0,Clear,Field C
2022-08-11,17:30,Cow_36,14,10,0,0,26.0,Clear,Field B
2022-08-11,17:30,Cow_37,0,9,7,0,26.0,Clear,Field B
2022-08-11,17:30,Cow_38,7,1,7,0,26.0,Clear,Field B
2022-08-11,17:30,Cow_39,6,4,5,0,26.0,Clear,Field B
2022-08-11,17:30,Cow_40,12,0,4,0,26.0,Clear,Field A
2022-08-11,17:30,Cow_41,3,7,5,0,26.0,Clear,Field B
2022-08-11,17:30,Cow_42,0,0,0,15,26.0,Clear,Field A
2022-08-11,17:30,Cow_43,3,9,3,0,26.0,Clear,Field C
2022-08-11,17:30,Cow_44,11,0,7,0,26.0,Clear,Field B
2022-08-11,17:30,Cow_45,8,6,1,0,26.0,Clear,Field B
2022-08-11,17:30,Cow_46,0,10,8,0,26.0,Clear,Field A
2022-08-11,17:30,Cow_47,9,0,7,0,26.0,Clear,Field B
2022-08-11,17:30,Cow_48,13,0,8,0,26.0,Clear,Field A
2022-08-11,17:30,Cow_49,7,1,7,0,26.0,Clear,Field A
2022-08-11,17:30,Cow_50,7,8,0,0,26.0,Clear,Field B
2022-08-11,17:30,Cow_51,10,0,8,0,26.0,Clear,Field A
2022-08-11,17:30,Cow_52,0,0,0,15,26.0,Clear,Field B
2022-08-11,17:30,Cow_53,6,6,3,0,26.0,Clear,Field A
2022-08-11,17:30,Cow_54,5,7,3,0,26.0,Clear,Field B
2022-08-11,17:30,Cow_55,14,0,6,0,26.0,Clear,Field B
2022-08-11,17:30,Cow_56,11,9,0,0,26.0,Clear,Field A
2022-08-11,17:30,Cow_57,7,8,0,0,26.0,Clear,Field A
2022-08-11,17:30,Cow_58,8,7,0,0,26.0,Clear,Field C
2022-08-11,17:30,Cow_59,8,8,0,0,26.0,Clear,Field B
2022-08-11,17:30,Cow_60,2,9,4,0,26.0,Clear,Field B
2022-08-11,17:30,Cow_61,11,4,0,0,26.0,Clear,Field B
2022-08-11,17:30,Cow_62,8,3,4,0,26.0,Clear,Field B
2022-08-11,17:30,Cow_63,9,8,0,0,26.0,Clear,Field B
2022-08-11,17:30,Cow_64,7,0,8,0,26.0,Clear,Field A
2022-08-11,17:30,Cow_65,6,3,6,0,26.0,Clear,Field B
2022-08-11,17:30,Cow_66,6,1,8,0,26.0,Clear,Field A
2022-08-11,17:30,Cow_67,5,2,8,0,26.0,Clear,Field B
2022-08-11,17:30,Cow_68,9,6,0,0,26.0,Clear,Field A
2022-08-11,17:30,Cow_69,14,0,4,0,26.0,Clear,Field C
2022-08-11,17:30,Cow_70,8,7,0,0,26.0,Clear,Field A
2022-08-11,17:30,Cow_71,10,1,4,0,26.0,Clear,Field B
2022-08-11,17:30,Cow_72,14,0,6,0,26.0,Clear,Field A
2022-08-11,17:30,Cow_73,7,5,3,0,26.0,Clear,Field B
2022-08-11,17:30,Cow_74,14,0,3,0,26.0,Clear,Field B
2022-08-11,17:30,Cow_75,11,2,2,0,26.0,Clear,Field B
2022-08-11,17:30,Cow_76,8,0,8,0,26.0,Clear,Field B
2022-08-11,17:30,Cow_77,1,9,5,0,26.0,Clear,Field A
2022-08-11,17:30,Cow_78,0,0,0,15,26.0,Clear,Field C
2022-08-11,17:30,Cow_79,10,0,6,0,26.0,Clear,Field C
2022-08-11,17:30,Cow_80,2,10,3,0,26.0,Clear,Field C
2022-08-11,17:30,Cow_81,7,5,3,0,26.0,Clear,Field C
2022-08-11,17:30,Cow_82,2,5,8,0,26.0,Clear,Field A
2022-08-11,17:30,Cow_83,1,9,5,0,26.0,Clear,Field B
2022-08-11,17:30,Cow_84,8,4,3,0,26.0,Clear,Field A
2022-08-11,17:30,Cow_85,3,5,7,0,26.0,Clear,Field B
2022-08-11,17:30,Cow_86,6,4,5,0,26.0,Clear,Field A
2022-08-11,17:30,Cow_87,12,10,0,0,26.0,Clear,Field A
2022-08-11,17:30,Cow_88,11,0,8,0,26.0,Clear,Field A
2022-08-11,17:30,Cow_89,0,8,7,0,26.0,Clear,Field B
2022-08-11,17:30,Cow_90,7,4,4,0,26.0,Clear,Field C
2022-08-11,17:30,Cow_91,10,4,1,0,26.0,Clear,Field C
2022-08-11,17:30,Cow_92,13,8,0,0,26.0,Clear,Field C
2022-08-11,17:30,Cow_93,7,4,4,0,26.0,Clear,Field C
2022-08-11,17:30,Cow_94,5,6,4,0,26.0,Clear,Field B
2022-08-11,17:30,Cow_95,6,6,3,0,26.0,Clear,Field B
2022-08-11,17:30,Cow_96,3,4,8,0,26.0,Clear,Field B
2022-08-11,17:30,Cow_97,0,9,8,0,26.0,Clear,Field A
2022-08-11,17:30,Cow_98,13,0,7,0,26.0,Clear,Field C
2022-08-11,17:30,Cow_99,1,8,6,0,26.0,Clear,Field A
2022-08-11,17:30,Cow_100,13,0,3,0,26.0,Clear,Field A
2022-08-11,17:30,Cow_101,8,3,4,0,26.0,Clear,Field B
2022-08-11,17:30,Cow_102,6,6,3,0,26.0,Clear,Field C
2022-08-11,17:30,Cow_103,11,0,6,0,26.0,Clear,Field C
2022-08-11,17:30,Cow_104,9,7,0,0,26.0,Clear,Field C
2022-08-11,17:30,Cow_105,1,10,4,0,26.0,Clear,Field B
2022-08-11,17:30,Cow_106,3,9,3,0,26.0,Clear,Field A
2022-08-11,17:30,Cow_107,8,1,6,0,26.0,Clear,Field B
2022-08-11,17:30,Cow_108,5,6,4,0,26.0,Clear,Field B
2022-08-11,17:30,Cow_109,0,7,8,0,26.0,Clear,Field B
2022-08-11,17:30,Cow_110,0,0,0,15,26.0,Clear,Field B
2022-08-11,17:30,Cow_111,7,7,1,0,26.0,Clear,Field B
2022-08-11,17:30,Cow_112,5,6,4,0,26.0,Clear,Field A
2022-08-11,17:30,Cow_113,1,10,4,0,26.0,Clear,Field B
2022-08-11,17:30,Cow_114,11,0,4,0,26.0,Clear,Field A
2022-08-11,17:30,Cow_115,13,0,5,0,26.0,Clear,Field A
2022-08-11,17:30,Cow_116,12,10,0,0,26.0,Clear,Field A
2022-08-11,17:30,Cow_117,7,9,0,0,26.0,Clear,Field B
2022-08-11,17:30,Cow_118,13,0,7,0,26.0,Clear,Field A
2022-08-11,17:30,Cow_119,0,9,8,0,26.0,Clear,Field A
2022-08-11,17:30,Cow_120,14,0,7,0,26.0,Clear,Field C
2022-08-11,17:30,Cow_121,12,0,8,0,26.0,Clear,Field C
2022-08-11,17:30,Cow_122,7,6,2,0,26.0,Clear,Field C
2022-08-11,17:30,Cow_123,3,4,8,0,26.0,Clear,Field B
2022-08-11,17:30,Cow_124,9,3,3,0,26.0,Clear,Field C
2022-08-11,17:30,Cow_125,5,3,7,0,26.0,Clear,Field C
2022-08-11,17:30,Cow_126,5,7,3,0,26.0,Clear,Field B
2022-08-11,17:30,Cow_127,5,2,8,0,26.0,Clear,Field B
2022-08-11,17:30,Cow_128,5,4,6,0,26.0,Clear,Field A
2022-08-11,17:30,Cow_129,5,3,7,0,26.0,Clear,Field C
2022-08-11,17:30,Cow_130,6,1,8,0,26.0,Clear,Field A
2022-08-11,17:30,Cow_131,2,10,3,0,26.0,Clear,Field C
2022-08-11,17:30,Cow_132,5,7,3,0,26.0,Clear,Field B
2022-08-11,17:30,Cow_133,7,5,3,0,26.0,Clear,Field B
2022-08-11,17:30,Cow_134,0,8,7,0,26.0,Clear,Field B
2022-08-11,17:30,Cow_135,0,9,6,0,26.0,Clear,Field A
2022-08-11,17:30,Cow_136,9,8,0,0,26.0,Clear,Field A
2022-08-11,17:30,Cow_137,0,0,0,15,26.0,Clear,Field B
2022-08-11,17:30,Cow_138,9,10,0,0,26.0,Clear,Field A
2022-08-11,17:30,Cow_139,9,2,4,0,26.0,Clear,Field A
2022-08-11,17:30,Cow_140,14,0,7,0,26.0,Clear,Field A
2022-08-11,17:30,Cow_141,2,5,8,0,26.0,Clear,Field C
2022-08-11,17:30,Cow_142,12,0,7,0,26.0,Clear,Field C
2022-08-11,17:30,Cow_143,7,6,2,0,26.0,Clear,Field C
2022-08-11,17:30,Cow_144,11,8,0,0,26.0,Clear,Field A
2022-08-11,17:30,Cow_145,0,0,0,15,26.0,Clear,Field A
2022-08-11,17:30,Cow_146,5,8,2,0,26.0,Clear,Field A
2022-08-11,17:30,Cow_147,8,4,3,0,26.0,Clear,Field B
2022-08-11,17:30,Cow_148,7,4,4,0,26.0,Clear,Field B
2022-08-11,17:30,Cow_149,13,0,8,0,26.0,Clear,Field C
2022-08-11,17:30,Cow_150,4,7,4,0,26.0,Clear,Field B
2022-08-11,17:30,Cow_151,8,8,0,0,26.0,Clear,Field C
2022-08-11,17:30,Cow_152,9,0,6,0,26.0,Clear,Field B
2022-08-11,17:30,Cow_153,8,7,0,0,26.0,Clear,Field C
2022-08-11,17:30,Cow_154,14,7,0,0,26.0,Clear,Field C
2022-08-11,17:30,Cow_155,12,5,0,0,26.0,Clear,Field A
2022-08-11,17:30,Cow_156,10,7,0,0,26.0,Clear,Field A
2022-08-11,17:30,Cow_157,11,6,0,0,26.0,Clear,Field B
2022-08-11,17:30,Cow_158,13,0,8,0,26.0,Clear,Field A
2022-08-11,17:30,Cow_159,12,3,0,0,26.0,Clear,Field C
2022-08-11,17:30,Cow_160,7,7,1,0,26.0,Clear,Field C
2022-08-11,17:30,Cow_161,7,6,2,0,26.0,Clear,Field B
2022-08-11,17:30,Cow_162,8,4,3,0,26.0,Clear,Field B
2022-08-11,17:30,Cow_163,5,3,7,0,26.0,Clear,Field A
2022-08-11,17:30,Cow_164,6,3,6,0,26.0,Clear,Field C
2022-08-11,17:30,Cow_165,6,6,3,0,26.0,Clear,Field C
2022-08-11,17:30,Cow_166,7,10,0,0,26.0,Clear,Field C
2022-08-11,17:30,Cow_167,5,5,5,0,26.0,Clear,Field B
2022-08-11,17:30,Cow_168,10,2,3,0,26.0,Clear,Field A
2022-08-11,17:30,Cow_169,12,9,0,0,26.0,Clear,Field B
2022-08-11,17:30,Cow_170,8,10,0,0,26.0,Clear,Field A
2022-08-11,17:30,Cow_171,5,7,3,0,26.0,Clear,Field A
2022-08-11,17:30,Cow_172,8,3,4,0,26.0,Clear,Field C
2022-08-11,17:30,Cow_173,14,10,0,0,26.0,Clear,Field C
2022-08-11,17:30,Cow_174,2,6,7,0,26.0,Clear,Field C
2022-08-11,17:30,Cow_175,10,5,0,0,26.0,Clear,Field C
2022-08-11,17:30,Cow_176,14,0,3,0,26.0,Clear,Field C
2022-08-11,17:30,Cow_177,13,0,8,0,26.0,Clear,Field A
2022-08-11,17:30,Cow_178,5,4,6,0,26.0,Clear,Field A
2022-08-11,17:30,Cow_179,5,5,5,0,26.0,Clear,Field B
2022-08-11,17:30,Cow_180,2,6,7,0,26.0,Clear,Field B
2022-08-11,17:30,Cow_181,6,3,6,0,26.0,Clear,Field C
2022-08-11,17:30,Cow_182,9,3,3,0,26.0,Clear,Field A
2022-08-11,17:30,Cow_183,5,10,0,0,26.0,Clear,Field B
2022-08-11,17:30,Cow_184,10,6,0,0,26.0,Clear,Field B
2022-08-11,17:30,Cow_185,5,2,8,0,26.0,Clear,Field C
2022-08-11,17:30,Cow_186,0,10,7,0,26.0,Clear,Field C
2022-08-11,17:30,Cow_187,0,0,0,15,26.0,Clear,Field A
2022-08-11,17:30,Cow_188,1,9,5,0,26.0,Clear,Field B
2022-08-11,17:30,Cow_189,12,0,6,0,26.0,Clear,Field A
2022-08-11,17:30,Cow_190,8,3,4,0,26.0,Clear,Field C
2022-08-11,17:30,Cow_191,3,9,3,0,26.0,Clear,Field B
2022-08-11,17:30,Cow_192,3,4,8,0,26.0,Clear,Field C
2022-08-11,17:30,Cow_193,7,4,4,0,26.0,Clear,Field C
2022-08-11,17:30,Cow_194,1,6,8,0,26.0,Clear,Field B
2022-08-11,17:30,Cow_195,6,2,7,0,26.0,Clear,Field B
2022-08-11,17:30,Cow_196,9,6,0,0,26.0,Clear,Field C
2022-08-11,17:30,Cow_197,6,5,4,0,26.0,Clear,Field A
2022-08-11,17:30,Cow_198,9,0,8,0,26.0,Clear,Field B
2022-08-11,17:30,Cow_199,10,5,0,0,26.0,Clear,Field A
2022-08-11,17:30,Cow_200,14,0,8,0,26.0,Clear,Field A
2022-08-11,17:30,Cow_201,4,6,5,0,26.0,Clear,Field A
2022-08-11,17:30,Cow_202,4,5,6,0,26.0,Clear,Field A
2022-08-11,17:30,Cow_203,9,9,0,0,26.0,Clear,Field C
2022-08-11,17:30,Cow_204,7,8,0,0,26.0,Clear,Field A
2022-08-11,17:30,Cow_205,12,5,0,0,26.0,Clear,Field B
2022-08-11,17:30,Cow_206,10,0,7,0,26.0,Clear,Field B
2022-08-11,17:30,Cow_207,0,0,0,15,26.0,Clear,Field C
2022-08-11,17:30,Cow_208,10,0,8,0,26.0,Clear,Field C
2022-08-11,17:30,Cow_209,8,1,6,0,26.0,Clear,Field A
2022-08-11,17:30,Cow_210,12,7,0,0,26.0,Clear,Field A
2022-08-11,17:30,Cow_211,4,3,8,0,26.0,Clear,Field A
2022-08-11,17:30,Cow_212,9,8,0,0,26.0,Clear,Field B
2022-08-11,17:30,Cow_213,8,3,4,0,26.0,Clear,Field C
2022-08-11,17:30,Cow_214,9,9,0,0,26.0,Clear,Field A
2022-08-11,17:30,Cow_215,11,0,6,0,26.0,Clear,Field B
2022-08-11,17:30,Cow_216,10,2,3,0,26.0,Clear,Field C
2022-08-11,17:30,Cow_217,9,1,5,0,26.0,Clear,Field B
2022-08-11,17:30,Cow_218,14,0,7,0,26.0,Clear,Field B
2022-08-11,17:30,Cow_219,10,0,6,0,26.0,Clear,Field B
2022-08-11,17:30,Cow_220,11,8,0,0,26.0,Clear,Field B
2022-08-11,17:30,Cow_221,0,9,7,0,26.0,Clear,Field C
2022-08-11,17:30,Cow_222,8,0,7,0,26.0,Clear,Field C
2022-08-11,17:30,Cow_223,4,3,8,0,26.0,Clear,Field B
2022-08-11,17:30,Cow_224,6,5,4,0,26.0,Clear,Field B
2022-08-11,17:30,Cow_225,7,3,5,0,26.0,Clear,Field B
2022-08-11,17:30,Cow_226,12,5,0,0,26.0,Clear,Field B
2022-08-11,17:30,Cow_227,9,4,2,0,26.0,Clear,Field B
2022-08-11,17:30,Cow_228,14,0,7,0,26.0,Clear,Field C
2022-08-11,17:30,Cow_229,0,9,8,0,26.0,Clear,Field C
2022-08-11,17:30,Cow_230,0,0,0,15,26.0,Clear,Field C
2022-08-11,17:30,Cow_231,9,0,7,0,26.0,Clear,Field C
2022-08-11,17:30,Cow_232,0,0,0,15,26.0,Clear,Field C
2022-08-11,17:30,Cow_233,1,6,8,0,26.0,Clear,Field C
2022-08-11,17:30,Cow_234,11,0,5,0,26.0,Clear,Field C
2022-08-11,17:30,Cow_235,0,0,0,15,26.0,Clear,Field C
2022-08-11,17:30,Cow_236,14,0,4,0,26.0,Clear,Field B
2022-08-11,17:30,Cow_237,3,4,8,0,26.0,Clear,Field A
2022-08-11,17:30,Cow_238,10,2,3,0,26.0,Clear,Field A
2022-08-11,17:30,Cow_239,7,8,0,0,26.0,Clear,Field C
2022-08-11,17:30,Cow_240,3,9,3,0,26.0,Clear,Field C
2022-08-11,17:30,Cow_241,8,2,5,0,26.0,Clear,Field A
2022-08-11,17:30,Cow_242,7,4,4,0,26.0,Clear,Field B
2022-08-11,17:30,Cow_243,12,7,0,0,26.0,Clear,Field A
2022-08-11,17:30,Cow_244,5,6,4,0,26.0,Clear,Field C
2022-08-11,17:30,Cow_245,5,6,4,0,26.0,Clear,Field B
2022-08-11,17:30,Cow_246,13,3,0,0,26.0,Clear,Field C
2022-08-11,17:30,Cow_247,7,6,2,0,26.0,Clear,Field B
2022-08-11,17:30,Cow_248,11,0,4,0,26.0,Clear,Field A
2022-08-11,17:30,Cow_249,4,4,7,0,26.0,Clear,Field B
2022-08-11,17:30,Cow_250,8,1,6,0,26.0,Clear,Field A
2022-08-11,17:30,Cow_251,6,7,2,0,26.0,Clear,Field A
2022-08-11,17:30,Cow_252,0,9,7,0,26.0,Clear,Field C
2022-08-11,17:30,Cow_253,0,8,8,0,26.0,Clear,Field C
2022-08-11,17:30,Cow_254,12,9,0,0,26.0,Clear,Field B
2022-08-11,17:30,Cow_255,5,2,8,0,26.0,Clear,Field C
2022-08-11,17:30,Cow_256,14,0,6,0,26.0,Clear,Field A
2022-08-11,17:30,Cow_257,8,4,3,0,26.0,Clear,Field C
2022-08-11,17:30,Cow_258,9,9,0,0,26.0,Clear,Field C
2022-08-11,17:30,Cow_259,7,4,4,0,26.0,Clear,Field A
2022-08-11,17:30,Cow_260,7,3,5,0,26.0,Clear,Field C
2022-08-11,17:30,Cow_261,4,5,6,0,26.0,Clear,Field C
2022-08-11,17:30,Cow_262,8,3,4,0,26.0,Clear,Field B
2022-08-11,17:30,Cow_263,5,4,6,0,26.0,Clear,Field B
2022-08-11,17:30,Cow_264,11,0,7,0,26.0,Clear,Field B
2022-08-11,17:30,Cow_265,10,10,0,0,26.0,Clear,Field A
2022-08-11,17:30,Cow_266,8,4,3,0,26.0,Clear,Field B
2022-08-11,17:30,Cow_267,14,0,7,0,26.0,Clear,Field C
2022-08-11,17:30,Cow_268,10,6,0,0,26.0,Clear,Field C
2022-08-11,17:30,Cow_269,5,5,5,0,26.0,Clear,Field A
2022-08-11,17:30,Cow_270,7,2,6,0,26.0,Clear,Field A
2022-08-11,17:30,Cow_271,0,0,0,15,26.0,Clear,Field A
2022-08-11,17:30,Cow_272,12,7,0,0,26.0,Clear,Field B
2022-08-11,17:30,Cow_273,0,9,6,0,26.0,Clear,Field C
2022-08-11,17:30,Cow_274,7,3,5,0,26.0,Clear,Field C
2022-08-11,17:30,Cow_275,0,9,7,0,26.0,Clear,Field C
2022-08-11,17:30,Cow_276,11,0,7,0,26.0,Clear,Field C
2022-08-11,17:30,Cow_277,8,0,7,0,26.0,Clear,Field C
2022-08-11,17:30,Cow_278,5,4,6,0,26.0,Clear,Field B
2022-08-11,17:30,Cow_279,14,0,6,0,26.0,Clear,Field A
2022-08-11,17:30,Cow_280,10,4,1,0,26.0,Clear,Field A
2022-08-11,17:30,Cow_281,0,10,5,0,26.0,Clear,Field C
2022-08-11,17:30,Cow_282,8,0,7,0,26.0,Clear,Field B
2022-08-11,17:30,Cow_283,11,0,5,0,26.0,Clear,Field A
2022-08-11,17:30,Cow_284,10,4,1,0,26.0,Clear,Field A
2022-08-11,17:30,Cow_285,2,10,3,0,26.0,Clear,Field C
2022-08-11,17:30,Cow_286,0,0,0,15,26.0,Clear,Field A
2022-08-11,17:30,Cow_287,2,10,3,0,26.0,Clear,Field C
2022-08-11,17:30,Cow_288,0,10,8,0,26.0,Clear,Field C
2022-08-11,17:30,Cow_289,5,5,5,0,26.0,Clear,Field A
2022-08-11,17:30,Cow_290,8,5,2,0,26.0,Clear,Field C
2022-08-11,17:30,Cow_291,7,3,5,0,26.0,Clear,Field B
2022-08-11,17:30,Cow_292,12,6,0,0,26.0,Clear,Field C
2022-08-11,17:30,Cow_293,11,8,0,0,26.0,Clear,Field A
2022-08-11,17:30,Cow_294,9,10,0,0,26.0,Clear,Field A
2022-08-11,17:30,Cow_295,0,10,6,0,26.0,Clear,Field C
2022-08-11,17:30,Cow_296,0,0,0,15,26.0,Clear,Field B
2022-08-11,17:30,Cow_297,0,7,8,0,26.0,Clear,Field B
2022-08-11,17:30,Cow_298,8,10,0,0,26.0,Clear,Field B
2022-08-11,17:30,Cow_299,7,0,8,0,26.0,Clear,Field B
2022-08-11,17:30,Cow_300,0,0,0,15,26.0,Clear,Field A
2022-08-11,17:30,Cow_301,6,6,3,0,26.0,Clear,Field C
2022-08-11,17:30,Cow_302,9,3,3,0,26.0,Clear,Field A
2022-08-11,17:30,Cow_303,9,5,1,0,26.0,Clear,Field A
2022-08-11,17:30,Cow_304,5,6,4,0,26.0,Clear,Field B
2022-08-11,17:30,Cow_305,6,6,3,0,26.0,Clear,Field C
2022-08-11,17:30,Cow_306,5,4,6,0,26.0,Clear,Field A
2022-08-11,17:30,Cow_307,7,4,4,0,26.0,Clear,Field B
2022-08-11,17:30,Cow_308,12,0,4,0,26.0,Clear,Field A
2022-08-11,17:30,Cow_309,3,5,7,0,26.0,Clear,Field A
2022-08-11,17:30,Cow_310,4,4,7,0,26.0,Clear,Field C
2022-08-11,17:30,Cow_311,3,8,4,0,26.0,Clear,Field C
2022-08-11,17:30,Cow_312,12,0,4,0,26.0,Clear,Field B
2022-08-11,17:30,Cow_313,2,7,6,0,26.0,Clear,Field C
2022-08-11,17:30,Cow_314,0,10,6,0,26.0,Clear,Field C
2022-08-11,17:30,Cow_315,13,0,3,0,26.0,Clear,Field B
2022-08-11,17:30,Cow_316,9,7,0,0,26.0,Clear,Field B
2022-08-11,17:30,Cow_317,7,6,2,0,26.0,Clear,Field A
2022-08-11,17:30,Cow_318,5,3,7,0,26.0,Clear,Field C
2022-08-11,17:30,Cow_319,12,0,4,0,26.0,Clear,Field C
2022-08-11,17:30,Cow_320,0,10,6,0,26.0,Clear,Field B
2022-08-11,17:30,Cow_321,8,9,0,0,26.0,Clear,Field C
2022-08-11,17:30,Cow_322,3,8,4,0,26.0,Clear,Field B
2022-08-11,17:30,Cow_323,1,8,6,0,26.0,Clear,Field A
2022-08-11,17:30,Cow_324,0,8,8,0,26.0,Clear,Field B
2022-08-11,17:30,Cow_325,14,6,0,0,26.0,Clear,Field B
2022-08-11,17:30,Cow_326,14,3,0,0,26.0,Clear,Field A
2022-08-11,17:30,Cow_327,8,3,4,0,26.0,Clear,Field A
2022-08-11,17:30,Cow_328,7,5,3,0,26.0,Clear,Field C
2022-08-11,17:30,Cow_329,12,0,4,0,26.0,Clear,Field A
2022-08-11,17:30,Cow_330,3,8,4,0,26.0,Clear,Field A
2022-08-11,17:30,Cow_331,0,0,0,15,26.0,Clear,Field A
2022-08-11,17:30,Cow_332,8,0,8,0,26.0,Clear,Field B
2022-08-11,17:30,Cow_333,14,0,6,0,26.0,Clear,Field B
2022-08-11,17:30,Cow_334,8,3,4,0,26.0,Clear,Field A
2022-08-11,17:30,Cow_335,5,4,6,0,26.0,Clear,Field B
2022-08-11,17:30,Cow_336,5,7,3,0,26.0,Clear,Field B
2022-08-11,17:30,Cow_337,7,0,8,0,26.0,Clear,Field B
2022-08-11,17:30,Cow_338,12,5,0,0,26.0,Clear,Field C
2022-08-11,17:30,Cow_339,14,6,0,0,26.0,Clear,Field B
2022-08-11,17:30,Cow_340,13,6,0,0,26.0,Clear,Field B
2022-08-11,17:30,Cow_341,0,0,0,15,26.0,Clear,Field C
2022-08-11,17:30,Cow_342,0,0,0,15,26.0,Clear,Field C
2022-08-11,17:30,Cow_343,14,10,0,0,26.0,Clear,Field B
2022-08-11,17:30,Cow_344,10,6,0,0,26.0,Clear,Field B
2022-08-11,17:30,Cow_345,6,6,3,0,26.0,Clear,Field B
2022-08-11,17:30,Cow_346,10,0,7,0,26.0,Clear,Field C
2022-08-11,17:30,Cow_347,11,0,4,0,26.0,Clear,Field A
2022-08-11,17:30,Cow_348,14,0,8,0,26.0,Clear,Field A
2022-08-11,17:30,Cow_349,5,4,6,0,26.0,Clear,Field B
2022-08-11,17:30,Cow_350,14,5,0,0,26.0,Clear,Field A
2022-08-11,17:30,Cow_351,6,3,6,0,26.0,Clear,Field C
2022-08-11,17:30,Cow_352,2,5,8,0,26.0,Clear,Field A
2022-08-11,17:30,Cow_353,10,7,0,0,26.0,Clear,Field A
2022-08-11,17:30,Cow_354,8,3,4,0,26.0,Clear,Field A
2022-08-11,17:30,Cow_355,0,0,0,15,26.0,Clear,Field B
2022-08-11,17:30,Cow_356,6,1,8,0,26.0,Clear,Field A
2022-08-11,17:30,Cow_357,7,2,6,0,26.0,Clear,Field A
2022-08-11,17:30,Cow_358,11,0,7,0,26.0,Clear,Field A
2022-08-11,17:30,Cow_359,7,8,0,0,26.0,Clear,Field C
2022-08-11,17:30,Cow_360,9,10,0,0,26.0,Clear,Field A
2022-08-11,17:30,Cow_361,12,5,0,0,26.0,Clear,Field B
2022-08-11,17:30,Cow_362,12,6,0,0,26.0,Clear,Field B
2022-08-11,17:30,Cow_363,9,11,0,0,26.0,Clear,Field C
2022-08-11,17:30,Cow_364,8,8,0,0,26.0,Clear,Field B
2022-08-11,17:30,Cow_365,6,7,2,0,26.0,Clear,Field C
2022-08-11,17:30,Cow_366,5,5,5,0,26.0,Clear,Field B
2022-08-11,17:30,Cow_367,12,0,5,0,26.0,Clear,Field A
2022-08-11,17:30,Cow_368,5,4,6,0,26.0,Clear,Field C
2022-08-11,17:30,Cow_369,14,9,0,0,26.0,Clear,Field C
2022-08-11,17:30,Cow_370,1,8,6,0,26.0,Clear,Field C
2022-08-11,17:30,Cow_371,12,9,0,0,26.0,Clear,Field A
2022-08-11,17:30,Cow_372,12,0,3,0,26.0,Clear,Field B
2022-08-11,17:30,Cow_373,4,5,6,0,26.0,Clear,Field C
2022-08-11,17:30,Cow_374,10,2,3,0,26.0,Clear,Field A
2022-08-11,17:30,Cow_375,10,0,6,0,26.0,Clear,Field A
2022-08-11,17:30,Cow_376,7,0,8,0,26.0,Clear,Field B
2022-08-11,17:30,Cow_377,5,3,7,0,26.0,Clear,Field B
2022-08-11,17:30,Cow_378,12,0,3,0,26.0,Clear,Field B
2022-08-11,17:30,Cow_379,11,8,0,0,26.0,Clear,Field A
2022-08-11,17:30,Cow_380,7,7,1,0,26.0,Clear,Field B
2022-08-11,17:30,Cow_381,10,8,0,0,26.0,Clear,Field A
2022-08-11,17:30,Cow_382,13,10,0,0,26.0,Clear,Field A
2022-08-11,17:30,Cow_383,0,7,8,0,26.0,Clear,Field B
2022-08-11,17:30,Cow_384,11,1,3,0,26.0,Clear,Field B
2022-08-11,17:30,Cow_385,8,0,7,0,26.0,Clear,Field A
2022-08-11,17:30,Cow_386,9,2,4,0,26.0,Clear,Field A
2022-08-11,17:30,Cow_387,9,5,1,0,26.0,Clear,Field C
2022-08-11,17:30,Cow_388,8,0,8,0,26.0,Clear,Field A
2022-08-11,17:30,Cow_389,7,3,5,0,26.0,Clear,Field C
2022-08-11,17:30,Cow_390,9,7,0,0,26.0,Clear,Field B
2022-08-11,17:30,Cow_391,12,7,0,0,26.0,Clear,Field B
2022-08-11,17:30,Cow_392,14,0,5,0,26.0,Clear,Field B
2022-08-11,17:30,Cow_393,0,9,6,0,26.0,Clear,Field C
2022-08-11,17:30,Cow_394,8,3,4,0,26.0,Clear,Field C
2022-08-11,17:30,Cow_395,8,1,6,0,26.0,Clear,Field A
2022-08-11,17:30,Cow_396,9,3,3,0,26.0,Clear,Field C
2022-08-11,17:30,Cow_397,5,6,4,0,26.0,Clear,Field A
2022-08-11,17:30,Cow_398,8,4,3,0,26.0,Clear,Field A
2022-08-11,17:30,Cow_399,12,6,0,0,26.0,Clear,Field C
2022-08-11,17:30,Cow_400,10,8,0,0,26.0,Clear,Field B
2022-08-11,17:30,Cow_401,8,9,0,0,26.0,Clear,Field B
2022-08-11,17:30,Cow_402,2,9,4,0,26.0,Clear,Field A
2022-08-11,17:30,Cow_403,7,5,3,0,26.0,Clear,Field C
2022-08-11,17:30,Cow_404,5,8,2,0,26.0,Clear,Field C
2022-08-11,17:30,Cow_405,8,5,2,0,26.0,Clear,Field C
2022-08-11,17:30,Cow_406,0,0,0,15,26.0,Clear,Field C
2022-08-11,17:30,Cow_407,14,0,8,0,26.0,Clear,Field C
2022-08-11,17:30,Cow_408,13,0,5,0,26.0,Clear,Field B
2022-08-11,17:30,Cow_409,4,4,7,0,26.0,Clear,Field C
2022-08-11,17:30,Cow_410,13,6,0,0,26.0,Clear,Field A
2022-08-11,17:30,Cow_411,14,0,3,0,26.0,Clear,Field B
2022-08-11,17:30,Cow_412,12,0,9,0,26.0,Clear,Field A
2022-08-11,17:30,Cow_413,0,0,0,15,26.0,Clear,Field B
2022-08-11,17:30,Cow_414,8,3,4,0,26.0,Clear,Field C
2022-08-11,17:30,Cow_415,7,3,5,0,26.0,Clear,Field C
2022-08-11,17:30,Cow_416,12,5,0,0,26.0,Clear,Field A
2022-08-11,17:30,Cow_417,7,8,0,0,26.0,Clear,Field A
2022-08-11,17:30,Cow_418,0,0,0,15,26.0,Clear,Field C
2022-08-11,17:30,Cow_419,0,10,8,0,26.0,Clear,Field A
2022-08-11,17:30,Cow_420,0,10,5,0,26.0,Clear,Field B
2022-08-11,17:30,Cow_421,0,10,6,0,26.0,Clear,Field A
2022-08-11,17:30,Cow_422,11,4,0,0,26.0,Clear,Field A
2022-08-11,17:30,Cow_423,8,9,0,0,26.0,Clear,Field A
2022-08-11,17:30,Cow_424,12,5,0,0,26.0,Clear,Field B
2022-08-11,17:30,Cow_425,0,0,0,15,26.0,Clear,Field C
2022-08-11,17:30,Cow_426,12,3,0,0,26.0,Clear,Field C
2022-08-11,17:30,Cow_427,0,11,5,0,26.0,Clear,Field C
2022-08-11,17:30,Cow_428,5,3,7,0,26.0,Clear,Field C
2022-08-11,17:30,Cow_429,0,0,0,15,26.0,Clear,Field A
2022-08-11,17:30,Cow_430,8,9,0,0,26.0,Clear,Field A
2022-08-11,17:30,Cow_431,0,8,7,0,26.0,Clear,Field B
2022-08-11,17:30,Cow_432,9,4,2,0,26.0,Clear,Field C
2022-08-11,17:30,Cow_433,11,1,3,0,26.0,Clear,Field C
2022-08-11,17:30,Cow_434,7,3,5,0,26.0,Clear,Field A
2022-08-11,17:30,Cow_435,7,9,0,0,26.0,Clear,Field C
2022-08-11,17:30,Cow_436,5,5,5,0,26.0,Clear,Field B
2022-08-11,17:30,Cow_437,10,9,0,0,26.0,Clear,Field A
2022-08-11,17:30,Cow_438,10,6,0,0,26.0,Clear,Field A
2022-08-11,17:30,Cow_439,5,10,0,0,26.0,Clear,Field B
2022-08-11,17:30,Cow_440,6,6,3,0,26.0,Clear,Field B
2022-08-11,17:30,Cow_441,2,10,3,0,26.0,Clear,Field B
2022-08-11,17:30,Cow_442,0,0,0,15,26.0,Clear,Field B
2022-08-11,17:30,Cow_443,13,5,0,0,26.0,Clear,Field B
2022-08-11,17:30,Cow_444,14,8,0,0,26.0,Clear,Field B
2022-08-11,17:30,Cow_445,8,5,2,0,26.0,Clear,Field C
2022-08-11,17:30,Cow_446,5,5,5,0,26.0,Clear,Field B
2022-08-11,17:30,Cow_447,0,0,0,15,26.0,Clear,Field B
2022-08-11,17:30,Cow_448,5,3,7,0,26.0,Clear,Field A
2022-08-11,17:30,Cow_449,0,9,6,0,26.0,Clear,Field B
2022-08-11,17:30,Cow_450,9,1,5,0,26.0,Clear,Field C
2022-08-11,17:30,Cow_451,8,3,4,0,26.0,Clear,Field C
2022-08-11,17:30,Cow_452,12,9,0,0,26.0,Clear,Field C
2022-08-11,17:30,Cow_453,10,8,0,0,26.0,Clear,Field C
2022-08-11,17:30,Cow_454,3,8,4,0,26.0,Clear,Field C
2022-08-11,17:30,Cow_455,9,2,4,0,26.0,Clear,Field C
2022-08-11,17:30,Cow_456,8,0,8,0,26.0,Clear,Field C
2022-08-11,17:30,Cow_457,13,0,8,0,26.0,Clear,Field A
2022-08-11,17:30,Cow_458,0,0,0,15,26.0,Clear,Field C
2022-08-11,17:30,Cow_459,7,9,0,0,26.0,Clear,Field C
2022-08-11,17:30,Cow_460,2,5,8,0,26.0,Clear,Field B
2022-08-11,17:30,Cow_461,5,5,5,0,26.0,Clear,Field A
2022-08-11,17:30,Cow_462,11,7,0,0,26.0,Clear,Field A
2022-08-11,17:30,Cow_463,7,5,3,0,26.0,Clear,Field B
2022-08-11,17:30,Cow_464,0,0,0,15,26.0,Clear,Field C
2022-08-11,17:30,Cow_465,5,7,3,0,26.0,Clear,Field A
2022-08-11,17:30,Cow_466,11,0,4,0,26.0,Clear,Field B
2022-08-11,17:30,Cow_467,7,5,3,0,26.0,Clear,Field C
2022-08-11,17:30,Cow_468,14,9,0,0,26.0,Clear,Field B
2022-08-11,17:30,Cow_469,9,9,0,0,26.0,Clear,Field B
2022-08-11,17:30,Cow_470,0,0,0,15,26.0,Clear,Field A
2022-08-11,17:30,Cow_471,7,4,4,0,26.0,Clear,Field B
2022-08-11,17:30,Cow_472,6,2,7,0,26.0,Clear,Field B
2022-08-11,17:30,Cow_473,4,5,6,0,26.0,Clear,Field B
2022-08-11,17:30,Cow_474,9,0,7,0,26.0,Clear,Field B
2022-08-11,17:30,Cow_475,11,7,0,0,26.0,Clear,Field C
2022-08-11,17:30,Cow_476,5,8,2,0,26.0,Clear,Field B
2022-08-11,17:30,Cow_477,0,0,0,15,26.0,Clear,Field C
2022-08-11,17:30,Cow_478,5,5,5,0,26.0,Clear,Field C
2022-08-11,17:30,Cow_479,2,4,9,0,26.0,Clear,Field B
2022-08-11,17:30,Cow_480,10,9,0,0,26.0,Clear,Field C
2022-08-11,17:30,Cow_481,14,0,6,0,26.0,Clear,Field C
2022-08-11,17:30,Cow_482,5,5,5,0,26.0,Clear,Field A
2022-08-11,17:30,Cow_483,1,8,6,0,26.0,Clear,Field A
2022-08-11,17:30,Cow_484,2,5,8,0,26.0,Clear,Field C
2022-08-11,17:30,Cow_485,9,3,3,0,26.0,Clear,Field C
2022-08-11,17:30,Cow_486,1,7,7,0,26.0,Clear,Field A
2022-08-11,17:30,Cow_487,12,8,0,0,26.0,Clear,Field B
2022-08-11,17:30,Cow_488,10,2,3,0,26.0,Clear,Field B
2022-08-11,17:30,Cow_489,13,9,0,0,26.0,Clear,Field A
2022-08-11,17:30,Cow_490,6,4,5,0,26.0,Clear,Field C
2022-08-11,17:30,Cow_491,13,9,0,0,26.0,Clear,Field B
2022-08-11,17:30,Cow_492,1,10,4,0,26.0,Clear,Field A
2022-08-11,17:30,Cow_493,9,0,6,0,26.0,Clear,Field B
2022-08-11,17:30,Cow_494,4,8,3,0,26.0,Clear,Field A
2022-08-11,17:30,Cow_495,10,2,3,0,26.0,Clear,Field A
2022-08-11,17:30,Cow_496,7,0,8,0,26.0,Clear,Field B
2022-08-11,17:30,Cow_497,10,2,3,0,26.0,Clear,Field C
2022-08-11,17:30,Cow_498,2,6,7,0,26.0,Clear,Field B
2022-08-11,17:30,Cow_499,8,2,5,0,26.0,Clear,Field B
2022-08-11,17:30,Cow_500,2,5,8,0,26.0,Clear,Field A
2022-08-11,17:45,Cow_1,13,0,3,0,36.4,Clear,Field A
2022-08-11,17:45,Cow_2,6,5,4,0,36.4,Clear,Field C
2022-08-11,17:45,Cow_3,10,5,0,0,36.4,Clear,Field C
2022-08-11,17:45,Cow_4,7,8,0,0,36.4,Clear,Field C
2022-08-11,17:45,Cow_5,0,0,0,15,36.4,Clear,Field C
2022-08-11,17:45,Cow_6,8,4,3,0,36.4,Clear,Field B
2022-08-11,17:45,Cow_7,6,3,6,0,36.4,Clear,Field B
2022-08-11,17:45,Cow_8,9,0,6,0,36.4,Clear,Field C
2022-08-11,17:45,Cow_9,3,4,8,0,36.4,Clear,Field C
2022-08-11,17:45,Cow_10,10,0,5,0,36.4,Clear,Field A
2022-08-11,17:45,Cow_11,5,3,7,0,36.4,Clear,Field C
2022-08-11,17:45,Cow_12,10,9,0,0,36.4,Clear,Field C
2022-08-11,17:45,Cow_13,0,8,8,0,36.4,Clear,Field B
2022-08-11,17:45,Cow_14,6,4,5,0,36.4,Clear,Field B
2022-08-11,17:45,Cow_15,9,0,8,0,36.4,Clear,Field B
2022-08-11,17:45,Cow_16,3,4,8,0,36.4,Clear,Field C
2022-08-11,17:45,Cow_17,0,0,0,15,36.4,Clear,Field C
2022-08-11,17:45,Cow_18,6,1,8,0,36.4,Clear,Field C
2022-08-11,17:45,Cow_19,9,3,3,0,36.4,Clear,Field B
2022-08-11,17:45,Cow_20,0,0,0,15,36.4,Clear,Field C
2022-08-11,17:45,Cow_21,14,3,0,0,36.4,Clear,Field A
2022-08-11,17:45,Cow_22,10,4,1,0,36.4,Clear,Field B
2022-08-11,17:45,Cow_23,6,8,1,0,36.4,Clear,Field B
2022-08-11,17:45,Cow_24,12,5,0,0,36.4,Clear,Field C
2022-08-11,17:45,Cow_25,5,3,7,0,36.4,Clear,Field A
2022-08-11,17:45,Cow_26,0,9,6,0,36.4,Clear,Field B
2022-08-11,17:45,Cow_27,12,5,0,0,36.4,Clear,Field B
2022-08-11,17:45,Cow_28,6,6,3,0,36.4,Clear,Field A
2022-08-11,17:45,Cow_29,7,5,3,0,36.4,Clear,Field A
2022-08-11,17:45,Cow_30,11,3,1,0,36.4,Clear,Field A
2022-08-11,17:45,Cow_31,13,0,7,0,36.4,Clear,Field C
2022-08-11,17:45,Cow_32,1,6,8,0,36.4,Clear,Field B
2022-08-11,17:45,Cow_33,8,4,3,0,36.4,Clear,Field B
2022-08-11,17:45,Cow_34,0,0,0,15,36.4,Clear,Field B
2022-08-11,17:45,Cow_35,11,6,0,0,36.4,Clear,Field B
2022-08-11,17:45,Cow_36,8,8,0,0,36.4,Clear,Field C
2022-08-11,17:45,Cow_37,9,3,3,0,36.4,Clear,Field B
2022-08-11,17:45,Cow_38,14,10,0,0,36.4,Clear,Field C
2022-08-11,17:45,Cow_39,10,3,2,0,36.4,Clear,Field B
2022-08-11,17:45,Cow_40,0,0,0,15,36.4,Clear,Field C
2022-08-11,17:45,Cow_41,0,0,0,15,36.4,Clear,Field A
2022-08-11,17:45,Cow_42,8,5,2,0,36.4,Clear,Field B
2022-08-11,17:45,Cow_43,7,1,7,0,36.4,Clear,Field A
2022-08-11,17:45,Cow_44,7,5,3,0,36.4,Clear,Field C
2022-08-11,17:45,Cow_45,3,4,8,0,36.4,Clear,Field C
2022-08-11,17:45,Cow_46,3,8,4,0,36.4,Clear,Field C
2022-08-11,17:45,Cow_47,14,0,3,0,36.4,Clear,Field A
2022-08-11,17:45,Cow_48,5,6,4,0,36.4,Clear,Field A
2022-08-11,17:45,Cow_49,14,8,0,0,36.4,Clear,Field A
2022-08-11,17:45,Cow_50,9,0,7,0,36.4,Clear,Field B
2022-08-11,17:45,Cow_51,5,5,5,0,36.4,Clear,Field C
2022-08-11,17:45,Cow_52,5,3,7,0,36.4,Clear,Field A
2022-08-11,17:45,Cow_53,12,6,0,0,36.4,Clear,Field C
2022-08-11,17:45,Cow_54,8,0,8,0,36.4,Clear,Field C
2022-08-11,17:45,Cow_55,13,5,0,0,36.4,Clear,Field B
2022-08-11,17:45,Cow_56,5,10,0,0,36.4,Clear,Field C
2022-08-11,17:45,Cow_57,8,4,3,0,36.4,Clear,Field C
2022-08-11,17:45,Cow_58,13,0,5,0,36.4,Clear,Field C
2022-08-11,17:45,Cow_59,7,7,1,0,36.4,Clear,Field A
2022-08-11,17:45,Cow_60,14,3,0,0,36.4,Clear,Field C
2022-08-11,17:45,Cow_61,14,5,0,0,36.4,Clear,Field A
2022-08-11,17:45,Cow_62,9,6,0,0,36.4,Clear,Field C
2022-08-11,17:45,Cow_63,11,5,0,0,36.4,Clear,Field A
2022-08-11,17:45,Cow_64,1,9,5,0,36.4,Clear,Field C
2022-08-11,17:45,Cow_65,14,9,0,0,36.4,Clear,Field A
2022-08-11,17:45,Cow_66,0,0,0,15,36.4,Clear,Field B
2022-08-11,17:45,Cow_67,5,7,3,0,36.4,Clear,Field B
2022-08-11,17:45,Cow_68,2,7,6,0,36.4,Clear,Field C
2022-08-11,17:45,Cow_69,9,2,4,0,36.4,Clear,Field A
2022-08-11,17:45,Cow_70,8,2,5,0,36.4,Clear,Field B
2022-08-11,17:45,Cow_71,10,1,4,0,36.4,Clear,Field C
2022-08-11,17:45,Cow_72,12,0,8,0,36.4,Clear,Field A
2022-08-11,17:45,Cow_73,0,9,8,0,36.4,Clear,Field B
2022-08-11,17:45,Cow_74,5,9,1,0,36.4,Clear,Field B
2022-08-11,17:45,Cow_75,0,10,6,0,36.4,Clear,Field A
2022-08-11,17:45,Cow_76,0,9,8,0,36.4,Clear,Field A
2022-08-11,17:45,Cow_77,7,9,0,0,36.4,Clear,Field B
2022-08-11,17:45,Cow_78,7,5,3,0,36.4,Clear,Field A
2022-08-11,17:45,Cow_79,7,5,3,0,36.4,Clear,Field C
2022-08-11,17:45,Cow_80,5,5,5,0,36.4,Clear,Field C
2022-08-11,17:45,Cow_81,7,1,7,0,36.4,Clear,Field A
2022-08-11,17:45,Cow_82,6,1,8,0,36.4,Clear,Field C
2022-08-11,17:45,Cow_83,5,4,6,0,36.4,Clear,Field B
2022-08-11,17:45,Cow_84,6,5,4,0,36.4,Clear,Field C
2022-08-11,17:45,Cow_85,0,0,0,15,36.4,Clear,Field A
2022-08-11,17:45,Cow_86,10,5,0,0,36.4,Clear,Field A
2022-08-11,17:45,Cow_87,6,3,6,0,36.4,Clear,Field A
2022-08-11,17:45,Cow_88,10,7,0,0,36.4,Clear,Field B
2022-08-11,17:45,Cow_89,5,3,7,0,36.4,Clear,Field B
2022-08-11,17:45,Cow_90,11,9,0,0,36.4,Clear,Field A
2022-08-11,17:45,Cow_91,3,7,5,0,36.4,Clear,Field B
2022-08-11,17:45,Cow_92,5,6,4,0,36.4,Clear,Field A
2022-08-11,17:45,Cow_93,8,0,8,0,36.4,Clear,Field A
2022-08-11,17:45,Cow_94,3,5,7,0,36.4,Clear,Field B
2022-08-11,17:45,Cow_95,8,4,3,0,36.4,Clear,Field B
2022-08-11,17:45,Cow_96,8,3,4,0,36.4,Clear,Field B
2022-08-11,17:45,Cow_97,5,6,4,0,36.4,Clear,Field C
2022-08-11,17:45,Cow_98,0,0,0,15,36.4,Clear,Field A
2022-08-11,17:45,Cow_99,12,10,0,0,36.4,Clear,Field C
2022-08-11,17:45,Cow_100,5,3,7,0,36.4,Clear,Field C
2022-08-11,17:45,Cow_101,7,3,5,0,36.4,Clear,Field A
2022-08-11,17:45,Cow_102,13,9,0,0,36.4,Clear,Field C
2022-08-11,17:45,Cow_103,12,7,0,0,36.4,Clear,Field B
2022-08-11,17:45,Cow_104,5,6,4,0,36.4,Clear,Field A
2022-08-11,17:45,Cow_105,8,3,4,0,36.4,Clear,Field C
2022-08-11,17:45,Cow_106,7,8,0,0,36.4,Clear,Field B
2022-08-11,17:45,Cow_107,9,0,6,0,36.4,Clear,Field B
2022-08-11,17:45,Cow_108,13,0,4,0,36.4,Clear,Field B
2022-08-11,17:45,Cow_109,7,5,3,0,36.4,Clear,Field C
2022-08-11,17:45,Cow_110,7,4,4,0,36.4,Clear,Field B
2022-08-11,17:45,Cow_111,2,10,3,0,36.4,Clear,Field C
2022-08-11,17:45,Cow_112,5,4,6,0,36.4,Clear,Field C
2022-08-11,17:45,Cow_113,8,6,1,0,36.4,Clear,Field C
2022-08-11,17:45,Cow_114,6,9,0,0,36.4,Clear,Field A
2022-08-11,17:45,Cow_115,0,9,6,0,36.4,Clear,Field C
2022-08-11,17:45,Cow_116,9,3,3,0,36.4,Clear,Field C
2022-08-11,17:45,Cow_117,5,9,1,0,36.4,Clear,Field B
2022-08-11,17:45,Cow_118,1,7,7,0,36.4,Clear,Field C
2022-08-11,17:45,Cow_119,11,5,0,0,36.4,Clear,Field A
2022-08-11,17:45,Cow_120,0,0,0,15,36.4,Clear,Field C
2022-08-11,17:45,Cow_121,2,8,5,0,36.4,Clear,Field A
2022-08-11,17:45,Cow_122,0,0,0,15,36.4,Clear,Field A
2022-08-11,17:45,Cow_123,7,0,8,0,36.4,Clear,Field B
2022-08-11,17:45,Cow_124,14,0,3,0,36.4,Clear,Field C
2022-08-11,17:45,Cow_125,6,3,6,0,36.4,Clear,Field A
2022-08-11,17:45,Cow_126,0,0,0,15,36.4,Clear,Field B
2022-08-11,17:45,Cow_127,12,0,5,0,36.4,Clear,Field A
2022-08-11,17:45,Cow_128,6,4,5,0,36.4,Clear,Field C
2022-08-11,17:45,Cow_129,8,0,7,0,36.4,Clear,Field C
2022-08-11,17:45,Cow_130,12,3,0,0,36.4,Clear,Field B
2022-08-11,17:45,Cow_131,13,9,0,0,36.4,Clear,Field B
2022-08-11,17:45,Cow_132,1,6,8,0,36.4,Clear,Field B
2022-08-11,17:45,Cow_133,6,3,6,0,36.4,Clear,Field A
2022-08-11,17:45,Cow_134,9,0,7,0,36.4,Clear,Field C
2022-08-11,17:45,Cow_135,0,0,0,15,36.4,Clear,Field C
2022-08-11,17:45,Cow_136,5,7,3,0,36.4,Clear,Field B
2022-08-11,17:45,Cow_137,2,10,3,0,36.4,Clear,Field C
2022-08-11,17:45,Cow_138,3,9,3,0,36.4,Clear,Field B
2022-08-11,17:45,Cow_139,5,3,7,0,36.4,Clear,Field C
2022-08-11,17:45,Cow_140,9,0,7,0,36.4,Clear,Field A
2022-08-11,17:45,Cow_141,0,10,6,0,36.4,Clear,Field A
2022-08-11,17:45,Cow_142,3,8,4,0,36.4,Clear,Field B
2022-08-11,17:45,Cow_143,6,4,5,0,36.4,Clear,Field B
2022-08-11,17:45,Cow_144,0,10,7,0,36.4,Clear,Field A
2022-08-11,17:45,Cow_145,5,7,3,0,36.4,Clear,Field A
2022-08-11,17:45,Cow_146,1,6,8,0,36.4,Clear,Field A
2022-08-11,17:45,Cow_147,0,0,0,15,36.4,Clear,Field C
2022-08-11,17:45,Cow_148,14,7,0,0,36.4,Clear,Field C
2022-08-11,17:45,Cow_149,6,8,1,0,36.4,Clear,Field A
2022-08-11,17:45,Cow_150,8,3,4,0,36.4,Clear,Field B
2022-08-11,17:45,Cow_151,11,4,0,0,36.4,Clear,Field A
2022-08-11,17:45,Cow_152,0,8,8,0,36.4,Clear,Field A
2022-08-11,17:45,Cow_153,4,7,4,0,36.4,Clear,Field A
2022-08-11,17:45,Cow_154,8,1,6,0,36.4,Clear,Field A
2022-08-11,17:45,Cow_155,7,10,0,0,36.4,Clear,Field C
2022-08-11,17:45,Cow_156,0,0,0,15,36.4,Clear,Field C
2022-08-11,17:45,Cow_157,14,0,3,0,36.4,Clear,Field B
2022-08-11,17:45,Cow_158,14,0,3,0,36.4,Clear,Field B
2022-08-11,17:45,Cow_159,8,9,0,0,36.4,Clear,Field B
2022-08-11,17:45,Cow_160,7,3,5,0,36.4,Clear,Field B
2022-08-11,17:45,Cow_161,8,3,4,0,36.4,Clear,Field A
2022-08-11,17:45,Cow_162,10,2,3,0,36.4,Clear,Field C
2022-08-11,17:45,Cow_163,12,0,6,0,36.4,Clear,Field B
2022-08-11,17:45,Cow_164,11,0,4,0,36.4,Clear,Field A
2022-08-11,17:45,Cow_165,5,2,8,0,36.4,Clear,Field A
2022-08-11,17:45,Cow_166,2,8,5,0,36.4,Clear,Field C
2022-08-11,17:45,Cow_167,3,7,5,0,36.4,Clear,Field A
2022-08-11,17:45,Cow_168,9,0,6,0,36.4,Clear,Field B
2022-08-11,17:45,Cow_169,12,0,3,0,36.4,Clear,Field C
2022-08-11,17:45,Cow_170,9,9,0,0,36.4,Clear,Field A
2022-08-11,17:45,Cow_171,8,2,5,0,36.4,Clear,Field A
2022-08-11,17:45,Cow_172,9,10,0,0,36.4,Clear,Field B
2022-08-11,17:45,Cow_173,5,7,3,0,36.4,Clear,Field B
2022-08-11,17:45,Cow_174,3,10,2,0,36.4,Clear,Field C
2022-08-11,17:45,Cow_175,5,4,6,0,36.4,Clear,Field A
2022-08-11,17:45,Cow_176,8,8,0,0,36.4,Clear,Field A
2022-08-11,17:45,Cow_177,14,0,4,0,36.4,Clear,Field A
2022-08-11,17:45,Cow_178,6,1,8,0,36.4,Clear,Field A
2022-08-11,17:45,Cow_179,0,9,8,0,36.4,Clear,Field B
2022-08-11,17:45,Cow_180,5,10,0,0,36.4,Clear,Field C
2022-08-11,17:45,Cow_181,13,7,0,0,36.4,Clear,Field C
2022-08-11,17:45,Cow_182,3,8,4,0,36.4,Clear,Field C
2022-08-11,17:45,Cow_183,9,9,0,0,36.4,Clear,Field A
2022-08-11,17:45,Cow_184,11,0,5,0,36.4,Clear,Field B
2022-08-11,17:45,Cow_185,13,9,0,0,36.4,Clear,Field A
2022-08-11,17:45,Cow_186,1,8,6,0,36.4,Clear,Field A
2022-08-11,17:45,Cow_187,9,7,0,0,36.4,Clear,Field C
2022-08-11,17:45,Cow_188,5,2,8,0,36.4,Clear,Field A
2022-08-11,17:45,Cow_189,5,3,7,0,36.4,Clear,Field C
2022-08-11,17:45,Cow_190,6,3,6,0,36.4,Clear,Field B
2022-08-11,17:45,Cow_191,7,5,3,0,36.4,Clear,Field C
2022-08-11,17:45,Cow_192,0,0,0,15,36.4,Clear,Field C
2022-08-11,17:45,Cow_193,10,3,2,0,36.4,Clear,Field C
2022-08-11,17:45,Cow_194,6,4,5,0,36.4,Clear,Field B
2022-08-11,17:45,Cow_195,10,0,6,0,36.4,Clear,Field A
2022-08-11,17:45,Cow_196,14,8,0,0,36.4,Clear,Field A
2022-08-11,17:45,Cow_197,7,3,5,0,36.4,Clear,Field C
2022-08-11,17:45,Cow_198,8,3,4,0,36.4,Clear,Field B
2022-08-11,17:45,Cow_199,1,8,6,0,36.4,Clear,Field A
2022-08-11,17:45,Cow_200,0,0,0,15,36.4,Clear,Field A
2022-08-11,17:45,Cow_201,5,10,0,0,36.4,Clear,Field A
2022-08-11,17:45,Cow_202,9,9,0,0,36.4,Clear,Field A
2022-08-11,17:45,Cow_203,5,5,5,0,36.4,Clear,Field A
2022-08-11,17:45,Cow_204,7,1,7,0,36.4,Clear,Field C
2022-08-11,17:45,Cow_205,11,0,8,0,36.4,Clear,Field A
2022-08-11,17:45,Cow_206,9,3,3,0,36.4,Clear,Field B
2022-08-11,17:45,Cow_207,12,7,0,0,36.4,Clear,Field B
2022-08-11,17:45,Cow_208,9,6,0,0,36.4,Clear,Field A
2022-08-11,17:45,Cow_209,0,0,0,15,36.4,Clear,Field C
2022-08-11,17:45,Cow_210,11,0,4,0,36.4,Clear,Field B
2022-08-11,17:45,Cow_211,2,7,6,0,36.4,Clear,Field C
2022-08-11,17:45,Cow_212,12,0,5,0,36.4,Clear,Field B
2022-08-11,17:45,Cow_213,8,6,1,0,36.4,Clear,Field A
2022-08-11,17:45,Cow_214,12,4,0,0,36.4,Clear,Field A
2022-08-11,17:45,Cow_215,14,9,0,0,36.4,Clear,Field B
2022-08-11,17:45,Cow_216,6,8,1,0,36.4,Clear,Field A
2022-08-11,17:45,Cow_217,5,5,5,0,36.4,Clear,Field B
2022-08-11,17:45,Cow_218,12,0,7,0,36.4,Clear,Field A
2022-08-11,17:45,Cow_219,7,5,3,0,36.4,Clear,Field A
2022-08-11,17:45,Cow_220,7,4,4,0,36.4,Clear,Field A
2022-08-11,17:45,Cow_221,11,0,7,0,36.4,Clear,Field A
2022-08-11,17:45,Cow_222,8,9,0,0,36.4,Clear,Field A
2022-08-11,17:45,Cow_223,12,0,6,0,36.4,Clear,Field B
2022-08-11,17:45,Cow_224,14,0,5,0,36.4,Clear,Field B
2022-08-11,17:45,Cow_225,5,9,1,0,36.4,Clear,Field A
2022-08-11,17:45,Cow_226,9,0,7,0,36.4,Clear,Field C
2022-08-11,17:45,Cow_227,14,3,0,0,36.4,Clear,Field A
2022-08-11,17:45,Cow_228,12,3,0,0,36.4,Clear,Field B
2022-08-11,17:45,Cow_229,4,7,4,0,36.4,Clear,Field C
2022-08-11,17:45,Cow_230,9,4,2,0,36.4,Clear,Field C
2022-08-11,17:45,Cow_231,14,0,7,0,36.4,Clear,Field C
2022-08-11,17:45,Cow_232,10,0,7,0,36.4,Clear,Field A
2022-08-11,17:45,Cow_233,3,8,4,0,36.4,Clear,Field C
2022-08-11,17:45,Cow_234,7,0,8,0,36.4,Clear,Field A
2022-08-11,17:45,Cow_235,0,6,10,0,36.4,Clear,Field C
2022-08-11,17:45,Cow_236,7,4,4,0,36.4,Clear,Field B
2022-08-11,17:45,Cow_237,10,10,0,0,36.4,Clear,Field C
2022-08-11,17:45,Cow_238,0,0,0,15,36.4,Clear,Field A
2022-08-11,17:45,Cow_239,14,0,6,0,36.4,Clear,Field C
2022-08-11,17:45,Cow_240,13,0,5,0,36.4,Clear,Field A
2022-08-11,17:45,Cow_241,7,3,5,0,36.4,Clear,Field B
2022-08-11,17:45,Cow_242,12,0,3,0,36.4,Clear,Field A
2022-08-11,17:45,Cow_243,2,6,7,0,36.4,Clear,Field C
2022-08-11,17:45,Cow_244,10,0,7,0,36.4,Clear,Field C
2022-08-11,17:45,Cow_245,0,0,0,15,36.4,Clear,Field A
2022-08-11,17:45,Cow_246,11,0,4,0,36.4,Clear,Field A
2022-08-11,17:45,Cow_247,9,0,10,0,36.4,Clear,Field C
2022-08-11,17:45,Cow_248,3,7,5,0,36.4,Clear,Field C
2022-08-11,17:45,Cow_249,14,0,6,0,36.4,Clear,Field C
2022-08-11,17:45,Cow_250,6,7,2,0,36.4,Clear,Field C
2022-08-11,17:45,Cow_251,8,4,3,0,36.4,Clear,Field C
2022-08-11,17:45,Cow_252,0,11,10,0,36.4,Clear,Field B
2022-08-11,17:45,Cow_253,0,8,8,0,36.4,Clear,Field A
2022-08-11,17:45,Cow_254,13,0,5,0,36.4,Clear,Field C
2022-08-11,17:45,Cow_255,13,0,8,0,36.4,Clear,Field A
2022-08-11,17:45,Cow_256,6,3,6,0,36.4,Clear,Field B
2022-08-11,17:45,Cow_257,10,4,1,0,36.4,Clear,Field C
2022-08-11,17:45,Cow_258,5,9,1,0,36.4,Clear,Field A
2022-08-11,17:45,Cow_259,12,5,0,0,36.4,Clear,Field C
2022-08-11,17:45,Cow_260,2,10,3,0,36.4,Clear,Field B
2022-08-11,17:45,Cow_261,9,1,5,0,36.4,Clear,Field A
2022-08-11,17:45,Cow_262,4,5,6,0,36.4,Clear,Field B
2022-08-11,17:45,Cow_263,10,3,2,0,36.4,Clear,Field B
2022-08-11,17:45,Cow_264,11,3,1,0,36.4,Clear,Field C
2022-08-11,17:45,Cow_265,0,0,0,15,36.4,Clear,Field C
2022-08-11,17:45,Cow_266,8,5,2,0,36.4,Clear,Field B
2022-08-11,17:45,Cow_267,12,7,0,0,36.4,Clear,Field B
2022-08-11,17:45,Cow_268,8,6,1,0,36.4,Clear,Field A
2022-08-11,17:45,Cow_269,7,4,4,0,36.4,Clear,Field A
2022-08-11,17:45,Cow_270,10,3,2,0,36.4,Clear,Field C
2022-08-11,17:45,Cow_271,13,0,5,0,36.4,Clear,Field A
2022-08-11,17:45,Cow_272,5,6,4,0,36.4,Clear,Field B
2022-08-11,17:45,Cow_273,9,3,3,0,36.4,Clear,Field A
2022-08-11,17:45,Cow_274,1,8,6,0,36.4,Clear,Field A
2022-08-11,17:45,Cow_275,1,9,5,0,36.4,Clear,Field C
2022-08-11,17:45,Cow_276,8,0,7,0,36.4,Clear,Field A
2022-08-11,17:45,Cow_277,5,3,7,0,36.4,Clear,Field C
2022-08-11,17:45,Cow_278,3,6,6,0,36.4,Clear,Field C
2022-08-11,17:45,Cow_279,0,10,8,0,36.4,Clear,Field C
2022-08-11,17:45,Cow_280,14,8,0,0,36.4,Clear,Field C
2022-08-11,17:45,Cow_281,4,7,4,0,36.4,Clear,Field B
2022-08-11,17:45,Cow_282,11,0,6,0,36.4,Clear,Field A
2022-08-11,17:45,Cow_283,9,0,7,0,36.4,Clear,Field A
2022-08-11,17:45,Cow_284,0,0,0,15,36.4,Clear,Field A
2022-08-11,17:45,Cow_285,12,8,0,0,36.4,Clear,Field A
2022-08-11,17:45,Cow_286,6,1,8,0,36.4,Clear,Field C
2022-08-11,17:45,Cow_287,12,7,0,0,36.4,Clear,Field B
2022-08-11,17:45,Cow_288,0,10,7,0,36.4,Clear,Field B
2022-08-11,17:45,Cow_289,12,4,0,0,36.4,Clear,Field A
2022-08-11,17:45,Cow_290,8,5,2,0,36.4,Clear,Field B
2022-08-11,17:45,Cow_291,3,5,7,0,36.4,Clear,Field A
2022-08-11,17:45,Cow_292,11,0,6,0,36.4,Clear,Field A
2022-08-11,17:45,Cow_293,8,3,4,0,36.4,Clear,Field B
2022-08-11,17:45,Cow_294,7,4,4,0,36.4,Clear,Field A
2022-08-11,17:45,Cow_295,5,6,4,0,36.4,Clear,Field C
2022-08-11,17:45,Cow_296,10,0,7,0,36.4,Clear,Field C
2022-08-11,17:45,Cow_297,0,7,8,0,36.4,Clear,Field C
2022-08-11,17:45,Cow_298,3,8,4,0,36.4,Clear,Field C
2022-08-11,17:45,Cow_299,0,9,10,0,36.4,Clear,Field B
2022-08-11,17:45,Cow_300,13,7,0,0,36.4,Clear,Field B
2022-08-11,17:45,Cow_301,0,9,6,0,36.4,Clear,Field C
2022-08-11,17:45,Cow_302,7,4,4,0,36.4,Clear,Field C
2022-08-11,17:45,Cow_303,9,0,8,0,36.4,Clear,Field B
2022-08-11,17:45,Cow_304,8,7,0,0,36.4,Clear,Field B
2022-08-11,17:45,Cow_305,0,9,6,0,36.4,Clear,Field C
2022-08-11,17:45,Cow_306,4,6,5,0,36.4,Clear,Field C
2022-08-11,17:45,Cow_307,5,4,6,0,36.4,Clear,Field A
2022-08-11,17:45,Cow_308,0,10,5,0,36.4,Clear,Field B
2022-08-11,17:45,Cow_309,11,0,4,0,36.4,Clear,Field A
2022-08-11,17:45,Cow_310,7,3,5,0,36.4,Clear,Field C
2022-08-11,17:45,Cow_311,0,0,0,15,36.4,Clear,Field C
2022-08-11,17:45,Cow_312,3,6,6,0,36.4,Clear,Field A
2022-08-11,17:45,Cow_313,11,9,0,0,36.4,Clear,Field C
2022-08-11,17:45,Cow_314,7,3,5,0,36.4,Clear,Field A
2022-08-11,17:45,Cow_315,3,4,8,0,36.4,Clear,Field B
2022-08-11,17:45,Cow_316,7,2,6,0,36.4,Clear,Field A
2022-08-11,17:45,Cow_317,7,8,0,0,36.4,Clear,Field B
2022-08-11,17:45,Cow_318,0,8,8,0,36.4,Clear,Field C
2022-08-11,17:45,Cow_319,12,6,0,0,36.4,Clear,Field C
2022-08-11,17:45,Cow_320,12,0,6,0,36.4,Clear,Field A
2022-08-11,17:45,Cow_321,8,2,5,0,36.4,Clear,Field A
2022-08-11,17:45,Cow_322,14,8,0,0,36.4,Clear,Field B
2022-08-11,17:45,Cow_323,9,10,0,0,36.4,Clear,Field B
2022-08-11,17:45,Cow_324,13,3,0,0,36.4,Clear,Field B
2022-08-11,17:45,Cow_325,8,7,0,0,36.4,Clear,Field B
2022-08-11,17:45,Cow_326,1,7,7,0,36.4,Clear,Field A
2022-08-11,17:45,Cow_327,0,0,0,15,36.4,Clear,Field A
2022-08-11,17:45,Cow_328,10,3,2,0,36.4,Clear,Field B
2022-08-11,17:45,Cow_329,11,0,6,0,36.4,Clear,Field A
2022-08-11,17:45,Cow_330,14,0,8,0,36.4,Clear,Field B
2022-08-11,17:45,Cow_331,5,4,6,0,36.4,Clear,Field A
2022-08-11,17:45,Cow_332,10,5,0,0,36.4,Clear,Field A
2022-08-11,17:45,Cow_333,8,8,0,0,36.4,Clear,Field C
2022-08-11,17:45,Cow_334,11,1,3,0,36.4,Clear,Field A
2022-08-11,17:45,Cow_335,9,3,3,0,36.4,Clear,Field C
2022-08-11,17:45,Cow_336,6,5,4,0,36.4,Clear,Field C
2022-08-11,17:45,Cow_337,10,3,2,0,36.4,Clear,Field C
2022-08-11,17:45,Cow_338,13,7,0,0,36.4,Clear,Field C
2022-08-11,17:45,Cow_339,11,4,0,0,36.4,Clear,Field C
2022-08-11,17:45,Cow_340,6,6,3,0,36.4,Clear,Field A
2022-08-11,17:45,Cow_341,6,6,3,0,36.4,Clear,Field C
2022-08-11,17:45,Cow_342,12,0,4,0,36.4,Clear,Field C
2022-08-11,17:45,Cow_343,8,1,6,0,36.4,Clear,Field B
2022-08-11,17:45,Cow_344,10,10,0,0,36.4,Clear,Field C
2022-08-11,17:45,Cow_345,14,0,6,0,36.4,Clear,Field B
2022-08-11,17:45,Cow_346,14,0,3,0,36.4,Clear,Field B
2022-08-11,17:45,Cow_347,6,3,6,0,36.4,Clear,Field A
2022-08-11,17:45,Cow_348,0,12,9,0,36.4,Clear,Field A
2022-08-11,17:45,Cow_349,11,9,0,0,36.4,Clear,Field C
2022-08-11,17:45,Cow_350,9,9,0,0,36.4,Clear,Field B
2022-08-11,17:45,Cow_351,4,4,7,0,36.4,Clear,Field B
2022-08-11,17:45,Cow_352,7,5,3,0,36.4,Clear,Field B
2022-08-11,17:45,Cow_353,2,5,8,0,36.4,Clear,Field B
2022-08-11,17:45,Cow_354,3,4,8,0,36.4,Clear,Field B
2022-08-11,17:45,Cow_355,13,0,8,0,36.4,Clear,Field B
2022-08-11,17:45,Cow_356,0,8,8,0,36.4,Clear,Field B
2022-08-11,17:45,Cow_357,2,5,8,0,36.4,Clear,Field C
2022-08-11,17:45,Cow_358,12,9,0,0,36.4,Clear,Field B
2022-08-11,17:45,Cow_359,15,0,8,0,36.4,Clear,Field C
2022-08-11,17:45,Cow_360,2,7,6,0,36.4,Clear,Field C
2022-08-11,17:45,Cow_361,10,7,0,0,36.4,Clear,Field A
2022-08-11,17:45,Cow_362,13,0,6,0,36.4,Clear,Field C
2022-08-11,17:45,Cow_363,10,1,4,0,36.4,Clear,Field A
2022-08-11,17:45,Cow_364,9,0,8,0,36.4,Clear,Field C
2022-08-11,17:45,Cow_365,0,8,8,0,36.4,Clear,Field C
2022-08-11,17:45,Cow_366,0,8,7,0,36.4,Clear,Field B
2022-08-11,17:45,Cow_367,5,10,0,0,36.4,Clear,Field A
2022-08-11,17:45,Cow_368,7,4,4,0,36.4,Clear,Field B
2022-08-11,17:45,Cow_369,14,0,3,0,36.4,Clear,Field A
2022-08-11,17:45,Cow_370,3,8,4,0,36.4,Clear,Field B
2022-08-11,17:45,Cow_371,2,6,7,0,36.4,Clear,Field B
2022-08-11,17:45,Cow_372,8,4,3,0,36.4,Clear,Field B
2022-08-11,17:45,Cow_373,8,4,3,0,36.4,Clear,Field C
2022-08-11,17:45,Cow_374,1,10,4,0,36.4,Clear,Field A
2022-08-11,17:45,Cow_375,2,7,6,0,36.4,Clear,Field C
2022-08-11,17:45,Cow_376,12,0,8,0,36.4,Clear,Field B
2022-08-11,17:45,Cow_377,11,5,0,0,36.4,Clear,Field B
2022-08-11,17:45,Cow_378,5,5,5,0,36.4,Clear,Field B
2022-08-11,17:45,Cow_379,5,7,3,0,36.4,Clear,Field B
2022-08-11,17:45,Cow_380,11,0,7,0,36.4,Clear,Field C
2022-08-11,17:45,Cow_381,5,5,5,0,36.4,Clear,Field B
2022-08-11,17:45,Cow_382,13,10,0,0,36.4,Clear,Field A
2022-08-11,17:45,Cow_383,12,0,5,0,36.4,Clear,Field A
2022-08-11,17:45,Cow_384,2,5,8,0,36.4,Clear,Field B
2022-08-11,17:45,Cow_385,3,5,7,0,36.4,Clear,Field A
2022-08-11,17:45,Cow_386,12,0,4,0,36.4,Clear,Field B
2022-08-11,17:45,Cow_387,8,4,3,0,36.4,Clear,Field B
2022-08-11,17:45,Cow_388,3,5,7,0,36.4,Clear,Field C
2022-08-11,17:45,Cow_389,9,0,8,0,36.4,Clear,Field A
2022-08-11,17:45,Cow_390,13,4,0,0,36.4,Clear,Field C
2022-08-11,17:45,Cow_391,8,2,5,0,36.4,Clear,Field B
2022-08-11,17:45,Cow_392,6,3,6,0,36.4,Clear,Field C
2022-08-11,17:45,Cow_393,10,5,0,0,36.4,Clear,Field C
2022-08-11,17:45,Cow_394,10,0,6,0,36.4,Clear,Field C
2022-08-11,17:45,Cow_395,14,0,5,0,36.4,Clear,Field B
2022-08-11,17:45,Cow_396,8,7,0,0,36.4,Clear,Field A
2022-08-11,17:45,Cow_397,0,8,7,0,36.4,Clear,Field B
2022-08-11,17:45,Cow_398,0,0,0,15,36.4,Clear,Field C
2022-08-11,17:45,Cow_399,0,10,7,0,36.4,Clear,Field B
2022-08-11,17:45,Cow_400,9,2,4,0,36.4,Clear,Field A
2022-08-11,17:45,Cow_401,12,0,5,0,36.4,Clear,Field A
2022-08-11,17:45,Cow_402,12,0,8,0,36.4,Clear,Field A
2022-08-11,17:45,Cow_403,1,10,4,0,36.4,Clear,Field B
2022-08-11,17:45,Cow_404,14,4,0,0,36.4,Clear,Field C
2022-08-11,17:45,Cow_405,9,4,2,0,36.4,Clear,Field C
2022-08-11,17:45,Cow_406,8,4,3,0,36.4,Clear,Field A
2022-08-11,17:45,Cow_407,12,5,0,0,36.4,Clear,Field A
2022-08-11,17:45,Cow_408,7,0,8,0,36.4,Clear,Field B
2022-08-11,17:45,Cow_409,10,10,0,0,36.4,Clear,Field C
2022-08-11,17:45,Cow_410,13,4,0,0,36.4,Clear,Field A
2022-08-11,17:45,Cow_411,6,4,5,0,36.4,Clear,Field B
2022-08-11,17:45,Cow_412,0,0,0,15,36.4,Clear,Field A
2022-08-11,17:45,Cow_413,5,4,6,0,36.4,Clear,Field B
2022-08-11,17:45,Cow_414,2,7,6,0,36.4,Clear,Field B
2022-08-11,17:45,Cow_415,1,6,8,0,36.4,Clear,Field B
2022-08-11,17:45,Cow_416,13,6,0,0,36.4,Clear,Field A
2022-08-11,17:45,Cow_417,9,1,5,0,36.4,Clear,Field B
2022-08-11,17:45,Cow_418,12,5,0,0,36.4,Clear,Field A
2022-08-11,17:45,Cow_419,9,1,5,0,36.4,Clear,Field C
2022-08-11,17:45,Cow_420,4,3,8,0,36.4,Clear,Field B
2022-08-11,17:45,Cow_421,10,4,1,0,36.4,Clear,Field A
2022-08-11,17:45,Cow_422,14,10,0,0,36.4,Clear,Field A
2022-08-11,17:45,Cow_423,1,9,5,0,36.4,Clear,Field C
2022-08-11,17:45,Cow_424,4,6,5,0,36.4,Clear,Field A
2022-08-11,17:45,Cow_425,8,3,4,0,36.4,Clear,Field A
2022-08-11,17:45,Cow_426,4,6,5,0,36.4,Clear,Field A
2022-08-11,17:45,Cow_427,14,0,2,0,36.4,Clear,Field B
2022-08-11,17:45,Cow_428,0,0,0,15,36.4,Clear,Field A
2022-08-11,17:45,Cow_429,13,7,0,0,36.4,Clear,Field B
2022-08-11,17:45,Cow_430,6,7,2,0,36.4,Clear,Field A
2022-08-11,17:45,Cow_431,4,8,3,0,36.4,Clear,Field B
2022-08-11,17:45,Cow_432,8,4,3,0,36.4,Clear,Field A
2022-08-11,17:45,Cow_433,7,4,4,0,36.4,Clear,Field A
2022-08-11,17:45,Cow_434,11,4,0,0,36.4,Clear,Field C
2022-08-11,17:45,Cow_435,8,4,3,0,36.4,Clear,Field B
2022-08-11,17:45,Cow_436,8,2,5,0,36.4,Clear,Field B
2022-08-11,17:45,Cow_437,14,0,6,0,36.4,Clear,Field C
2022-08-11,17:45,Cow_438,1,9,5,0,36.4,Clear,Field A
2022-08-11,17:45,Cow_439,10,9,0,0,36.4,Clear,Field C
2022-08-11,17:45,Cow_440,0,7,8,0,36.4,Clear,Field B
2022-08-11,17:45,Cow_441,9,1,5,0,36.4,Clear,Field B
2022-08-11,17:45,Cow_442,8,4,3,0,36.4,Clear,Field A
2022-08-11,17:45,Cow_443,13,3,0,0,36.4,Clear,Field B
2022-08-11,17:45,Cow_444,5,3,7,0,36.4,Clear,Field A
2022-08-11,17:45,Cow_445,13,0,8,0,36.4,Clear,Field A
2022-08-11,17:45,Cow_446,5,3,7,0,36.4,Clear,Field B
2022-08-11,17:45,Cow_447,13,5,0,0,36.4,Clear,Field A
2022-08-11,17:45,Cow_448,11,0,4,0,36.4,Clear,Field C
2022-08-11,17:45,Cow_449,4,4,7,0,36.4,Clear,Field A
2022-08-11,17:45,Cow_450,5,7,3,0,36.4,Clear,Field B
2022-08-11,17:45,Cow_451,7,3,5,0,36.4,Clear,Field B
2022-08-11,17:45,Cow_452,8,4,3,0,36.4,Clear,Field A
2022-08-11,17:45,Cow_453,7,3,5,0,36.4,Clear,Field B
2022-08-11,17:45,Cow_454,1,9,5,0,36.4,Clear,Field B
2022-08-11,17:45,Cow_455,11,4,0,0,36.4,Clear,Field B
2022-08-11,17:45,Cow_456,5,3,7,0,36.4,Clear,Field B
2022-08-11,17:45,Cow_457,12,3,0,0,36.4,Clear,Field B
2022-08-11,17:45,Cow_458,5,7,3,0,36.4,Clear,Field A
2022-08-11,17:45,Cow_459,5,6,4,0,36.4,Clear,Field A
2022-08-11,17:45,Cow_460,1,10,4,0,36.4,Clear,Field C
2022-08-11,17:45,Cow_461,3,7,5,0,36.4,Clear,Field C
2022-08-11,17:45,Cow_462,5,6,4,0,36.4,Clear,Field C
2022-08-11,17:45,Cow_463,0,10,6,0,36.4,Clear,Field C
2022-08-11,17:45,Cow_464,5,7,3,0,36.4,Clear,Field C
2022-08-11,17:45,Cow_465,0,0,0,15,36.4,Clear,Field A
2022-08-11,17:45,Cow_466,12,10,0,0,36.4,Clear,Field C
2022-08-11,17:45,Cow_467,13,0,7,0,36.4,Clear,Field B
2022-08-11,17:45,Cow_468,1,9,5,0,36.4,Clear,Field B
2022-08-11,17:45,Cow_469,10,6,0,0,36.4,Clear,Field B
2022-08-11,17:45,Cow_470,8,7,0,0,36.4,Clear,Field A
2022-08-11,17:45,Cow_471,9,0,7,0,36.4,Clear,Field B
2022-08-11,17:45,Cow_472,5,7,3,0,36.4,Clear,Field B
2022-08-11,17:45,Cow_473,14,0,3,0,36.4,Clear,Field A
2022-08-11,17:45,Cow_474,3,8,4,0,36.4,Clear,Field A
2022-08-11,17:45,Cow_475,4,5,6,0,36.4,Clear,Field A
2022-08-11,17:45,Cow_476,12,5,0,0,36.4,Clear,Field C
2022-08-11,17:45,Cow_477,13,0,7,0,36.4,Clear,Field A
2022-08-11,17:45,Cow_478,14,0,3,0,36.4,Clear,Field C
2022-08-11,17:45,Cow_479,5,11,0,0,36.4,Clear,Field B
2022-08-11,17:45,Cow_480,11,5,0,0,36.4,Clear,Field A
2022-08-11,17:45,Cow_481,0,8,7,0,36.4,Clear,Field A
2022-08-11,17:45,Cow_482,2,9,4,0,36.4,Clear,Field B
2022-08-11,17:45,Cow_483,7,1,7,0,36.4,Clear,Field B
2022-08-11,17:45,Cow_484,6,6,3,0,36.4,Clear,Field B
2022-08-11,17:45,Cow_485,5,3,7,0,36.4,Clear,Field A
2022-08-11,17:45,Cow_486,11,1,3,0,36.4,Clear,Field A
2022-08-11,17:45,Cow_487,12,6,0,0,36.4,Clear,Field C
2022-08-11,17:45,Cow_488,2,5,8,0,36.4,Clear,Field C
2022-08-11,17:45,Cow_489,0,0,0,15,36.4,Clear,Field A
2022-08-11,17:45,Cow_490,9,0,6,0,36.4,Clear,Field A
2022-08-11,17:45,Cow_491,5,7,3,0,36.4,Clear,Field C
2022-08-11,17:45,Cow_492,0,9,7,0,36.4,Clear,Field A
2022-08-11,17:45,Cow_493,8,3,4,0,36.4,Clear,Field C
2022-08-11,17:45,Cow_494,1,10,4,0,36.4,Clear,Field A
2022-08-11,17:45,Cow_495,5,5,5,0,36.4,Clear,Field B
2022-08-11,17:45,Cow_496,3,6,6,0,36.4,Clear,Field B
2022-08-11,17:45,Cow_497,11,0,7,0,36.4,Clear,Field C
2022-08-11,17:45,Cow_498,9,5,1,0,36.4,Clear,Field A
2022-08-11,17:45,Cow_499,8,2,5,0,36.4,Clear,Field A
2022-08-11,17:45,Cow_500,12,10,0,0,36.4,Clear,Field B
2022-08-11,18:00,Cow_1,9,0,6,0,24.5,Rainy,Field C
2022-08-11,18:00,Cow_2,2,5,8,0,24.5,Rainy,Field C
2022-08-11,18:00,Cow_3,14,0,6,0,24.5,Rainy,Field C
2022-08-11,18:00,Cow_4,0,9,6,0,24.5,Rainy,Field A
2022-08-11,18:00,Cow_5,0,0,0,15,24.5,Rainy,Field B
2022-08-11,18:00,Cow_6,10,10,0,0,24.5,Rainy,Field B
2022-08-11,18:00,Cow_7,0,0,0,15,24.5,Rainy,Field B
2022-08-11,18:00,Cow_8,4,7,4,0,24.5,Rainy,Field C
2022-08-11,18:00,Cow_9,0,0,0,15,24.5,Rainy,Field B
2022-08-11,18:00,Cow_10,10,4,1,0,24.5,Rainy,Field A
2022-08-11,18:00,Cow_11,0,7,8,0,24.5,Rainy,Field C
2022-08-11,18:00,Cow_12,6,7,2,0,24.5,Rainy,Field B
2022-08-11,18:00,Cow_13,7,1,7,0,24.5,Rainy,Field B
2022-08-11,18:00,Cow_14,11,0,7,0,24.5,Rainy,Field A
2022-08-11,18:00,Cow_15,10,3,2,0,24.5,Rainy,Field C
2022-08-11,18:00,Cow_16,0,0,0,15,24.5,Rainy,Field A
2022-08-11,18:00,Cow_17,13,3,0,0,24.5,Rainy,Field B
2022-08-11,18:00,Cow_18,9,2,4,0,24.5,Rainy,Field C
2022-08-11,18:00,Cow_19,10,10,0,0,24.5,Rainy,Field A
2022-08-11,18:00,Cow_20,11,0,4,0,24.5,Rainy,Field A
2022-08-11,18:00,Cow_21,10,0,6,0,24.5,Rainy,Field C
2022-08-11,18:00,Cow_22,7,1,7,0,24.5,Rainy,Field B
2022-08-11,18:00,Cow_23,0,9,6,0,24.5,Rainy,Field B
2022-08-11,18:00,Cow_24,10,1,4,0,24.5,Rainy,Field B
2022-08-11,18:00,Cow_25,13,0,4,0,24.5,Rainy,Field C
2022-08-11,18:00,Cow_26,6,4,5,0,24.5,Rainy,Field B
2022-08-11,18:00,Cow_27,10,4,1,0,24.5,Rainy,Field A
2022-08-11,18:00,Cow_28,14,9,0,0,24.5,Rainy,Field B
2022-08-11,18:00,Cow_29,0,0,0,15,24.5,Rainy,Field B
2022-08-11,18:00,Cow_30,9,9,0,0,24.5,Rainy,Field C
2022-08-11,18:00,Cow_31,0,10,9,0,24.5,Rainy,Field C
2022-08-11,18:00,Cow_32,9,6,0,0,24.5,Rainy,Field B
2022-08-11,18:00,Cow_33,14,0,6,0,24.5,Rainy,Field A
2022-08-11,18:00,Cow_34,14,0,3,0,24.5,Rainy,Field A
2022-08-11,18:00,Cow_35,6,4,5,0,24.5,Rainy,Field C
2022-08-11,18:00,Cow_36,0,0,0,15,24.5,Rainy,Field A
2022-08-11,18:00,Cow_37,13,3,0,0,24.5,Rainy,Field A
2022-08-11,18:00,Cow_38,9,8,0,0,24.5,Rainy,Field C
2022-08-11,18:00,Cow_39,8,4,3,0,24.5,Rainy,Field A
2022-08-11,18:00,Cow_40,8,0,7,0,24.5,Rainy,Field C
2022-08-11,18:00,Cow_41,9,4,2,0,24.5,Rainy,Field B
2022-08-11,18:00,Cow_42,11,0,4,0,24.5,Rainy,Field C
2022-08-11,18:00,Cow_43,10,0,5,0,24.5,Rainy,Field A
2022-08-11,18:00,Cow_44,0,0,0,15,24.5,Rainy,Field B
2022-08-11,18:00,Cow_45,5,10,0,0,24.5,Rainy,Field A
2022-08-11,18:00,Cow_46,14,4,0,0,24.5,Rainy,Field C
2022-08-11,18:00,Cow_47,13,10,0,0,24.5,Rainy,Field C
2022-08-11,18:00,Cow_48,11,8,0,0,24.5,Rainy,Field A
2022-08-11,18:00,Cow_49,9,1,5,0,24.5,Rainy,Field C
2022-08-11,18:00,Cow_50,7,3,5,0,24.5,Rainy,Field B
2022-08-11,18:00,Cow_51,10,10,0,0,24.5,Rainy,Field B
2022-08-11,18:00,Cow_52,6,3,6,0,24.5,Rainy,Field A
2022-08-11,18:00,Cow_53,0,0,0,15,24.5,Rainy,Field C
2022-08-11,18:00,Cow_54,1,5,9,0,24.5,Rainy,Field C
2022-08-11,18:00,Cow_55,12,9,0,0,24.5,Rainy,Field B
2022-08-11,18:00,Cow_56,5,5,5,0,24.5,Rainy,Field A
2022-08-11,18:00,Cow_57,7,7,1,0,24.5,Rainy,Field C
2022-08-11,18:00,Cow_58,10,4,1,0,24.5,Rainy,Field A
2022-08-11,18:00,Cow_59,6,8,1,0,24.5,Rainy,Field C
2022-08-11,18:00,Cow_60,14,8,0,0,24.5,Rainy,Field A
2022-08-11,18:00,Cow_61,6,2,7,0,24.5,Rainy,Field A
2022-08-11,18:00,Cow_62,5,3,7,0,24.5,Rainy,Field B
2022-08-11,18:00,Cow_63,9,1,5,0,24.5,Rainy,Field A
2022-08-11,18:00,Cow_64,11,1,3,0,24.5,Rainy,Field A
2022-08-11,18:00,Cow_65,6,9,0,0,24.5,Rainy,Field C
2022-08-11,18:00,Cow_66,6,3,6,0,24.5,Rainy,Field A
2022-08-11,18:00,Cow_67,1,7,7,0,24.5,Rainy,Field C
2022-08-11,18:00,Cow_68,0,9,7,0,24.5,Rainy,Field C
2022-08-11,18:00,Cow_69,9,3,3,0,24.5,Rainy,Field B
2022-08-11,18:00,Cow_70,7,3,5,0,24.5,Rainy,Field B
2022-08-11,18:00,Cow_71,12,0,8,0,24.5,Rainy,Field C
2022-08-11,18:00,Cow_72,13,0,8,0,24.5,Rainy,Field C
2022-08-11,18:00,Cow_73,11,3,1,0,24.5,Rainy,Field A
2022-08-11,18:00,Cow_74,7,3,5,0,24.5,Rainy,Field B
2022-08-11,18:00,Cow_75,5,7,3,0,24.5,Rainy,Field C
2022-08-11,18:00,Cow_76,5,4,6,0,24.5,Rainy,Field C
2022-08-11,18:00,Cow_77,7,7,1,0,24.5,Rainy,Field A
2022-08-11,18:00,Cow_78,13,0,8,0,24.5,Rainy,Field B
2022-08-11,18:00,Cow_79,8,4,3,0,24.5,Rainy,Field C
2022-08-11,18:00,Cow_80,0,0,0,15,24.5,Rainy,Field B
2022-08-11,18:00,Cow_81,12,6,0,0,24.5,Rainy,Field A
2022-08-11,18:00,Cow_82,6,6,3,0,24.5,Rainy,Field B
2022-08-11,18:00,Cow_83,1,7,7,0,24.5,Rainy,Field C
2022-08-11,18:00,Cow_84,14,9,0,0,24.5,Rainy,Field B
2022-08-11,18:00,Cow_85,4,8,3,0,24.5,Rainy,Field C
2022-08-11,18:00,Cow_86,6,10,0,0,24.5,Rainy,Field A
2022-08-11,18:00,Cow_87,0,9,6,0,24.5,Rainy,Field A
2022-08-11,18:00,Cow_88,12,0,8,0,24.5,Rainy,Field C
2022-08-11,18:00,Cow_89,5,3,7,0,24.5,Rainy,Field C
2022-08-11,18:00,Cow_90,4,4,7,0,24.5,Rainy,Field B
2022-08-11,18:00,Cow_91,8,9,0,0,24.5,Rainy,Field B
2022-08-11,18:00,Cow_92,8,4,3,0,24.5,Rainy,Field A
2022-08-11,18:00,Cow_93,10,7,0,0,24.5,Rainy,Field B
2022-08-11,18:00,Cow_94,10,4,1,0,24.5,Rainy,Field C
2022-08-11,18:00,Cow_95,9,2,4,0,24.5,Rainy,Field B
2022-08-11,18:00,Cow_96,5,4,6,0,24.5,Rainy,Field A
2022-08-11,18:00,Cow_97,11,8,0,0,24.5,Rainy,Field C
2022-08-11,18:00,Cow_98,14,4,0,0,24.5,Rainy,Field C
2022-08-11,18:00,Cow_99,13,7,0,0,24.5,Rainy,Field A
2022-08-11,18:00,Cow_100,0,10,8,0,24.5,Rainy,Field C
2022-08-11,18:00,Cow_101,11,3,1,0,24.5,Rainy,Field A
2022-08-11,18:00,Cow_102,6,4,5,0,24.5,Rainy,Field C
2022-08-11,18:00,Cow_103,4,7,4,0,24.5,Rainy,Field B
2022-08-11,18:00,Cow_104,7,2,6,0,24.5,Rainy,Field C
2022-08-11,18:00,Cow_105,12,4,0,0,24.5,Rainy,Field A
2022-08-11,18:00,Cow_106,5,7,3,0,24.5,Rainy,Field C
2022-08-11,18:00,Cow_107,9,7,0,0,24.5,Rainy,Field A
2022-08-11,18:00,Cow_108,0,0,0,15,24.5,Rainy,Field B
2022-08-11,18:00,Cow_109,3,6,6,0,24.5,Rainy,Field C
2022-08-11,18:00,Cow_110,0,10,5,0,24.5,Rainy,Field A
2022-08-11,18:00,Cow_111,5,3,7,0,24.5,Rainy,Field B
2022-08-11,18:00,Cow_112,8,4,3,0,24.5,Rainy,Field A
2022-08-11,18:00,Cow_113,0,10,7,0,24.5,Rainy,Field A
2022-08-11,18:00,Cow_114,11,6,0,0,24.5,Rainy,Field C
2022-08-11,18:00,Cow_115,8,3,4,0,24.5,Rainy,Field A
2022-08-11,18:00,Cow_116,7,5,3,0,24.5,Rainy,Field B
2022-08-11,18:00,Cow_117,0,0,0,15,24.5,Rainy,Field A
2022-08-11,18:00,Cow_118,0,0,0,15,24.5,Rainy,Field C
2022-08-11,18:00,Cow_119,12,6,0,0,24.5,Rainy,Field B
2022-08-11,18:00,Cow_120,0,9,8,0,24.5,Rainy,Field B
2022-08-11,18:00,Cow_121,0,8,7,0,24.5,Rainy,Field B
2022-08-11,18:00,Cow_122,2,9,4,0,24.5,Rainy,Field C
2022-08-11,18:00,Cow_123,4,5,6,0,24.5,Rainy,Field B
2022-08-11,18:00,Cow_124,7,9,0,0,24.5,Rainy,Field A
2022-08-11,18:00,Cow_125,0,7,8,0,24.5,Rainy,Field B
2022-08-11,18:00,Cow_126,8,3,4,0,24.5,Rainy,Field A
2022-08-11,18:00,Cow_127,6,9,0,0,24.5,Rainy,Field B
2022-08-11,18:00,Cow_128,12,0,4,0,24.5,Rainy,Field C
2022-08-11,18:00,Cow_129,5,4,6,0,24.5,Rainy,Field B
2022-08-11,18:00,Cow_130,14,8,0,0,24.5,Rainy,Field C
2022-08-11,18:00,Cow_131,0,0,0,15,24.5,Rainy,Field B
2022-08-11,18:00,Cow_132,14,0,6,0,24.5,Rainy,Field A
2022-08-11,18:00,Cow_133,7,2,6,0,24.5,Rainy,Field A
2022-08-11,18:00,Cow_134,6,2,7,0,24.5,Rainy,Field A
2022-08-11,18:00,Cow_135,4,7,4,0,24.5,Rainy,Field C
2022-08-11,18:00,Cow_136,5,5,5,0,24.5,Rainy,Field C
2022-08-11,18:00,Cow_137,6,6,3,0,24.5,Rainy,Field C
2022-08-11,18:00,Cow_138,8,4,3,0,24.5,Rainy,Field B
2022-08-11,18:00,Cow_139,4,3,8,0,24.5,Rainy,Field B
2022-08-11,18:00,Cow_140,14,3,0,0,24.5,Rainy,Field A
2022-08-11,18:00,Cow_141,6,2,7,0,24.5,Rainy,Field C
2022-08-11,18:00,Cow_142,13,0,7,0,24.5,Rainy,Field A
2022-08-11,18:00,Cow_143,14,0,7,0,24.5,Rainy,Field B
2022-08-11,18:00,Cow_144,8,1,6,0,24.5,Rainy,Field A
2022-08-11,18:00,Cow_145,0,8,8,0,24.5,Rainy,Field A
2022-08-11,18:00,Cow_146,0,10,8,0,24.5,Rainy,Field B
2022-08-11,18:00,Cow_147,9,1,5,0,24.5,Rainy,Field B
2022-08-11,18:00,Cow_148,6,5,4,0,24.5,Rainy,Field C
2022-08-11,18:00,Cow_149,4,4,7,0,24.5,Rainy,Field B
2022-08-11,18:00,Cow_150,14,10,0,0,24.5,Rainy,Field C
2022-08-11,18:00,Cow_151,3,4,8,0,24.5,Rainy,Field C
2022-08-11,18:00,Cow_152,7,3,5,0,24.5,Rainy,Field A
2022-08-11,18:00,Cow_153,9,0,6,0,24.5,Rainy,Field A
2022-08-11,18:00,Cow_154,0,9,6,0,24.5,Rainy,Field A
2022-08-11,18:00,Cow_155,13,0,4,0,24.5,Rainy,Field B
2022-08-11,18:00,Cow_156,5,3,7,0,24.5,Rainy,Field B
2022-08-11,18:00,Cow_157,11,0,5,0,24.5,Rainy,Field C
2022-08-11,18:00,Cow_158,14,0,5,0,24.5,Rainy,Field A
2022-08-11,18:00,Cow_159,14,0,7,0,24.5,Rainy,Field A
2022-08-11,18:00,Cow_160,0,0,0,15,24.5,Rainy,Field A
2022-08-11,18:00,Cow_161,10,10,0,0,24.5,Rainy,Field B
2022-08-11,18:00,Cow_162,7,4,4,0,24.5,Rainy,Field C
2022-08-11,18:00,Cow_163,5,7,3,0,24.5,Rainy,Field C
2022-08-11,18:00,Cow_164,12,0,3,0,24.5,Rainy,Field B
2022-08-11,18:00,Cow_165,6,5,4,0,24.5,Rainy,Field A
2022-08-11,18:00,Cow_166,11,5,0,0,24.5,Rainy,Field B
2022-08-11,18:00,Cow_167,10,9,0,0,24.5,Rainy,Field A
2022-08-11,18:00,Cow_168,12,9,0,0,24.5,Rainy,Field C
2022-08-11,18:00,Cow_169,10,0,8,0,24.5,Rainy,Field B
2022-08-11,18:00,Cow_170,14,6,0,0,24.5,Rainy,Field A
2022-08-11,18:00,Cow_171,12,4,0,0,24.5,Rainy,Field C
2022-08-11,18:00,Cow_172,2,9,4,0,24.5,Rainy,Field A
2022-08-11,18:00,Cow_173,13,9,0,0,24.5,Rainy,Field C
2022-08-11,18:00,Cow_174,13,0,9,0,24.5,Rainy,Field B
2022-08-11,18:00,Cow_175,5,5,5,0,24.5,Rainy,Field A
2022-08-11,18:00,Cow_176,5,3,7,0,24.5,Rainy,Field C
2022-08-11,18:00,Cow_177,2,5,8,0,24.5,Rainy,Field A
2022-08-11,18:00,Cow_178,8,5,2,0,24.5,Rainy,Field A
2022-08-11,18:00,Cow_179,9,0,6,0,24.5,Rainy,Field B
2022-08-11,18:00,Cow_180,3,6,6,0,24.5,Rainy,Field A
2022-08-11,18:00,Cow_181,0,10,7,0,24.5,Rainy,Field A
2022-08-11,18:00,Cow_182,6,4,5,0,24.5,Rainy,Field C
2022-08-11,18:00,Cow_183,4,4,7,0,24.5,Rainy,Field C
2022-08-11,18:00,Cow_184,12,5,0,0,24.5,Rainy,Field C
2022-08-11,18:00,Cow_185,8,0,7,0,24.5,Rainy,Field A
2022-08-11,18:00,Cow_186,13,6,0,0,24.5,Rainy,Field C
2022-08-11,18:00,Cow_187,0,0,0,15,24.5,Rainy,Field B
2022-08-11,18:00,Cow_188,5,5,5,0,24.5,Rainy,Field B
2022-08-11,18:00,Cow_189,3,8,4,0,24.5,Rainy,Field A
2022-08-11,18:00,Cow_190,14,5,0,0,24.5,Rainy,Field B
2022-08-11,18:00,Cow_191,10,0,8,0,24.5,Rainy,Field C
2022-08-11,18:00,Cow_192,6,3,6,0,24.5,Rainy,Field C
2022-08-11,18:00,Cow_193,1,7,7,0,24.5,Rainy,Field B
2022-08-11,18:00,Cow_194,0,0,0,15,24.5,Rainy,Field C
2022-08-11,18:00,Cow_195,6,4,5,0,24.5,Rainy,Field B
2022-08-11,18:00,Cow_196,0,8,7,0,24.5,Rainy,Field C
2022-08-11,18:00,Cow_197,1,10,4,0,24.5,Rainy,Field C
2022-08-11,18:00,Cow_198,1,8,6,0,24.5,Rainy,Field B
2022-08-11,18:00,Cow_199,0,10,5,0,24.5,Rainy,Field B
2022-08-11,18:00,Cow_200,8,8,0,0,24.5,Rainy,Field B
2022-08-11,18:00,Cow_201,0,8,7,0,24.5,Rainy,Field B
2022-08-11,18:00,Cow_202,4,7,4,0,24.5,Rainy,Field B
2022-08-11,18:00,Cow_203,11,1,3,0,24.5,Rainy,Field C
2022-08-11,18:00,Cow_204,1,10,4,0,24.5,Rainy,Field C
2022-08-11,18:00,Cow_205,8,3,4,0,24.5,Rainy,Field A
2022-08-11,18:00,Cow_206,9,10,0,0,24.5,Rainy,Field C
2022-08-11,18:00,Cow_207,10,10,0,0,24.5,Rainy,Field A
2022-08-11,18:00,Cow_208,9,3,3,0,24.5,Rainy,Field A
2022-08-11,18:00,Cow_209,12,0,6,0,24.5,Rainy,Field A
2022-08-11,18:00,Cow_210,9,2,4,0,24.5,Rainy,Field C
2022-08-11,18:00,Cow_211,6,5,4,0,24.5,Rainy,Field B
2022-08-11,18:00,Cow_212,5,2,8,0,24.5,Rainy,Field A
2022-08-11,18:00,Cow_213,8,10,0,0,24.5,Rainy,Field A
2022-08-11,18:00,Cow_214,11,9,0,0,24.5,Rainy,Field B
2022-08-11,18:00,Cow_215,9,0,6,0,24.5,Rainy,Field C
2022-08-11,18:00,Cow_216,14,8,0,0,24.5,Rainy,Field B
2022-08-11,18:00,Cow_217,13,7,0,0,24.5,Rainy,Field B
2022-08-11,18:00,Cow_218,8,3,4,0,24.5,Rainy,Field A
2022-08-11,18:00,Cow_219,7,4,4,0,24.5,Rainy,Field C
2022-08-11,18:00,Cow_220,5,3,7,0,24.5,Rainy,Field C
2022-08-11,18:00,Cow_221,5,5,5,0,24.5,Rainy,Field A
2022-08-11,18:00,Cow_222,10,5,0,0,24.5,Rainy,Field A
2022-08-11,18:00,Cow_223,0,10,6,0,24.5,Rainy,Field C
2022-08-11,18:00,Cow_224,5,5,5,0,24.5,Rainy,Field B
2022-08-11,18:00,Cow_225,7,0,8,0,24.5,Rainy,Field C
2022-08-11,18:00,Cow_226,0,8,7,0,24.5,Rainy,Field B
2022-08-11,18:00,Cow_227,4,5,6,0,24.5,Rainy,Field B
2022-08-11,18:00,Cow_228,7,6,2,0,24.5,Rainy,Field C
2022-08-11,18:00,Cow_229,5,5,5,0,24.5,Rainy,Field C
2022-08-11,18:00,Cow_230,14,0,7,0,24.5,Rainy,Field B
2022-08-11,18:00,Cow_231,7,3,5,0,24.5,Rainy,Field C
2022-08-11,18:00,Cow_232,12,0,6,0,24.5,Rainy,Field B
2022-08-11,18:00,Cow_233,14,0,8,0,24.5,Rainy,Field C
2022-08-11,18:00,Cow_234,5,8,2,0,24.5,Rainy,Field C
2022-08-11,18:00,Cow_235,15,0,5,0,24.5,Rainy,Field B
2022-08-11,18:00,Cow_236,0,0,0,15,24.5,Rainy,Field B
2022-08-11,18:00,Cow_237,9,10,0,0,24.5,Rainy,Field A
2022-08-11,18:00,Cow_238,6,8,1,0,24.5,Rainy,Field C
2022-08-11,18:00,Cow_239,0,0,0,15,24.5,Rainy,Field C
2022-08-11,18:00,Cow_240,7,3,5,0,24.5,Rainy,Field A
2022-08-11,18:00,Cow_241,13,0,3,0,24.5,Rainy,Field B
2022-08-11,18:00,Cow_242,12,3,0,0,24.5,Rainy,Field A
2022-08-11,18:00,Cow_243,9,2,4,0,24.5,Rainy,Field A
2022-08-11,18:00,Cow_244,2,9,4,0,24.5,Rainy,Field A
2022-08-11,18:00,Cow_245,14,0,8,0,24.5,Rainy,Field B
2022-08-11,18:00,Cow_246,1,6,8,0,24.5,Rainy,Field A
2022-08-11,18:00,Cow_247,12,0,7,0,24.5,Rainy,Field B
2022-08-11,18:00,Cow_248,13,10,0,0,24.5,Rainy,Field C
2022-08-11,18:00,Cow_249,13,0,8,0,24.5,Rainy,Field B
2022-08-11,18:00,Cow_250,12,3,0,0,24.5,Rainy,Field C
2022-08-11,18:00,Cow_251,13,0,4,0,24.5,Rainy,Field A
2022-08-11,18:00,Cow_252,15,9,0,0,24.5,Rainy,Field C
2022-08-11,18:00,Cow_253,7,4,4,0,24.5,Rainy,Field A
2022-08-11,18:00,Cow_254,14,0,5,0,24.5,Rainy,Field A
2022-08-11,18:00,Cow_255,5,5,5,0,24.5,Rainy,Field C
2022-08-11,18:00,Cow_256,9,3,3,0,24.5,Rainy,Field C
2022-08-11,18:00,Cow_257,4,5,6,0,24.5,Rainy,Field B
2022-08-11,18:00,Cow_258,5,2,8,0,24.5,Rainy,Field A
2022-08-11,18:00,Cow_259,13,9,0,0,24.5,Rainy,Field B
2022-08-11,18:00,Cow_260,0,8,7,0,24.5,Rainy,Field C
2022-08-11,18:00,Cow_261,12,4,0,0,24.5,Rainy,Field B
2022-08-11,18:00,Cow_262,0,0,0,15,24.5,Rainy,Field A
2022-08-11,18:00,Cow_263,4,5,6,0,24.5,Rainy,Field A
2022-08-11,18:00,Cow_264,14,0,8,0,24.5,Rainy,Field C
2022-08-11,18:00,Cow_265,6,4,5,0,24.5,Rainy,Field C
2022-08-11,18:00,Cow_266,12,0,4,0,24.5,Rainy,Field B
2022-08-11,18:00,Cow_267,5,6,4,0,24.5,Rainy,Field C
2022-08-11,18:00,Cow_268,9,1,5,0,24.5,Rainy,Field B
2022-08-11,18:00,Cow_269,14,0,7,0,24.5,Rainy,Field C
2022-08-11,18:00,Cow_270,6,4,5,0,24.5,Rainy,Field A
2022-08-11,18:00,Cow_271,12,0,6,0,24.5,Rainy,Field B
2022-08-11,18:00,Cow_272,13,0,8,0,24.5,Rainy,Field B
2022-08-11,18:00,Cow_273,10,9,0,0,24.5,Rainy,Field C
2022-08-11,18:00,Cow_274,7,1,7,0,24.5,Rainy,Field B
2022-08-11,18:00,Cow_275,10,0,8,0,24.5,Rainy,Field C
2022-08-11,18:00,Cow_276,13,7,0,0,24.5,Rainy,Field B
2022-08-11,18:00,Cow_277,12,0,6,0,24.5,Rainy,Field A
2022-08-11,18:00,Cow_278,0,0,0,15,24.5,Rainy,Field B
2022-08-11,18:00,Cow_279,0,9,6,0,24.5,Rainy,Field A
2022-08-11,18:00,Cow_280,7,3,5,0,24.5,Rainy,Field B
2022-08-11,18:00,Cow_281,9,0,7,0,24.5,Rainy,Field A
2022-08-11,18:00,Cow_282,0,0,0,15,24.5,Rainy,Field A
2022-08-11,18:00,Cow_283,8,3,4,0,24.5,Rainy,Field A
2022-08-11,18:00,Cow_284,1,10,4,0,24.5,Rainy,Field C
2022-08-11,18:00,Cow_285,4,8,3,0,24.5,Rainy,Field A
2022-08-11,18:00,Cow_286,8,4,3,0,24.5,Rainy,Field A
2022-08-11,18:00,Cow_287,7,9,0,0,24.5,Rainy,Field A
2022-08-11,18:00,Cow_288,4,3,8,0,24.5,Rainy,Field A
2022-08-11,18:00,Cow_289,6,3,6,0,24.5,Rainy,Field A
2022-08-11,18:00,Cow_290,12,0,4,0,24.5,Rainy,Field C
2022-08-11,18:00,Cow_291,10,1,4,0,24.5,Rainy,Field B
2022-08-11,18:00,Cow_292,1,10,4,0,24.5,Rainy,Field C
2022-08-11,18:00,Cow_293,7,12,0,0,24.5,Rainy,Field C
2022-08-11,18:00,Cow_294,5,6,4,0,24.5,Rainy,Field B
2022-08-11,18:00,Cow_295,2,6,7,0,24.5,Rainy,Field A
2022-08-11,18:00,Cow_296,13,8,0,0,24.5,Rainy,Field C
2022-08-11,18:00,Cow_297,3,8,4,0,24.5,Rainy,Field C
2022-08-11,18:00,Cow_298,9,6,0,0,24.5,Rainy,Field C
2022-08-11,18:00,Cow_299,0,12,8,0,24.5,Rainy,Field A
2022-08-11,18:00,Cow_300,7,2,6,0,24.5,Rainy,Field B
2022-08-11,18:00,Cow_301,14,0,8,0,24.5,Rainy,Field C
2022-08-11,18:00,Cow_302,14,5,0,0,24.5,Rainy,Field A
2022-08-11,18:00,Cow_303,1,10,4,0,24.5,Rainy,Field A
2022-08-11,18:00,Cow_304,13,0,7,0,24.5,Rainy,Field C
2022-08-11,18:00,Cow_305,9,0,6,0,24.5,Rainy,Field B
2022-08-11,18:00,Cow_306,5,10,0,0,24.5,Rainy,Field A
2022-08-11,18:00,Cow_307,7,5,3,0,24.5,Rainy,Field C
2022-08-11,18:00,Cow_308,13,3,0,0,24.5,Rainy,Field A
2022-08-11,18:00,Cow_309,11,0,4,0,24.5,Rainy,Field B
2022-08-11,18:00,Cow_310,14,5,0,0,24.5,Rainy,Field C
2022-08-11,18:00,Cow_311,0,9,8,0,24.5,Rainy,Field A
2022-08-11,18:00,Cow_312,11,7,0,0,24.5,Rainy,Field B
2022-08-11,18:00,Cow_313,10,9,0,0,24.5,Rainy,Field A
2022-08-11,18:00,Cow_314,13,0,6,0,24.5,Rainy,Field A
2022-08-11,18:00,Cow_315,11,0,6,0,24.5,Rainy,Field A
2022-08-11,18:00,Cow_316,6,5,4,0,24.5,Rainy,Field B
2022-08-11,18:00,Cow_317,11,9,0,0,24.5,Rainy,Field A
2022-08-11,18:00,Cow_318,12,5,0,0,24.5,Rainy,Field C
2022-08-11,18:00,Cow_319,1,10,4,0,24.5,Rainy,Field B
2022-08-11,18:00,Cow_320,13,0,7,0,24.5,Rainy,Field B
2022-08-11,18:00,Cow_321,6,2,7,0,24.5,Rainy,Field B
2022-08-11,18:00,Cow_322,11,6,0,0,24.5,Rainy,Field A
2022-08-11,18:00,Cow_323,12,10,0,0,24.5,Rainy,Field C
2022-08-11,18:00,Cow_324,6,1,8,0,24.5,Rainy,Field A
2022-08-11,18:00,Cow_325,1,7,7,0,24.5,Rainy,Field B
2022-08-11,18:00,Cow_326,12,3,0,0,24.5,Rainy,Field C
2022-08-11,18:00,Cow_327,6,8,1,0,24.5,Rainy,Field B
2022-08-11,18:00,Cow_328,13,7,0,0,24.5,Rainy,Field B
2022-08-11,18:00,Cow_329,7,2,6,0,24.5,Rainy,Field A
2022-08-11,18:00,Cow_330,7,1,7,0,24.5,Rainy,Field A
2022-08-11,18:00,Cow_331,8,3,4,0,24.5,Rainy,Field A
2022-08-11,18:00,Cow_332,5,7,3,0,24.5,Rainy,Field B
2022-08-11,18:00,Cow_333,8,4,3,0,24.5,Rainy,Field C
2022-08-11,18:00,Cow_334,11,8,0,0,24.5,Rainy,Field C
2022-08-11,18:00,Cow_335,4,4,7,0,24.5,Rainy,Field A
2022-08-11,18:00,Cow_336,12,0,7,0,24.5,Rainy,Field B
2022-08-11,18:00,Cow_337,12,6,0,0,24.5,Rainy,Field C
2022-08-11,18:00,Cow_338,0,0,0,15,24.5,Rainy,Field A
2022-08-11,18:00,Cow_339,1,6,8,0,24.5,Rainy,Field B
2022-08-11,18:00,Cow_340,11,0,4,0,24.5,Rainy,Field B
2022-08-11,18:00,Cow_341,1,8,6,0,24.5,Rainy,Field A
2022-08-11,18:00,Cow_342,7,5,3,0,24.5,Rainy,Field B
2022-08-11,18:00,Cow_343,7,3,5,0,24.5,Rainy,Field B
2022-08-11,18:00,Cow_344,9,1,5,0,24.5,Rainy,Field C
2022-08-11,18:00,Cow_345,13,7,0,0,24.5,Rainy,Field B
2022-08-11,18:00,Cow_346,9,3,3,0,24.5,Rainy,Field A
2022-08-11,18:00,Cow_347,13,9,0,0,24.5,Rainy,Field A
2022-08-11,18:00,Cow_348,3,6,6,0,24.5,Rainy,Field A
2022-08-11,18:00,Cow_349,7,4,4,0,24.5,Rainy,Field A
2022-08-11,18:00,Cow_350,10,5,0,0,24.5,Rainy,Field B
2022-08-11,18:00,Cow_351,0,9,8,0,24.5,Rainy,Field C
2022-08-11,18:00,Cow_352,12,0,3,0,24.5,Rainy,Field C
2022-08-11,18:00,Cow_353,8,3,4,0,24.5,Rainy,Field C
2022-08-11,18:00,Cow_354,5,4,6,0,24.5,Rainy,Field A
2022-08-11,18:00,Cow_355,8,7,0,0,24.5,Rainy,Field A
2022-08-11,18:00,Cow_356,8,10,0,0,24.5,Rainy,Field C
2022-08-11,18:00,Cow_357,12,0,8,0,24.5,Rainy,Field B
2022-08-11,18:00,Cow_358,11,1,3,0,24.5,Rainy,Field C
2022-08-11,18:00,Cow_359,12,5,0,0,24.5,Rainy,Field B
2022-08-11,18:00,Cow_360,10,0,5,0,24.5,Rainy,Field C
2022-08-11,18:00,Cow_361,6,3,6,0,24.5,Rainy,Field C
2022-08-11,18:00,Cow_362,8,3,4,0,24.5,Rainy,Field B
2022-08-11,18:00,Cow_363,9,4,2,0,24.5,Rainy,Field C
2022-08-11,18:00,Cow_364,11,10,0,0,24.5,Rainy,Field A
2022-08-11,18:00,Cow_365,8,1,6,0,24.5,Rainy,Field A
2022-08-11,18:00,Cow_366,3,10,2,0,24.5,Rainy,Field C
2022-08-11,18:00,Cow_367,5,4,6,0,24.5,Rainy,Field C
2022-08-11,18:00,Cow_368,6,3,6,0,24.5,Rainy,Field C
2022-08-11,18:00,Cow_369,0,10,7,0,24.5,Rainy,Field B
2022-08-11,18:00,Cow_370,0,9,6,0,24.5,Rainy,Field C
2022-08-11,18:00,Cow_371,0,10,5,0,24.5,Rainy,Field B
2022-08-11,18:00,Cow_372,10,0,8,0,24.5,Rainy,Field C
2022-08-11,18:00,Cow_373,1,6,8,0,24.5,Rainy,Field A
2022-08-11,18:00,Cow_374,10,10,0,0,24.5,Rainy,Field B
2022-08-11,18:00,Cow_375,2,8,5,0,24.5,Rainy,Field A
2022-08-11,18:00,Cow_376,10,2,3,0,24.5,Rainy,Field A
2022-08-11,18:00,Cow_377,8,8,0,0,24.5,Rainy,Field C
2022-08-11,18:00,Cow_378,13,4,0,0,24.5,Rainy,Field C
2022-08-11,18:00,Cow_379,7,0,8,0,24.5,Rainy,Field B
2022-08-11,18:00,Cow_380,0,10,5,0,24.5,Rainy,Field C
2022-08-11,18:00,Cow_381,8,0,7,0,24.5,Rainy,Field A
2022-08-11,18:00,Cow_382,9,9,0,0,24.5,Rainy,Field A
2022-08-11,18:00,Cow_383,0,0,0,15,24.5,Rainy,Field A
2022-08-11,18:00,Cow_384,5,4,6,0,24.5,Rainy,Field A
2022-08-11,18:00,Cow_385,6,5,4,0,24.5,Rainy,Field C
2022-08-11,18:00,Cow_386,14,4,0,0,24.5,Rainy,Field B
2022-08-11,18:00,Cow_387,8,2,5,0,24.5,Rainy,Field C
2022-08-11,18:00,Cow_388,7,5,3,0,24.5,Rainy,Field A
2022-08-11,18:00,Cow_389,4,3,8,0,24.5,Rainy,Field B
2022-08-11,18:00,Cow_390,14,4,0,0,24.5,Rainy,Field B
2022-08-11,18:00,Cow_391,8,5,2,0,24.5,Rainy,Field B
2022-08-11,18:00,Cow_392,4,5,6,0,24.5,Rainy,Field B
2022-08-11,18:00,Cow_393,14,5,0,0,24.5,Rainy,Field C
2022-08-11,18:00,Cow_394,5,6,4,0,24.5,Rainy,Field C
2022-08-11,18:00,Cow_395,6,0,10,0,24.5,Rainy,Field C
2022-08-11,18:00,Cow_396,2,5,8,0,24.5,Rainy,Field A
2022-08-11,18:00,Cow_397,10,0,8,0,24.5,Rainy,Field B
2022-08-11,18:00,Cow_398,13,0,4,0,24.5,Rainy,Field A
2022-08-11,18:00,Cow_399,8,0,7,0,24.5,Rainy,Field A
2022-08-11,18:00,Cow_400,9,4,2,0,24.5,Rainy,Field B
2022-08-11,18:00,Cow_401,9,1,5,0,24.5,Rainy,Field C
2022-08-11,18:00,Cow_402,8,3,4,0,24.5,Rainy,Field B
2022-08-11,18:00,Cow_403,3,6,6,0,24.5,Rainy,Field C
2022-08-11,18:00,Cow_404,12,0,4,0,24.5,Rainy,Field A
2022-08-11,18:00,Cow_405,13,0,5,0,24.5,Rainy,Field C
2022-08-11,18:00,Cow_406,7,10,0,0,24.5,Rainy,Field C
2022-08-11,18:00,Cow_407,7,1,7,0,24.5,Rainy,Field B
2022-08-11,18:00,Cow_408,8,7,0,0,24.5,Rainy,Field B
2022-08-11,18:00,Cow_409,9,3,3,0,24.5,Rainy,Field C
2022-08-11,18:00,Cow_410,4,3,8,0,24.5,Rainy,Field B
2022-08-11,18:00,Cow_411,8,3,4,0,24.5,Rainy,Field B
2022-08-11,18:00,Cow_412,4,7,4,0,24.5,Rainy,Field B
2022-08-11,18:00,Cow_413,12,0,6,0,24.5,Rainy,Field A
2022-08-11,18:00,Cow_414,3,8,4,0,24.5,Rainy,Field C
2022-08-11,18:00,Cow_415,6,6,3,0,24.5,Rainy,Field B
2022-08-11,18:00,Cow_416,9,1,5,0,24.5,Rainy,Field C
2022-08-11,18:00,Cow_417,4,5,6,0,24.5,Rainy,Field C
2022-08-11,18:00,Cow_418,9,3,3,0,24.5,Rainy,Field B
2022-08-11,18:00,Cow_419,1,10,4,0,24.5,Rainy,Field A
2022-08-11,18:00,Cow_420,9,8,0,0,24.5,Rainy,Field A
2022-08-11,18:00,Cow_421,6,3,6,0,24.5,Rainy,Field A
2022-08-11,18:00,Cow_422,10,3,2,0,24.5,Rainy,Field B
2022-08-11,18:00,Cow_423,6,4,5,0,24.5,Rainy,Field A
2022-08-11,18:00,Cow_424,7,6,2,0,24.5,Rainy,Field C
2022-08-11,18:00,Cow_425,14,7,0,0,24.5,Rainy,Field C
2022-08-11,18:00,Cow_426,0,0,0,15,24.5,Rainy,Field B
2022-08-11,18:00,Cow_427,11,2,2,0,24.5,Rainy,Field A
2022-08-11,18:00,Cow_428,6,10,0,0,24.5,Rainy,Field C
2022-08-11,18:00,Cow_429,12,0,5,0,24.5,Rainy,Field B
2022-08-11,18:00,Cow_430,0,0,0,15,24.5,Rainy,Field B
2022-08-11,18:00,Cow_431,8,2,5,0,24.5,Rainy,Field A
2022-08-11,18:00,Cow_432,8,6,1,0,24.5,Rainy,Field C
2022-08-11,18:00,Cow_433,5,6,4,0,24.5,Rainy,Field B
2022-08-11,18:00,Cow_434,7,3,5,0,24.5,Rainy,Field B
2022-08-11,18:00,Cow_435,6,2,7,0,24.5,Rainy,Field A
2022-08-11,18:00,Cow_436,12,4,0,0,24.5,Rainy,Field A
2022-08-11,18:00,Cow_437,8,10,0,0,24.5,Rainy,Field A
2022-08-11,18:00,Cow_438,7,1,7,0,24.5,Rainy,Field B
2022-08-11,18:00,Cow_439,0,0,0,15,24.5,Rainy,Field A
2022-08-11,18:00,Cow_440,6,6,3,0,24.5,Rainy,Field C
2022-08-11,18:00,Cow_441,6,7,2,0,24.5,Rainy,Field C
2022-08-11,18:00,Cow_442,11,8,0,0,24.5,Rainy,Field B
2022-08-11,18:00,Cow_443,5,6,4,0,24.5,Rainy,Field A
2022-08-11,18:00,Cow_444,2,6,7,0,24.5,Rainy,Field A
2022-08-11,18:00,Cow_445,13,7,0,0,24.5,Rainy,Field A
2022-08-11,18:00,Cow_446,1,7,7,0,24.5,Rainy,Field A
2022-08-11,18:00,Cow_447,5,5,5,0,24.5,Rainy,Field C
2022-08-11,18:00,Cow_448,14,0,5,0,24.5,Rainy,Field A
2022-08-11,18:00,Cow_449,2,8,5,0,24.5,Rainy,Field C
2022-08-11,18:00,Cow_450,11,0,7,0,24.5,Rainy,Field A
2022-08-11,18:00,Cow_451,2,9,4,0,24.5,Rainy,Field A
2022-08-11,18:00,Cow_452,14,6,0,0,24.5,Rainy,Field C
2022-08-11,18:00,Cow_453,3,8,4,0,24.5,Rainy,Field C
2022-08-11,18:00,Cow_454,6,7,2,0,24.5,Rainy,Field A
2022-08-11,18:00,Cow_455,12,0,4,0,24.5,Rainy,Field A
2022-08-11,18:00,Cow_456,7,5,3,0,24.5,Rainy,Field A
2022-08-11,18:00,Cow_457,12,0,8,0,24.5,Rainy,Field A
2022-08-11,18:00,Cow_458,14,8,0,0,24.5,Rainy,Field C
2022-08-11,18:00,Cow_459,6,1,8,0,24.5,Rainy,Field A
2022-08-11,18:00,Cow_460,10,10,0,0,24.5,Rainy,Field B
2022-08-11,18:00,Cow_461,1,8,6,0,24.5,Rainy,Field C
2022-08-11,18:00,Cow_462,0,0,0,15,24.5,Rainy,Field B
2022-08-11,18:00,Cow_463,6,3,6,0,24.5,Rainy,Field C
2022-08-11,18:00,Cow_464,8,3,4,0,24.5,Rainy,Field A
2022-08-11,18:00,Cow_465,6,8,1,0,24.5,Rainy,Field C
2022-08-11,18:00,Cow_466,11,10,0,0,24.5,Rainy,Field C
2022-08-11,18:00,Cow_467,13,3,0,0,24.5,Rainy,Field B
2022-08-11,18:00,Cow_468,6,7,2,0,24.5,Rainy,Field B
2022-08-11,18:00,Cow_469,1,10,4,0,24.5,Rainy,Field A
2022-08-11,18:00,Cow_470,0,0,0,15,24.5,Rainy,Field A
2022-08-11,18:00,Cow_471,9,3,3,0,24.5,Rainy,Field A
2022-08-11,18:00,Cow_472,8,0,7,0,24.5,Rainy,Field C
2022-08-11,18:00,Cow_473,8,3,4,0,24.5,Rainy,Field B
2022-08-11,18:00,Cow_474,6,1,8,0,24.5,Rainy,Field B
2022-08-11,18:00,Cow_475,11,10,0,0,24.5,Rainy,Field A
2022-08-11,18:00,Cow_476,7,8,0,0,24.5,Rainy,Field C
2022-08-11,18:00,Cow_477,14,0,8,0,24.5,Rainy,Field A
2022-08-11,18:00,Cow_478,12,0,8,0,24.5,Rainy,Field A
2022-08-11,18:00,Cow_479,13,4,0,0,24.5,Rainy,Field A
2022-08-11,18:00,Cow_480,8,4,3,0,24.5,Rainy,Field B
2022-08-11,18:00,Cow_481,3,8,4,0,24.5,Rainy,Field A
2022-08-11,18:00,Cow_482,14,9,0,0,24.5,Rainy,Field C
2022-08-11,18:00,Cow_483,7,5,3,0,24.5,Rainy,Field C
2022-08-11,18:00,Cow_484,0,10,6,0,24.5,Rainy,Field C
2022-08-11,18:00,Cow_485,3,5,7,0,24.5,Rainy,Field C
2022-08-11,18:00,Cow_486,2,7,6,0,24.5,Rainy,Field C
2022-08-11,18:00,Cow_487,14,8,0,0,24.5,Rainy,Field B
2022-08-11,18:00,Cow_488,0,10,6,0,24.5,Rainy,Field C
2022-08-11,18:00,Cow_489,6,9,0,0,24.5,Rainy,Field C
2022-08-11,18:00,Cow_490,2,8,5,0,24.5,Rainy,Field A
2022-08-11,18:00,Cow_491,4,5,6,0,24.5,Rainy,Field A
2022-08-11,18:00,Cow_492,5,6,4,0,24.5,Rainy,Field A
2022-08-11,18:00,Cow_493,7,3,5,0,24.5,Rainy,Field C
2022-08-11,18:00,Cow_494,6,10,0,0,24.5,Rainy,Field B
2022-08-11,18:00,Cow_495,1,10,4,0,24.5,Rainy,Field A
2022-08-11,18:00,Cow_496,5,2,8,0,24.5,Rainy,Field A
2022-08-11,18:00,Cow_497,12,0,5,0,24.5,Rainy,Field C
2022-08-11,18:00,Cow_498,2,7,6,0,24.5,Rainy,Field A
2022-08-11,18:00,Cow_499,0,8,7,0,24.5,Rainy,Field B
2022-08-11,18:00,Cow_500,2,7,6,0,24.5,Rainy,Field A
2022-08-11,18:15,Cow_1,5,3,7,0,24.2,Clear,Field B
2022-08-11,18:15,Cow_2,5,9,1,0,24.2,Clear,Field B
2022-08-11,18:15,Cow_3,12,3,0,0,24.2,Clear,Field C
2022-08-11,18:15,Cow_4,5,5,5,0,24.2,Clear,Field A
2022-08-11,18:15,Cow_5,7,5,3,0,24.2,Clear,Field C
2022-08-11,18:15,Cow_6,9,3,3,0,24.2,Clear,Field A
2022-08-11,18:15,Cow_7,13,0,4,0,24.2,Clear,Field B
2022-08-11,18:15,Cow_8,2,5,8,0,24.2,Clear,Field B
2022-08-11,18:15,Cow_9,13,0,6,0,24.2,Clear,Field C
2022-08-11,18:15,Cow_10,12,0,4,0,24.2,Clear,Field B
2022-08-11,18:15,Cow_11,13,0,3,0,24.2,Clear,Field C
2022-08-11,18:15,Cow_12,7,5,3,0,24.2,Clear,Field C
2022-08-11,18:15,Cow_13,6,4,5,0,24.2,Clear,Field B
2022-08-11,18:15,Cow_14,7,0,8,0,24.2,Clear,Field B
2022-08-11,18:15,Cow_15,11,9,0,0,24.2,Clear,Field B
2022-08-11,18:15,Cow_16,14,0,5,0,24.2,Clear,Field A
2022-08-11,18:15,Cow_17,13,0,8,0,24.2,Clear,Field C
2022-08-11,18:15,Cow_18,11,8,0,0,24.2,Clear,Field A
2022-08-11,18:15,Cow_19,7,7,1,0,24.2,Clear,Field C
2022-08-11,18:15,Cow_20,14,5,0,0,24.2,Clear,Field B
2022-08-11,18:15,Cow_21,0,10,8,0,24.2,Clear,Field C
2022-08-11,18:15,Cow_22,4,8,3,0,24.2,Clear,Field B
2022-08-11,18:15,Cow_23,8,0,7,0,24.2,Clear,Field A
2022-08-11,18:15,Cow_24,8,4,3,0,24.2,Clear,Field C
2022-08-11,18:15,Cow_25,5,5,5,0,24.2,Clear,Field C
2022-08-11,18:15,Cow_26,5,7,3,0,24.2,Clear,Field B
2022-08-11,18:15,Cow_27,11,4,0,0,24.2,Clear,Field B
2022-08-11,18:15,Cow_28,14,0,6,0,24.2,Clear,Field C
2022-08-11,18:15,Cow_29,10,3,2,0,24.2,Clear,Field C
2022-08-11,18:15,Cow_30,12,0,4,0,24.2,Clear,Field A
2022-08-11,18:15,Cow_31,6,1,8,0,24.2,Clear,Field C
2022-08-11,18:15,Cow_32,13,10,0,0,24.2,Clear,Field B
2022-08-11,18:15,Cow_33,0,10,8,0,24.2,Clear,Field B
2022-08-11,18:15,Cow_34,11,7,0,0,24.2,Clear,Field A
2022-08-11,18:15,Cow_35,2,9,4,0,24.2,Clear,Field A
2022-08-11,18:15,Cow_36,0,10,5,0,24.2,Clear,Field A
2022-08-11,18:15,Cow_37,9,10,0,0,24.2,Clear,Field B
2022-08-11,18:15,Cow_38,0,0,0,15,24.2,Clear,Field C
2022-08-11,18:15,Cow_39,5,6,4,0,24.2,Clear,Field A
2022-08-11,18:15,Cow_40,9,4,2,0,24.2,Clear,Field A
2022-08-11,18:15,Cow_41,4,7,4,0,24.2,Clear,Field A
2022-08-11,18:15,Cow_42,4,7,4,0,24.2,Clear,Field C
2022-08-11,18:15,Cow_43,9,7,0,0,24.2,Clear,Field B
2022-08-11,18:15,Cow_44,14,9,0,0,24.2,Clear,Field A
2022-08-11,18:15,Cow_45,10,9,0,0,24.2,Clear,Field B
2022-08-11,18:15,Cow_46,9,3,3,0,24.2,Clear,Field A
2022-08-11,18:15,Cow_47,14,10,0,0,24.2,Clear,Field B
2022-08-11,18:15,Cow_48,13,9,0,0,24.2,Clear,Field A
2022-08-11,18:15,Cow_49,7,5,3,0,24.2,Clear,Field B
2022-08-11,18:15,Cow_50,10,0,8,0,24.2,Clear,Field B
2022-08-11,18:15,Cow_51,4,3,8,0,24.2,Clear,Field B
2022-08-11,18:15,Cow_52,6,5,4,0,24.2,Clear,Field C
2022-08-11,18:15,Cow_53,12,3,0,0,24.2,Clear,Field A
2022-08-11,18:15,Cow_54,14,0,8,0,24.2,Clear,Field A
2022-08-11,18:15,Cow_55,0,0,0,15,24.2,Clear,Field A
2022-08-11,18:15,Cow_56,9,10,0,0,24.2,Clear,Field B
2022-08-11,18:15,Cow_57,11,5,0,0,24.2,Clear,Field C
2022-08-11,18:15,Cow_58,8,3,4,0,24.2,Clear,Field B
2022-08-11,18:15,Cow_59,10,8,0,0,24.2,Clear,Field C
2022-08-11,18:15,Cow_60,13,0,6,0,24.2,Clear,Field C
2022-08-11,18:15,Cow_61,0,8,7,0,24.2,Clear,Field A
2022-08-11,18:15,Cow_62,14,6,0,0,24.2,Clear,Field B
2022-08-11,18:15,Cow_63,5,10,0,0,24.2,Clear,Field B
2022-08-11,18:15,Cow_64,10,1,4,0,24.2,Clear,Field C
2022-08-11,18:15,Cow_65,10,5,0,0,24.2,Clear,Field C
2022-08-11,18:15,Cow_66,0,10,6,0,24.2,Clear,Field C
2022-08-11,18:15,Cow_67,0,0,0,15,24.2,Clear,Field B
2022-08-11,18:15,Cow_68,7,2,6,0,24.2,Clear,Field C
2022-08-11,18:15,Cow_69,10,1,4,0,24.2,Clear,Field A
2022-08-11,18:15,Cow_70,11,4,0,0,24.2,Clear,Field C
2022-08-11,18:15,Cow_71,0,10,8,0,24.2,Clear,Field C
2022-08-11,18:15,Cow_72,6,4,5,0,24.2,Clear,Field B
2022-08-11,18:15,Cow_73,0,8,8,0,24.2,Clear,Field A
2022-08-11,18:15,Cow_74,1,6,8,0,24.2,Clear,Field A
2022-08-11,18:15,Cow_75,8,8,0,0,24.2,Clear,Field A
2022-08-11,18:15,Cow_76,12,0,6,0,24.2,Clear,Field B
2022-08-11,18:15,Cow_77,14,7,0,0,24.2,Clear,Field A
2022-08-11,18:15,Cow_78,0,9,7,0,24.2,Clear,Field B
2022-08-11,18:15,Cow_79,7,5,3,0,24.2,Clear,Field C
2022-08-11,18:15,Cow_80,6,9,0,0,24.2,Clear,Field A
2022-08-11,18:15,Cow_81,0,9,6,0,24.2,Clear,Field C
2022-08-11,18:15,Cow_82,8,2,5,0,24.2,Clear,Field B
2022-08-11,18:15,Cow_83,10,5,0,0,24.2,Clear,Field B
2022-08-11,18:15,Cow_84,14,5,0,0,24.2,Clear,Field B
2022-08-11,18:15,Cow_85,0,8,7,0,24.2,Clear,Field C
2022-08-11,18:15,Cow_86,13,0,7,0,24.2,Clear,Field A
2022-08-11,18:15,Cow_87,8,4,3,0,24.2,Clear,Field A
2022-08-11,18:15,Cow_88,12,7,0,0,24.2,Clear,Field C
2022-08-11,18:15,Cow_89,3,9,3,0,24.2,Clear,Field A
2022-08-11,18:15,Cow_90,12,0,7,0,24.2,Clear,Field A
2022-08-11,18:15,Cow_91,4,5,6,0,24.2,Clear,Field C
2022-08-11,18:15,Cow_92,5,6,4,0,24.2,Clear,Field C
2022-08-11,18:15,Cow_93,8,1,6,0,24.2,Clear,Field A
2022-08-11,18:15,Cow_94,8,3,4,0,24.2,Clear,Field C
2022-08-11,18:15,Cow_95,5,5,5,0,24.2,Clear,Field A
2022-08-11,18:15,Cow_96,10,1,4,0,24.2,Clear,Field A
2022-08-11,18:15,Cow_97,7,4,4,0,24.2,Clear,Field C
2022-08-11,18:15,Cow_98,8,9,0,0,24.2,Clear,Field B
2022-08-11,18:15,Cow_99,8,4,3,0,24.2,Clear,Field C
2022-08-11,18:15,Cow_100,12,0,4,0,24.2,Clear,Field C
2022-08-11,18:15,Cow_101,14,0,5,0,24.2,Clear,Field C
2022-08-11,18:15,Cow_102,10,0,5,0,24.2,Clear,Field B
2022-08-11,18:15,Cow_103,13,0,4,0,24.2,Clear,Field A
2022-08-11,18:15,Cow_104,7,3,5,0,24.2,Clear,Field A
2022-08-11,18:15,Cow_105,11,1,3,0,24.2,Clear,Field C
2022-08-11,18:15,Cow_106,7,9,0,0,24.2,Clear,Field B
2022-08-11,18:15,Cow_107,4,7,4,0,24.2,Clear,Field B
2022-08-11,18:15,Cow_108,8,8,0,0,24.2,Clear,Field B
2022-08-11,18:15,Cow_109,0,10,5,0,24.2,Clear,Field A
2022-08-11,18:15,Cow_110,12,0,4,0,24.2,Clear,Field C
2022-08-11,18:15,Cow_111,2,9,4,0,24.2,Clear,Field A
2022-08-11,18:15,Cow_112,3,4,8,0,24.2,Clear,Field A
2022-08-11,18:15,Cow_113,13,0,7,0,24.2,Clear,Field B
2022-08-11,18:15,Cow_114,3,9,3,0,24.2,Clear,Field A
2022-08-11,18:15,Cow_115,8,0,7,0,24.2,Clear,Field C
2022-08-11,18:15,Cow_116,4,3,8,0,24.2,Clear,Field B
2022-08-11,18:15,Cow_117,12,0,8,0,24.2,Clear,Field C
2022-08-11,18:15,Cow_118,3,6,6,0,24.2,Clear,Field A
2022-08-11,18:15,Cow_119,7,3,5,0,24.2,Clear,Field A
2022-08-11,18:15,Cow_120,9,0,8,0,24.2,Clear,Field C
2022-08-11,18:15,Cow_121,10,0,6,0,24.2,Clear,Field C
2022-08-11,18:15,Cow_122,0,0,0,15,24.2,Clear,Field A
2022-08-11,18:15,Cow_123,8,4,3,0,24.2,Clear,Field A
2022-08-11,18:15,Cow_124,1,7,7,0,24.2,Clear,Field B
2022-08-11,18:15,Cow_125,6,8,1,0,24.2,Clear,Field A
2022-08-11,18:15,Cow_126,0,8,7,0,24.2,Clear,Field A
2022-08-11,18:15,Cow_127,14,0,4,0,24.2,Clear,Field C
2022-08-11,18:15,Cow_128,4,7,4,0,24.2,Clear,Field C
2022-08-11,18:15,Cow_129,0,0,0,15,24.2,Clear,Field A
2022-08-11,18:15,Cow_130,9,2,4,0,24.2,Clear,Field A
2022-08-11,18:15,Cow_131,0,8,8,0,24.2,Clear,Field B
2022-08-11,18:15,Cow_132,12,9,0,0,24.2,Clear,Field C
2022-08-11,18:15,Cow_133,5,6,4,0,24.2,Clear,Field C
2022-08-11,18:15,Cow_134,4,7,4,0,24.2,Clear,Field C
2022-08-11,18:15,Cow_135,5,2,8,0,24.2,Clear,Field B
2022-08-11,18:15,Cow_136,0,7,8,0,24.2,Clear,Field A
2022-08-11,18:15,Cow_137,0,7,8,0,24.2,Clear,Field A
2022-08-11,18:15,Cow_138,13,3,0,0,24.2,Clear,Field B
2022-08-11,18:15,Cow_139,1,6,8,0,24.2,Clear,Field C
2022-08-11,18:15,Cow_140,0,9,8,0,24.2,Clear,Field A
2022-08-11,18:15,Cow_141,5,7,3,0,24.2,Clear,Field B
2022-08-11,18:15,Cow_142,0,0,0,15,24.2,Clear,Field B
2022-08-11,18:15,Cow_143,8,3,4,0,24.2,Clear,Field B
2022-08-11,18:15,Cow_144,6,2,7,0,24.2,Clear,Field B
2022-08-11,18:15,Cow_145,0,0,0,15,24.2,Clear,Field C
2022-08-11,18:15,Cow_146,7,3,5,0,24.2,Clear,Field A
2022-08-11,18:15,Cow_147,6,8,1,0,24.2,Clear,Field A
2022-08-11,18:15,Cow_148,0,0,0,15,24.2,Clear,Field C
2022-08-11,18:15,Cow_149,9,5,1,0,24.2,Clear,Field C
2022-08-11,18:15,Cow_150,0,8,7,0,24.2,Clear,Field B
2022-08-11,18:15,Cow_151,10,9,0,0,24.2,Clear,Field A
2022-08-11,18:15,Cow_152,7,4,4,0,24.2,Clear,Field B
2022-08-11,18:15,Cow_153,0,0,0,15,24.2,Clear,Field C
2022-08-11,18:15,Cow_154,9,3,3,0,24.2,Clear,Field C
2022-08-11,18:15,Cow_155,4,7,4,0,24.2,Clear,Field A
2022-08-11,18:15,Cow_156,5,4,6,0,24.2,Clear,Field A
2022-08-11,18:15,Cow_157,9,6,0,0,24.2,Clear,Field A
2022-08-11,18:15,Cow_158,13,10,0,0,24.2,Clear,Field A
2022-08-11,18:15,Cow_159,8,9,0,0,24.2,Clear,Field A
2022-08-11,18:15,Cow_160,0,0,0,15,24.2,Clear,Field C
2022-08-11,18:15,Cow_161,0,0,0,15,24.2,Clear,Field B
2022-08-11,18:15,Cow_162,9,0,6,0,24.2,Clear,Field B
2022-08-11,18:15,Cow_163,10,5,0,0,24.2,Clear,Field C
2022-08-11,18:15,Cow_164,7,4,4,0,24.2,Clear,Field B
2022-08-11,18:15,Cow_165,8,9,0,0,24.2,Clear,Field A
2022-08-11,18:15,Cow_166,7,5,3,0,24.2,Clear,Field C
2022-08-11,18:15,Cow_167,5,9,1,0,24.2,Clear,Field A
2022-08-11,18:15,Cow_168,14,9,0,0,24.2,Clear,Field B
2022-08-11,18:15,Cow_169,6,3,6,0,24.2,Clear,Field C
2022-08-11,18:15,Cow_170,3,5,7,0,24.2,Clear,Field A
2022-08-11,18:15,Cow_171,7,3,5,0,24.2,Clear,Field A
2022-08-11,18:15,Cow_172,9,3,3,0,24.2,Clear,Field B
2022-08-11,18:15,Cow_173,1,10,4,0,24.2,Clear,Field B
2022-08-11,18:15,Cow_174,11,5,0,0,24.2,Clear,Field A
2022-08-11,18:15,Cow_175,3,7,5,0,24.2,Clear,Field C
2022-08-11,18:15,Cow_176,10,10,0,0,24.2,Clear,Field B
2022-08-11,18:15,Cow_177,5,5,5,0,24.2,Clear,Field A
2022-08-11,18:15,Cow_178,10,0,7,0,24.2,Clear,Field A
2022-08-11,18:15,Cow_179,12,0,8,0,24.2,Clear,Field B
2022-08-11,18:15,Cow_180,0,0,0,15,24.2,Clear,Field A
2022-08-11,18:15,Cow_181,2,9,4,0,24.2,Clear,Field B
2022-08-11,18:15,Cow_182,5,9,1,0,24.2,Clear,Field A
2022-08-11,18:15,Cow_183,2,10,3,0,24.2,Clear,Field C
2022-08-11,18:15,Cow_184,5,4,6,0,24.2,Clear,Field A
2022-08-11,18:15,Cow_185,12,0,8,0,24.2,Clear,Field B
2022-08-11,18:15,Cow_186,14,9,0,0,24.2,Clear,Field C
2022-08-11,18:15,Cow_187,4,6,5,0,24.2,Clear,Field A
2022-08-11,18:15,Cow_188,7,4,4,0,24.2,Clear,Field A
2022-08-11,18:15,Cow_189,0,0,0,15,24.2,Clear,Field B
2022-08-11,18:15,Cow_190,13,7,0,0,24.2,Clear,Field C
2022-08-11,18:15,Cow_191,7,3,5,0,24.2,Clear,Field C
2022-08-11,18:15,Cow_192,5,3,7,0,24.2,Clear,Field C
2022-08-11,18:15,Cow_193,4,5,6,0,24.2,Clear,Field B
2022-08-11,18:15,Cow_194,8,3,4,0,24.2,Clear,Field C
2022-08-11,18:15,Cow_195,8,8,0,0,24.2,Clear,Field B
2022-08-11,18:15,Cow_196,0,8,7,0,24.2,Clear,Field C
2022-08-11,18:15,Cow_197,7,3,5,0,24.2,Clear,Field A
2022-08-11,18:15,Cow_198,8,4,3,0,24.2,Clear,Field B
2022-08-11,18:15,Cow_199,10,0,6,0,24.2,Clear,Field B
2022-08-11,18:15,Cow_200,0,9,8,0,24.2,Clear,Field C
2022-08-11,18:15,Cow_201,4,5,6,0,24.2,Clear,Field A
2022-08-11,18:15,Cow_202,12,0,8,0,24.2,Clear,Field B
2022-08-11,18:15,Cow_203,6,4,5,0,24.2,Clear,Field A
2022-08-11,18:15,Cow_204,12,0,6,0,24.2,Clear,Field A
2022-08-11,18:15,Cow_205,0,8,7,0,24.2,Clear,Field C
2022-08-11,18:15,Cow_206,6,9,0,0,24.2,Clear,Field C
2022-08-11,18:15,Cow_207,5,5,5,0,24.2,Clear,Field C
2022-08-11,18:15,Cow_208,4,8,3,0,24.2,Clear,Field A
2022-08-11,18:15,Cow_209,8,3,4,0,24.2,Clear,Field C
2022-08-11,18:15,Cow_210,5,5,5,0,24.2,Clear,Field C
2022-08-11,18:15,Cow_211,0,7,8,0,24.2,Clear,Field C
2022-08-11,18:15,Cow_212,9,1,5,0,24.2,Clear,Field C
2022-08-11,18:15,Cow_213,9,5,1,0,24.2,Clear,Field C
2022-08-11,18:15,Cow_214,9,5,1,0,24.2,Clear,Field C
2022-08-11,18:15,Cow_215,1,7,7,0,24.2,Clear,Field B
2022-08-11,18:15,Cow_216,4,5,6,0,24.2,Clear,Field A
2022-08-11,18:15,Cow_217,13,0,5,0,24.2,Clear,Field B
2022-08-11,18:15,Cow_218,0,7,8,0,24.2,Clear,Field A
2022-08-11,18:15,Cow_219,2,7,6,0,24.2,Clear,Field A
2022-08-11,18:15,Cow_220,5,9,1,0,24.2,Clear,Field C
2022-08-11,18:15,Cow_221,0,0,0,15,24.2,Clear,Field A
2022-08-11,18:15,Cow_222,14,5,0,0,24.2,Clear,Field A
2022-08-11,18:15,Cow_223,5,5,5,0,24.2,Clear,Field B
2022-08-11,18:15,Cow_224,3,7,5,0,24.2,Clear,Field A
2022-08-11,18:15,Cow_225,0,10,5,0,24.2,Clear,Field C
2022-08-11,18:15,Cow_226,12,0,8,0,24.2,Clear,Field C
2022-08-11,18:15,Cow_227,6,5,4,0,24.2,Clear,Field B
2022-08-11,18:15,Cow_228,7,3,5,0,24.2,Clear,Field A
2022-08-11,18:15,Cow_229,14,3,0,0,24.2,Clear,Field C
2022-08-11,18:15,Cow_230,5,3,7,0,24.2,Clear,Field B
2022-08-11,18:15,Cow_231,0,10,8,0,24.2,Clear,Field B
2022-08-11,18:15,Cow_232,0,0,0,15,24.2,Clear,Field C
2022-08-11,18:15,Cow_233,0,10,8,0,24.2,Clear,Field C
2022-08-11,18:15,Cow_234,8,1,6,0,24.2,Clear,Field C
2022-08-11,18:15,Cow_235,12,10,0,0,24.2,Clear,Field C
2022-08-11,18:15,Cow_236,7,3,5,0,24.2,Clear,Field A
2022-08-11,18:15,Cow_237,4,4,7,0,24.2,Clear,Field B
2022-08-11,18:15,Cow_238,3,8,4,0,24.2,Clear,Field C
2022-08-11,18:15,Cow_239,0,10,6,0,24.2,Clear,Field B
2022-08-11,18:15,Cow_240,4,6,5,0,24.2,Clear,Field C
2022-08-11,18:15,Cow_241,5,6,4,0,24.2,Clear,Field A
2022-08-11,18:15,Cow_242,10,5,0,0,24.2,Clear,Field A
2022-08-11,18:15,Cow_243,14,3,0,0,24.2,Clear,Field B
2022-08-11,18:15,Cow_244,6,6,3,0,24.2,Clear,Field A
2022-08-11,18:15,Cow_245,3,5,7,0,24.2,Clear,Field B
2022-08-11,18:15,Cow_246,7,3,5,0,24.2,Clear,Field A
2022-08-11,18:15,Cow_247,12,0,7,0,24.2,Clear,Field C
2022-08-11,18:15,Cow_248,0,8,8,0,24.2,Clear,Field C
2022-08-11,18:15,Cow_249,4,3,8,0,24.2,Clear,Field C
2022-08-11,18:15,Cow_250,6,7,2,0,24.2,Clear,Field C
2022-08-11,18:15,Cow_251,10,6,0,0,24.2,Clear,Field B
2022-08-11,18:15,Cow_252,9,8,0,0,24.2,Clear,Field C
2022-08-11,18:15,Cow_253,11,0,8,0,24.2,Clear,Field B
2022-08-11,18:15,Cow_254,10,0,7,0,24.2,Clear,Field A
2022-08-11,18:15,Cow_255,0,0,0,15,24.2,Clear,Field C
2022-08-11,18:15,Cow_256,5,5,5,0,24.2,Clear,Field A
2022-08-11,18:15,Cow_257,4,6,5,0,24.2,Clear,Field C
2022-08-11,18:15,Cow_258,7,3,5,0,24.2,Clear,Field B
2022-08-11,18:15,Cow_259,1,7,7,0,24.2,Clear,Field C
2022-08-11,18:15,Cow_260,7,7,1,0,24.2,Clear,Field B
2022-08-11,18:15,Cow_261,0,0,0,15,24.2,Clear,Field B
2022-08-11,18:15,Cow_262,5,4,6,0,24.2,Clear,Field A
2022-08-11,18:15,Cow_263,10,0,8,0,24.2,Clear,Field C
2022-08-11,18:15,Cow_264,10,0,5,0,24.2,Clear,Field A
2022-08-11,18:15,Cow_265,0,10,8,0,24.2,Clear,Field A
2022-08-11,18:15,Cow_266,6,3,6,0,24.2,Clear,Field C
2022-08-11,18:15,Cow_267,11,3,1,0,24.2,Clear,Field A
2022-08-11,18:15,Cow_268,8,4,3,0,24.2,Clear,Field B
2022-08-11,18:15,Cow_269,0,0,0,15,24.2,Clear,Field B
2022-08-11,18:15,Cow_270,12,3,0,0,24.2,Clear,Field A
2022-08-11,18:15,Cow_271,4,8,3,0,24.2,Clear,Field B
2022-08-11,18:15,Cow_272,6,8,1,0,24.2,Clear,Field B
2022-08-11,18:15,Cow_273,12,0,6,0,24.2,Clear,Field C
2022-08-11,18:15,Cow_274,2,5,8,0,24.2,Clear,Field B
2022-08-11,18:15,Cow_275,8,4,3,0,24.2,Clear,Field C
2022-08-11,18:15,Cow_276,9,0,7,0,24.2,Clear,Field B
2022-08-11,18:15,Cow_277,5,6,4,0,24.2,Clear,Field A
2022-08-11,18:15,Cow_278,12,0,4,0,24.2,Clear,Field B
2022-08-11,18:15,Cow_279,13,0,3,0,24.2,Clear,Field C
2022-08-11,18:15,Cow_280,10,1,4,0,24.2,Clear,Field C
2022-08-11,18:15,Cow_281,10,5,0,0,24.2,Clear,Field B
2022-08-11,18:15,Cow_282,5,3,7,0,24.2,Clear,Field B
2022-08-11,18:15,Cow_283,10,0,6,0,24.2,Clear,Field B
2022-08-11,18:15,Cow_284,0,7,8,0,24.2,Clear,Field B
2022-08-11,18:15,Cow_285,0,10,6,0,24.2,Clear,Field C
2022-08-11,18:15,Cow_286,11,3,1,0,24.2,Clear,Field A
2022-08-11,18:15,Cow_287,7,3,5,0,24.2,Clear,Field C
2022-08-11,18:15,Cow_288,6,5,4,0,24.2,Clear,Field B
2022-08-11,18:15,Cow_289,11,0,7,0,24.2,Clear,Field C
2022-08-11,18:15,Cow_290,13,0,5,0,24.2,Clear,Field B
2022-08-11,18:15,Cow_291,5,2,8,0,24.2,Clear,Field A
2022-08-11,18:15,Cow_292,4,6,5,0,24.2,Clear,Field C
2022-08-11,18:15,Cow_293,2,6,7,0,24.2,Clear,Field B
2022-08-11,18:15,Cow_294,13,9,0,0,24.2,Clear,Field A
2022-08-11,18:15,Cow_295,10,2,3,0,24.2,Clear,Field B
2022-08-11,18:15,Cow_296,13,7,0,0,24.2,Clear,Field A
2022-08-11,18:15,Cow_297,9,5,1,0,24.2,Clear,Field C
2022-08-11,18:15,Cow_298,3,6,6,0,24.2,Clear,Field C
2022-08-11,18:15,Cow_299,9,0,8,0,24.2,Clear,Field A
2022-08-11,18:15,Cow_300,3,7,5,0,24.2,Clear,Field B
2022-08-11,18:15,Cow_301,6,1,8,0,24.2,Clear,Field A
2022-08-11,18:15,Cow_302,6,4,5,0,24.2,Clear,Field A
2022-08-11,18:15,Cow_303,10,0,7,0,24.2,Clear,Field B
2022-08-11,18:15,Cow_304,5,5,5,0,24.2,Clear,Field C
2022-08-11,18:15,Cow_305,4,8,3,0,24.2,Clear,Field B
2022-08-11,18:15,Cow_306,12,4,0,0,24.2,Clear,Field A
2022-08-11,18:15,Cow_307,6,5,4,0,24.2,Clear,Field C
2022-08-11,18:15,Cow_308,5,2,8,0,24.2,Clear,Field A
2022-08-11,18:15,Cow_309,6,5,4,0,24.2,Clear,Field C
2022-08-11,18:15,Cow_310,13,7,0,0,24.2,Clear,Field C
2022-08-11,18:15,Cow_311,0,8,8,0,24.2,Clear,Field B
2022-08-11,18:15,Cow_312,10,0,5,0,24.2,Clear,Field B
2022-08-11,18:15,Cow_313,4,8,3,0,24.2,Clear,Field C
2022-08-11,18:15,Cow_314,0,0,0,15,24.2,Clear,Field C
2022-08-11,18:15,Cow_315,14,0,4,0,24.2,Clear,Field B
2022-08-11,18:15,Cow_316,1,9,5,0,24.2,Clear,Field B
2022-08-11,18:15,Cow_317,0,10,6,0,24.2,Clear,Field B
2022-08-11,18:15,Cow_318,3,5,7,0,24.2,Clear,Field A
2022-08-11,18:15,Cow_319,14,0,6,0,24.2,Clear,Field C
2022-08-11,18:15,Cow_320,14,8,0,0,24.2,Clear,Field A
2022-08-11,18:15,Cow_321,9,4,2,0,24.2,Clear,Field B
2022-08-11,18:15,Cow_322,13,3,0,0,24.2,Clear,Field B
2022-08-11,18:15,Cow_323,12,0,5,0,24.2,Clear,Field C
2022-08-11,18:15,Cow_324,11,9,0,0,24.2,Clear,Field C
2022-08-11,18:15,Cow_325,8,3,4,0,24.2,Clear,Field A
2022-08-11,18:15,Cow_326,8,0,8,0,24.2,Clear,Field B
2022-08-11,18:15,Cow_327,13,5,0,0,24.2,Clear,Field B
2022-08-11,18:15,Cow_328,5,9,1,0,24.2,Clear,Field A
2022-08-11,18:15,Cow_329,0,9,6,0,24.2,Clear,Field B
2022-08-11,18:15,Cow_330,11,1,3,0,24.2,Clear,Field C
2022-08-11,18:15,Cow_331,6,6,3,0,24.2,Clear,Field B
2022-08-11,18:15,Cow_332,13,4,0,0,24.2,Clear,Field C
2022-08-11,18:15,Cow_333,14,0,6,0,24.2,Clear,Field B
2022-08-11,18:15,Cow_334,2,9,4,0,24.2,Clear,Field B
2022-08-11,18:15,Cow_335,4,7,4,0,24.2,Clear,Field B
2022-08-11,18:15,Cow_336,13,5,0,0,24.2,Clear,Field B
2022-08-11,18:15,Cow_337,14,7,0,0,24.2,Clear,Field B
2022-08-11,18:15,Cow_338,7,4,4,0,24.2,Clear,Field A
2022-08-11,18:15,Cow_339,8,6,1,0,24.2,Clear,Field B
2022-08-11,18:15,Cow_340,13,0,8,0,24.2,Clear,Field B
2022-08-11,18:15,Cow_341,11,5,0,0,24.2,Clear,Field B
2022-08-11,18:15,Cow_342,7,5,3,0,24.2,Clear,Field B
2022-08-11,18:15,Cow_343,8,10,0,0,24.2,Clear,Field A
2022-08-11,18:15,Cow_344,8,4,3,0,24.2,Clear,Field B
2022-08-11,18:15,Cow_345,8,10,0,0,24.2,Clear,Field B
2022-08-11,18:15,Cow_346,12,0,8,0,24.2,Clear,Field A
2022-08-11,18:15,Cow_347,0,7,8,0,24.2,Clear,Field A
2022-08-11,18:15,Cow_348,15,0,2,0,24.2,Clear,Field A
2022-08-11,18:15,Cow_349,7,3,5,0,24.2,Clear,Field C
2022-08-11,18:15,Cow_350,0,0,0,15,24.2,Clear,Field A
2022-08-11,18:15,Cow_351,0,10,6,0,24.2,Clear,Field B
2022-08-11,18:15,Cow_352,0,10,7,0,24.2,Clear,Field B
2022-08-11,18:15,Cow_353,0,0,0,15,24.2,Clear,Field C
2022-08-11,18:15,Cow_354,9,7,0,0,24.2,Clear,Field B
2022-08-11,18:15,Cow_355,14,5,0,0,24.2,Clear,Field B
2022-08-11,18:15,Cow_356,13,0,4,0,24.2,Clear,Field A
2022-08-11,18:15,Cow_357,14,7,0,0,24.2,Clear,Field A
2022-08-11,18:15,Cow_358,9,6,0,0,24.2,Clear,Field C
2022-08-11,18:15,Cow_359,4,3,8,0,24.2,Clear,Field B
2022-08-11,18:15,Cow_360,5,5,5,0,24.2,Clear,Field B
2022-08-11,18:15,Cow_361,0,8,8,0,24.2,Clear,Field A
2022-08-11,18:15,Cow_362,11,4,0,0,24.2,Clear,Field A
2022-08-11,18:15,Cow_363,12,7,0,0,24.2,Clear,Field A
2022-08-11,18:15,Cow_364,0,8,8,0,24.2,Clear,Field A
2022-08-11,18:15,Cow_365,12,0,5,0,24.2,Clear,Field B
2022-08-11,18:15,Cow_366,0,0,0,15,24.2,Clear,Field C
2022-08-11,18:15,Cow_367,9,8,0,0,24.2,Clear,Field B
2022-08-11,18:15,Cow_368,12,9,0,0,24.2,Clear,Field B
2022-08-11,18:15,Cow_369,9,4,2,0,24.2,Clear,Field C
2022-08-11,18:15,Cow_370,8,3,4,0,24.2,Clear,Field B
2022-08-11,18:15,Cow_371,11,0,6,0,24.2,Clear,Field B
2022-08-11,18:15,Cow_372,10,3,2,0,24.2,Clear,Field A
2022-08-11,18:15,Cow_373,0,9,7,0,24.2,Clear,Field A
2022-08-11,18:15,Cow_374,14,10,0,0,24.2,Clear,Field A
2022-08-11,18:15,Cow_375,6,3,6,0,24.2,Clear,Field B
2022-08-11,18:15,Cow_376,12,6,0,0,24.2,Clear,Field C
2022-08-11,18:15,Cow_377,7,5,3,0,24.2,Clear,Field B
2022-08-11,18:15,Cow_378,14,4,0,0,24.2,Clear,Field B
2022-08-11,18:15,Cow_379,6,3,6,0,24.2,Clear,Field A
2022-08-11,18:15,Cow_380,12,5,0,0,24.2,Clear,Field A
2022-08-11,18:15,Cow_381,0,11,6,0,24.2,Clear,Field B
2022-08-11,18:15,Cow_382,11,0,7,0,24.2,Clear,Field B
2022-08-11,18:15,Cow_383,2,8,5,0,24.2,Clear,Field B
2022-08-11,18:15,Cow_384,0,0,0,15,24.2,Clear,Field A
2022-08-11,18:15,Cow_385,5,2,8,0,24.2,Clear,Field B
2022-08-11,18:15,Cow_386,7,4,4,0,24.2,Clear,Field B
2022-08-11,18:15,Cow_387,13,0,5,0,24.2,Clear,Field B
2022-08-11,18:15,Cow_388,6,5,4,0,24.2,Clear,Field C
2022-08-11,18:15,Cow_389,0,0,0,15,24.2,Clear,Field A
2022-08-11,18:15,Cow_390,4,6,5,0,24.2,Clear,Field B
2022-08-11,18:15,Cow_391,13,9,0,0,24.2,Clear,Field B
2022-08-11,18:15,Cow_392,1,9,5,0,24.2,Clear,Field B
2022-08-11,18:15,Cow_393,5,3,7,0,24.2,Clear,Field C
2022-08-11,18:15,Cow_394,12,10,0,0,24.2,Clear,Field C
2022-08-11,18:15,Cow_395,0,11,8,0,24.2,Clear,Field A
2022-08-11,18:15,Cow_396,8,3,4,0,24.2,Clear,Field A
2022-08-11,18:15,Cow_397,10,9,0,0,24.2,Clear,Field B
2022-08-11,18:15,Cow_398,5,7,3,0,24.2,Clear,Field B
2022-08-11,18:15,Cow_399,4,6,5,0,24.2,Clear,Field A
2022-08-11,18:15,Cow_400,14,0,8,0,24.2,Clear,Field A
2022-08-11,18:15,Cow_401,7,5,3,0,24.2,Clear,Field C
2022-08-11,18:15,Cow_402,8,3,4,0,24.2,Clear,Field A
2022-08-11,18:15,Cow_403,0,10,6,0,24.2,Clear,Field A
2022-08-11,18:15,Cow_404,8,1,6,0,24.2,Clear,Field C
2022-08-11,18:15,Cow_405,7,5,3,0,24.2,Clear,Field C
2022-08-11,18:15,Cow_406,7,8,0,0,24.2,Clear,Field C
2022-08-11,18:15,Cow_407,10,1,4,0,24.2,Clear,Field A
2022-08-11,18:15,Cow_408,0,10,7,0,24.2,Clear,Field C
2022-08-11,18:15,Cow_409,9,4,2,0,24.2,Clear,Field B
2022-08-11,18:15,Cow_410,10,9,0,0,24.2,Clear,Field B
2022-08-11,18:15,Cow_411,12,0,7,0,24.2,Clear,Field B
2022-08-11,18:15,Cow_412,14,10,0,0,24.2,Clear,Field A
2022-08-11,18:15,Cow_413,6,3,6,0,24.2,Clear,Field B
2022-08-11,18:15,Cow_414,7,9,0,0,24.2,Clear,Field C
2022-08-11,18:15,Cow_415,0,0,0,15,24.2,Clear,Field A
2022-08-11,18:15,Cow_416,8,10,0,0,24.2,Clear,Field B
2022-08-11,18:15,Cow_417,0,8,7,0,24.2,Clear,Field C
2022-08-11,18:15,Cow_418,14,6,0,0,24.2,Clear,Field A
2022-08-11,18:15,Cow_419,0,0,0,15,24.2,Clear,Field B
2022-08-11,18:15,Cow_420,13,0,5,0,24.2,Clear,Field B
2022-08-11,18:15,Cow_421,2,9,4,0,24.2,Clear,Field B
2022-08-11,18:15,Cow_422,10,9,0,0,24.2,Clear,Field A
2022-08-11,18:15,Cow_423,0,0,0,15,24.2,Clear,Field C
2022-08-11,18:15,Cow_424,12,10,0,0,24.2,Clear,Field B
2022-08-11,18:15,Cow_425,11,0,5,0,24.2,Clear,Field C
2022-08-11,18:15,Cow_426,10,3,2,0,24.2,Clear,Field A
2022-08-11,18:15,Cow_427,0,0,0,15,24.2,Clear,Field C
2022-08-11,18:15,Cow_428,13,7,0,0,24.2,Clear,Field A
2022-08-11,18:15,Cow_429,11,3,1,0,24.2,Clear,Field B
2022-08-11,18:15,Cow_430,14,0,5,0,24.2,Clear,Field A
2022-08-11,18:15,Cow_431,9,6,0,0,24.2,Clear,Field C
2022-08-11,18:15,Cow_432,8,0,7,0,24.2,Clear,Field B
2022-08-11,18:15,Cow_433,6,6,3,0,24.2,Clear,Field B
2022-08-11,18:15,Cow_434,11,4,0,0,24.2,Clear,Field C
2022-08-11,18:15,Cow_435,9,5,1,0,24.2,Clear,Field A
2022-08-11,18:15,Cow_436,3,7,5,0,24.2,Clear,Field A
2022-08-11,18:15,Cow_437,11,0,8,0,24.2,Clear,Field A
2022-08-11,18:15,Cow_438,14,10,0,0,24.2,Clear,Field A
2022-08-11,18:15,Cow_439,9,7,0,0,24.2,Clear,Field B
2022-08-11,18:15,Cow_440,13,0,8,0,24.2,Clear,Field B
2022-08-11,18:15,Cow_441,14,0,6,0,24.2,Clear,Field B
2022-08-11,18:15,Cow_442,3,4,8,0,24.2,Clear,Field C
2022-08-11,18:15,Cow_443,7,10,0,0,24.2,Clear,Field C
2022-08-11,18:15,Cow_444,10,0,5,0,24.2,Clear,Field B
2022-08-11,18:15,Cow_445,9,6,0,0,24.2,Clear,Field C
2022-08-11,18:15,Cow_446,0,0,0,15,24.2,Clear,Field C
2022-08-11,18:15,Cow_447,3,4,8,0,24.2,Clear,Field C
2022-08-11,18:15,Cow_448,6,3,6,0,24.2,Clear,Field C
2022-08-11,18:15,Cow_449,5,7,3,0,24.2,Clear,Field A
2022-08-11,18:15,Cow_450,3,4,8,0,24.2,Clear,Field C
2022-08-11,18:15,Cow_451,3,6,6,0,24.2,Clear,Field A
2022-08-11,18:15,Cow_452,10,0,8,0,24.2,Clear,Field A
2022-08-11,18:15,Cow_453,12,0,6,0,24.2,Clear,Field B
2022-08-11,18:15,Cow_454,9,5,1,0,24.2,Clear,Field B
2022-08-11,18:15,Cow_455,14,0,6,0,24.2,Clear,Field C
2022-08-11,18:15,Cow_456,4,7,4,0,24.2,Clear,Field A
2022-08-11,18:15,Cow_457,10,0,5,0,24.2,Clear,Field C
2022-08-11,18:15,Cow_458,7,5,3,0,24.2,Clear,Field C
2022-08-11,18:15,Cow_459,0,10,7,0,24.2,Clear,Field B
2022-08-11,18:15,Cow_460,11,0,8,0,24.2,Clear,Field B
2022-08-11,18:15,Cow_461,9,0,8,0,24.2,Clear,Field A
2022-08-11,18:15,Cow_462,0,0,0,15,24.2,Clear,Field B
2022-08-11,18:15,Cow_463,9,1,5,0,24.2,Clear,Field B
2022-08-11,18:15,Cow_464,8,2,5,0,24.2,Clear,Field A
2022-08-11,18:15,Cow_465,5,10,0,0,24.2,Clear,Field C
2022-08-11,18:15,Cow_466,3,9,3,0,24.2,Clear,Field C
2022-08-11,18:15,Cow_467,9,5,1,0,24.2,Clear,Field C
2022-08-11,18:15,Cow_468,0,0,0,15,24.2,Clear,Field A
2022-08-11,18:15,Cow_469,1,8,6,0,24.2,Clear,Field C
2022-08-11,18:15,Cow_470,0,0,0,15,24.2,Clear,Field B
2022-08-11,18:15,Cow_471,8,8,0,0,24.2,Clear,Field B
2022-08-11,18:15,Cow_472,12,0,4,0,24.2,Clear,Field C
2022-08-11,18:15,Cow_473,7,5,3,0,24.2,Clear,Field A
2022-08-11,18:15,Cow_474,0,10,6,0,24.2,Clear,Field A
2022-08-11,18:15,Cow_475,1,10,4,0,24.2,Clear,Field B
2022-08-11,18:15,Cow_476,6,7,2,0,24.2,Clear,Field A
2022-08-11,18:15,Cow_477,6,3,6,0,24.2,Clear,Field C
2022-08-11,18:15,Cow_478,12,8,0,0,24.2,Clear,Field C
2022-08-11,18:15,Cow_479,0,12,10,0,24.2,Clear,Field A
2022-08-11,18:15,Cow_480,6,8,1,0,24.2,Clear,Field C
2022-08-11,18:15,Cow_481,0,10,6,0,24.2,Clear,Field C
2022-08-11,18:15,Cow_482,9,1,5,0,24.2,Clear,Field A
2022-08-11,18:15,Cow_483,4,6,5,0,24.2,Clear,Field B
2022-08-11,18:15,Cow_484,9,0,8,0,24.2,Clear,Field A
2022-08-11,18:15,Cow_485,0,0,0,15,24.2,Clear,Field A
2022-08-11,18:15,Cow_486,11,0,7,0,24.2,Clear,Field A
2022-08-11,18:15,Cow_487,1,8,6,0,24.2,Clear,Field C
2022-08-11,18:15,Cow_488,8,7,0,0,24.2,Clear,Field B
2022-08-11,18:15,Cow_489,6,8,1,0,24.2,Clear,Field C
2022-08-11,18:15,Cow_490,12,0,4,0,24.2,Clear,Field B
2022-08-11,18:15,Cow_491,11,10,0,0,24.2,Clear,Field C
2022-08-11,18:15,Cow_492,3,4,8,0,24.2,Clear,Field A
2022-08-11,18:15,Cow_493,2,6,7,0,24.2,Clear,Field B
2022-08-11,18:15,Cow_494,0,0,0,15,24.2,Clear,Field B
2022-08-11,18:15,Cow_495,8,0,7,0,24.2,Clear,Field C
2022-08-11,18:15,Cow_496,3,6,6,0,24.2,Clear,Field B
2022-08-11,18:15,Cow_497,13,0,6,0,24.2,Clear,Field B
2022-08-11,18:15,Cow_498,7,5,3,0,24.2,Clear,Field B
2022-08-11,18:15,Cow_499,9,0,8,0,24.2,Clear,Field A
2022-08-11,18:15,Cow_500,10,10,0,0,24.2,Clear,Field A
2022-08-11,18:30,Cow_1,4,7,4,0,28.7,Cloudy,Field C
2022-08-11,18:30,Cow_2,14,3,0,0,28.7,Cloudy,Field B
2022-08-11,18:30,Cow_3,10,7,0,0,28.7,Cloudy,Field A
2022-08-11,18:30,Cow_4,13,8,0,0,28.7,Cloudy,Field A
2022-08-11,18:30,Cow_5,14,0,4,0,28.7,Cloudy,Field B
2022-08-11,18:30,Cow_6,3,9,3,0,28.7,Cloudy,Field A
2022-08-11,18:30,Cow_7,8,3,4,0,28.7,Cloudy,Field A
2022-08-11,18:30,Cow_8,8,3,4,0,28.7,Cloudy,Field A
2022-08-11,18:30,Cow_9,6,8,1,0,28.7,Cloudy,Field A
2022-08-11,18:30,Cow_10,7,4,4,0,28.7,Cloudy,Field C
2022-08-11,18:30,Cow_11,7,0,8,0,28.7,Cloudy,Field B
2022-08-11,18:30,Cow_12,6,4,5,0,28.7,Cloudy,Field A
2022-08-11,18:30,Cow_13,9,2,4,0,28.7,Cloudy,Field B
2022-08-11,18:30,Cow_14,5,4,6,0,28.7,Cloudy,Field C
2022-08-11,18:30,Cow_15,0,8,8,0,28.7,Cloudy,Field C
2022-08-11,18:30,Cow_16,5,3,7,0,28.7,Cloudy,Field C
2022-08-11,18:30,Cow_17,6,1,8,0,28.7,Cloudy,Field A
2022-08-11,18:30,Cow_18,0,11,10,0,28.7,Cloudy,Field C
2022-08-11,18:30,Cow_19,14,9,0,0,28.7,Cloudy,Field B
2022-08-11,18:30,Cow_20,11,8,0,0,28.7,Cloudy,Field C
2022-08-11,18:30,Cow_21,9,4,2,0,28.7,Cloudy,Field C
2022-08-11,18:30,Cow_22,10,0,6,0,28.7,Cloudy,Field A
2022-08-11,18:30,Cow_23,9,9,0,0,28.7,Cloudy,Field A
2022-08-11,18:30,Cow_24,8,1,6,0,28.7,Cloudy,Field B
2022-08-11,18:30,Cow_25,14,0,6,0,28.7,Cloudy,Field A
2022-08-11,18:30,Cow_26,9,1,5,0,28.7,Cloudy,Field B
2022-08-11,18:30,Cow_27,11,9,0,0,28.7,Cloudy,Field A
2022-08-11,18:30,Cow_28,8,3,4,0,28.7,Cloudy,Field A
2022-08-11,18:30,Cow_29,0,8,7,0,28.7,Cloudy,Field C
2022-08-11,18:30,Cow_30,7,10,0,0,28.7,Cloudy,Field A
2022-08-11,18:30,Cow_31,6,7,2,0,28.7,Cloudy,Field C
2022-08-11,18:30,Cow_32,9,5,1,0,28.7,Cloudy,Field A
2022-08-11,18:30,Cow_33,0,0,0,15,28.7,Cloudy,Field B
2022-08-11,18:30,Cow_34,8,3,4,0,28.7,Cloudy,Field C
2022-08-11,18:30,Cow_35,5,4,6,0,28.7,Cloudy,Field B
2022-08-11,18:30,Cow_36,0,0,0,15,28.7,Cloudy,Field A
2022-08-11,18:30,Cow_37,0,0,0,15,28.7,Cloudy,Field A
2022-08-11,18:30,Cow_38,12,0,4,0,28.7,Cloudy,Field A
2022-08-11,18:30,Cow_39,12,7,0,0,28.7,Cloudy,Field A
2022-08-11,18:30,Cow_40,0,0,0,15,28.7,Cloudy,Field B
2022-08-11,18:30,Cow_41,8,3,4,0,28.7,Cloudy,Field B
2022-08-11,18:30,Cow_42,14,5,0,0,28.7,Cloudy,Field C
2022-08-11,18:30,Cow_43,12,0,8,0,28.7,Cloudy,Field C
2022-08-11,18:30,Cow_44,8,1,6,0,28.7,Cloudy,Field C
2022-08-11,18:30,Cow_45,2,5,8,0,28.7,Cloudy,Field A
2022-08-11,18:30,Cow_46,14,0,5,0,28.7,Cloudy,Field B
2022-08-11,18:30,Cow_47,9,0,7,0,28.7,Cloudy,Field C
2022-08-11,18:30,Cow_48,12,8,0,0,28.7,Cloudy,Field B
2022-08-11,18:30,Cow_49,0,0,0,15,28.7,Cloudy,Field B
2022-08-11,18:30,Cow_50,14,0,8,0,28.7,Cloudy,Field C
2022-08-11,18:30,Cow_51,10,4,1,0,28.7,Cloudy,Field B
2022-08-11,18:30,Cow_52,11,7,0,0,28.7,Cloudy,Field A
2022-08-11,18:30,Cow_53,12,0,3,0,28.7,Cloudy,Field A
2022-08-11,18:30,Cow_54,10,9,0,0,28.7,Cloudy,Field B
2022-08-11,18:30,Cow_55,0,0,0,15,28.7,Cloudy,Field A
2022-08-11,18:30,Cow_56,11,1,3,0,28.7,Cloudy,Field C
2022-08-11,18:30,Cow_57,0,9,8,0,28.7,Cloudy,Field C
2022-08-11,18:30,Cow_58,5,6,4,0,28.7,Cloudy,Field A
2022-08-11,18:30,Cow_59,13,5,0,0,28.7,Cloudy,Field B
2022-08-11,18:30,Cow_60,7,0,8,0,28.7,Cloudy,Field B
2022-08-11,18:30,Cow_61,4,3,8,0,28.7,Cloudy,Field A
2022-08-11,18:30,Cow_62,10,0,7,0,28.7,Cloudy,Field C
2022-08-11,18:30,Cow_63,5,7,3,0,28.7,Cloudy,Field B
2022-08-11,18:30,Cow_64,5,3,7,0,28.7,Cloudy,Field C
2022-08-11,18:30,Cow_65,5,4,6,0,28.7,Cloudy,Field B
2022-08-11,18:30,Cow_66,7,5,3,0,28.7,Cloudy,Field B
2022-08-11,18:30,Cow_67,6,6,3,0,28.7,Cloudy,Field C
2022-08-11,18:30,Cow_68,10,7,0,0,28.7,Cloudy,Field C
2022-08-11,18:30,Cow_69,6,1,8,0,28.7,Cloudy,Field B
2022-08-11,18:30,Cow_70,4,7,4,0,28.7,Cloudy,Field C
2022-08-11,18:30,Cow_71,3,6,6,0,28.7,Cloudy,Field A
2022-08-11,18:30,Cow_72,9,9,0,0,28.7,Cloudy,Field C
2022-08-11,18:30,Cow_73,6,4,5,0,28.7,Cloudy,Field C
2022-08-11,18:30,Cow_74,6,5,4,0,28.7,Cloudy,Field C
2022-08-11,18:30,Cow_75,1,6,8,0,28.7,Cloudy,Field C
2022-08-11,18:30,Cow_76,1,6,8,0,28.7,Cloudy,Field A
2022-08-11,18:30,Cow_77,10,3,2,0,28.7,Cloudy,Field A
2022-08-11,18:30,Cow_78,4,6,5,0,28.7,Cloudy,Field A
2022-08-11,18:30,Cow_79,6,1,8,0,28.7,Cloudy,Field A
2022-08-11,18:30,Cow_80,13,10,0,0,28.7,Cloudy,Field B
2022-08-11,18:30,Cow_81,8,0,8,0,28.7,Cloudy,Field A
2022-08-11,18:30,Cow_82,13,0,5,0,28.7,Cloudy,Field B
2022-08-11,18:30,Cow_83,8,3,4,0,28.7,Cloudy,Field C
2022-08-11,18:30,Cow_84,10,8,0,0,28.7,Cloudy,Field B
2022-08-11,18:30,Cow_85,9,0,7,0,28.7,Cloudy,Field C
2022-08-11,18:30,Cow_86,14,0,7,0,28.7,Cloudy,Field A
2022-08-11,18:30,Cow_87,13,0,3,0,28.7,Cloudy,Field A
2022-08-11,18:30,Cow_88,4,5,6,0,28.7,Cloudy,Field C
2022-08-11,18:30,Cow_89,2,10,3,0,28.7,Cloudy,Field B
2022-08-11,18:30,Cow_90,12,0,7,0,28.7,Cloudy,Field C
2022-08-11,18:30,Cow_91,9,10,0,0,28.7,Cloudy,Field A
2022-08-11,18:30,Cow_92,10,0,7,0,28.7,Cloudy,Field C
2022-08-11,18:30,Cow_93,5,5,5,0,28.7,Cloudy,Field C
2022-08-11,18:30,Cow_94,7,8,0,0,28.7,Cloudy,Field C
2022-08-11,18:30,Cow_95,5,7,3,0,28.7,Cloudy,Field B
2022-08-11,18:30,Cow_96,0,10,7,0,28.7,Cloudy,Field B
2022-08-11,18:30,Cow_97,14,0,7,0,28.7,Cloudy,Field B
2022-08-11,18:30,Cow_98,9,0,7,0,28.7,Cloudy,Field B
2022-08-11,18:30,Cow_99,9,8,0,0,28.7,Cloudy,Field B
2022-08-11,18:30,Cow_100,0,0,0,15,28.7,Cloudy,Field C
2022-08-11,18:30,Cow_101,12,6,0,0,28.7,Cloudy,Field B
2022-08-11,18:30,Cow_102,6,5,4,0,28.7,Cloudy,Field C
2022-08-11,18:30,Cow_103,11,7,0,0,28.7,Cloudy,Field B
2022-08-11,18:30,Cow_104,7,2,6,0,28.7,Cloudy,Field A
2022-08-11,18:30,Cow_105,0,0,0,15,28.7,Cloudy,Field A
2022-08-11,18:30,Cow_106,5,6,4,0,28.7,Cloudy,Field B
2022-08-11,18:30,Cow_107,8,0,7,0,28.7,Cloudy,Field A
2022-08-11,18:30,Cow_108,8,4,3,0,28.7,Cloudy,Field B
2022-08-11,18:30,Cow_109,0,0,0,15,28.7,Cloudy,Field C
2022-08-11,18:30,Cow_110,13,10,0,0,28.7,Cloudy,Field C
2022-08-11,18:30,Cow_111,10,0,6,0,28.7,Cloudy,Field B
2022-08-11,18:30,Cow_112,2,8,5,0,28.7,Cloudy,Field B
2022-08-11,18:30,Cow_113,12,0,8,0,28.7,Cloudy,Field A
2022-08-11,18:30,Cow_114,2,10,3,0,28.7,Cloudy,Field A
2022-08-11,18:30,Cow_115,2,8,5,0,28.7,Cloudy,Field A
2022-08-11,18:30,Cow_116,7,5,3,0,28.7,Cloudy,Field B
2022-08-11,18:30,Cow_117,7,2,6,0,28.7,Cloudy,Field C
2022-08-11,18:30,Cow_118,3,4,8,0,28.7,Cloudy,Field A
2022-08-11,18:30,Cow_119,2,6,7,0,28.7,Cloudy,Field A
2022-08-11,18:30,Cow_120,10,0,7,0,28.7,Cloudy,Field A
2022-08-11,18:30,Cow_121,9,7,0,0,28.7,Cloudy,Field B
2022-08-11,18:30,Cow_122,9,7,0,0,28.7,Cloudy,Field A
2022-08-11,18:30,Cow_123,5,5,5,0,28.7,Cloudy,Field A
2022-08-11,18:30,Cow_124,0,10,8,0,28.7,Cloudy,Field B
2022-08-11,18:30,Cow_125,9,1,5,0,28.7,Cloudy,Field C
2022-08-11,18:30,Cow_126,0,9,8,0,28.7,Cloudy,Field B
2022-08-11,18:30,Cow_127,12,0,5,0,28.7,Cloudy,Field C
2022-08-11,18:30,Cow_128,8,3,4,0,28.7,Cloudy,Field B
2022-08-11,18:30,Cow_129,5,7,3,0,28.7,Cloudy,Field B
2022-08-11,18:30,Cow_130,0,0,0,15,28.7,Cloudy,Field B
2022-08-11,18:30,Cow_131,14,5,0,0,28.7,Cloudy,Field A
2022-08-11,18:30,Cow_132,6,3,6,0,28.7,Cloudy,Field A
2022-08-11,18:30,Cow_133,7,4,4,0,28.7,Cloudy,Field A
2022-08-11,18:30,Cow_134,14,5,0,0,28.7,Cloudy,Field A
2022-08-11,18:30,Cow_135,11,7,0,0,28.7,Cloudy,Field B
2022-08-11,18:30,Cow_136,3,4,8,0,28.7,Cloudy,Field C
2022-08-11,18:30,Cow_137,13,9,0,0,28.7,Cloudy,Field A
2022-08-11,18:30,Cow_138,13,0,5,0,28.7,Cloudy,Field B
2022-08-11,18:30,Cow_139,6,1,8,0,28.7,Cloudy,Field C
2022-08-11,18:30,Cow_140,6,5,4,0,28.7,Cloudy,Field C
2022-08-11,18:30,Cow_141,0,9,6,0,28.7,Cloudy,Field A
2022-08-11,18:30,Cow_142,7,9,0,0,28.7,Cloudy,Field A
2022-08-11,18:30,Cow_143,8,4,3,0,28.7,Cloudy,Field A
2022-08-11,18:30,Cow_144,7,4,4,0,28.7,Cloudy,Field B
2022-08-11,18:30,Cow_145,5,3,7,0,28.7,Cloudy,Field A
2022-08-11,18:30,Cow_146,5,5,5,0,28.7,Cloudy,Field A
2022-08-11,18:30,Cow_147,11,0,6,0,28.7,Cloudy,Field A
2022-08-11,18:30,Cow_148,6,4,5,0,28.7,Cloudy,Field B
2022-08-11,18:30,Cow_149,4,6,5,0,28.7,Cloudy,Field B
2022-08-11,18:30,Cow_150,8,9,0,0,28.7,Cloudy,Field A
2022-08-11,18:30,Cow_151,6,10,0,0,28.7,Cloudy,Field B
2022-08-11,18:30,Cow_152,0,0,0,15,28.7,Cloudy,Field A
2022-08-11,18:30,Cow_153,0,0,0,15,28.7,Cloudy,Field C
2022-08-11,18:30,Cow_154,6,4,5,0,28.7,Cloudy,Field A
2022-08-11,18:30,Cow_155,0,0,0,15,28.7,Cloudy,Field B
2022-08-11,18:30,Cow_156,9,2,4,0,28.7,Cloudy,Field B
2022-08-11,18:30,Cow_157,10,0,8,0,28.7,Cloudy,Field A
2022-08-11,18:30,Cow_158,12,0,4,0,28.7,Cloudy,Field A
2022-08-11,18:30,Cow_159,6,9,0,0,28.7,Cloudy,Field A
2022-08-11,18:30,Cow_160,14,0,3,0,28.7,Cloudy,Field A
2022-08-11,18:30,Cow_161,7,2,6,0,28.7,Cloudy,Field A
2022-08-11,18:30,Cow_162,8,1,6,0,28.7,Cloudy,Field C
2022-08-11,18:30,Cow_163,10,2,3,0,28.7,Cloudy,Field B
2022-08-11,18:30,Cow_164,11,6,0,0,28.7,Cloudy,Field B
2022-08-11,18:30,Cow_165,12,0,7,0,28.7,Cloudy,Field B
2022-08-11,18:30,Cow_166,5,3,7,0,28.7,Cloudy,Field B
2022-08-11,18:30,Cow_167,12,0,6,0,28.7,Cloudy,Field B
2022-08-11,18:30,Cow_168,9,7,0,0,28.7,Cloudy,Field C
2022-08-11,18:30,Cow_169,0,0,0,15,28.7,Cloudy,Field B
2022-08-11,18:30,Cow_170,8,10,0,0,28.7,Cloudy,Field B
2022-08-11,18:30,Cow_171,10,4,1,0,28.7,Cloudy,Field B
2022-08-11,18:30,Cow_172,6,3,6,0,28.7,Cloudy,Field A
2022-08-11,18:30,Cow_173,0,8,7,0,28.7,Cloudy,Field B
2022-08-11,18:30,Cow_174,14,0,4,0,28.7,Cloudy,Field A
2022-08-11,18:30,Cow_175,12,0,3,0,28.7,Cloudy,Field B
2022-08-11,18:30,Cow_176,7,3,5,0,28.7,Cloudy,Field B
2022-08-11,18:30,Cow_177,3,4,8,0,28.7,Cloudy,Field B
2022-08-11,18:30,Cow_178,8,3,4,0,28.7,Cloudy,Field B
2022-08-11,18:30,Cow_179,6,5,4,0,28.7,Cloudy,Field A
2022-08-11,18:30,Cow_180,11,0,7,0,28.7,Cloudy,Field C
2022-08-11,18:30,Cow_181,9,1,5,0,28.7,Cloudy,Field B
2022-08-11,18:30,Cow_182,6,5,4,0,28.7,Cloudy,Field B
2022-08-11,18:30,Cow_183,0,10,6,0,28.7,Cloudy,Field A
2022-08-11,18:30,Cow_184,14,6,0,0,28.7,Cloudy,Field A
2022-08-11,18:30,Cow_185,0,0,0,15,28.7,Cloudy,Field A
2022-08-11,18:30,Cow_186,2,9,4,0,28.7,Cloudy,Field B
2022-08-11,18:30,Cow_187,6,7,2,0,28.7,Cloudy,Field A
2022-08-11,18:30,Cow_188,11,0,5,0,28.7,Cloudy,Field B
2022-08-11,18:30,Cow_189,3,5,7,0,28.7,Cloudy,Field B
2022-08-11,18:30,Cow_190,8,3,4,0,28.7,Cloudy,Field C
2022-08-11,18:30,Cow_191,10,0,6,0,28.7,Cloudy,Field A
2022-08-11,18:30,Cow_192,2,6,7,0,28.7,Cloudy,Field C
2022-08-11,18:30,Cow_193,13,8,0,0,28.7,Cloudy,Field A
2022-08-11,18:30,Cow_194,0,10,5,0,28.7,Cloudy,Field C
2022-08-11,18:30,Cow_195,7,5,3,0,28.7,Cloudy,Field C
2022-08-11,18:30,Cow_196,10,7,0,0,28.7,Cloudy,Field B
2022-08-11,18:30,Cow_197,13,0,7,0,28.7,Cloudy,Field B
2022-08-11,18:30,Cow_198,0,7,8,0,28.7,Cloudy,Field A
2022-08-11,18:30,Cow_199,14,9,0,0,28.7,Cloudy,Field A
2022-08-11,18:30,Cow_200,4,4,7,0,28.7,Cloudy,Field A
2022-08-11,18:30,Cow_201,0,9,7,0,28.7,Cloudy,Field A
2022-08-11,18:30,Cow_202,13,0,7,0,28.7,Cloudy,Field C
2022-08-11,18:30,Cow_203,0,10,6,0,28.7,Cloudy,Field C
2022-08-11,18:30,Cow_204,12,0,3,0,28.7,Cloudy,Field B
2022-08-11,18:30,Cow_205,10,4,1,0,28.7,Cloudy,Field C
2022-08-11,18:30,Cow_206,14,7,0,0,28.7,Cloudy,Field B
2022-08-11,18:30,Cow_207,14,5,0,0,28.7,Cloudy,Field C
2022-08-11,18:30,Cow_208,14,8,0,0,28.7,Cloudy,Field A
2022-08-11,18:30,Cow_209,0,10,7,0,28.7,Cloudy,Field B
2022-08-11,18:30,Cow_210,5,9,1,0,28.7,Cloudy,Field B
2022-08-11,18:30,Cow_211,13,0,7,0,28.7,Cloudy,Field B
2022-08-11,18:30,Cow_212,14,3,0,0,28.7,Cloudy,Field B
2022-08-11,18:30,Cow_213,5,4,6,0,28.7,Cloudy,Field B
2022-08-11,18:30,Cow_214,5,4,6,0,28.7,Cloudy,Field C
2022-08-11,18:30,Cow_215,10,0,8,0,28.7,Cloudy,Field A
2022-08-11,18:30,Cow_216,3,5,7,0,28.7,Cloudy,Field B
2022-08-11,18:30,Cow_217,6,5,4,0,28.7,Cloudy,Field C
2022-08-11,18:30,Cow_218,5,8,2,0,28.7,Cloudy,Field B
2022-08-11,18:30,Cow_219,14,0,7,0,28.7,Cloudy,Field C
2022-08-11,18:30,Cow_220,6,6,3,0,28.7,Cloudy,Field A
2022-08-11,18:30,Cow_221,9,3,3,0,28.7,Cloudy,Field C
2022-08-11,18:30,Cow_222,1,9,5,0,28.7,Cloudy,Field A
2022-08-11,18:30,Cow_223,0,0,0,15,28.7,Cloudy,Field B
2022-08-11,18:30,Cow_224,0,9,7,0,28.7,Cloudy,Field C
2022-08-11,18:30,Cow_225,6,6,3,0,28.7,Cloudy,Field C
2022-08-11,18:30,Cow_226,8,0,8,0,28.7,Cloudy,Field A
2022-08-11,18:30,Cow_227,0,0,0,15,28.7,Cloudy,Field B
2022-08-11,18:30,Cow_228,8,8,0,0,28.7,Cloudy,Field C
2022-08-11,18:30,Cow_229,0,0,0,15,28.7,Cloudy,Field C
2022-08-11,18:30,Cow_230,4,4,7,0,28.7,Cloudy,Field B
2022-08-11,18:30,Cow_231,8,9,0,0,28.7,Cloudy,Field C
2022-08-11,18:30,Cow_232,7,9,0,0,28.7,Cloudy,Field B
2022-08-11,18:30,Cow_233,12,4,0,0,28.7,Cloudy,Field A
2022-08-11,18:30,Cow_234,0,10,5,0,28.7,Cloudy,Field A
2022-08-11,18:30,Cow_235,8,9,0,0,28.7,Cloudy,Field C
2022-08-11,18:30,Cow_236,14,9,0,0,28.7,Cloudy,Field B
2022-08-11,18:30,Cow_237,5,5,5,0,28.7,Cloudy,Field B
2022-08-11,18:30,Cow_238,13,5,0,0,28.7,Cloudy,Field C
2022-08-11,18:30,Cow_239,10,0,5,0,28.7,Cloudy,Field C
2022-08-11,18:30,Cow_240,5,5,5,0,28.7,Cloudy,Field C
2022-08-11,18:30,Cow_241,14,0,3,0,28.7,Cloudy,Field C
2022-08-11,18:30,Cow_242,5,5,5,0,28.7,Cloudy,Field A
2022-08-11,18:30,Cow_243,6,1,8,0,28.7,Cloudy,Field B
2022-08-11,18:30,Cow_244,8,3,4,0,28.7,Cloudy,Field A
2022-08-11,18:30,Cow_245,13,6,0,0,28.7,Cloudy,Field A
2022-08-11,18:30,Cow_246,2,9,4,0,28.7,Cloudy,Field B
2022-08-11,18:30,Cow_247,6,3,6,0,28.7,Cloudy,Field B
2022-08-11,18:30,Cow_248,3,6,6,0,28.7,Cloudy,Field C
2022-08-11,18:30,Cow_249,1,6,8,0,28.7,Cloudy,Field C
2022-08-11,18:30,Cow_250,13,10,0,0,28.7,Cloudy,Field B
2022-08-11,18:30,Cow_251,12,0,5,0,28.7,Cloudy,Field B
2022-08-11,18:30,Cow_252,7,3,5,0,28.7,Cloudy,Field C
2022-08-11,18:30,Cow_253,8,5,2,0,28.7,Cloudy,Field B
2022-08-11,18:30,Cow_254,6,9,0,0,28.7,Cloudy,Field A
2022-08-11,18:30,Cow_255,10,10,0,0,28.7,Cloudy,Field A
2022-08-11,18:30,Cow_256,5,3,7,0,28.7,Cloudy,Field B
2022-08-11,18:30,Cow_257,12,0,6,0,28.7,Cloudy,Field B
2022-08-11,18:30,Cow_258,11,1,3,0,28.7,Cloudy,Field C
2022-08-11,18:30,Cow_259,2,10,3,0,28.7,Cloudy,Field A
2022-08-11,18:30,Cow_260,8,4,3,0,28.7,Cloudy,Field C
2022-08-11,18:30,Cow_261,8,8,0,0,28.7,Cloudy,Field B
2022-08-11,18:30,Cow_262,2,7,6,0,28.7,Cloudy,Field B
2022-08-11,18:30,Cow_263,9,7,0,0,28.7,Cloudy,Field A
2022-08-11,18:30,Cow_264,0,0,0,15,28.7,Cloudy,Field A
2022-08-11,18:30,Cow_265,3,4,8,0,28.7,Cloudy,Field A
2022-08-11,18:30,Cow_266,0,10,7,0,28.7,Cloudy,Field B
2022-08-11,18:30,Cow_267,6,10,0,0,28.7,Cloudy,Field C
2022-08-11,18:30,Cow_268,12,0,5,0,28.7,Cloudy,Field A
2022-08-11,18:30,Cow_269,14,6,0,0,28.7,Cloudy,Field C
2022-08-11,18:30,Cow_270,13,7,0,0,28.7,Cloudy,Field C
2022-08-11,18:30,Cow_271,0,9,6,0,28.7,Cloudy,Field C
2022-08-11,18:30,Cow_272,11,3,1,0,28.7,Cloudy,Field A
2022-08-11,18:30,Cow_273,5,9,1,0,28.7,Cloudy,Field A
2022-08-11,18:30,Cow_274,0,0,0,15,28.7,Cloudy,Field C
2022-08-11,18:30,Cow_275,0,10,5,0,28.7,Cloudy,Field A
2022-08-11,18:30,Cow_276,13,9,0,0,28.7,Cloudy,Field B
2022-08-11,18:30,Cow_277,4,8,3,0,28.7,Cloudy,Field C
2022-08-11,18:30,Cow_278,11,7,0,0,28.7,Cloudy,Field C
2022-08-11,18:30,Cow_279,0,0,0,15,28.7,Cloudy,Field A
2022-08-11,18:30,Cow_280,3,5,7,0,28.7,Cloudy,Field C
2022-08-11,18:30,Cow_281,5,9,1,0,28.7,Cloudy,Field A
2022-08-11,18:30,Cow_282,4,8,3,0,28.7,Cloudy,Field B
2022-08-11,18:30,Cow_283,9,8,0,0,28.7,Cloudy,Field A
2022-08-11,18:30,Cow_284,5,2,8,0,28.7,Cloudy,Field A
2022-08-11,18:30,Cow_285,10,6,0,0,28.7,Cloudy,Field B
2022-08-11,18:30,Cow_286,8,0,8,0,28.7,Cloudy,Field B
2022-08-11,18:30,Cow_287,8,4,3,0,28.7,Cloudy,Field A
2022-08-11,18:30,Cow_288,12,0,5,0,28.7,Cloudy,Field C
2022-08-11,18:30,Cow_289,9,5,1,0,28.7,Cloudy,Field C
2022-08-11,18:30,Cow_290,2,7,6,0,28.7,Cloudy,Field A
2022-08-11,18:30,Cow_291,5,3,7,0,28.7,Cloudy,Field B
2022-08-11,18:30,Cow_292,7,8,0,0,28.7,Cloudy,Field A
2022-08-11,18:30,Cow_293,8,0,10,0,28.7,Cloudy,Field A
2022-08-11,18:30,Cow_294,7,3,5,0,28.7,Cloudy,Field C
2022-08-11,18:30,Cow_295,4,6,5,0,28.7,Cloudy,Field A
2022-08-11,18:30,Cow_296,0,9,6,0,28.7,Cloudy,Field B
2022-08-11,18:30,Cow_297,14,0,3,0,28.7,Cloudy,Field A
2022-08-11,18:30,Cow_298,7,4,4,0,28.7,Cloudy,Field C
2022-08-11,18:30,Cow_299,9,0,8,0,28.7,Cloudy,Field B
2022-08-11,18:30,Cow_300,12,5,0,0,28.7,Cloudy,Field B
2022-08-11,18:30,Cow_301,14,0,8,0,28.7,Cloudy,Field B
2022-08-11,18:30,Cow_302,10,9,0,0,28.7,Cloudy,Field B
2022-08-11,18:30,Cow_303,0,10,7,0,28.7,Cloudy,Field B
2022-08-11,18:30,Cow_304,7,9,0,0,28.7,Cloudy,Field B
2022-08-11,18:30,Cow_305,7,4,4,0,28.7,Cloudy,Field A
2022-08-11,18:30,Cow_306,0,9,7,0,28.7,Cloudy,Field A
2022-08-11,18:30,Cow_307,7,2,6,0,28.7,Cloudy,Field A
2022-08-11,18:30,Cow_308,11,0,5,0,28.7,Cloudy,Field C
2022-08-11,18:30,Cow_309,6,8,1,0,28.7,Cloudy,Field B
2022-08-11,18:30,Cow_310,4,7,4,0,28.7,Cloudy,Field C
2022-08-11,18:30,Cow_311,13,7,0,0,28.7,Cloudy,Field A
2022-08-11,18:30,Cow_312,8,3,4,0,28.7,Cloudy,Field B
2022-08-11,18:30,Cow_313,8,3,4,0,28.7,Cloudy,Field C
2022-08-11,18:30,Cow_314,14,9,0,0,28.7,Cloudy,Field C
2022-08-11,18:30,Cow_315,7,4,4,0,28.7,Cloudy,Field C
2022-08-11,18:30,Cow_316,12,9,0,0,28.7,Cloudy,Field C
2022-08-11,18:30,Cow_317,9,0,6,0,28.7,Cloudy,Field A
2022-08-11,18:30,Cow_318,14,5,0,0,28.7,Cloudy,Field C
2022-08-11,18:30,Cow_319,8,0,8,0,28.7,Cloudy,Field C
2022-08-11,18:30,Cow_320,7,0,8,0,28.7,Cloudy,Field C
2022-08-11,18:30,Cow_321,0,10,8,0,28.7,Cloudy,Field B
2022-08-11,18:30,Cow_322,5,7,3,0,28.7,Cloudy,Field C
2022-08-11,18:30,Cow_323,5,4,6,0,28.7,Cloudy,Field A
2022-08-11,18:30,Cow_324,0,0,0,15,28.7,Cloudy,Field B
2022-08-11,18:30,Cow_325,9,10,0,0,28.7,Cloudy,Field C
2022-08-11,18:30,Cow_326,7,3,5,0,28.7,Cloudy,Field C
2022-08-11,18:30,Cow_327,8,3,4,0,28.7,Cloudy,Field A
2022-08-11,18:30,Cow_328,12,0,6,0,28.7,Cloudy,Field B
2022-08-11,18:30,Cow_329,14,9,0,0,28.7,Cloudy,Field C
2022-08-11,18:30,Cow_330,14,9,0,0,28.7,Cloudy,Field A
2022-08-11,18:30,Cow_331,0,10,8,0,28.7,Cloudy,Field C
2022-08-11,18:30,Cow_332,0,0,0,15,28.7,Cloudy,Field B
2022-08-11,18:30,Cow_333,9,0,7,0,28.7,Cloudy,Field C
2022-08-11,18:30,Cow_334,6,3,6,0,28.7,Cloudy,Field B
2022-08-11,18:30,Cow_335,8,3,4,0,28.7,Cloudy,Field B
2022-08-11,18:30,Cow_336,0,0,0,15,28.7,Cloudy,Field B
2022-08-11,18:30,Cow_337,8,1,6,0,28.7,Cloudy,Field C
2022-08-11,18:30,Cow_338,14,0,7,0,28.7,Cloudy,Field A
2022-08-11,18:30,Cow_339,8,8,0,0,28.7,Cloudy,Field A
2022-08-11,18:30,Cow_340,13,7,0,0,28.7,Cloudy,Field C
2022-08-11,18:30,Cow_341,6,2,7,0,28.7,Cloudy,Field C
2022-08-11,18:30,Cow_342,11,6,0,0,28.7,Cloudy,Field A
2022-08-11,18:30,Cow_343,11,4,0,0,28.7,Cloudy,Field A
2022-08-11,18:30,Cow_344,9,5,1,0,28.7,Cloudy,Field A
2022-08-11,18:30,Cow_345,0,9,8,0,28.7,Cloudy,Field C
2022-08-11,18:30,Cow_346,2,8,5,0,28.7,Cloudy,Field A
2022-08-11,18:30,Cow_347,10,8,0,0,28.7,Cloudy,Field B
2022-08-11,18:30,Cow_348,0,11,10,0,28.7,Cloudy,Field C
2022-08-11,18:30,Cow_349,5,3,7,0,28.7,Cloudy,Field A
2022-08-11,18:30,Cow_350,6,7,2,0,28.7,Cloudy,Field C
2022-08-11,18:30,Cow_351,10,9,0,0,28.7,Cloudy,Field C
2022-08-11,18:30,Cow_352,6,10,0,0,28.7,Cloudy,Field A
2022-08-11,18:30,Cow_353,7,9,0,0,28.7,Cloudy,Field B
2022-08-11,18:30,Cow_354,10,0,8,0,28.7,Cloudy,Field C
2022-08-11,18:30,Cow_355,3,9,3,0,28.7,Cloudy,Field C
2022-08-11,18:30,Cow_356,10,1,4,0,28.7,Cloudy,Field C
2022-08-11,18:30,Cow_357,10,0,5,0,28.7,Cloudy,Field B
2022-08-11,18:30,Cow_358,8,5,2,0,28.7,Cloudy,Field B
2022-08-11,18:30,Cow_359,10,9,0,0,28.7,Cloudy,Field A
2022-08-11,18:30,Cow_360,5,3,7,0,28.7,Cloudy,Field C
2022-08-11,18:30,Cow_361,1,6,8,0,28.7,Cloudy,Field B
2022-08-11,18:30,Cow_362,10,9,0,0,28.7,Cloudy,Field B
2022-08-11,18:30,Cow_363,13,0,5,0,28.7,Cloudy,Field A
2022-08-11,18:30,Cow_364,9,4,2,0,28.7,Cloudy,Field A
2022-08-11,18:30,Cow_365,12,3,0,0,28.7,Cloudy,Field A
2022-08-11,18:30,Cow_366,8,3,4,0,28.7,Cloudy,Field A
2022-08-11,18:30,Cow_367,1,8,6,0,28.7,Cloudy,Field B
2022-08-11,18:30,Cow_368,9,3,3,0,28.7,Cloudy,Field B
2022-08-11,18:30,Cow_369,12,3,0,0,28.7,Cloudy,Field B
2022-08-11,18:30,Cow_370,5,7,3,0,28.7,Cloudy,Field C
2022-08-11,18:30,Cow_371,7,5,3,0,28.7,Cloudy,Field A
2022-08-11,18:30,Cow_372,0,10,6,0,28.7,Cloudy,Field C
2022-08-11,18:30,Cow_373,14,9,0,0,28.7,Cloudy,Field B
2022-08-11,18:30,Cow_374,9,1,5,0,28.7,Cloudy,Field B
2022-08-11,18:30,Cow_375,13,0,6,0,28.7,Cloudy,Field C
2022-08-11,18:30,Cow_376,0,10,8,0,28.7,Cloudy,Field A
2022-08-11,18:30,Cow_377,10,0,8,0,28.7,Cloudy,Field C
2022-08-11,18:30,Cow_378,8,8,0,0,28.7,Cloudy,Field B
2022-08-11,18:30,Cow_379,6,4,5,0,28.7,Cloudy,Field B
2022-08-11,18:30,Cow_380,10,3,2,0,28.7,Cloudy,Field C
2022-08-11,18:30,Cow_381,5,3,7,0,28.7,Cloudy,Field C
2022-08-11,18:30,Cow_382,14,3,0,0,28.7,Cloudy,Field C
2022-08-11,18:30,Cow_383,2,8,5,0,28.7,Cloudy,Field C
2022-08-11,18:30,Cow_384,14,3,0,0,28.7,Cloudy,Field A
2022-08-11,18:30,Cow_385,6,3,6,0,28.7,Cloudy,Field A
2022-08-11,18:30,Cow_386,11,0,4,0,28.7,Cloudy,Field B
2022-08-11,18:30,Cow_387,0,9,8,0,28.7,Cloudy,Field C
2022-08-11,18:30,Cow_388,13,0,8,0,28.7,Cloudy,Field C
2022-08-11,18:30,Cow_389,11,9,0,0,28.7,Cloudy,Field C
2022-08-11,18:30,Cow_390,0,0,0,15,28.7,Cloudy,Field A
2022-08-11,18:30,Cow_391,5,5,5,0,28.7,Cloudy,Field B
2022-08-11,18:30,Cow_392,13,0,6,0,28.7,Cloudy,Field C
2022-08-11,18:30,Cow_393,0,9,7,0,28.7,Cloudy,Field C
2022-08-11,18:30,Cow_394,12,6,0,0,28.7,Cloudy,Field B
2022-08-11,18:30,Cow_395,9,0,8,0,28.7,Cloudy,Field C
2022-08-11,18:30,Cow_396,7,10,0,0,28.7,Cloudy,Field A
2022-08-11,18:30,Cow_397,0,10,8,0,28.7,Cloudy,Field C
2022-08-11,18:30,Cow_398,11,1,3,0,28.7,Cloudy,Field B
2022-08-11,18:30,Cow_399,14,7,0,0,28.7,Cloudy,Field B
2022-08-11,18:30,Cow_400,9,3,3,0,28.7,Cloudy,Field A
2022-08-11,18:30,Cow_401,0,0,0,15,28.7,Cloudy,Field B
2022-08-11,18:30,Cow_402,0,0,0,15,28.7,Cloudy,Field C
2022-08-11,18:30,Cow_403,6,3,6,0,28.7,Cloudy,Field C
2022-08-11,18:30,Cow_404,9,7,0,0,28.7,Cloudy,Field A
2022-08-11,18:30,Cow_405,6,4,5,0,28.7,Cloudy,Field B
2022-08-11,18:30,Cow_406,11,0,6,0,28.7,Cloudy,Field A
2022-08-11,18:30,Cow_407,5,4,6,0,28.7,Cloudy,Field B
2022-08-11,18:30,Cow_408,5,6,4,0,28.7,Cloudy,Field B
2022-08-11,18:30,Cow_409,5,4,6,0,28.7,Cloudy,Field B
2022-08-11,18:30,Cow_410,7,5,3,0,28.7,Cloudy,Field A
2022-08-11,18:30,Cow_411,6,4,5,0,28.7,Cloudy,Field C
2022-08-11,18:30,Cow_412,5,7,3,0,28.7,Cloudy,Field B
2022-08-11,18:30,Cow_413,7,3,5,0,28.7,Cloudy,Field B
2022-08-11,18:30,Cow_414,6,1,8,0,28.7,Cloudy,Field B
2022-08-11,18:30,Cow_415,4,6,5,0,28.7,Cloudy,Field C
2022-08-11,18:30,Cow_416,8,8,0,0,28.7,Cloudy,Field A
2022-08-11,18:30,Cow_417,4,4,7,0,28.7,Cloudy,Field A
2022-08-11,18:30,Cow_418,0,10,5,0,28.7,Cloudy,Field B
2022-08-11,18:30,Cow_419,5,7,3,0,28.7,Cloudy,Field B
2022-08-11,18:30,Cow_420,11,0,4,0,28.7,Cloudy,Field B
2022-08-11,18:30,Cow_421,9,0,8,0,28.7,Cloudy,Field C
2022-08-11,18:30,Cow_422,12,4,0,0,28.7,Cloudy,Field A
2022-08-11,18:30,Cow_423,14,3,0,0,28.7,Cloudy,Field B
2022-08-11,18:30,Cow_424,10,8,0,0,28.7,Cloudy,Field B
2022-08-11,18:30,Cow_425,12,0,5,0,28.7,Cloudy,Field A
2022-08-11,18:30,Cow_426,9,9,0,0,28.7,Cloudy,Field A
2022-08-11,18:30,Cow_427,14,0,8,0,28.7,Cloudy,Field A
2022-08-11,18:30,Cow_428,14,0,3,0,28.7,Cloudy,Field B
2022-08-11,18:30,Cow_429,6,1,8,0,28.7,Cloudy,Field C
2022-08-11,18:30,Cow_430,12,0,4,0,28.7,Cloudy,Field C
2022-08-11,18:30,Cow_431,5,7,3,0,28.7,Cloudy,Field A
2022-08-11,18:30,Cow_432,13,4,0,0,28.7,Cloudy,Field A
2022-08-11,18:30,Cow_433,5,3,7,0,28.7,Cloudy,Field C
2022-08-11,18:30,Cow_434,10,8,0,0,28.7,Cloudy,Field C
2022-08-11,18:30,Cow_435,0,7,8,0,28.7,Cloudy,Field C
2022-08-11,18:30,Cow_436,14,0,3,0,28.7,Cloudy,Field A
2022-08-11,18:30,Cow_437,0,0,0,15,28.7,Cloudy,Field B
2022-08-11,18:30,Cow_438,9,7,0,0,28.7,Cloudy,Field A
2022-08-11,18:30,Cow_439,13,0,6,0,28.7,Cloudy,Field B
2022-08-11,18:30,Cow_440,13,9,0,0,28.7,Cloudy,Field A
2022-08-11,18:30,Cow_441,7,2,6,0,28.7,Cloudy,Field C
2022-08-11,18:30,Cow_442,10,0,8,0,28.7,Cloudy,Field C
2022-08-11,18:30,Cow_443,0,9,7,0,28.7,Cloudy,Field C
2022-08-11,18:30,Cow_444,4,5,6,0,28.7,Cloudy,Field A
2022-08-11,18:30,Cow_445,0,8,7,0,28.7,Cloudy,Field A
2022-08-11,18:30,Cow_446,3,5,7,0,28.7,Cloudy,Field A
2022-08-11,18:30,Cow_447,0,10,8,0,28.7,Cloudy,Field C
2022-08-11,18:30,Cow_448,8,2,5,0,28.7,Cloudy,Field A
2022-08-11,18:30,Cow_449,7,9,0,0,28.7,Cloudy,Field C
2022-08-11,18:30,Cow_450,5,5,5,0,28.7,Cloudy,Field B
2022-08-11,18:30,Cow_451,7,8,0,0,28.7,Cloudy,Field A
2022-08-11,18:30,Cow_452,0,7,8,0,28.7,Cloudy,Field C
2022-08-11,18:30,Cow_453,6,3,6,0,28.7,Cloudy,Field C
2022-08-11,18:30,Cow_454,7,4,4,0,28.7,Cloudy,Field C
2022-08-11,18:30,Cow_455,12,4,0,0,28.7,Cloudy,Field C
2022-08-11,18:30,Cow_456,13,8,0,0,28.7,Cloudy,Field B
2022-08-11,18:30,Cow_457,14,0,7,0,28.7,Cloudy,Field C
2022-08-11,18:30,Cow_458,12,0,8,0,28.7,Cloudy,Field C
2022-08-11,18:30,Cow_459,11,0,5,0,28.7,Cloudy,Field C
2022-08-11,18:30,Cow_460,0,8,7,0,28.7,Cloudy,Field A
2022-08-11,18:30,Cow_461,11,6,0,0,28.7,Cloudy,Field A
2022-08-11,18:30,Cow_462,6,5,4,0,28.7,Cloudy,Field C
2022-08-11,18:30,Cow_463,0,7,8,0,28.7,Cloudy,Field B
2022-08-11,18:30,Cow_464,4,5,6,0,28.7,Cloudy,Field C
2022-08-11,18:30,Cow_465,5,4,6,0,28.7,Cloudy,Field A
2022-08-11,18:30,Cow_466,11,7,0,0,28.7,Cloudy,Field C
2022-08-11,18:30,Cow_467,8,0,8,0,28.7,Cloudy,Field C
2022-08-11,18:30,Cow_468,5,6,4,0,28.7,Cloudy,Field B
2022-08-11,18:30,Cow_469,10,8,0,0,28.7,Cloudy,Field B
2022-08-11,18:30,Cow_470,6,1,8,0,28.7,Cloudy,Field C
2022-08-11,18:30,Cow_471,6,2,7,0,28.7,Cloudy,Field B
2022-08-11,18:30,Cow_472,8,0,8,0,28.7,Cloudy,Field C
2022-08-11,18:30,Cow_473,12,0,3,0,28.7,Cloudy,Field C
2022-08-11,18:30,Cow_474,11,0,5,0,28.7,Cloudy,Field A
2022-08-11,18:30,Cow_475,8,3,4,0,28.7,Cloudy,Field C
2022-08-11,18:30,Cow_476,8,8,0,0,28.7,Cloudy,Field C
2022-08-11,18:30,Cow_477,7,10,0,0,28.7,Cloudy,Field C
2022-08-11,18:30,Cow_478,12,0,8,0,28.7,Cloudy,Field C
2022-08-11,18:30,Cow_479,5,8,2,0,28.7,Cloudy,Field C
2022-08-11,18:30,Cow_480,10,5,0,0,28.7,Cloudy,Field A
2022-08-11,18:30,Cow_481,0,0,0,15,28.7,Cloudy,Field A
2022-08-11,18:30,Cow_482,3,8,4,0,28.7,Cloudy,Field A
2022-08-11,18:30,Cow_483,14,0,7,0,28.7,Cloudy,Field A
2022-08-11,18:30,Cow_484,1,8,6,0,28.7,Cloudy,Field C
2022-08-11,18:30,Cow_485,5,6,4,0,28.7,Cloudy,Field C
2022-08-11,18:30,Cow_486,0,9,7,0,28.7,Cloudy,Field A
2022-08-11,18:30,Cow_487,8,4,3,0,28.7,Cloudy,Field C
2022-08-11,18:30,Cow_488,3,9,3,0,28.7,Cloudy,Field A
2022-08-11,18:30,Cow_489,13,0,4,0,28.7,Cloudy,Field B
2022-08-11,18:30,Cow_490,11,4,0,0,28.7,Cloudy,Field A
2022-08-11,18:30,Cow_491,12,0,6,0,28.7,Cloudy,Field C
2022-08-11,18:30,Cow_492,5,8,2,0,28.7,Cloudy,Field A
2022-08-11,18:30,Cow_493,10,2,3,0,28.7,Cloudy,Field C
2022-08-11,18:30,Cow_494,12,0,8,0,28.7,Cloudy,Field C
2022-08-11,18:30,Cow_495,3,4,8,0,28.7,Cloudy,Field B
2022-08-11,18:30,Cow_496,6,2,7,0,28.7,Cloudy,Field A
2022-08-11,18:30,Cow_497,6,9,0,0,28.7,Cloudy,Field B
2022-08-11,18:30,Cow_498,0,10,8,0,28.7,Cloudy,Field B
2022-08-11,18:30,Cow_499,6,6,3,0,28.7,Cloudy,Field A
2022-08-11,18:30,Cow_500,5,6,4,0,28.7,Cloudy,Field B
2022-08-11,18:45,Cow_1,7,3,5,0,36.6,Cloudy,Field C
2022-08-11,18:45,Cow_2,8,0,8,0,36.6,Cloudy,Field B
2022-08-11,18:45,Cow_3,12,9,0,0,36.6,Cloudy,Field A
2022-08-11,18:45,Cow_4,10,3,2,0,36.6,Cloudy,Field A
2022-08-11,18:45,Cow_5,13,0,8,0,36.6,Cloudy,Field C
2022-08-11,18:45,Cow_6,7,6,2,0,36.6,Cloudy,Field A
2022-08-11,18:45,Cow_7,1,7,7,0,36.6,Cloudy,Field C
2022-08-11,18:45,Cow_8,8,0,7,0,36.6,Cloudy,Field C
2022-08-11,18:45,Cow_9,12,3,0,0,36.6,Cloudy,Field B
2022-08-11,18:45,Cow_10,6,3,6,0,36.6,Cloudy,Field B
2022-08-11,18:45,Cow_11,5,9,1,0,36.6,Cloudy,Field C
2022-08-11,18:45,Cow_12,0,0,0,15,36.6,Cloudy,Field B
2022-08-11,18:45,Cow_13,14,5,0,0,36.6,Cloudy,Field C
2022-08-11,18:45,Cow_14,9,4,2,0,36.6,Cloudy,Field A
2022-08-11,18:45,Cow_15,5,6,4,0,36.6,Cloudy,Field B
2022-08-11,18:45,Cow_16,0,10,8,0,36.6,Cloudy,Field A
2022-08-11,18:45,Cow_17,14,9,0,0,36.6,Cloudy,Field C
2022-08-11,18:45,Cow_18,13,9,0,0,36.6,Cloudy,Field C
2022-08-11,18:45,Cow_19,9,9,0,0,36.6,Cloudy,Field A
2022-08-11,18:45,Cow_20,8,9,0,0,36.6,Cloudy,Field C
2022-08-11,18:45,Cow_21,9,0,7,0,36.6,Cloudy,Field B
2022-08-11,18:45,Cow_22,12,9,0,0,36.6,Cloudy,Field A
2022-08-11,18:45,Cow_23,10,9,0,0,36.6,Cloudy,Field B
2022-08-11,18:45,Cow_24,13,9,0,0,36.6,Cloudy,Field A
2022-08-11,18:45,Cow_25,13,10,0,0,36.6,Cloudy,Field A
2022-08-11,18:45,Cow_26,9,6,0,0,36.6,Cloudy,Field A
2022-08-11,18:45,Cow_27,14,0,6,0,36.6,Cloudy,Field A
2022-08-11,18:45,Cow_28,2,7,6,0,36.6,Cloudy,Field A
2022-08-11,18:45,Cow_29,9,3,3,0,36.6,Cloudy,Field A
2022-08-11,18:45,Cow_30,5,4,6,0,36.6,Cloudy,Field C
2022-08-11,18:45,Cow_31,2,4,9,0,36.6,Cloudy,Field A
2022-08-11,18:45,Cow_32,12,0,4,0,36.6,Cloudy,Field C
2022-08-11,18:45,Cow_33,9,0,7,0,36.6,Cloudy,Field C
2022-08-11,18:45,Cow_34,4,5,6,0,36.6,Cloudy,Field A
2022-08-11,18:45,Cow_35,8,4,3,0,36.6,Cloudy,Field B
2022-08-11,18:45,Cow_36,0,0,0,15,36.6,Cloudy,Field A
2022-08-11,18:45,Cow_37,14,0,6,0,36.6,Cloudy,Field C
2022-08-11,18:45,Cow_38,5,2,8,0,36.6,Cloudy,Field B
2022-08-11,18:45,Cow_39,5,6,4,0,36.6,Cloudy,Field C
2022-08-11,18:45,Cow_40,11,7,0,0,36.6,Cloudy,Field A
2022-08-11,18:45,Cow_41,3,8,4,0,36.6,Cloudy,Field B
2022-08-11,18:45,Cow_42,14,9,0,0,36.6,Cloudy,Field B
2022-08-11,18:45,Cow_43,10,0,8,0,36.6,Cloudy,Field B
2022-08-11,18:45,Cow_44,4,7,4,0,36.6,Cloudy,Field C
2022-08-11,18:45,Cow_45,6,2,7,0,36.6,Cloudy,Field B
2022-08-11,18:45,Cow_46,10,2,3,0,36.6,Cloudy,Field C
2022-08-11,18:45,Cow_47,6,5,4,0,36.6,Cloudy,Field B
2022-08-11,18:45,Cow_48,2,5,8,0,36.6,Cloudy,Field A
2022-08-11,18:45,Cow_49,6,2,7,0,36.6,Cloudy,Field B
2022-08-11,18:45,Cow_50,8,4,3,0,36.6,Cloudy,Field B
2022-08-11,18:45,Cow_51,8,6,1,0,36.6,Cloudy,Field A
2022-08-11,18:45,Cow_52,6,3,6,0,36.6,Cloudy,Field C
2022-08-11,18:45,Cow_53,4,6,5,0,36.6,Cloudy,Field C
2022-08-11,18:45,Cow_54,14,8,0,0,36.6,Cloudy,Field C
2022-08-11,18:45,Cow_55,5,6,4,0,36.6,Cloudy,Field C
2022-08-11,18:45,Cow_56,2,8,5,0,36.6,Cloudy,Field A
2022-08-11,18:45,Cow_57,0,8,7,0,36.6,Cloudy,Field B
2022-08-11,18:45,Cow_58,14,6,0,0,36.6,Cloudy,Field A
2022-08-11,18:45,Cow_59,9,1,5,0,36.6,Cloudy,Field B
2022-08-11,18:45,Cow_60,5,6,4,0,36.6,Cloudy,Field B
2022-08-11,18:45,Cow_61,14,0,8,0,36.6,Cloudy,Field B
2022-08-11,18:45,Cow_62,12,4,0,0,36.6,Cloudy,Field B
2022-08-11,18:45,Cow_63,0,8,10,0,36.6,Cloudy,Field C
2022-08-11,18:45,Cow_64,0,10,7,0,36.6,Cloudy,Field B
2022-08-11,18:45,Cow_65,10,9,0,0,36.6,Cloudy,Field C
2022-08-11,18:45,Cow_66,1,7,7,0,36.6,Cloudy,Field C
2022-08-11,18:45,Cow_67,5,7,3,0,36.6,Cloudy,Field C
2022-08-11,18:45,Cow_68,10,0,6,0,36.6,Cloudy,Field B
2022-08-11,18:45,Cow_69,2,9,4,0,36.6,Cloudy,Field B
2022-08-11,18:45,Cow_70,0,8,7,0,36.6,Cloudy,Field B
2022-08-11,18:45,Cow_71,5,4,6,0,36.6,Cloudy,Field A
2022-08-11,18:45,Cow_72,9,1,5,0,36.6,Cloudy,Field B
2022-08-11,18:45,Cow_73,5,3,7,0,36.6,Cloudy,Field B
2022-08-11,18:45,Cow_74,8,5,2,0,36.6,Cloudy,Field B
2022-08-11,18:45,Cow_75,0,10,9,0,36.6,Cloudy,Field A
2022-08-11,18:45,Cow_76,13,0,5,0,36.6,Cloudy,Field B
2022-08-11,18:45,Cow_77,11,0,7,0,36.6,Cloudy,Field A
2022-08-11,18:45,Cow_78,12,6,0,0,36.6,Cloudy,Field B
2022-08-11,18:45,Cow_79,8,3,4,0,36.6,Cloudy,Field A
2022-08-11,18:45,Cow_80,6,4,5,0,36.6,Cloudy,Field B
2022-08-11,18:45,Cow_81,5,7,3,0,36.6,Cloudy,Field A
2022-08-11,18:45,Cow_82,13,5,0,0,36.6,Cloudy,Field C
2022-08-11,18:45,Cow_83,4,6,5,0,36.6,Cloudy,Field A
2022-08-11,18:45,Cow_84,5,5,5,0,36.6,Cloudy,Field B
2022-08-11,18:45,Cow_85,5,6,4,0,36.6,Cloudy,Field B
2022-08-11,18:45,Cow_86,5,6,4,0,36.6,Cloudy,Field A
2022-08-11,18:45,Cow_87,5,7,3,0,36.6,Cloudy,Field A
2022-08-11,18:45,Cow_88,2,8,5,0,36.6,Cloudy,Field A
2022-08-11,18:45,Cow_89,8,2,5,0,36.6,Cloudy,Field C
2022-08-11,18:45,Cow_90,13,0,4,0,36.6,Cloudy,Field C
2022-08-11,18:45,Cow_91,0,0,0,15,36.6,Cloudy,Field A
2022-08-11,18:45,Cow_92,6,6,3,0,36.6,Cloudy,Field C
2022-08-11,18:45,Cow_93,0,0,0,15,36.6,Cloudy,Field C
2022-08-11,18:45,Cow_94,14,0,7,0,36.6,Cloudy,Field B
2022-08-11,18:45,Cow_95,0,9,7,0,36.6,Cloudy,Field C
2022-08-11,18:45,Cow_96,14,0,6,0,36.6,Cloudy,Field A
2022-08-11,18:45,Cow_97,7,10,0,0,36.6,Cloudy,Field C
2022-08-11,18:45,Cow_98,13,10,0,0,36.6,Cloudy,Field A
2022-08-11,18:45,Cow_99,12,0,6,0,36.6,Cloudy,Field C
2022-08-11,18:45,Cow_100,14,8,0,0,36.6,Cloudy,Field B
2022-08-11,18:45,Cow_101,0,0,0,15,36.6,Cloudy,Field B
2022-08-11,18:45,Cow_102,7,3,5,0,36.6,Cloudy,Field B
2022-08-11,18:45,Cow_103,14,0,5,0,36.6,Cloudy,Field B
2022-08-11,18:45,Cow_104,10,1,4,0,36.6,Cloudy,Field A
2022-08-11,18:45,Cow_105,8,0,8,0,36.6,Cloudy,Field A
2022-08-11,18:45,Cow_106,0,0,0,15,36.6,Cloudy,Field B
2022-08-11,18:45,Cow_107,12,0,7,0,36.6,Cloudy,Field C
2022-08-11,18:45,Cow_108,12,0,3,0,36.6,Cloudy,Field C
2022-08-11,18:45,Cow_109,1,9,5,0,36.6,Cloudy,Field B
2022-08-11,18:45,Cow_110,5,7,3,0,36.6,Cloudy,Field A
2022-08-11,18:45,Cow_111,0,0,0,15,36.6,Cloudy,Field C
2022-08-11,18:45,Cow_112,7,4,4,0,36.6,Cloudy,Field B
2022-08-11,18:45,Cow_113,6,7,2,0,36.6,Cloudy,Field A
2022-08-11,18:45,Cow_114,7,5,3,0,36.6,Cloudy,Field C
2022-08-11,18:45,Cow_115,4,4,7,0,36.6,Cloudy,Field A
2022-08-11,18:45,Cow_116,7,4,4,0,36.6,Cloudy,Field C
2022-08-11,18:45,Cow_117,8,10,0,0,36.6,Cloudy,Field B
2022-08-11,18:45,Cow_118,7,5,3,0,36.6,Cloudy,Field C
2022-08-11,18:45,Cow_119,3,9,3,0,36.6,Cloudy,Field A
2022-08-11,18:45,Cow_120,2,10,3,0,36.6,Cloudy,Field A
2022-08-11,18:45,Cow_121,12,0,4,0,36.6,Cloudy,Field C
2022-08-11,18:45,Cow_122,5,4,6,0,36.6,Cloudy,Field A
2022-08-11,18:45,Cow_123,10,2,3,0,36.6,Cloudy,Field A
2022-08-11,18:45,Cow_124,14,10,0,0,36.6,Cloudy,Field B
2022-08-11,18:45,Cow_125,0,9,8,0,36.6,Cloudy,Field C
2022-08-11,18:45,Cow_126,0,8,8,0,36.6,Cloudy,Field B
2022-08-11,18:45,Cow_127,13,0,7,0,36.6,Cloudy,Field B
2022-08-11,18:45,Cow_128,13,7,0,0,36.6,Cloudy,Field B
2022-08-11,18:45,Cow_129,12,5,0,0,36.6,Cloudy,Field A
2022-08-11,18:45,Cow_130,8,2,5,0,36.6,Cloudy,Field B
2022-08-11,18:45,Cow_131,8,2,5,0,36.6,Cloudy,Field C
2022-08-11,18:45,Cow_132,1,9,5,0,36.6,Cloudy,Field B
2022-08-11,18:45,Cow_133,0,10,6,0,36.6,Cloudy,Field B
2022-08-11,18:45,Cow_134,5,4,6,0,36.6,Cloudy,Field B
2022-08-11,18:45,Cow_135,11,0,4,0,36.6,Cloudy,Field B
2022-08-11,18:45,Cow_136,7,4,4,0,36.6,Cloudy,Field B
2022-08-11,18:45,Cow_137,8,4,3,0,36.6,Cloudy,Field B
2022-08-11,18:45,Cow_138,5,8,2,0,36.6,Cloudy,Field A
2022-08-11,18:45,Cow_139,12,6,0,0,36.6,Cloudy,Field A
2022-08-11,18:45,Cow_140,9,5,1,0,36.6,Cloudy,Field A
2022-08-11,18:45,Cow_141,13,8,0,0,36.6,Cloudy,Field A
2022-08-11,18:45,Cow_142,12,8,0,0,36.6,Cloudy,Field C
2022-08-11,18:45,Cow_143,7,4,4,0,36.6,Cloudy,Field C
2022-08-11,18:45,Cow_144,0,10,7,0,36.6,Cloudy,Field A
2022-08-11,18:45,Cow_145,0,0,0,15,36.6,Cloudy,Field B
2022-08-11,18:45,Cow_146,13,0,8,0,36.6,Cloudy,Field B
2022-08-11,18:45,Cow_147,10,7,0,0,36.6,Cloudy,Field A
2022-08-11,18:45,Cow_148,14,5,0,0,36.6,Cloudy,Field B
2022-08-11,18:45,Cow_149,12,9,0,0,36.6,Cloudy,Field C
2022-08-11,18:45,Cow_150,14,0,4,0,36.6,Cloudy,Field A
2022-08-11,18:45,Cow_151,6,1,8,0,36.6,Cloudy,Field A
2022-08-11,18:45,Cow_152,12,6,0,0,36.6,Cloudy,Field C
2022-08-11,18:45,Cow_153,11,10,0,0,36.6,Cloudy,Field A
2022-08-11,18:45,Cow_154,7,5,3,0,36.6,Cloudy,Field A
2022-08-11,18:45,Cow_155,6,3,6,0,36.6,Cloudy,Field B
2022-08-11,18:45,Cow_156,7,4,4,0,36.6,Cloudy,Field B
2022-08-11,18:45,Cow_157,8,3,4,0,36.6,Cloudy,Field A
2022-08-11,18:45,Cow_158,12,0,5,0,36.6,Cloudy,Field C
2022-08-11,18:45,Cow_159,5,8,2,0,36.6,Cloudy,Field B
2022-08-11,18:45,Cow_160,5,2,8,0,36.6,Cloudy,Field A
2022-08-11,18:45,Cow_161,14,0,3,0,36.6,Cloudy,Field A
2022-08-11,18:45,Cow_162,10,0,7,0,36.6,Cloudy,Field A
2022-08-11,18:45,Cow_163,13,4,0,0,36.6,Cloudy,Field A
2022-08-11,18:45,Cow_164,14,0,5,0,36.6,Cloudy,Field A
2022-08-11,18:45,Cow_165,13,0,6,0,36.6,Cloudy,Field A
2022-08-11,18:45,Cow_166,4,4,7,0,36.6,Cloudy,Field A
2022-08-11,18:45,Cow_167,3,7,5,0,36.6,Cloudy,Field A
2022-08-11,18:45,Cow_168,13,0,6,0,36.6,Cloudy,Field B
2022-08-11,18:45,Cow_169,9,3,3,0,36.6,Cloudy,Field A
2022-08-11,18:45,Cow_170,7,0,8,0,36.6,Cloudy,Field A
2022-08-11,18:45,Cow_171,14,9,0,0,36.6,Cloudy,Field A
2022-08-11,18:45,Cow_172,11,5,0,0,36.6,Cloudy,Field B
2022-08-11,18:45,Cow_173,6,5,4,0,36.6,Cloudy,Field A
2022-08-11,18:45,Cow_174,4,6,5,0,36.6,Cloudy,Field B
2022-08-11,18:45,Cow_175,11,8,0,0,36.6,Cloudy,Field B
2022-08-11,18:45,Cow_176,14,10,0,0,36.6,Cloudy,Field A
2022-08-11,18:45,Cow_177,9,0,8,0,36.6,Cloudy,Field B
2022-08-11,18:45,Cow_178,10,0,6,0,36.6,Cloudy,Field B
2022-08-11,18:45,Cow_179,11,4,0,0,36.6,Cloudy,Field C
2022-08-11,18:45,Cow_180,14,9,0,0,36.6,Cloudy,Field C
2022-08-11,18:45,Cow_181,7,7,1,0,36.6,Cloudy,Field C
2022-08-11,18:45,Cow_182,6,4,5,0,36.6,Cloudy,Field C
2022-08-11,18:45,Cow_183,8,0,7,0,36.6,Cloudy,Field C
2022-08-11,18:45,Cow_184,5,3,7,0,36.6,Cloudy,Field C
2022-08-11,18:45,Cow_185,9,3,3,0,36.6,Cloudy,Field A
2022-08-11,18:45,Cow_186,12,4,0,0,36.6,Cloudy,Field C
2022-08-11,18:45,Cow_187,5,7,3,0,36.6,Cloudy,Field A
2022-08-11,18:45,Cow_188,14,4,0,0,36.6,Cloudy,Field A
2022-08-11,18:45,Cow_189,9,7,0,0,36.6,Cloudy,Field B
2022-08-11,18:45,Cow_190,12,3,0,0,36.6,Cloudy,Field C
2022-08-11,18:45,Cow_191,9,2,4,0,36.6,Cloudy,Field B
2022-08-11,18:45,Cow_192,5,4,6,0,36.6,Cloudy,Field C
2022-08-11,18:45,Cow_193,8,1,6,0,36.6,Cloudy,Field C
2022-08-11,18:45,Cow_194,14,0,3,0,36.6,Cloudy,Field C
2022-08-11,18:45,Cow_195,4,8,3,0,36.6,Cloudy,Field B
2022-08-11,18:45,Cow_196,0,0,0,15,36.6,Cloudy,Field B
2022-08-11,18:45,Cow_197,11,0,6,0,36.6,Cloudy,Field B
2022-08-11,18:45,Cow_198,0,8,8,0,36.6,Cloudy,Field A
2022-08-11,18:45,Cow_199,6,4,5,0,36.6,Cloudy,Field B
2022-08-11,18:45,Cow_200,11,0,7,0,36.6,Cloudy,Field B
2022-08-11,18:45,Cow_201,6,5,4,0,36.6,Cloudy,Field C
2022-08-11,18:45,Cow_202,7,0,8,0,36.6,Cloudy,Field A
2022-08-11,18:45,Cow_203,3,9,3,0,36.6,Cloudy,Field A
2022-08-11,18:45,Cow_204,10,1,4,0,36.6,Cloudy,Field B
2022-08-11,18:45,Cow_205,0,8,7,0,36.6,Cloudy,Field B
2022-08-11,18:45,Cow_206,7,6,2,0,36.6,Cloudy,Field B
2022-08-11,18:45,Cow_207,2,8,5,0,36.6,Cloudy,Field C
2022-08-11,18:45,Cow_208,9,6,0,0,36.6,Cloudy,Field B
2022-08-11,18:45,Cow_209,0,0,0,15,36.6,Cloudy,Field B
2022-08-11,18:45,Cow_210,0,7,8,0,36.6,Cloudy,Field A
2022-08-11,18:45,Cow_211,0,0,0,15,36.6,Cloudy,Field B
2022-08-11,18:45,Cow_212,5,4,6,0,36.6,Cloudy,Field B
2022-08-11,18:45,Cow_213,5,6,4,0,36.6,Cloudy,Field B
2022-08-11,18:45,Cow_214,11,8,0,0,36.6,Cloudy,Field A
2022-08-11,18:45,Cow_215,11,8,0,0,36.6,Cloudy,Field C
2022-08-11,18:45,Cow_216,6,9,0,0,36.6,Cloudy,Field C
2022-08-11,18:45,Cow_217,12,0,3,0,36.6,Cloudy,Field A
2022-08-11,18:45,Cow_218,8,2,5,0,36.6,Cloudy,Field B
2022-08-11,18:45,Cow_219,14,3,0,0,36.6,Cloudy,Field C
2022-08-11,18:45,Cow_220,9,10,0,0,36.6,Cloudy,Field C
2022-08-11,18:45,Cow_221,4,8,3,0,36.6,Cloudy,Field C
2022-08-11,18:45,Cow_222,0,9,6,0,36.6,Cloudy,Field B
2022-08-11,18:45,Cow_223,7,9,0,0,36.6,Cloudy,Field A
2022-08-11,18:45,Cow_224,8,4,3,0,36.6,Cloudy,Field A
2022-08-11,18:45,Cow_225,13,0,5,0,36.6,Cloudy,Field B
2022-08-11,18:45,Cow_226,7,5,3,0,36.6,Cloudy,Field C
2022-08-11,18:45,Cow_227,6,3,6,0,36.6,Cloudy,Field C
2022-08-11,18:45,Cow_228,6,3,6,0,36.6,Cloudy,Field B
2022-08-11,18:45,Cow_229,0,0,0,15,36.6,Cloudy,Field B
2022-08-11,18:45,Cow_230,5,5,5,0,36.6,Cloudy,Field B
2022-08-11,18:45,Cow_231,10,9,0,0,36.6,Cloudy,Field C
2022-08-11,18:45,Cow_232,11,0,7,0,36.6,Cloudy,Field B
2022-08-11,18:45,Cow_233,8,5,2,0,36.6,Cloudy,Field A
2022-08-11,18:45,Cow_234,2,9,4,0,36.6,Cloudy,Field B
2022-08-11,18:45,Cow_235,6,5,4,0,36.6,Cloudy,Field B
2022-08-11,18:45,Cow_236,0,0,0,15,36.6,Cloudy,Field C
2022-08-11,18:45,Cow_237,6,4,5,0,36.6,Cloudy,Field A
2022-08-11,18:45,Cow_238,10,3,2,0,36.6,Cloudy,Field C
2022-08-11,18:45,Cow_239,7,3,5,0,36.6,Cloudy,Field A
2022-08-11,18:45,Cow_240,13,0,3,0,36.6,Cloudy,Field B
2022-08-11,18:45,Cow_241,10,0,8,0,36.6,Cloudy,Field C
2022-08-11,18:45,Cow_242,0,10,7,0,36.6,Cloudy,Field B
2022-08-11,18:45,Cow_243,2,5,8,0,36.6,Cloudy,Field A
2022-08-11,18:45,Cow_244,11,10,0,0,36.6,Cloudy,Field A
2022-08-11,18:45,Cow_245,10,5,0,0,36.6,Cloudy,Field A
2022-08-11,18:45,Cow_246,11,10,0,0,36.6,Cloudy,Field C
2022-08-11,18:45,Cow_247,3,5,7,0,36.6,Cloudy,Field C
2022-08-11,18:45,Cow_248,4,3,8,0,36.6,Cloudy,Field B
2022-08-11,18:45,Cow_249,8,3,4,0,36.6,Cloudy,Field C
2022-08-11,18:45,Cow_250,3,7,5,0,36.6,Cloudy,Field C
2022-08-11,18:45,Cow_251,0,0,0,15,36.6,Cloudy,Field C
2022-08-11,18:45,Cow_252,11,3,1,0,36.6,Cloudy,Field C
2022-08-11,18:45,Cow_253,7,5,3,0,36.6,Cloudy,Field C
2022-08-11,18:45,Cow_254,6,2,7,0,36.6,Cloudy,Field B
2022-08-11,18:45,Cow_255,5,7,3,0,36.6,Cloudy,Field A
2022-08-11,18:45,Cow_256,11,7,0,0,36.6,Cloudy,Field A
2022-08-11,18:45,Cow_257,0,8,7,0,36.6,Cloudy,Field A
2022-08-11,18:45,Cow_258,3,4,8,0,36.6,Cloudy,Field A
2022-08-11,18:45,Cow_259,1,7,7,0,36.6,Cloudy,Field B
2022-08-11,18:45,Cow_260,0,0,0,15,36.6,Cloudy,Field A
2022-08-11,18:45,Cow_261,13,0,7,0,36.6,Cloudy,Field C
2022-08-11,18:45,Cow_262,4,5,6,0,36.6,Cloudy,Field C
2022-08-11,18:45,Cow_263,9,0,7,0,36.6,Cloudy,Field A
2022-08-11,18:45,Cow_264,2,8,5,0,36.6,Cloudy,Field C
2022-08-11,18:45,Cow_265,12,0,6,0,36.6,Cloudy,Field C
2022-08-11,18:45,Cow_266,8,1,6,0,36.6,Cloudy,Field A
2022-08-11,18:45,Cow_267,9,5,1,0,36.6,Cloudy,Field C
2022-08-11,18:45,Cow_268,8,9,0,0,36.6,Cloudy,Field C
2022-08-11,18:45,Cow_269,14,9,0,0,36.6,Cloudy,Field C
2022-08-11,18:45,Cow_270,13,5,0,0,36.6,Cloudy,Field A
2022-08-11,18:45,Cow_271,7,5,3,0,36.6,Cloudy,Field C
2022-08-11,18:45,Cow_272,13,0,5,0,36.6,Cloudy,Field A
2022-08-11,18:45,Cow_273,8,4,3,0,36.6,Cloudy,Field B
2022-08-11,18:45,Cow_274,9,3,3,0,36.6,Cloudy,Field A
2022-08-11,18:45,Cow_275,0,0,0,15,36.6,Cloudy,Field B
2022-08-11,18:45,Cow_276,5,6,4,0,36.6,Cloudy,Field B
2022-08-11,18:45,Cow_277,8,0,8,0,36.6,Cloudy,Field B
2022-08-11,18:45,Cow_278,14,5,0,0,36.6,Cloudy,Field B
2022-08-11,18:45,Cow_279,4,4,7,0,36.6,Cloudy,Field A
2022-08-11,18:45,Cow_280,6,1,8,0,36.6,Cloudy,Field A
2022-08-11,18:45,Cow_281,13,0,8,0,36.6,Cloudy,Field B
2022-08-11,18:45,Cow_282,3,7,5,0,36.6,Cloudy,Field B
2022-08-11,18:45,Cow_283,13,5,0,0,36.6,Cloudy,Field C
2022-08-11,18:45,Cow_284,11,0,7,0,36.6,Cloudy,Field B
2022-08-11,18:45,Cow_285,14,0,6,0,36.6,Cloudy,Field B
2022-08-11,18:45,Cow_286,11,0,6,0,36.6,Cloudy,Field A
2022-08-11,18:45,Cow_287,0,9,8,0,36.6,Cloudy,Field A
2022-08-11,18:45,Cow_288,6,4,5,0,36.6,Cloudy,Field B
2022-08-11,18:45,Cow_289,7,3,5,0,36.6,Cloudy,Field C
2022-08-11,18:45,Cow_290,5,10,0,0,36.6,Cloudy,Field B
2022-08-11,18:45,Cow_291,0,0,0,15,36.6,Cloudy,Field A
2022-08-11,18:45,Cow_292,1,6,8,0,36.6,Cloudy,Field C
2022-08-11,18:45,Cow_293,3,4,8,0,36.6,Cloudy,Field A
2022-08-11,18:45,Cow_294,6,3,6,0,36.6,Cloudy,Field C
2022-08-11,18:45,Cow_295,13,0,7,0,36.6,Cloudy,Field C
2022-08-11,18:45,Cow_296,0,0,0,15,36.6,Cloudy,Field C
2022-08-11,18:45,Cow_297,2,7,6,0,36.6,Cloudy,Field C
2022-08-11,18:45,Cow_298,11,0,4,0,36.6,Cloudy,Field C
2022-08-11,18:45,Cow_299,0,12,5,0,36.6,Cloudy,Field C
2022-08-11,18:45,Cow_300,5,7,3,0,36.6,Cloudy,Field A
2022-08-11,18:45,Cow_301,9,3,3,0,36.6,Cloudy,Field B
2022-08-11,18:45,Cow_302,0,0,0,15,36.6,Cloudy,Field A
2022-08-11,18:45,Cow_303,8,4,3,0,36.6,Cloudy,Field A
2022-08-11,18:45,Cow_304,6,10,0,0,36.6,Cloudy,Field A
2022-08-11,18:45,Cow_305,7,3,5,0,36.6,Cloudy,Field C
2022-08-11,18:45,Cow_306,7,7,1,0,36.6,Cloudy,Field A
2022-08-11,18:45,Cow_307,6,5,4,0,36.6,Cloudy,Field C
2022-08-11,18:45,Cow_308,12,7,0,0,36.6,Cloudy,Field C
2022-08-11,18:45,Cow_309,6,6,3,0,36.6,Cloudy,Field C
2022-08-11,18:45,Cow_310,7,2,6,0,36.6,Cloudy,Field A
2022-08-11,18:45,Cow_311,12,9,0,0,36.6,Cloudy,Field A
2022-08-11,18:45,Cow_312,13,9,0,0,36.6,Cloudy,Field C
2022-08-11,18:45,Cow_313,13,0,7,0,36.6,Cloudy,Field C
2022-08-11,18:45,Cow_314,12,0,6,0,36.6,Cloudy,Field A
2022-08-11,18:45,Cow_315,2,7,6,0,36.6,Cloudy,Field A
2022-08-11,18:45,Cow_316,2,10,3,0,36.6,Cloudy,Field B
2022-08-11,18:45,Cow_317,3,4,8,0,36.6,Cloudy,Field B
2022-08-11,18:45,Cow_318,7,4,4,0,36.6,Cloudy,Field C
2022-08-11,18:45,Cow_319,10,0,5,0,36.6,Cloudy,Field B
2022-08-11,18:45,Cow_320,0,0,0,15,36.6,Cloudy,Field A
2022-08-11,18:45,Cow_321,6,10,0,0,36.6,Cloudy,Field C
2022-08-11,18:45,Cow_322,0,8,8,0,36.6,Cloudy,Field A
2022-08-11,18:45,Cow_323,13,4,0,0,36.6,Cloudy,Field C
2022-08-11,18:45,Cow_324,8,4,3,0,36.6,Cloudy,Field C
2022-08-11,18:45,Cow_325,2,9,4,0,36.6,Cloudy,Field A
2022-08-11,18:45,Cow_326,12,8,0,0,36.6,Cloudy,Field B
2022-08-11,18:45,Cow_327,14,10,0,0,36.6,Cloudy,Field C
2022-08-11,18:45,Cow_328,14,0,8,0,36.6,Cloudy,Field B
2022-08-11,18:45,Cow_329,8,3,4,0,36.6,Cloudy,Field A
2022-08-11,18:45,Cow_330,14,7,0,0,36.6,Cloudy,Field B
2022-08-11,18:45,Cow_331,7,2,6,0,36.6,Cloudy,Field A
2022-08-11,18:45,Cow_332,9,6,0,0,36.6,Cloudy,Field A
2022-08-11,18:45,Cow_333,7,8,0,0,36.6,Cloudy,Field B
2022-08-11,18:45,Cow_334,14,9,0,0,36.6,Cloudy,Field C
2022-08-11,18:45,Cow_335,5,3,7,0,36.6,Cloudy,Field C
2022-08-11,18:45,Cow_336,6,8,1,0,36.6,Cloudy,Field B
2022-08-11,18:45,Cow_337,0,0,0,15,36.6,Cloudy,Field B
2022-08-11,18:45,Cow_338,5,7,3,0,36.6,Cloudy,Field C
2022-08-11,18:45,Cow_339,6,5,4,0,36.6,Cloudy,Field A
2022-08-11,18:45,Cow_340,9,2,4,0,36.6,Cloudy,Field C
2022-08-11,18:45,Cow_341,14,0,7,0,36.6,Cloudy,Field C
2022-08-11,18:45,Cow_342,2,5,8,0,36.6,Cloudy,Field A
2022-08-11,18:45,Cow_343,6,3,6,0,36.6,Cloudy,Field B
2022-08-11,18:45,Cow_344,0,9,7,0,36.6,Cloudy,Field B
2022-08-11,18:45,Cow_345,0,0,0,15,36.6,Cloudy,Field C
2022-08-11,18:45,Cow_346,1,7,7,0,36.6,Cloudy,Field A
2022-08-11,18:45,Cow_347,0,0,0,15,36.6,Cloudy,Field B
2022-08-11,18:45,Cow_348,13,0,9,0,36.6,Cloudy,Field B
2022-08-11,18:45,Cow_349,11,0,4,0,36.6,Cloudy,Field C
2022-08-11,18:45,Cow_350,7,3,5,0,36.6,Cloudy,Field A
2022-08-11,18:45,Cow_351,5,6,4,0,36.6,Cloudy,Field A
2022-08-11,18:45,Cow_352,8,0,8,0,36.6,Cloudy,Field A
2022-08-11,18:45,Cow_353,5,6,4,0,36.6,Cloudy,Field B
2022-08-11,18:45,Cow_354,5,10,0,0,36.6,Cloudy,Field C
2022-08-11,18:45,Cow_355,0,8,7,0,36.6,Cloudy,Field C
2022-08-11,18:45,Cow_356,2,10,3,0,36.6,Cloudy,Field C
2022-08-11,18:45,Cow_357,7,2,6,0,36.6,Cloudy,Field C
2022-08-11,18:45,Cow_358,8,5,2,0,36.6,Cloudy,Field B
2022-08-11,18:45,Cow_359,0,0,0,15,36.6,Cloudy,Field B
2022-08-11,18:45,Cow_360,8,3,4,0,36.6,Cloudy,Field C
2022-08-11,18:45,Cow_361,10,1,4,0,36.6,Cloudy,Field B
2022-08-11,18:45,Cow_362,11,0,7,0,36.6,Cloudy,Field C
2022-08-11,18:45,Cow_363,10,11,0,0,36.6,Cloudy,Field B
2022-08-11,18:45,Cow_364,11,0,5,0,36.6,Cloudy,Field A
2022-08-11,18:45,Cow_365,10,6,0,0,36.6,Cloudy,Field A
2022-08-11,18:45,Cow_366,0,12,3,0,36.6,Cloudy,Field B
2022-08-11,18:45,Cow_367,7,4,4,0,36.6,Cloudy,Field C
2022-08-11,18:45,Cow_368,13,4,0,0,36.6,Cloudy,Field C
2022-08-11,18:45,Cow_369,2,9,4,0,36.6,Cloudy,Field A
2022-08-11,18:45,Cow_370,12,4,0,0,36.6,Cloudy,Field A
2022-08-11,18:45,Cow_371,6,3,6,0,36.6,Cloudy,Field C
2022-08-11,18:45,Cow_372,11,6,0,0,36.6,Cloudy,Field A
2022-08-11,18:45,Cow_373,3,6,6,0,36.6,Cloudy,Field C
2022-08-11,18:45,Cow_374,0,8,8,0,36.6,Cloudy,Field B
2022-08-11,18:45,Cow_375,6,4,5,0,36.6,Cloudy,Field C
2022-08-11,18:45,Cow_376,14,8,0,0,36.6,Cloudy,Field C
2022-08-11,18:45,Cow_377,1,6,8,0,36.6,Cloudy,Field C
2022-08-11,18:45,Cow_378,8,4,3,0,36.6,Cloudy,Field B
2022-08-11,18:45,Cow_379,13,0,8,0,36.6,Cloudy,Field B
2022-08-11,18:45,Cow_380,6,5,4,0,36.6,Cloudy,Field A
2022-08-11,18:45,Cow_381,10,4,1,0,36.6,Cloudy,Field A
2022-08-11,18:45,Cow_382,11,0,5,0,36.6,Cloudy,Field B
2022-08-11,18:45,Cow_383,3,5,7,0,36.6,Cloudy,Field C
2022-08-11,18:45,Cow_384,12,0,8,0,36.6,Cloudy,Field A
2022-08-11,18:45,Cow_385,7,3,5,0,36.6,Cloudy,Field C
2022-08-11,18:45,Cow_386,7,5,3,0,36.6,Cloudy,Field A
2022-08-11,18:45,Cow_387,6,9,0,0,36.6,Cloudy,Field B
2022-08-11,18:45,Cow_388,3,5,7,0,36.6,Cloudy,Field C
2022-08-11,18:45,Cow_389,8,4,3,0,36.6,Cloudy,Field C
2022-08-11,18:45,Cow_390,14,0,5,0,36.6,Cloudy,Field A
2022-08-11,18:45,Cow_391,10,0,5,0,36.6,Cloudy,Field B
2022-08-11,18:45,Cow_392,8,3,4,0,36.6,Cloudy,Field A
2022-08-11,18:45,Cow_393,11,0,5,0,36.6,Cloudy,Field C
2022-08-11,18:45,Cow_394,5,5,5,0,36.6,Cloudy,Field C
2022-08-11,18:45,Cow_395,5,9,1,0,36.6,Cloudy,Field C
2022-08-11,18:45,Cow_396,4,4,7,0,36.6,Cloudy,Field C
2022-08-11,18:45,Cow_397,6,4,5,0,36.6,Cloudy,Field B
2022-08-11,18:45,Cow_398,11,0,7,0,36.6,Cloudy,Field C
2022-08-11,18:45,Cow_399,14,0,6,0,36.6,Cloudy,Field C
2022-08-11,18:45,Cow_400,11,0,6,0,36.6,Cloudy,Field C
2022-08-11,18:45,Cow_401,10,0,6,0,36.6,Cloudy,Field B
2022-08-11,18:45,Cow_402,0,0,0,15,36.6,Cloudy,Field B
2022-08-11,18:45,Cow_403,5,6,4,0,36.6,Cloudy,Field B
2022-08-11,18:45,Cow_404,6,2,7,0,36.6,Cloudy,Field B
2022-08-11,18:45,Cow_405,6,5,4,0,36.6,Cloudy,Field B
2022-08-11,18:45,Cow_406,7,5,3,0,36.6,Cloudy,Field B
2022-08-11,18:45,Cow_407,14,0,7,0,36.6,Cloudy,Field B
2022-08-11,18:45,Cow_408,9,10,0,0,36.6,Cloudy,Field B
2022-08-11,18:45,Cow_409,0,0,0,15,36.6,Cloudy,Field C
2022-08-11,18:45,Cow_410,5,5,5,0,36.6,Cloudy,Field C
2022-08-11,18:45,Cow_411,0,0,0,15,36.6,Cloudy,Field B
2022-08-11,18:45,Cow_412,3,4,8,0,36.6,Cloudy,Field A
2022-08-11,18:45,Cow_413,13,8,0,0,36.6,Cloudy,Field A
2022-08-11,18:45,Cow_414,6,1,8,0,36.6,Cloudy,Field B
2022-08-11,18:45,Cow_415,0,7,8,0,36.6,Cloudy,Field A
2022-08-11,18:45,Cow_416,11,4,0,0,36.6,Cloudy,Field B
2022-08-11,18:45,Cow_417,6,4,5,0,36.6,Cloudy,Field A
2022-08-11,18:45,Cow_418,0,8,8,0,36.6,Cloudy,Field A
2022-08-11,18:45,Cow_419,8,3,4,0,36.6,Cloudy,Field B
2022-08-11,18:45,Cow_420,2,10,3,0,36.6,Cloudy,Field A
2022-08-11,18:45,Cow_421,0,9,7,0,36.6,Cloudy,Field A
2022-08-11,18:45,Cow_422,4,8,3,0,36.6,Cloudy,Field A
2022-08-11,18:45,Cow_423,8,4,3,0,36.6,Cloudy,Field C
2022-08-11,18:45,Cow_424,6,8,1,0,36.6,Cloudy,Field A
2022-08-11,18:45,Cow_425,13,10,0,0,36.6,Cloudy,Field B
2022-08-11,18:45,Cow_426,7,10,0,0,36.6,Cloudy,Field A
2022-08-11,18:45,Cow_427,10,8,0,0,36.6,Cloudy,Field A
2022-08-11,18:45,Cow_428,7,4,4,0,36.6,Cloudy,Field A
2022-08-11,18:45,Cow_429,2,9,4,0,36.6,Cloudy,Field C
2022-08-11,18:45,Cow_430,10,4,1,0,36.6,Cloudy,Field C
2022-08-11,18:45,Cow_431,9,0,8,0,36.6,Cloudy,Field A
2022-08-11,18:45,Cow_432,12,7,0,0,36.6,Cloudy,Field B
2022-08-11,18:45,Cow_433,14,8,0,0,36.6,Cloudy,Field C
2022-08-11,18:45,Cow_434,12,4,0,0,36.6,Cloudy,Field A
2022-08-11,18:45,Cow_435,2,6,7,0,36.6,Cloudy,Field C
2022-08-11,18:45,Cow_436,1,8,6,0,36.6,Cloudy,Field A
2022-08-11,18:45,Cow_437,7,2,6,0,36.6,Cloudy,Field C
2022-08-11,18:45,Cow_438,9,6,0,0,36.6,Cloudy,Field B
2022-08-11,18:45,Cow_439,8,10,0,0,36.6,Cloudy,Field A
2022-08-11,18:45,Cow_440,9,0,7,0,36.6,Cloudy,Field B
2022-08-11,18:45,Cow_441,0,0,0,15,36.6,Cloudy,Field C
2022-08-11,18:45,Cow_442,0,0,0,15,36.6,Cloudy,Field A
2022-08-11,18:45,Cow_443,12,0,4,0,36.6,Cloudy,Field B
2022-08-11,18:45,Cow_444,0,0,0,15,36.6,Cloudy,Field B
2022-08-11,18:45,Cow_445,9,0,7,0,36.6,Cloudy,Field C
2022-08-11,18:45,Cow_446,13,7,0,0,36.6,Cloudy,Field A
2022-08-11,18:45,Cow_447,0,9,6,0,36.6,Cloudy,Field B
2022-08-11,18:45,Cow_448,2,6,7,0,36.6,Cloudy,Field B
2022-08-11,18:45,Cow_449,12,0,8,0,36.6,Cloudy,Field B
2022-08-11,18:45,Cow_450,12,0,7,0,36.6,Cloudy,Field A
2022-08-11,18:45,Cow_451,10,1,4,0,36.6,Cloudy,Field A
2022-08-11,18:45,Cow_452,7,3,5,0,36.6,Cloudy,Field C
2022-08-11,18:45,Cow_453,6,8,1,0,36.6,Cloudy,Field A
2022-08-11,18:45,Cow_454,4,5,6,0,36.6,Cloudy,Field C
2022-08-11,18:45,Cow_455,10,6,0,0,36.6,Cloudy,Field C
2022-08-11,18:45,Cow_456,11,6,0,0,36.6,Cloudy,Field B
2022-08-11,18:45,Cow_457,7,5,3,0,36.6,Cloudy,Field A
2022-08-11,18:45,Cow_458,5,3,7,0,36.6,Cloudy,Field A
2022-08-11,18:45,Cow_459,14,0,7,0,36.6,Cloudy,Field B
2022-08-11,18:45,Cow_460,0,9,6,0,36.6,Cloudy,Field C
2022-08-11,18:45,Cow_461,9,0,7,0,36.6,Cloudy,Field A
2022-08-11,18:45,Cow_462,5,7,3,0,36.6,Cloudy,Field B
2022-08-11,18:45,Cow_463,8,4,3,0,36.6,Cloudy,Field B
2022-08-11,18:45,Cow_464,7,5,3,0,36.6,Cloudy,Field C
2022-08-11,18:45,Cow_465,5,6,4,0,36.6,Cloudy,Field A
2022-08-11,18:45,Cow_466,13,0,4,0,36.6,Cloudy,Field C
2022-08-11,18:45,Cow_467,12,9,0,0,36.6,Cloudy,Field A
2022-08-11,18:45,Cow_468,2,9,4,0,36.6,Cloudy,Field A
2022-08-11,18:45,Cow_469,12,0,6,0,36.6,Cloudy,Field C
2022-08-11,18:45,Cow_470,13,6,0,0,36.6,Cloudy,Field A
2022-08-11,18:45,Cow_471,5,5,5,0,36.6,Cloudy,Field C
2022-08-11,18:45,Cow_472,5,8,2,0,36.6,Cloudy,Field B
2022-08-11,18:45,Cow_473,0,0,0,15,36.6,Cloudy,Field B
2022-08-11,18:45,Cow_474,5,6,4,0,36.6,Cloudy,Field C
2022-08-11,18:45,Cow_475,5,2,8,0,36.6,Cloudy,Field B
2022-08-11,18:45,Cow_476,0,8,8,0,36.6,Cloudy,Field B
2022-08-11,18:45,Cow_477,4,5,6,0,36.6,Cloudy,Field C
2022-08-11,18:45,Cow_478,0,7,8,0,36.6,Cloudy,Field C
2022-08-11,18:45,Cow_479,9,0,9,0,36.6,Cloudy,Field B
2022-08-11,18:45,Cow_480,12,0,7,0,36.6,Cloudy,Field C
2022-08-11,18:45,Cow_481,8,4,3,0,36.6,Cloudy,Field C
2022-08-11,18:45,Cow_482,13,3,0,0,36.6,Cloudy,Field A
2022-08-11,18:45,Cow_483,12,4,0,0,36.6,Cloudy,Field B
2022-08-11,18:45,Cow_484,9,9,0,0,36.6,Cloudy,Field C
2022-08-11,18:45,Cow_485,9,3,3,0,36.6,Cloudy,Field A
2022-08-11,18:45,Cow_486,12,0,3,0,36.6,Cloudy,Field C
2022-08-11,18:45,Cow_487,0,7,8,0,36.6,Cloudy,Field C
2022-08-11,18:45,Cow_488,10,5,0,0,36.6,Cloudy,Field A
2022-08-11,18:45,Cow_489,14,10,0,0,36.6,Cloudy,Field B
2022-08-11,18:45,Cow_490,0,10,7,0,36.6,Cloudy,Field B
2022-08-11,18:45,Cow_491,12,8,0,0,36.6,Cloudy,Field C
2022-08-11,18:45,Cow_492,12,0,6,0,36.6,Cloudy,Field C
2022-08-11,18:45,Cow_493,12,5,0,0,36.6,Cloudy,Field B
2022-08-11,18:45,Cow_494,12,0,3,0,36.6,Cloudy,Field C
2022-08-11,18:45,Cow_495,11,4,0,0,36.6,Cloudy,Field A
2022-08-11,18:45,Cow_496,5,5,5,0,36.6,Cloudy,Field B
2022-08-11,18:45,Cow_497,7,0,8,0,36.6,Cloudy,Field C
2022-08-11,18:45,Cow_498,0,7,8,0,36.6,Cloudy,Field B
2022-08-11,18:45,Cow_499,6,6,3,0,36.6,Cloudy,Field A
2022-08-11,18:45,Cow_500,0,0,0,15,36.6,Cloudy,Field B
2022-08-11,19:00,Cow_1,10,8,0,0,34.4,Rainy,Field C
2022-08-11,19:00,Cow_2,0,0,0,15,34.4,Rainy,Field A
2022-08-11,19:00,Cow_3,11,4,0,0,34.4,Rainy,Field C
2022-08-11,19:00,Cow_4,10,10,0,0,34.4,Rainy,Field B
2022-08-11,19:00,Cow_5,7,3,5,0,34.4,Rainy,Field C
2022-08-11,19:00,Cow_6,11,8,0,0,34.4,Rainy,Field C
2022-08-11,19:00,Cow_7,5,6,4,0,34.4,Rainy,Field C
2022-08-11,19:00,Cow_8,11,1,3,0,34.4,Rainy,Field C
2022-08-11,19:00,Cow_9,14,0,8,0,34.4,Rainy,Field B
2022-08-11,19:00,Cow_10,0,10,6,0,34.4,Rainy,Field C
2022-08-11,19:00,Cow_11,10,9,0,0,34.4,Rainy,Field A
2022-08-11,19:00,Cow_12,9,2,4,0,34.4,Rainy,Field C
2022-08-11,19:00,Cow_13,5,10,0,0,34.4,Rainy,Field A
2022-08-11,19:00,Cow_14,4,5,6,0,34.4,Rainy,Field B
2022-08-11,19:00,Cow_15,0,10,8,0,34.4,Rainy,Field C
2022-08-11,19:00,Cow_16,6,3,6,0,34.4,Rainy,Field C
2022-08-11,19:00,Cow_17,12,4,0,0,34.4,Rainy,Field C
2022-08-11,19:00,Cow_18,14,6,0,0,34.4,Rainy,Field B
2022-08-11,19:00,Cow_19,13,0,6,0,34.4,Rainy,Field B
2022-08-11,19:00,Cow_20,0,0,0,15,34.4,Rainy,Field C
2022-08-11,19:00,Cow_21,3,6,6,0,34.4,Rainy,Field B
2022-08-11,19:00,Cow_22,8,9,0,0,34.4,Rainy,Field B
2022-08-11,19:00,Cow_23,11,0,7,0,34.4,Rainy,Field C
2022-08-11,19:00,Cow_24,7,0,8,0,34.4,Rainy,Field A
2022-08-11,19:00,Cow_25,9,4,2,0,34.4,Rainy,Field B
2022-08-11,19:00,Cow_26,6,5,4,0,34.4,Rainy,Field B
2022-08-11,19:00,Cow_27,8,6,1,0,34.4,Rainy,Field B
2022-08-11,19:00,Cow_28,0,8,8,0,34.4,Rainy,Field A
2022-08-11,19:00,Cow_29,5,9,1,0,34.4,Rainy,Field B
2022-08-11,19:00,Cow_30,10,4,1,0,34.4,Rainy,Field B
2022-08-11,19:00,Cow_31,9,0,9,0,34.4,Rainy,Field A
2022-08-11,19:00,Cow_32,11,0,6,0,34.4,Rainy,Field C
2022-08-11,19:00,Cow_33,9,3,3,0,34.4,Rainy,Field C
2022-08-11,19:00,Cow_34,5,7,3,0,34.4,Rainy,Field B
2022-08-11,19:00,Cow_35,11,0,7,0,34.4,Rainy,Field B
2022-08-11,19:00,Cow_36,6,8,1,0,34.4,Rainy,Field B
2022-08-11,19:00,Cow_37,6,5,4,0,34.4,Rainy,Field B
2022-08-11,19:00,Cow_38,11,0,4,0,34.4,Rainy,Field A
2022-08-11,19:00,Cow_39,3,8,4,0,34.4,Rainy,Field B
2022-08-11,19:00,Cow_40,9,3,3,0,34.4,Rainy,Field A
2022-08-11,19:00,Cow_41,3,5,7,0,34.4,Rainy,Field B
2022-08-11,19:00,Cow_42,9,0,7,0,34.4,Rainy,Field B
2022-08-11,19:00,Cow_43,5,5,5,0,34.4,Rainy,Field C
2022-08-11,19:00,Cow_44,5,3,7,0,34.4,Rainy,Field B
2022-08-11,19:00,Cow_45,5,6,4,0,34.4,Rainy,Field C
2022-08-11,19:00,Cow_46,6,6,3,0,34.4,Rainy,Field C
2022-08-11,19:00,Cow_47,14,0,3,0,34.4,Rainy,Field A
2022-08-11,19:00,Cow_48,5,3,7,0,34.4,Rainy,Field C
2022-08-11,19:00,Cow_49,3,6,6,0,34.4,Rainy,Field A
2022-08-11,19:00,Cow_50,6,5,4,0,34.4,Rainy,Field B
2022-08-11,19:00,Cow_51,0,0,0,15,34.4,Rainy,Field A
2022-08-11,19:00,Cow_52,9,3,3,0,34.4,Rainy,Field C
2022-08-11,19:00,Cow_53,1,10,4,0,34.4,Rainy,Field C
2022-08-11,19:00,Cow_54,14,12,0,0,34.4,Rainy,Field A
2022-08-11,19:00,Cow_55,0,0,0,15,34.4,Rainy,Field A
2022-08-11,19:00,Cow_56,13,0,7,0,34.4,Rainy,Field C
2022-08-11,19:00,Cow_57,7,3,5,0,34.4,Rainy,Field C
2022-08-11,19:00,Cow_58,11,0,8,0,34.4,Rainy,Field B
2022-08-11,19:00,Cow_59,10,2,3,0,34.4,Rainy,Field B
2022-08-11,19:00,Cow_60,12,9,0,0,34.4,Rainy,Field A
2022-08-11,19:00,Cow_61,6,8,1,0,34.4,Rainy,Field A
2022-08-11,19:00,Cow_62,10,0,6,0,34.4,Rainy,Field C
2022-08-11,19:00,Cow_63,4,5,6,0,34.4,Rainy,Field B
2022-08-11,19:00,Cow_64,7,4,4,0,34.4,Rainy,Field C
2022-08-11,19:00,Cow_65,0,0,0,15,34.4,Rainy,Field B
2022-08-11,19:00,Cow_66,3,8,4,0,34.4,Rainy,Field B
2022-08-11,19:00,Cow_67,14,0,8,0,34.4,Rainy,Field A
2022-08-11,19:00,Cow_68,8,0,8,0,34.4,Rainy,Field B
2022-08-11,19:00,Cow_69,8,3,4,0,34.4,Rainy,Field C
2022-08-11,19:00,Cow_70,11,4,0,0,34.4,Rainy,Field C
2022-08-11,19:00,Cow_71,5,6,4,0,34.4,Rainy,Field C
2022-08-11,19:00,Cow_72,10,0,7,0,34.4,Rainy,Field A
2022-08-11,19:00,Cow_73,10,6,0,0,34.4,Rainy,Field A
2022-08-11,19:00,Cow_74,5,4,6,0,34.4,Rainy,Field B
2022-08-11,19:00,Cow_75,11,0,5,0,34.4,Rainy,Field B
2022-08-11,19:00,Cow_76,7,5,3,0,34.4,Rainy,Field C
2022-08-11,19:00,Cow_77,6,5,4,0,34.4,Rainy,Field A
2022-08-11,19:00,Cow_78,14,7,0,0,34.4,Rainy,Field B
2022-08-11,19:00,Cow_79,0,0,0,15,34.4,Rainy,Field C
2022-08-11,19:00,Cow_80,9,3,3,0,34.4,Rainy,Field C
2022-08-11,19:00,Cow_81,14,7,0,0,34.4,Rainy,Field A
2022-08-11,19:00,Cow_82,5,3,7,0,34.4,Rainy,Field B
2022-08-11,19:00,Cow_83,13,0,4,0,34.4,Rainy,Field B
2022-08-11,19:00,Cow_84,10,2,3,0,34.4,Rainy,Field C
2022-08-11,19:00,Cow_85,5,7,3,0,34.4,Rainy,Field C
2022-08-11,19:00,Cow_86,6,3,6,0,34.4,Rainy,Field C
2022-08-11,19:00,Cow_87,10,0,6,0,34.4,Rainy,Field A
2022-08-11,19:00,Cow_88,10,0,7,0,34.4,Rainy,Field A
2022-08-11,19:00,Cow_89,11,0,4,0,34.4,Rainy,Field B
2022-08-11,19:00,Cow_90,0,0,0,15,34.4,Rainy,Field C
2022-08-11,19:00,Cow_91,0,10,6,0,34.4,Rainy,Field C
2022-08-11,19:00,Cow_92,13,7,0,0,34.4,Rainy,Field C
2022-08-11,19:00,Cow_93,12,9,0,0,34.4,Rainy,Field C
2022-08-11,19:00,Cow_94,4,7,4,0,34.4,Rainy,Field B
2022-08-11,19:00,Cow_95,2,7,6,0,34.4,Rainy,Field B
2022-08-11,19:00,Cow_96,12,8,0,0,34.4,Rainy,Field C
2022-08-11,19:00,Cow_97,12,3,0,0,34.4,Rainy,Field C
2022-08-11,19:00,Cow_98,15,0,9,0,34.4,Rainy,Field B
2022-08-11,19:00,Cow_99,5,10,0,0,34.4,Rainy,Field A
2022-08-11,19:00,Cow_100,0,0,0,15,34.4,Rainy,Field C
2022-08-11,19:00,Cow_101,10,2,3,0,34.4,Rainy,Field A
2022-08-11,19:00,Cow_102,3,4,8,0,34.4,Rainy,Field A
2022-08-11,19:00,Cow_103,9,3,3,0,34.4,Rainy,Field A
2022-08-11,19:00,Cow_104,0,0,0,15,34.4,Rainy,Field A
2022-08-11,19:00,Cow_105,0,0,0,15,34.4,Rainy,Field C
2022-08-11,19:00,Cow_106,14,6,0,0,34.4,Rainy,Field B
2022-08-11,19:00,Cow_107,8,4,3,0,34.4,Rainy,Field C
2022-08-11,19:00,Cow_108,7,3,5,0,34.4,Rainy,Field B
2022-08-11,19:00,Cow_109,5,5,5,0,34.4,Rainy,Field B
2022-08-11,19:00,Cow_110,11,10,0,0,34.4,Rainy,Field B
2022-08-11,19:00,Cow_111,4,3,8,0,34.4,Rainy,Field A
2022-08-11,19:00,Cow_112,8,0,7,0,34.4,Rainy,Field A
2022-08-11,19:00,Cow_113,0,9,8,0,34.4,Rainy,Field C
2022-08-11,19:00,Cow_114,12,0,8,0,34.4,Rainy,Field C
2022-08-11,19:00,Cow_115,9,10,0,0,34.4,Rainy,Field B
2022-08-11,19:00,Cow_116,14,10,0,0,34.4,Rainy,Field A
2022-08-11,19:00,Cow_117,3,7,5,0,34.4,Rainy,Field A
2022-08-11,19:00,Cow_118,5,3,7,0,34.4,Rainy,Field A
2022-08-11,19:00,Cow_119,10,8,0,0,34.4,Rainy,Field B
2022-08-11,19:00,Cow_120,5,10,0,0,34.4,Rainy,Field B
2022-08-11,19:00,Cow_121,4,7,4,0,34.4,Rainy,Field B
2022-08-11,19:00,Cow_122,0,0,0,15,34.4,Rainy,Field A
2022-08-11,19:00,Cow_123,11,0,7,0,34.4,Rainy,Field B
2022-08-11,19:00,Cow_124,11,6,0,0,34.4,Rainy,Field A
2022-08-11,19:00,Cow_125,14,0,8,0,34.4,Rainy,Field B
2022-08-11,19:00,Cow_126,14,0,7,0,34.4,Rainy,Field B
2022-08-11,19:00,Cow_127,7,8,0,0,34.4,Rainy,Field C
2022-08-11,19:00,Cow_128,10,0,5,0,34.4,Rainy,Field A
2022-08-11,19:00,Cow_129,8,3,4,0,34.4,Rainy,Field C
2022-08-11,19:00,Cow_130,3,5,7,0,34.4,Rainy,Field C
2022-08-11,19:00,Cow_131,4,3,8,0,34.4,Rainy,Field B
2022-08-11,19:00,Cow_132,7,9,0,0,34.4,Rainy,Field A
2022-08-11,19:00,Cow_133,2,5,8,0,34.4,Rainy,Field A
2022-08-11,19:00,Cow_134,5,3,7,0,34.4,Rainy,Field A
2022-08-11,19:00,Cow_135,5,7,3,0,34.4,Rainy,Field B
2022-08-11,19:00,Cow_136,5,5,5,0,34.4,Rainy,Field C
2022-08-11,19:00,Cow_137,7,4,4,0,34.4,Rainy,Field A
2022-08-11,19:00,Cow_138,8,3,4,0,34.4,Rainy,Field C
2022-08-11,19:00,Cow_139,11,0,6,0,34.4,Rainy,Field C
2022-08-11,19:00,Cow_140,14,4,0,0,34.4,Rainy,Field C
2022-08-11,19:00,Cow_141,2,6,7,0,34.4,Rainy,Field A
2022-08-11,19:00,Cow_142,6,5,4,0,34.4,Rainy,Field A
2022-08-11,19:00,Cow_143,0,0,0,15,34.4,Rainy,Field B
2022-08-11,19:00,Cow_144,8,10,0,0,34.4,Rainy,Field B
2022-08-11,19:00,Cow_145,10,0,8,0,34.4,Rainy,Field C
2022-08-11,19:00,Cow_146,14,0,3,0,34.4,Rainy,Field C
2022-08-11,19:00,Cow_147,5,7,3,0,34.4,Rainy,Field C
2022-08-11,19:00,Cow_148,11,0,6,0,34.4,Rainy,Field A
2022-08-11,19:00,Cow_149,9,0,7,0,34.4,Rainy,Field C
2022-08-11,19:00,Cow_150,3,5,7,0,34.4,Rainy,Field C
2022-08-11,19:00,Cow_151,14,10,0,0,34.4,Rainy,Field A
2022-08-11,19:00,Cow_152,9,0,7,0,34.4,Rainy,Field C
2022-08-11,19:00,Cow_153,7,1,7,0,34.4,Rainy,Field A
2022-08-11,19:00,Cow_154,6,6,3,0,34.4,Rainy,Field C
2022-08-11,19:00,Cow_155,5,7,3,0,34.4,Rainy,Field A
2022-08-11,19:00,Cow_156,8,3,4,0,34.4,Rainy,Field A
2022-08-11,19:00,Cow_157,1,10,4,0,34.4,Rainy,Field C
2022-08-11,19:00,Cow_158,8,1,6,0,34.4,Rainy,Field A
2022-08-11,19:00,Cow_159,0,0,0,15,34.4,Rainy,Field C
2022-08-11,19:00,Cow_160,0,9,8,0,34.4,Rainy,Field C
2022-08-11,19:00,Cow_161,8,0,7,0,34.4,Rainy,Field A
2022-08-11,19:00,Cow_162,9,3,3,0,34.4,Rainy,Field B
2022-08-11,19:00,Cow_163,6,6,3,0,34.4,Rainy,Field A
2022-08-11,19:00,Cow_164,13,10,0,0,34.4,Rainy,Field C
2022-08-11,19:00,Cow_165,0,0,0,15,34.4,Rainy,Field C
2022-08-11,19:00,Cow_166,2,9,4,0,34.4,Rainy,Field A
2022-08-11,19:00,Cow_167,10,5,0,0,34.4,Rainy,Field A
2022-08-11,19:00,Cow_168,14,7,0,0,34.4,Rainy,Field B
2022-08-11,19:00,Cow_169,11,5,0,0,34.4,Rainy,Field A
2022-08-11,19:00,Cow_170,13,0,5,0,34.4,Rainy,Field C
2022-08-11,19:00,Cow_171,5,6,4,0,34.4,Rainy,Field C
2022-08-11,19:00,Cow_172,12,10,0,0,34.4,Rainy,Field B
2022-08-11,19:00,Cow_173,6,6,3,0,34.4,Rainy,Field B
2022-08-11,19:00,Cow_174,15,7,0,0,34.4,Rainy,Field B
2022-08-11,19:00,Cow_175,13,0,5,0,34.4,Rainy,Field C
2022-08-11,19:00,Cow_176,9,3,3,0,34.4,Rainy,Field C
2022-08-11,19:00,Cow_177,11,6,0,0,34.4,Rainy,Field B
2022-08-11,19:00,Cow_178,5,6,4,0,34.4,Rainy,Field B
2022-08-11,19:00,Cow_179,8,1,6,0,34.4,Rainy,Field A
2022-08-11,19:00,Cow_180,2,10,3,0,34.4,Rainy,Field B
2022-08-11,19:00,Cow_181,12,0,8,0,34.4,Rainy,Field C
2022-08-11,19:00,Cow_182,14,5,0,0,34.4,Rainy,Field A
2022-08-11,19:00,Cow_183,10,0,5,0,34.4,Rainy,Field A
2022-08-11,19:00,Cow_184,10,4,1,0,34.4,Rainy,Field C
2022-08-11,19:00,Cow_185,6,3,6,0,34.4,Rainy,Field B
2022-08-11,19:00,Cow_186,6,4,5,0,34.4,Rainy,Field C
2022-08-11,19:00,Cow_187,1,8,6,0,34.4,Rainy,Field B
2022-08-11,19:00,Cow_188,8,0,8,0,34.4,Rainy,Field C
2022-08-11,19:00,Cow_189,6,6,3,0,34.4,Rainy,Field C
2022-08-11,19:00,Cow_190,8,0,7,0,34.4,Rainy,Field C
2022-08-11,19:00,Cow_191,9,8,0,0,34.4,Rainy,Field C
2022-08-11,19:00,Cow_192,1,8,6,0,34.4,Rainy,Field A
2022-08-11,19:00,Cow_193,7,10,0,0,34.4,Rainy,Field C
2022-08-11,19:00,Cow_194,2,5,8,0,34.4,Rainy,Field A
2022-08-11,19:00,Cow_195,10,1,4,0,34.4,Rainy,Field B
2022-08-11,19:00,Cow_196,3,8,4,0,34.4,Rainy,Field C
2022-08-11,19:00,Cow_197,14,6,0,0,34.4,Rainy,Field A
2022-08-11,19:00,Cow_198,12,0,4,0,34.4,Rainy,Field C
2022-08-11,19:00,Cow_199,2,8,5,0,34.4,Rainy,Field A
2022-08-11,19:00,Cow_200,4,4,7,0,34.4,Rainy,Field C
2022-08-11,19:00,Cow_201,9,0,7,0,34.4,Rainy,Field B
2022-08-11,19:00,Cow_202,6,3,6,0,34.4,Rainy,Field C
2022-08-11,19:00,Cow_203,8,4,3,0,34.4,Rainy,Field C
2022-08-11,19:00,Cow_204,5,5,5,0,34.4,Rainy,Field B
2022-08-11,19:00,Cow_205,7,4,4,0,34.4,Rainy,Field C
2022-08-11,19:00,Cow_206,5,3,7,0,34.4,Rainy,Field B
2022-08-11,19:00,Cow_207,9,3,3,0,34.4,Rainy,Field C
2022-08-11,19:00,Cow_208,11,8,0,0,34.4,Rainy,Field C
2022-08-11,19:00,Cow_209,9,9,0,0,34.4,Rainy,Field B
2022-08-11,19:00,Cow_210,9,6,0,0,34.4,Rainy,Field A
2022-08-11,19:00,Cow_211,12,0,4,0,34.4,Rainy,Field A
2022-08-11,19:00,Cow_212,10,9,0,0,34.4,Rainy,Field A
2022-08-11,19:00,Cow_213,7,4,4,0,34.4,Rainy,Field A
2022-08-11,19:00,Cow_214,8,2,5,0,34.4,Rainy,Field B
2022-08-11,19:00,Cow_215,12,10,0,0,34.4,Rainy,Field C
2022-08-11,19:00,Cow_216,11,0,8,0,34.4,Rainy,Field A
2022-08-11,19:00,Cow_217,4,5,6,0,34.4,Rainy,Field C
2022-08-11,19:00,Cow_218,1,7,7,0,34.4,Rainy,Field A
2022-08-11,19:00,Cow_219,3,4,8,0,34.4,Rainy,Field C
2022-08-11,19:00,Cow_220,0,0,0,15,34.4,Rainy,Field A
2022-08-11,19:00,Cow_221,4,7,4,0,34.4,Rainy,Field B
2022-08-11,19:00,Cow_222,13,10,0,0,34.4,Rainy,Field B
2022-08-11,19:00,Cow_223,2,7,6,0,34.4,Rainy,Field A
2022-08-11,19:00,Cow_224,14,4,0,0,34.4,Rainy,Field B
2022-08-11,19:00,Cow_225,5,2,8,0,34.4,Rainy,Field A
2022-08-11,19:00,Cow_226,5,7,3,0,34.4,Rainy,Field B
2022-08-11,19:00,Cow_227,9,1,5,0,34.4,Rainy,Field A
2022-08-11,19:00,Cow_228,7,4,4,0,34.4,Rainy,Field A
2022-08-11,19:00,Cow_229,12,7,0,0,34.4,Rainy,Field A
2022-08-11,19:00,Cow_230,9,0,6,0,34.4,Rainy,Field B
2022-08-11,19:00,Cow_231,11,1,3,0,34.4,Rainy,Field A
2022-08-11,19:00,Cow_232,0,8,7,0,34.4,Rainy,Field C
2022-08-11,19:00,Cow_233,5,7,3,0,34.4,Rainy,Field B
2022-08-11,19:00,Cow_234,0,10,7,0,34.4,Rainy,Field C
2022-08-11,19:00,Cow_235,8,2,5,0,34.4,Rainy,Field C
2022-08-11,19:00,Cow_236,0,10,6,0,34.4,Rainy,Field C
2022-08-11,19:00,Cow_237,5,9,1,0,34.4,Rainy,Field B
2022-08-11,19:00,Cow_238,2,8,5,0,34.4,Rainy,Field B
2022-08-11,19:00,Cow_239,8,4,3,0,34.4,Rainy,Field C
2022-08-11,19:00,Cow_240,7,5,3,0,34.4,Rainy,Field B
2022-08-11,19:00,Cow_241,9,1,5,0,34.4,Rainy,Field C
2022-08-11,19:00,Cow_242,9,1,5,0,34.4,Rainy,Field A
2022-08-11,19:00,Cow_243,8,4,3,0,34.4,Rainy,Field C
2022-08-11,19:00,Cow_244,7,2,6,0,34.4,Rainy,Field A
2022-08-11,19:00,Cow_245,6,3,6,0,34.4,Rainy,Field B
2022-08-11,19:00,Cow_246,0,0,0,15,34.4,Rainy,Field A
2022-08-11,19:00,Cow_247,0,12,3,0,34.4,Rainy,Field B
2022-08-11,19:00,Cow_248,2,8,5,0,34.4,Rainy,Field B
2022-08-11,19:00,Cow_249,0,0,0,15,34.4,Rainy,Field B
2022-08-11,19:00,Cow_250,3,4,8,0,34.4,Rainy,Field B
2022-08-11,19:00,Cow_251,14,7,0,0,34.4,Rainy,Field B
2022-08-11,19:00,Cow_252,5,5,5,0,34.4,Rainy,Field B
2022-08-11,19:00,Cow_253,3,9,3,0,34.4,Rainy,Field B
2022-08-11,19:00,Cow_254,14,0,6,0,34.4,Rainy,Field B
2022-08-11,19:00,Cow_255,8,2,5,0,34.4,Rainy,Field A
2022-08-11,19:00,Cow_256,11,7,0,0,34.4,Rainy,Field C
2022-08-11,19:00,Cow_257,2,6,7,0,34.4,Rainy,Field B
2022-08-11,19:00,Cow_258,2,5,8,0,34.4,Rainy,Field C
2022-08-11,19:00,Cow_259,2,7,6,0,34.4,Rainy,Field A
2022-08-11,19:00,Cow_260,4,4,7,0,34.4,Rainy,Field C
2022-08-11,19:00,Cow_261,9,7,0,0,34.4,Rainy,Field A
2022-08-11,19:00,Cow_262,12,0,4,0,34.4,Rainy,Field A
2022-08-11,19:00,Cow_263,14,0,6,0,34.4,Rainy,Field B
2022-08-11,19:00,Cow_264,7,8,0,0,34.4,Rainy,Field C
2022-08-11,19:00,Cow_265,12,0,8,0,34.4,Rainy,Field C
2022-08-11,19:00,Cow_266,5,2,8,0,34.4,Rainy,Field A
2022-08-11,19:00,Cow_267,9,8,0,0,34.4,Rainy,Field C
2022-08-11,19:00,Cow_268,6,5,4,0,34.4,Rainy,Field A
2022-08-11,19:00,Cow_269,14,0,6,0,34.4,Rainy,Field B
2022-08-11,19:00,Cow_270,12,0,4,0,34.4,Rainy,Field C
2022-08-11,19:00,Cow_271,10,4,1,0,34.4,Rainy,Field A
2022-08-11,19:00,Cow_272,3,5,7,0,34.4,Rainy,Field A
2022-08-11,19:00,Cow_273,6,5,4,0,34.4,Rainy,Field A
2022-08-11,19:00,Cow_274,4,5,6,0,34.4,Rainy,Field A
2022-08-11,19:00,Cow_275,12,0,4,0,34.4,Rainy,Field C
2022-08-11,19:00,Cow_276,13,4,0,0,34.4,Rainy,Field C
2022-08-11,19:00,Cow_277,11,0,4,0,34.4,Rainy,Field B
2022-08-11,19:00,Cow_278,5,6,4,0,34.4,Rainy,Field C
2022-08-11,19:00,Cow_279,10,0,5,0,34.4,Rainy,Field A
2022-08-11,19:00,Cow_280,2,8,5,0,34.4,Rainy,Field A
2022-08-11,19:00,Cow_281,0,0,0,15,34.4,Rainy,Field C
2022-08-11,19:00,Cow_282,6,2,7,0,34.4,Rainy,Field A
2022-08-11,19:00,Cow_283,9,10,0,0,34.4,Rainy,Field C
2022-08-11,19:00,Cow_284,0,9,6,0,34.4,Rainy,Field B
2022-08-11,19:00,Cow_285,12,0,3,0,34.4,Rainy,Field A
2022-08-11,19:00,Cow_286,3,5,7,0,34.4,Rainy,Field A
2022-08-11,19:00,Cow_287,14,0,7,0,34.4,Rainy,Field B
2022-08-11,19:00,Cow_288,8,4,3,0,34.4,Rainy,Field C
2022-08-11,19:00,Cow_289,6,5,4,0,34.4,Rainy,Field B
2022-08-11,19:00,Cow_290,5,6,4,0,34.4,Rainy,Field A
2022-08-11,19:00,Cow_291,5,4,6,0,34.4,Rainy,Field B
2022-08-11,19:00,Cow_292,2,9,4,0,34.4,Rainy,Field B
2022-08-11,19:00,Cow_293,0,0,0,15,34.4,Rainy,Field C
2022-08-11,19:00,Cow_294,6,8,1,0,34.4,Rainy,Field A
2022-08-11,19:00,Cow_295,0,0,0,15,34.4,Rainy,Field C
2022-08-11,19:00,Cow_296,7,3,5,0,34.4,Rainy,Field B
2022-08-11,19:00,Cow_297,1,10,4,0,34.4,Rainy,Field B
2022-08-11,19:00,Cow_298,14,10,0,0,34.4,Rainy,Field A
2022-08-11,19:00,Cow_299,6,6,3,0,34.4,Rainy,Field C
2022-08-11,19:00,Cow_300,2,5,8,0,34.4,Rainy,Field B
2022-08-11,19:00,Cow_301,12,7,0,0,34.4,Rainy,Field A
2022-08-11,19:00,Cow_302,0,0,0,15,34.4,Rainy,Field C
2022-08-11,19:00,Cow_303,8,6,1,0,34.4,Rainy,Field C
2022-08-11,19:00,Cow_304,9,0,8,0,34.4,Rainy,Field A
2022-08-11,19:00,Cow_305,12,0,7,0,34.4,Rainy,Field A
2022-08-11,19:00,Cow_306,5,3,7,0,34.4,Rainy,Field C
2022-08-11,19:00,Cow_307,7,1,7,0,34.4,Rainy,Field B
2022-08-11,19:00,Cow_308,10,0,6,0,34.4,Rainy,Field C
2022-08-11,19:00,Cow_309,9,1,5,0,34.4,Rainy,Field B
2022-08-11,19:00,Cow_310,0,0,0,15,34.4,Rainy,Field C
2022-08-11,19:00,Cow_311,7,10,0,0,34.4,Rainy,Field B
2022-08-11,19:00,Cow_312,7,3,5,0,34.4,Rainy,Field A
2022-08-11,19:00,Cow_313,0,10,7,0,34.4,Rainy,Field B
2022-08-11,19:00,Cow_314,10,1,4,0,34.4,Rainy,Field A
2022-08-11,19:00,Cow_315,6,5,4,0,34.4,Rainy,Field B
2022-08-11,19:00,Cow_316,5,3,7,0,34.4,Rainy,Field B
2022-08-11,19:00,Cow_317,0,10,7,0,34.4,Rainy,Field A
2022-08-11,19:00,Cow_318,12,8,0,0,34.4,Rainy,Field A
2022-08-11,19:00,Cow_319,7,3,5,0,34.4,Rainy,Field B
2022-08-11,19:00,Cow_320,6,6,3,0,34.4,Rainy,Field A
2022-08-11,19:00,Cow_321,0,8,8,0,34.4,Rainy,Field B
2022-08-11,19:00,Cow_322,10,0,6,0,34.4,Rainy,Field C
2022-08-11,19:00,Cow_323,7,7,1,0,34.4,Rainy,Field A
2022-08-11,19:00,Cow_324,9,3,3,0,34.4,Rainy,Field A
2022-08-11,19:00,Cow_325,9,0,8,0,34.4,Rainy,Field C
2022-08-11,19:00,Cow_326,13,0,4,0,34.4,Rainy,Field A
2022-08-11,19:00,Cow_327,0,0,0,15,34.4,Rainy,Field B
2022-08-11,19:00,Cow_328,1,10,4,0,34.4,Rainy,Field A
2022-08-11,19:00,Cow_329,7,9,0,0,34.4,Rainy,Field C
2022-08-11,19:00,Cow_330,7,7,1,0,34.4,Rainy,Field C
2022-08-11,19:00,Cow_331,7,5,3,0,34.4,Rainy,Field A
2022-08-11,19:00,Cow_332,14,0,5,0,34.4,Rainy,Field A
2022-08-11,19:00,Cow_333,0,0,0,15,34.4,Rainy,Field A
2022-08-11,19:00,Cow_334,12,0,3,0,34.4,Rainy,Field B
2022-08-11,19:00,Cow_335,0,0,0,15,34.4,Rainy,Field C
2022-08-11,19:00,Cow_336,12,8,0,0,34.4,Rainy,Field C
2022-08-11,19:00,Cow_337,5,5,5,0,34.4,Rainy,Field C
2022-08-11,19:00,Cow_338,11,9,0,0,34.4,Rainy,Field B
2022-08-11,19:00,Cow_339,7,3,5,0,34.4,Rainy,Field C
2022-08-11,19:00,Cow_340,14,7,0,0,34.4,Rainy,Field B
2022-08-11,19:00,Cow_341,8,4,3,0,34.4,Rainy,Field C
2022-08-11,19:00,Cow_342,10,8,0,0,34.4,Rainy,Field B
2022-08-11,19:00,Cow_343,6,5,4,0,34.4,Rainy,Field B
2022-08-11,19:00,Cow_344,8,8,0,0,34.4,Rainy,Field A
2022-08-11,19:00,Cow_345,0,9,6,0,34.4,Rainy,Field B
2022-08-11,19:00,Cow_346,14,7,0,0,34.4,Rainy,Field B
2022-08-11,19:00,Cow_347,9,9,0,0,34.4,Rainy,Field A
2022-08-11,19:00,Cow_348,11,0,4,0,34.4,Rainy,Field C
2022-08-11,19:00,Cow_349,14,5,0,0,34.4,Rainy,Field A
2022-08-11,19:00,Cow_350,7,8,0,0,34.4,Rainy,Field A
2022-08-11,19:00,Cow_351,5,3,7,0,34.4,Rainy,Field A
2022-08-11,19:00,Cow_352,12,0,3,0,34.4,Rainy,Field B
2022-08-11,19:00,Cow_353,7,4,4,0,34.4,Rainy,Field A
2022-08-11,19:00,Cow_354,6,3,6,0,34.4,Rainy,Field A
2022-08-11,19:00,Cow_355,10,9,0,0,34.4,Rainy,Field B
2022-08-11,19:00,Cow_356,7,1,7,0,34.4,Rainy,Field A
2022-08-11,19:00,Cow_357,6,5,4,0,34.4,Rainy,Field A
2022-08-11,19:00,Cow_358,9,5,1,0,34.4,Rainy,Field C
2022-08-11,19:00,Cow_359,6,0,9,0,34.4,Rainy,Field A
2022-08-11,19:00,Cow_360,11,9,0,0,34.4,Rainy,Field C
2022-08-11,19:00,Cow_361,6,3,6,0,34.4,Rainy,Field B
2022-08-11,19:00,Cow_362,14,6,0,0,34.4,Rainy,Field C
2022-08-11,19:00,Cow_363,0,11,9,0,34.4,Rainy,Field A
2022-08-11,19:00,Cow_364,5,3,7,0,34.4,Rainy,Field B
2022-08-11,19:00,Cow_365,14,0,8,0,34.4,Rainy,Field B
2022-08-11,19:00,Cow_366,0,0,0,15,34.4,Rainy,Field B
2022-08-11,19:00,Cow_367,14,0,8,0,34.4,Rainy,Field C
2022-08-11,19:00,Cow_368,11,6,0,0,34.4,Rainy,Field B
2022-08-11,19:00,Cow_369,0,0,0,15,34.4,Rainy,Field C
2022-08-11,19:00,Cow_370,14,7,0,0,34.4,Rainy,Field A
2022-08-11,19:00,Cow_371,13,0,7,0,34.4,Rainy,Field C
2022-08-11,19:00,Cow_372,8,4,3,0,34.4,Rainy,Field B
2022-08-11,19:00,Cow_373,12,10,0,0,34.4,Rainy,Field B
2022-08-11,19:00,Cow_374,5,3,7,0,34.4,Rainy,Field B
2022-08-11,19:00,Cow_375,5,3,7,0,34.4,Rainy,Field C
2022-08-11,19:00,Cow_376,6,5,4,0,34.4,Rainy,Field A
2022-08-11,19:00,Cow_377,8,4,3,0,34.4,Rainy,Field C
2022-08-11,19:00,Cow_378,0,0,0,15,34.4,Rainy,Field A
2022-08-11,19:00,Cow_379,12,0,6,0,34.4,Rainy,Field B
2022-08-11,19:00,Cow_380,5,10,0,0,34.4,Rainy,Field C
2022-08-11,19:00,Cow_381,10,0,9,0,34.4,Rainy,Field A
2022-08-11,19:00,Cow_382,5,5,5,0,34.4,Rainy,Field B
2022-08-11,19:00,Cow_383,5,9,1,0,34.4,Rainy,Field A
2022-08-11,19:00,Cow_384,7,5,3,0,34.4,Rainy,Field C
2022-08-11,19:00,Cow_385,8,2,5,0,34.4,Rainy,Field C
2022-08-11,19:00,Cow_386,7,3,5,0,34.4,Rainy,Field A
2022-08-11,19:00,Cow_387,9,3,3,0,34.4,Rainy,Field C
2022-08-11,19:00,Cow_388,5,5,5,0,34.4,Rainy,Field B
2022-08-11,19:00,Cow_389,5,7,3,0,34.4,Rainy,Field A
2022-08-11,19:00,Cow_390,0,8,7,0,34.4,Rainy,Field A
2022-08-11,19:00,Cow_391,10,8,0,0,34.4,Rainy,Field C
2022-08-11,19:00,Cow_392,2,7,6,0,34.4,Rainy,Field B
2022-08-11,19:00,Cow_393,14,4,0,0,34.4,Rainy,Field B
2022-08-11,19:00,Cow_394,13,0,4,0,34.4,Rainy,Field B
2022-08-11,19:00,Cow_395,12,0,9,0,34.4,Rainy,Field C
2022-08-11,19:00,Cow_396,8,8,0,0,34.4,Rainy,Field C
2022-08-11,19:00,Cow_397,5,2,8,0,34.4,Rainy,Field B
2022-08-11,19:00,Cow_398,14,6,0,0,34.4,Rainy,Field B
2022-08-11,19:00,Cow_399,14,0,6,0,34.4,Rainy,Field B
2022-08-11,19:00,Cow_400,3,9,3,0,34.4,Rainy,Field B
2022-08-11,19:00,Cow_401,6,5,4,0,34.4,Rainy,Field B
2022-08-11,19:00,Cow_402,6,5,4,0,34.4,Rainy,Field A
2022-08-11,19:00,Cow_403,8,4,3,0,34.4,Rainy,Field C
2022-08-11,19:00,Cow_404,0,0,0,15,34.4,Rainy,Field C
2022-08-11,19:00,Cow_405,7,8,0,0,34.4,Rainy,Field B
2022-08-11,19:00,Cow_406,7,1,7,0,34.4,Rainy,Field B
2022-08-11,19:00,Cow_407,8,9,0,0,34.4,Rainy,Field B
2022-08-11,19:00,Cow_408,5,6,4,0,34.4,Rainy,Field C
2022-08-11,19:00,Cow_409,10,7,0,0,34.4,Rainy,Field C
2022-08-11,19:00,Cow_410,5,3,7,0,34.4,Rainy,Field A
2022-08-11,19:00,Cow_411,10,4,1,0,34.4,Rainy,Field B
2022-08-11,19:00,Cow_412,3,3,9,0,34.4,Rainy,Field B
2022-08-11,19:00,Cow_413,0,0,0,15,34.4,Rainy,Field C
2022-08-11,19:00,Cow_414,6,2,7,0,34.4,Rainy,Field C
2022-08-11,19:00,Cow_415,14,8,0,0,34.4,Rainy,Field A
2022-08-11,19:00,Cow_416,0,10,8,0,34.4,Rainy,Field B
2022-08-11,19:00,Cow_417,0,10,8,0,34.4,Rainy,Field B
2022-08-11,19:00,Cow_418,7,5,3,0,34.4,Rainy,Field A
2022-08-11,19:00,Cow_419,10,0,8,0,34.4,Rainy,Field A
2022-08-11,19:00,Cow_420,4,8,3,0,34.4,Rainy,Field B
2022-08-11,19:00,Cow_421,12,0,4,0,34.4,Rainy,Field C
2022-08-11,19:00,Cow_422,0,0,0,15,34.4,Rainy,Field A
2022-08-11,19:00,Cow_423,3,8,4,0,34.4,Rainy,Field C
2022-08-11,19:00,Cow_424,13,0,3,0,34.4,Rainy,Field A
2022-08-11,19:00,Cow_425,8,4,3,0,34.4,Rainy,Field B
2022-08-11,19:00,Cow_426,5,6,4,0,34.4,Rainy,Field C
2022-08-11,19:00,Cow_427,6,4,5,0,34.4,Rainy,Field B
2022-08-11,19:00,Cow_428,9,0,8,0,34.4,Rainy,Field A
2022-08-11,19:00,Cow_429,9,0,7,0,34.4,Rainy,Field B
2022-08-11,19:00,Cow_430,9,0,8,0,34.4,Rainy,Field B
2022-08-11,19:00,Cow_431,0,8,8,0,34.4,Rainy,Field C
2022-08-11,19:00,Cow_432,1,8,6,0,34.4,Rainy,Field B
2022-08-11,19:00,Cow_433,8,6,1,0,34.4,Rainy,Field A
2022-08-11,19:00,Cow_434,8,3,4,0,34.4,Rainy,Field A
2022-08-11,19:00,Cow_435,0,0,0,15,34.4,Rainy,Field A
2022-08-11,19:00,Cow_436,2,8,5,0,34.4,Rainy,Field A
2022-08-11,19:00,Cow_437,12,0,6,0,34.4,Rainy,Field B
2022-08-11,19:00,Cow_438,14,0,5,0,34.4,Rainy,Field A
2022-08-11,19:00,Cow_439,10,10,0,0,34.4,Rainy,Field B
2022-08-11,19:00,Cow_440,6,3,6,0,34.4,Rainy,Field C
2022-08-11,19:00,Cow_441,14,8,0,0,34.4,Rainy,Field C
2022-08-11,19:00,Cow_442,6,5,4,0,34.4,Rainy,Field A
2022-08-11,19:00,Cow_443,5,10,0,0,34.4,Rainy,Field C
2022-08-11,19:00,Cow_444,7,7,1,0,34.4,Rainy,Field A
2022-08-11,19:00,Cow_445,13,3,0,0,34.4,Rainy,Field A
2022-08-11,19:00,Cow_446,13,0,8,0,34.4,Rainy,Field C
2022-08-11,19:00,Cow_447,10,0,6,0,34.4,Rainy,Field B
2022-08-11,19:00,Cow_448,0,9,6,0,34.4,Rainy,Field A
2022-08-11,19:00,Cow_449,12,8,0,0,34.4,Rainy,Field A
2022-08-11,19:00,Cow_450,7,3,5,0,34.4,Rainy,Field A
2022-08-11,19:00,Cow_451,8,3,4,0,34.4,Rainy,Field B
2022-08-11,19:00,Cow_452,10,1,4,0,34.4,Rainy,Field A
2022-08-11,19:00,Cow_453,12,9,0,0,34.4,Rainy,Field C
2022-08-11,19:00,Cow_454,5,2,8,0,34.4,Rainy,Field C
2022-08-11,19:00,Cow_455,4,7,4,0,34.4,Rainy,Field B
2022-08-11,19:00,Cow_456,0,10,5,0,34.4,Rainy,Field B
2022-08-11,19:00,Cow_457,7,5,3,0,34.4,Rainy,Field C
2022-08-11,19:00,Cow_458,5,6,4,0,34.4,Rainy,Field B
2022-08-11,19:00,Cow_459,0,0,0,15,34.4,Rainy,Field B
2022-08-11,19:00,Cow_460,11,8,0,0,34.4,Rainy,Field A
2022-08-11,19:00,Cow_461,0,0,0,15,34.4,Rainy,Field A
2022-08-11,19:00,Cow_462,5,7,3,0,34.4,Rainy,Field A
2022-08-11,19:00,Cow_463,3,7,5,0,34.4,Rainy,Field C
2022-08-11,19:00,Cow_464,9,1,5,0,34.4,Rainy,Field C
2022-08-11,19:00,Cow_465,0,7,8,0,34.4,Rainy,Field C
2022-08-11,19:00,Cow_466,8,3,4,0,34.4,Rainy,Field C
2022-08-11,19:00,Cow_467,11,10,0,0,34.4,Rainy,Field A
2022-08-11,19:00,Cow_468,8,0,8,0,34.4,Rainy,Field A
2022-08-11,19:00,Cow_469,5,3,7,0,34.4,Rainy,Field A
2022-08-11,19:00,Cow_470,10,2,3,0,34.4,Rainy,Field B
2022-08-11,19:00,Cow_471,14,10,0,0,34.4,Rainy,Field A
2022-08-11,19:00,Cow_472,11,6,0,0,34.4,Rainy,Field B
2022-08-11,19:00,Cow_473,12,0,4,0,34.4,Rainy,Field C
2022-08-11,19:00,Cow_474,9,2,4,0,34.4,Rainy,Field A
2022-08-11,19:00,Cow_475,5,9,1,0,34.4,Rainy,Field C
2022-08-11,19:00,Cow_476,3,9,3,0,34.4,Rainy,Field C
2022-08-11,19:00,Cow_477,3,8,4,0,34.4,Rainy,Field A
2022-08-11,19:00,Cow_478,3,5,7,0,34.4,Rainy,Field A
2022-08-11,19:00,Cow_479,6,5,4,0,34.4,Rainy,Field C
2022-08-11,19:00,Cow_480,5,9,1,0,34.4,Rainy,Field C
2022-08-11,19:00,Cow_481,12,0,4,0,34.4,Rainy,Field A
2022-08-11,19:00,Cow_482,6,5,4,0,34.4,Rainy,Field A
2022-08-11,19:00,Cow_483,3,4,8,0,34.4,Rainy,Field B
2022-08-11,19:00,Cow_484,14,0,8,0,34.4,Rainy,Field B
2022-08-11,19:00,Cow_485,6,8,1,0,34.4,Rainy,Field C
2022-08-11,19:00,Cow_486,11,7,0,0,34.4,Rainy,Field C
2022-08-11,19:00,Cow_487,12,0,5,0,34.4,Rainy,Field B
2022-08-11,19:00,Cow_488,6,3,6,0,34.4,Rainy,Field A
2022-08-11,19:00,Cow_489,5,3,7,0,34.4,Rainy,Field B
2022-08-11,19:00,Cow_490,6,7,2,0,34.4,Rainy,Field C
2022-08-11,19:00,Cow_491,8,4,3,0,34.4,Rainy,Field A
2022-08-11,19:00,Cow_492,7,2,6,0,34.4,Rainy,Field C
2022-08-11,19:00,Cow_493,7,10,0,0,34.4,Rainy,Field C
2022-08-11,19:00,Cow_494,0,9,7,0,34.4,Rainy,Field B
2022-08-11,19:00,Cow_495,0,0,0,15,34.4,Rainy,Field A
2022-08-11,19:00,Cow_496,5,4,6,0,34.4,Rainy,Field A
2022-08-11,19:00,Cow_497,8,0,8,0,34.4,Rainy,Field C
2022-08-11,19:00,Cow_498,11,0,4,0,34.4,Rainy,Field C
2022-08-11,19:00,Cow_499,0,10,7,0,34.4,Rainy,Field A
2022-08-11,19:00,Cow_500,4,5,6,0,34.4,Rainy,Field C
2022-08-11,19:15,Cow_1,7,3,5,0,24.0,Cloudy,Field B
2022-08-11,19:15,Cow_2,6,6,3,0,24.0,Cloudy,Field C
2022-08-11,19:15,Cow_3,0,0,0,15,24.0,Cloudy,Field A
2022-08-11,19:15,Cow_4,5,3,7,0,24.0,Cloudy,Field C
2022-08-11,19:15,Cow_5,5,7,3,0,24.0,Cloudy,Field C
2022-08-11,19:15,Cow_6,2,5,8,0,24.0,Cloudy,Field C
2022-08-11,19:15,Cow_7,0,9,8,0,24.0,Cloudy,Field B
2022-08-11,19:15,Cow_8,5,10,0,0,24.0,Cloudy,Field A
2022-08-11,19:15,Cow_9,5,2,8,0,24.0,Cloudy,Field C
2022-08-11,19:15,Cow_10,5,4,6,0,24.0,Cloudy,Field A
2022-08-11,19:15,Cow_11,4,3,8,0,24.0,Cloudy,Field B
2022-08-11,19:15,Cow_12,1,7,7,0,24.0,Cloudy,Field C
2022-08-11,19:15,Cow_13,2,8,5,0,24.0,Cloudy,Field A
2022-08-11,19:15,Cow_14,11,7,0,0,24.0,Cloudy,Field A
2022-08-11,19:15,Cow_15,7,0,8,0,24.0,Cloudy,Field B
2022-08-11,19:15,Cow_16,0,10,7,0,24.0,Cloudy,Field A
2022-08-11,19:15,Cow_17,9,1,5,0,24.0,Cloudy,Field C
2022-08-11,19:15,Cow_18,12,3,0,0,24.0,Cloudy,Field C
2022-08-11,19:15,Cow_19,0,0,0,15,24.0,Cloudy,Field B
2022-08-11,19:15,Cow_20,5,4,6,0,24.0,Cloudy,Field C
2022-08-11,19:15,Cow_21,12,0,7,0,24.0,Cloudy,Field C
2022-08-11,19:15,Cow_22,12,10,0,0,24.0,Cloudy,Field C
2022-08-11,19:15,Cow_23,12,0,8,0,24.0,Cloudy,Field B
2022-08-11,19:15,Cow_24,6,3,6,0,24.0,Cloudy,Field A
2022-08-11,19:15,Cow_25,12,10,0,0,24.0,Cloudy,Field B
2022-08-11,19:15,Cow_26,10,4,1,0,24.0,Cloudy,Field B
2022-08-11,19:15,Cow_27,2,7,6,0,24.0,Cloudy,Field A
2022-08-11,19:15,Cow_28,4,5,6,0,24.0,Cloudy,Field B
2022-08-11,19:15,Cow_29,14,4,0,0,24.0,Cloudy,Field B
2022-08-11,19:15,Cow_30,4,5,6,0,24.0,Cloudy,Field C
2022-08-11,19:15,Cow_31,13,0,9,0,24.0,Cloudy,Field A
2022-08-11,19:15,Cow_32,12,9,0,0,24.0,Cloudy,Field B
2022-08-11,19:15,Cow_33,3,8,4,0,24.0,Cloudy,Field C
2022-08-11,19:15,Cow_34,8,6,1,0,24.0,Cloudy,Field A
2022-08-11,19:15,Cow_35,7,2,6,0,24.0,Cloudy,Field C
2022-08-11,19:15,Cow_36,3,4,8,0,24.0,Cloudy,Field A
2022-08-11,19:15,Cow_37,0,0,0,15,24.0,Cloudy,Field B
2022-08-11,19:15,Cow_38,13,0,4,0,24.0,Cloudy,Field C
2022-08-11,19:15,Cow_39,5,3,7,0,24.0,Cloudy,Field A
2022-08-11,19:15,Cow_40,14,0,6,0,24.0,Cloudy,Field B
2022-08-11,19:15,Cow_41,12,0,5,0,24.0,Cloudy,Field A
2022-08-11,19:15,Cow_42,9,4,2,0,24.0,Cloudy,Field A
2022-08-11,19:15,Cow_43,0,8,8,0,24.0,Cloudy,Field B
2022-08-11,19:15,Cow_44,8,8,0,0,24.0,Cloudy,Field A
2022-08-11,19:15,Cow_45,6,5,4,0,24.0,Cloudy,Field A
2022-08-11,19:15,Cow_46,13,0,4,0,24.0,Cloudy,Field B
2022-08-11,19:15,Cow_47,7,3,5,0,24.0,Cloudy,Field B
2022-08-11,19:15,Cow_48,5,9,1,0,24.0,Cloudy,Field C
2022-08-11,19:15,Cow_49,13,4,0,0,24.0,Cloudy,Field C
2022-08-11,19:15,Cow_50,9,10,0,0,24.0,Cloudy,Field A
2022-08-11,19:15,Cow_51,5,6,4,0,24.0,Cloudy,Field A
2022-08-11,19:15,Cow_52,7,1,7,0,24.0,Cloudy,Field C
2022-08-11,19:15,Cow_53,11,3,1,0,24.0,Cloudy,Field B
2022-08-11,19:15,Cow_54,6,1,8,0,24.0,Cloudy,Field B
2022-08-11,19:15,Cow_55,3,7,5,0,24.0,Cloudy,Field C
2022-08-11,19:15,Cow_56,14,0,3,0,24.0,Cloudy,Field C
2022-08-11,19:15,Cow_57,11,4,0,0,24.0,Cloudy,Field B
2022-08-11,19:15,Cow_58,12,0,3,0,24.0,Cloudy,Field B
2022-08-11,19:15,Cow_59,12,5,0,0,24.0,Cloudy,Field A
2022-08-11,19:15,Cow_60,1,6,8,0,24.0,Cloudy,Field A
2022-08-11,19:15,Cow_61,7,0,8,0,24.0,Cloudy,Field C
2022-08-11,19:15,Cow_62,0,0,0,15,24.0,Cloudy,Field C
2022-08-11,19:15,Cow_63,9,12,0,0,24.0,Cloudy,Field B
2022-08-11,19:15,Cow_64,14,9,0,0,24.0,Cloudy,Field A
2022-08-11,19:15,Cow_65,0,0,0,15,24.0,Cloudy,Field B
2022-08-11,19:15,Cow_66,10,6,0,0,24.0,Cloudy,Field C
2022-08-11,19:15,Cow_67,5,8,2,0,24.0,Cloudy,Field B
2022-08-11,19:15,Cow_68,0,0,0,15,24.0,Cloudy,Field C
2022-08-11,19:15,Cow_69,0,0,0,15,24.0,Cloudy,Field B
2022-08-11,19:15,Cow_70,11,3,1,0,24.0,Cloudy,Field A
2022-08-11,19:15,Cow_71,6,1,8,0,24.0,Cloudy,Field A
2022-08-11,19:15,Cow_72,13,0,8,0,24.0,Cloudy,Field C
2022-08-11,19:15,Cow_73,7,3,5,0,24.0,Cloudy,Field B
2022-08-11,19:15,Cow_74,5,5,5,0,24.0,Cloudy,Field C
2022-08-11,19:15,Cow_75,15,12,0,0,24.0,Cloudy,Field A
2022-08-11,19:15,Cow_76,0,0,0,15,24.0,Cloudy,Field C
2022-08-11,19:15,Cow_77,5,6,4,0,24.0,Cloudy,Field A
2022-08-11,19:15,Cow_78,14,5,0,0,24.0,Cloudy,Field A
2022-08-11,19:15,Cow_79,3,5,7,0,24.0,Cloudy,Field B
2022-08-11,19:15,Cow_80,6,3,6,0,24.0,Cloudy,Field A
2022-08-11,19:15,Cow_81,12,3,0,0,24.0,Cloudy,Field A
2022-08-11,19:15,Cow_82,4,4,7,0,24.0,Cloudy,Field C
2022-08-11,19:15,Cow_83,4,4,7,0,24.0,Cloudy,Field A
2022-08-11,19:15,Cow_84,0,0,0,15,24.0,Cloudy,Field A
2022-08-11,19:15,Cow_85,2,8,5,0,24.0,Cloudy,Field A
2022-08-11,19:15,Cow_86,13,0,7,0,24.0,Cloudy,Field B
2022-08-11,19:15,Cow_87,2,9,4,0,24.0,Cloudy,Field A
2022-08-11,19:15,Cow_88,8,6,1,0,24.0,Cloudy,Field C
2022-08-11,19:15,Cow_89,2,10,3,0,24.0,Cloudy,Field A
2022-08-11,19:15,Cow_90,13,7,0,0,24.0,Cloudy,Field B
2022-08-11,19:15,Cow_91,8,4,3,0,24.0,Cloudy,Field A
2022-08-11,19:15,Cow_92,12,4,0,0,24.0,Cloudy,Field C
2022-08-11,19:15,Cow_93,0,9,8,0,24.0,Cloudy,Field B
2022-08-11,19:15,Cow_94,4,8,3,0,24.0,Cloudy,Field B
2022-08-11,19:15,Cow_95,6,3,6,0,24.0,Cloudy,Field B
2022-08-11,19:15,Cow_96,5,7,3,0,24.0,Cloudy,Field A
2022-08-11,19:15,Cow_97,2,7,6,0,24.0,Cloudy,Field C
2022-08-11,19:15,Cow_98,13,12,0,0,24.0,Cloudy,Field B
2022-08-11,19:15,Cow_99,6,3,6,0,24.0,Cloudy,Field C
2022-08-11,19:15,Cow_100,7,10,0,0,24.0,Cloudy,Field B
2022-08-11,19:15,Cow_101,3,5,7,0,24.0,Cloudy,Field C
2022-08-11,19:15,Cow_102,10,0,7,0,24.0,Cloudy,Field B
2022-08-11,19:15,Cow_103,8,3,4,0,24.0,Cloudy,Field A
2022-08-11,19:15,Cow_104,5,10,0,0,24.0,Cloudy,Field B
2022-08-11,19:15,Cow_105,0,9,7,0,24.0,Cloudy,Field B
2022-08-11,19:15,Cow_106,1,8,6,0,24.0,Cloudy,Field A
2022-08-11,19:15,Cow_107,12,3,0,0,24.0,Cloudy,Field A
2022-08-11,19:15,Cow_108,10,5,0,0,24.0,Cloudy,Field A
2022-08-11,19:15,Cow_109,14,5,0,0,24.0,Cloudy,Field A
2022-08-11,19:15,Cow_110,0,8,8,0,24.0,Cloudy,Field B
2022-08-11,19:15,Cow_111,1,8,6,0,24.0,Cloudy,Field C
2022-08-11,19:15,Cow_112,4,5,6,0,24.0,Cloudy,Field A
2022-08-11,19:15,Cow_113,5,3,7,0,24.0,Cloudy,Field A
2022-08-11,19:15,Cow_114,6,4,5,0,24.0,Cloudy,Field C
2022-08-11,19:15,Cow_115,8,4,3,0,24.0,Cloudy,Field C
2022-08-11,19:15,Cow_116,13,0,5,0,24.0,Cloudy,Field C
2022-08-11,19:15,Cow_117,0,10,6,0,24.0,Cloudy,Field A
2022-08-11,19:15,Cow_118,14,0,4,0,24.0,Cloudy,Field C
2022-08-11,19:15,Cow_119,4,5,6,0,24.0,Cloudy,Field B
2022-08-11,19:15,Cow_120,5,5,5,0,24.0,Cloudy,Field C
2022-08-11,19:15,Cow_121,6,1,8,0,24.0,Cloudy,Field C
2022-08-11,19:15,Cow_122,14,0,7,0,24.0,Cloudy,Field B
2022-08-11,19:15,Cow_123,7,0,8,0,24.0,Cloudy,Field C
2022-08-11,19:15,Cow_124,0,10,5,0,24.0,Cloudy,Field C
2022-08-11,19:15,Cow_125,9,7,0,0,24.0,Cloudy,Field B
2022-08-11,19:15,Cow_126,7,5,3,0,24.0,Cloudy,Field C
2022-08-11,19:15,Cow_127,5,7,3,0,24.0,Cloudy,Field C
2022-08-11,19:15,Cow_128,6,3,6,0,24.0,Cloudy,Field A
2022-08-11,19:15,Cow_129,14,9,0,0,24.0,Cloudy,Field C
2022-08-11,19:15,Cow_130,12,0,6,0,24.0,Cloudy,Field B
2022-08-11,19:15,Cow_131,0,0,0,15,24.0,Cloudy,Field B
2022-08-11,19:15,Cow_132,2,7,6,0,24.0,Cloudy,Field C
2022-08-11,19:15,Cow_133,14,8,0,0,24.0,Cloudy,Field C
2022-08-11,19:15,Cow_134,10,5,0,0,24.0,Cloudy,Field B
2022-08-11,19:15,Cow_135,0,0,0,15,24.0,Cloudy,Field C
2022-08-11,19:15,Cow_136,0,0,0,15,24.0,Cloudy,Field A
2022-08-11,19:15,Cow_137,8,3,4,0,24.0,Cloudy,Field B
2022-08-11,19:15,Cow_138,7,5,3,0,24.0,Cloudy,Field C
2022-08-11,19:15,Cow_139,8,4,3,0,24.0,Cloudy,Field C
2022-08-11,19:15,Cow_140,13,0,5,0,24.0,Cloudy,Field A
2022-08-11,19:15,Cow_141,9,2,4,0,24.0,Cloudy,Field A
2022-08-11,19:15,Cow_142,8,0,8,0,24.0,Cloudy,Field A
2022-08-11,19:15,Cow_143,5,2,8,0,24.0,Cloudy,Field C
2022-08-11,19:15,Cow_144,6,4,5,0,24.0,Cloudy,Field B
2022-08-11,19:15,Cow_145,6,4,5,0,24.0,Cloudy,Field A
2022-08-11,19:15,Cow_146,6,10,0,0,24.0,Cloudy,Field C
2022-08-11,19:15,Cow_147,3,4,8,0,24.0,Cloudy,Field C
2022-08-11,19:15,Cow_148,9,3,3,0,24.0,Cloudy,Field B
2022-08-11,19:15,Cow_149,8,3,4,0,24.0,Cloudy,Field C
2022-08-11,19:15,Cow_150,13,10,0,0,24.0,Cloudy,Field B
2022-08-11,19:15,Cow_151,13,5,0,0,24.0,Cloudy,Field C
2022-08-11,19:15,Cow_152,6,5,4,0,24.0,Cloudy,Field C
2022-08-11,19:15,Cow_153,6,5,4,0,24.0,Cloudy,Field C
2022-08-11,19:15,Cow_154,9,0,8,0,24.0,Cloudy,Field B
2022-08-11,19:15,Cow_155,5,5,5,0,24.0,Cloudy,Field B
2022-08-11,19:15,Cow_156,11,0,8,0,24.0,Cloudy,Field B
2022-08-11,19:15,Cow_157,7,7,1,0,24.0,Cloudy,Field C
2022-08-11,19:15,Cow_158,8,7,0,0,24.0,Cloudy,Field A
2022-08-11,19:15,Cow_159,0,7,8,0,24.0,Cloudy,Field C
2022-08-11,19:15,Cow_160,0,9,6,0,24.0,Cloudy,Field C
2022-08-11,19:15,Cow_161,8,3,4,0,24.0,Cloudy,Field B
2022-08-11,19:15,Cow_162,9,3,3,0,24.0,Cloudy,Field A
2022-08-11,19:15,Cow_163,10,10,0,0,24.0,Cloudy,Field C
2022-08-11,19:15,Cow_164,6,3,6,0,24.0,Cloudy,Field B
2022-08-11,19:15,Cow_165,1,6,8,0,24.0,Cloudy,Field B
2022-08-11,19:15,Cow_166,4,8,3,0,24.0,Cloudy,Field C
2022-08-11,19:15,Cow_167,12,0,5,0,24.0,Cloudy,Field A
2022-08-11,19:15,Cow_168,12,10,0,0,24.0,Cloudy,Field A
2022-08-11,19:15,Cow_169,13,6,0,0,24.0,Cloudy,Field A
2022-08-11,19:15,Cow_170,1,10,4,0,24.0,Cloudy,Field A
2022-08-11,19:15,Cow_171,8,4,3,0,24.0,Cloudy,Field B
2022-08-11,19:15,Cow_172,12,0,6,0,24.0,Cloudy,Field B
2022-08-11,19:15,Cow_173,14,0,5,0,24.0,Cloudy,Field C
2022-08-11,19:15,Cow_174,2,3,10,0,24.0,Cloudy,Field A
2022-08-11,19:15,Cow_175,12,7,0,0,24.0,Cloudy,Field B
2022-08-11,19:15,Cow_176,3,7,5,0,24.0,Cloudy,Field C
2022-08-11,19:15,Cow_177,4,7,4,0,24.0,Cloudy,Field C
2022-08-11,19:15,Cow_178,8,4,3,0,24.0,Cloudy,Field A
2022-08-11,19:15,Cow_179,0,0,0,15,24.0,Cloudy,Field A
2022-08-11,19:15,Cow_180,0,0,0,15,24.0,Cloudy,Field A
2022-08-11,19:15,Cow_181,6,3,6,0,24.0,Cloudy,Field B
2022-08-11,19:15,Cow_182,10,0,5,0,24.0,Cloudy,Field C
2022-08-11,19:15,Cow_183,13,3,0,0,24.0,Cloudy,Field A
2022-08-11,19:15,Cow_184,12,4,0,0,24.0,Cloudy,Field B
2022-08-11,19:15,Cow_185,7,3,5,0,24.0,Cloudy,Field B
2022-08-11,19:15,Cow_186,11,0,7,0,24.0,Cloudy,Field B
2022-08-11,19:15,Cow_187,7,4,4,0,24.0,Cloudy,Field A
2022-08-11,19:15,Cow_188,6,6,3,0,24.0,Cloudy,Field A
2022-08-11,19:15,Cow_189,0,10,5,0,24.0,Cloudy,Field A
2022-08-11,19:15,Cow_190,8,6,1,0,24.0,Cloudy,Field C
2022-08-11,19:15,Cow_191,3,9,3,0,24.0,Cloudy,Field A
2022-08-11,19:15,Cow_192,5,4,6,0,24.0,Cloudy,Field A
2022-08-11,19:15,Cow_193,5,5,5,0,24.0,Cloudy,Field C
2022-08-11,19:15,Cow_194,1,9,5,0,24.0,Cloudy,Field C
2022-08-11,19:15,Cow_195,11,5,0,0,24.0,Cloudy,Field B
2022-08-11,19:15,Cow_196,10,10,0,0,24.0,Cloudy,Field C
2022-08-11,19:15,Cow_197,14,9,0,0,24.0,Cloudy,Field A
2022-08-11,19:15,Cow_198,10,2,3,0,24.0,Cloudy,Field C
2022-08-11,19:15,Cow_199,10,10,0,0,24.0,Cloudy,Field B
2022-08-11,19:15,Cow_200,2,5,8,0,24.0,Cloudy,Field B
2022-08-11,19:15,Cow_201,0,0,0,15,24.0,Cloudy,Field A
2022-08-11,19:15,Cow_202,8,5,2,0,24.0,Cloudy,Field B
2022-08-11,19:15,Cow_203,13,3,0,0,24.0,Cloudy,Field B
2022-08-11,19:15,Cow_204,13,4,0,0,24.0,Cloudy,Field B
2022-08-11,19:15,Cow_205,3,8,4,0,24.0,Cloudy,Field B
2022-08-11,19:15,Cow_206,9,4,2,0,24.0,Cloudy,Field A
2022-08-11,19:15,Cow_207,3,6,6,0,24.0,Cloudy,Field A
2022-08-11,19:15,Cow_208,8,4,3,0,24.0,Cloudy,Field B
2022-08-11,19:15,Cow_209,14,0,4,0,24.0,Cloudy,Field C
2022-08-11,19:15,Cow_210,13,0,4,0,24.0,Cloudy,Field A
2022-08-11,19:15,Cow_211,0,0,0,15,24.0,Cloudy,Field A
2022-08-11,19:15,Cow_212,12,0,8,0,24.0,Cloudy,Field A
2022-08-11,19:15,Cow_213,5,4,6,0,24.0,Cloudy,Field A
2022-08-11,19:15,Cow_214,4,6,5,0,24.0,Cloudy,Field A
2022-08-11,19:15,Cow_215,9,1,5,0,24.0,Cloudy,Field C
2022-08-11,19:15,Cow_216,8,1,6,0,24.0,Cloudy,Field A
2022-08-11,19:15,Cow_217,10,0,7,0,24.0,Cloudy,Field B
2022-08-11,19:15,Cow_218,10,8,0,0,24.0,Cloudy,Field B
2022-08-11,19:15,Cow_219,0,8,7,0,24.0,Cloudy,Field C
2022-08-11,19:15,Cow_220,8,4,3,0,24.0,Cloudy,Field C
2022-08-11,19:15,Cow_221,10,0,5,0,24.0,Cloudy,Field C
2022-08-11,19:15,Cow_222,11,5,0,0,24.0,Cloudy,Field A
2022-08-11,19:15,Cow_223,2,5,8,0,24.0,Cloudy,Field C
2022-08-11,19:15,Cow_224,8,9,0,0,24.0,Cloudy,Field C
2022-08-11,19:15,Cow_225,8,4,3,0,24.0,Cloudy,Field B
2022-08-11,19:15,Cow_226,9,5,1,0,24.0,Cloudy,Field B
2022-08-11,19:15,Cow_227,10,5,0,0,24.0,Cloudy,Field B
2022-08-11,19:15,Cow_228,11,0,6,0,24.0,Cloudy,Field A
2022-08-11,19:15,Cow_229,12,0,7,0,24.0,Cloudy,Field B
2022-08-11,19:15,Cow_230,12,0,5,0,24.0,Cloudy,Field B
2022-08-11,19:15,Cow_231,5,8,2,0,24.0,Cloudy,Field A
2022-08-11,19:15,Cow_232,12,10,0,0,24.0,Cloudy,Field A
2022-08-11,19:15,Cow_233,12,4,0,0,24.0,Cloudy,Field C
2022-08-11,19:15,Cow_234,5,4,6,0,24.0,Cloudy,Field C
2022-08-11,19:15,Cow_235,12,11,0,0,24.0,Cloudy,Field A
2022-08-11,19:15,Cow_236,1,10,4,0,24.0,Cloudy,Field C
2022-08-11,19:15,Cow_237,14,5,0,0,24.0,Cloudy,Field B
2022-08-11,19:15,Cow_238,6,5,4,0,24.0,Cloudy,Field C
2022-08-11,19:15,Cow_239,0,10,8,0,24.0,Cloudy,Field B
2022-08-11,19:15,Cow_240,7,4,4,0,24.0,Cloudy,Field B
2022-08-11,19:15,Cow_241,14,3,0,0,24.0,Cloudy,Field C
2022-08-11,19:15,Cow_242,12,0,6,0,24.0,Cloudy,Field C
2022-08-11,19:15,Cow_243,11,0,7,0,24.0,Cloudy,Field C
2022-08-11,19:15,Cow_244,7,0,8,0,24.0,Cloudy,Field C
2022-08-11,19:15,Cow_245,1,7,7,0,24.0,Cloudy,Field A
2022-08-11,19:15,Cow_246,11,0,8,0,24.0,Cloudy,Field A
2022-08-11,19:15,Cow_247,0,0,0,15,24.0,Cloudy,Field B
2022-08-11,19:15,Cow_248,6,5,4,0,24.0,Cloudy,Field C
2022-08-11,19:15,Cow_249,10,0,6,0,24.0,Cloudy,Field C
2022-08-11,19:15,Cow_250,0,8,8,0,24.0,Cloudy,Field A
2022-08-11,19:15,Cow_251,5,5,5,0,24.0,Cloudy,Field C
2022-08-11,19:15,Cow_252,12,0,3,0,24.0,Cloudy,Field B
2022-08-11,19:15,Cow_253,3,9,3,0,24.0,Cloudy,Field B
2022-08-11,19:15,Cow_254,11,0,6,0,24.0,Cloudy,Field C
2022-08-11,19:15,Cow_255,5,10,0,0,24.0,Cloudy,Field C
2022-08-11,19:15,Cow_256,13,9,0,0,24.0,Cloudy,Field A
2022-08-11,19:15,Cow_257,7,2,6,0,24.0,Cloudy,Field B
2022-08-11,19:15,Cow_258,12,0,4,0,24.0,Cloudy,Field A
2022-08-11,19:15,Cow_259,13,7,0,0,24.0,Cloudy,Field A
2022-08-11,19:15,Cow_260,7,3,5,0,24.0,Cloudy,Field A
2022-08-11,19:15,Cow_261,14,0,3,0,24.0,Cloudy,Field A
2022-08-11,19:15,Cow_262,7,3,5,0,24.0,Cloudy,Field C
2022-08-11,19:15,Cow_263,8,9,0,0,24.0,Cloudy,Field A
2022-08-11,19:15,Cow_264,10,3,2,0,24.0,Cloudy,Field A
2022-08-11,19:15,Cow_265,7,0,8,0,24.0,Cloudy,Field B
2022-08-11,19:15,Cow_266,8,4,3,0,24.0,Cloudy,Field B
2022-08-11,19:15,Cow_267,10,0,6,0,24.0,Cloudy,Field A
2022-08-11,19:15,Cow_268,0,10,8,0,24.0,Cloudy,Field C
2022-08-11,19:15,Cow_269,13,0,6,0,24.0,Cloudy,Field C
2022-08-11,19:15,Cow_270,7,3,5,0,24.0,Cloudy,Field C
2022-08-11,19:15,Cow_271,4,5,6,0,24.0,Cloudy,Field A
2022-08-11,19:15,Cow_272,12,6,0,0,24.0,Cloudy,Field C
2022-08-11,19:15,Cow_273,14,0,8,0,24.0,Cloudy,Field A
2022-08-11,19:15,Cow_274,11,0,8,0,24.0,Cloudy,Field B
2022-08-11,19:15,Cow_275,10,0,6,0,24.0,Cloudy,Field B
2022-08-11,19:15,Cow_276,9,3,3,0,24.0,Cloudy,Field B
2022-08-11,19:15,Cow_277,13,8,0,0,24.0,Cloudy,Field A
2022-08-11,19:15,Cow_278,9,6,0,0,24.0,Cloudy,Field C
2022-08-11,19:15,Cow_279,8,5,2,0,24.0,Cloudy,Field A
2022-08-11,19:15,Cow_280,4,5,6,0,24.0,Cloudy,Field B
2022-08-11,19:15,Cow_281,8,7,0,0,24.0,Cloudy,Field A
2022-08-11,19:15,Cow_282,5,7,3,0,24.0,Cloudy,Field B
2022-08-11,19:15,Cow_283,13,0,5,0,24.0,Cloudy,Field A
2022-08-11,19:15,Cow_284,14,7,0,0,24.0,Cloudy,Field B
2022-08-11,19:15,Cow_285,3,5,7,0,24.0,Cloudy,Field C
2022-08-11,19:15,Cow_286,0,10,8,0,24.0,Cloudy,Field A
2022-08-11,19:15,Cow_287,5,2,8,0,24.0,Cloudy,Field C
2022-08-11,19:15,Cow_288,5,7,3,0,24.0,Cloudy,Field C
2022-08-11,19:15,Cow_289,8,1,6,0,24.0,Cloudy,Field A
2022-08-11,19:15,Cow_290,14,7,0,0,24.0,Cloudy,Field A
2022-08-11,19:15,Cow_291,8,4,3,0,24.0,Cloudy,Field A
2022-08-11,19:15,Cow_292,7,8,0,0,24.0,Cloudy,Field A
2022-08-11,19:15,Cow_293,5,8,2,0,24.0,Cloudy,Field B
2022-08-11,19:15,Cow_294,9,7,0,0,24.0,Cloudy,Field B
2022-08-11,19:15,Cow_295,5,8,2,0,24.0,Cloudy,Field B
2022-08-11,19:15,Cow_296,6,6,3,0,24.0,Cloudy,Field C
2022-08-11,19:15,Cow_297,4,8,3,0,24.0,Cloudy,Field B
2022-08-11,19:15,Cow_298,12,7,0,0,24.0,Cloudy,Field A
2022-08-11,19:15,Cow_299,12,0,7,0,24.0,Cloudy,Field A
2022-08-11,19:15,Cow_300,7,0,8,0,24.0,Cloudy,Field A
2022-08-11,19:15,Cow_301,14,6,0,0,24.0,Cloudy,Field C
2022-08-11,19:15,Cow_302,3,5,7,0,24.0,Cloudy,Field C
2022-08-11,19:15,Cow_303,5,7,3,0,24.0,Cloudy,Field C
2022-08-11,19:15,Cow_304,0,9,8,0,24.0,Cloudy,Field B
2022-08-11,19:15,Cow_305,9,8,0,0,24.0,Cloudy,Field C
2022-08-11,19:15,Cow_306,8,3,4,0,24.0,Cloudy,Field C
2022-08-11,19:15,Cow_307,14,7,0,0,24.0,Cloudy,Field A
2022-08-11,19:15,Cow_308,4,7,4,0,24.0,Cloudy,Field A
2022-08-11,19:15,Cow_309,5,8,2,0,24.0,Cloudy,Field B
2022-08-11,19:15,Cow_310,4,3,8,0,24.0,Cloudy,Field C
2022-08-11,19:15,Cow_311,9,3,3,0,24.0,Cloudy,Field B
2022-08-11,19:15,Cow_312,4,4,7,0,24.0,Cloudy,Field B
2022-08-11,19:15,Cow_313,10,4,1,0,24.0,Cloudy,Field A
2022-08-11,19:15,Cow_314,8,0,7,0,24.0,Cloudy,Field B
2022-08-11,19:15,Cow_315,12,0,6,0,24.0,Cloudy,Field C
2022-08-11,19:15,Cow_316,12,0,8,0,24.0,Cloudy,Field C
2022-08-11,19:15,Cow_317,3,9,3,0,24.0,Cloudy,Field C
2022-08-11,19:15,Cow_318,0,0,0,15,24.0,Cloudy,Field B
2022-08-11,19:15,Cow_319,1,6,8,0,24.0,Cloudy,Field C
2022-08-11,19:15,Cow_320,11,1,3,0,24.0,Cloudy,Field A
2022-08-11,19:15,Cow_321,5,10,0,0,24.0,Cloudy,Field C
2022-08-11,19:15,Cow_322,11,0,6,0,24.0,Cloudy,Field B
2022-08-11,19:15,Cow_323,4,8,3,0,24.0,Cloudy,Field C
2022-08-11,19:15,Cow_324,0,9,8,0,24.0,Cloudy,Field A
2022-08-11,19:15,Cow_325,7,7,1,0,24.0,Cloudy,Field C
2022-08-11,19:15,Cow_326,7,3,5,0,24.0,Cloudy,Field C
2022-08-11,19:15,Cow_327,6,4,5,0,24.0,Cloudy,Field B
2022-08-11,19:15,Cow_328,0,8,8,0,24.0,Cloudy,Field B
2022-08-11,19:15,Cow_329,9,2,4,0,24.0,Cloudy,Field A
2022-08-11,19:15,Cow_330,8,9,0,0,24.0,Cloudy,Field B
2022-08-11,19:15,Cow_331,11,7,0,0,24.0,Cloudy,Field B
2022-08-11,19:15,Cow_332,14,0,8,0,24.0,Cloudy,Field A
2022-08-11,19:15,Cow_333,6,3,6,0,24.0,Cloudy,Field B
2022-08-11,19:15,Cow_334,2,10,3,0,24.0,Cloudy,Field C
2022-08-11,19:15,Cow_335,4,7,4,0,24.0,Cloudy,Field C
2022-08-11,19:15,Cow_336,7,6,2,0,24.0,Cloudy,Field B
2022-08-11,19:15,Cow_337,3,8,4,0,24.0,Cloudy,Field B
2022-08-11,19:15,Cow_338,0,9,6,0,24.0,Cloudy,Field B
2022-08-11,19:15,Cow_339,11,8,0,0,24.0,Cloudy,Field A
2022-08-11,19:15,Cow_340,9,3,3,0,24.0,Cloudy,Field A
2022-08-11,19:15,Cow_341,2,10,3,0,24.0,Cloudy,Field C
2022-08-11,19:15,Cow_342,10,4,1,0,24.0,Cloudy,Field C
2022-08-11,19:15,Cow_343,5,3,7,0,24.0,Cloudy,Field A
2022-08-11,19:15,Cow_344,13,0,6,0,24.0,Cloudy,Field C
2022-08-11,19:15,Cow_345,7,8,0,0,24.0,Cloudy,Field B
2022-08-11,19:15,Cow_346,3,4,8,0,24.0,Cloudy,Field C
2022-08-11,19:15,Cow_347,5,3,7,0,24.0,Cloudy,Field C
2022-08-11,19:15,Cow_348,1,10,4,0,24.0,Cloudy,Field B
2022-08-11,19:15,Cow_349,5,3,7,0,24.0,Cloudy,Field B
2022-08-11,19:15,Cow_350,0,10,7,0,24.0,Cloudy,Field B
2022-08-11,19:15,Cow_351,2,5,8,0,24.0,Cloudy,Field A
2022-08-11,19:15,Cow_352,7,2,6,0,24.0,Cloudy,Field B
2022-08-11,19:15,Cow_353,7,3,5,0,24.0,Cloudy,Field A
2022-08-11,19:15,Cow_354,7,4,4,0,24.0,Cloudy,Field B
2022-08-11,19:15,Cow_355,2,10,3,0,24.0,Cloudy,Field C
2022-08-11,19:15,Cow_356,4,5,6,0,24.0,Cloudy,Field A
2022-08-11,19:15,Cow_357,13,9,0,0,24.0,Cloudy,Field B
2022-08-11,19:15,Cow_358,0,7,8,0,24.0,Cloudy,Field C
2022-08-11,19:15,Cow_359,8,5,2,0,24.0,Cloudy,Field A
2022-08-11,19:15,Cow_360,14,0,8,0,24.0,Cloudy,Field B
2022-08-11,19:15,Cow_361,10,0,8,0,24.0,Cloudy,Field A
2022-08-11,19:15,Cow_362,7,1,7,0,24.0,Cloudy,Field C
2022-08-11,19:15,Cow_363,0,9,6,0,24.0,Cloudy,Field B
2022-08-11,19:15,Cow_364,14,0,4,0,24.0,Cloudy,Field B
2022-08-11,19:15,Cow_365,0,9,6,0,24.0,Cloudy,Field B
2022-08-11,19:15,Cow_366,12,0,6,0,24.0,Cloudy,Field A
2022-08-11,19:15,Cow_367,13,7,0,0,24.0,Cloudy,Field C
2022-08-11,19:15,Cow_368,5,4,6,0,24.0,Cloudy,Field B
2022-08-11,19:15,Cow_369,5,4,6,0,24.0,Cloudy,Field A
2022-08-11,19:15,Cow_370,5,4,6,0,24.0,Cloudy,Field A
2022-08-11,19:15,Cow_371,8,9,0,0,24.0,Cloudy,Field A
2022-08-11,19:15,Cow_372,14,0,3,0,24.0,Cloudy,Field C
2022-08-11,19:15,Cow_373,6,1,8,0,24.0,Cloudy,Field A
2022-08-11,19:15,Cow_374,7,5,3,0,24.0,Cloudy,Field A
2022-08-11,19:15,Cow_375,0,8,8,0,24.0,Cloudy,Field A
2022-08-11,19:15,Cow_376,3,8,4,0,24.0,Cloudy,Field C
2022-08-11,19:15,Cow_377,4,7,4,0,24.0,Cloudy,Field A
2022-08-11,19:15,Cow_378,6,1,8,0,24.0,Cloudy,Field B
2022-08-11,19:15,Cow_379,7,4,4,0,24.0,Cloudy,Field A
2022-08-11,19:15,Cow_380,13,7,0,0,24.0,Cloudy,Field C
2022-08-11,19:15,Cow_381,8,7,0,0,24.0,Cloudy,Field B
2022-08-11,19:15,Cow_382,8,7,0,0,24.0,Cloudy,Field B
2022-08-11,19:15,Cow_383,14,0,3,0,24.0,Cloudy,Field B
2022-08-11,19:15,Cow_384,0,10,5,0,24.0,Cloudy,Field A
2022-08-11,19:15,Cow_385,14,7,0,0,24.0,Cloudy,Field C
2022-08-11,19:15,Cow_386,9,0,6,0,24.0,Cloudy,Field A
2022-08-11,19:15,Cow_387,12,4,0,0,24.0,Cloudy,Field B
2022-08-11,19:15,Cow_388,7,5,3,0,24.0,Cloudy,Field B
2022-08-11,19:15,Cow_389,11,8,0,0,24.0,Cloudy,Field B
2022-08-11,19:15,Cow_390,9,3,3,0,24.0,Cloudy,Field C
2022-08-11,19:15,Cow_391,13,6,0,0,24.0,Cloudy,Field B
2022-08-11,19:15,Cow_392,5,7,3,0,24.0,Cloudy,Field B
2022-08-11,19:15,Cow_393,7,5,3,0,24.0,Cloudy,Field C
2022-08-11,19:15,Cow_394,6,6,3,0,24.0,Cloudy,Field C
2022-08-11,19:15,Cow_395,6,1,8,0,24.0,Cloudy,Field B
2022-08-11,19:15,Cow_396,10,8,0,0,24.0,Cloudy,Field B
2022-08-11,19:15,Cow_397,8,2,5,0,24.0,Cloudy,Field C
2022-08-11,19:15,Cow_398,6,4,5,0,24.0,Cloudy,Field B
2022-08-11,19:15,Cow_399,0,8,8,0,24.0,Cloudy,Field A
2022-08-11,19:15,Cow_400,6,6,3,0,24.0,Cloudy,Field A
2022-08-11,19:15,Cow_401,10,1,4,0,24.0,Cloudy,Field A
2022-08-11,19:15,Cow_402,6,6,3,0,24.0,Cloudy,Field A
2022-08-11,19:15,Cow_403,13,6,0,0,24.0,Cloudy,Field B
2022-08-11,19:15,Cow_404,14,8,0,0,24.0,Cloudy,Field A
2022-08-11,19:15,Cow_405,10,2,3,0,24.0,Cloudy,Field A
2022-08-11,19:15,Cow_406,14,8,0,0,24.0,Cloudy,Field B
2022-08-11,19:15,Cow_407,9,9,0,0,24.0,Cloudy,Field A
2022-08-11,19:15,Cow_408,5,4,6,0,24.0,Cloudy,Field C
2022-08-11,19:15,Cow_409,1,10,4,0,24.0,Cloudy,Field A
2022-08-11,19:15,Cow_410,7,3,5,0,24.0,Cloudy,Field A
2022-08-11,19:15,Cow_411,13,0,5,0,24.0,Cloudy,Field A
2022-08-11,19:15,Cow_412,6,6,3,0,24.0,Cloudy,Field C
2022-08-11,19:15,Cow_413,5,2,8,0,24.0,Cloudy,Field A
2022-08-11,19:15,Cow_414,5,6,4,0,24.0,Cloudy,Field C
2022-08-11,19:15,Cow_415,0,10,7,0,24.0,Cloudy,Field B
2022-08-11,19:15,Cow_416,8,3,4,0,24.0,Cloudy,Field A
2022-08-11,19:15,Cow_417,0,0,0,15,24.0,Cloudy,Field A
2022-08-11,19:15,Cow_418,7,3,5,0,24.0,Cloudy,Field A
2022-08-11,19:15,Cow_419,10,10,0,0,24.0,Cloudy,Field B
2022-08-11,19:15,Cow_420,5,6,4,0,24.0,Cloudy,Field C
2022-08-11,19:15,Cow_421,6,3,6,0,24.0,Cloudy,Field B
2022-08-11,19:15,Cow_422,5,7,3,0,24.0,Cloudy,Field C
2022-08-11,19:15,Cow_423,14,0,3,0,24.0,Cloudy,Field C
2022-08-11,19:15,Cow_424,9,3,3,0,24.0,Cloudy,Field A
2022-08-11,19:15,Cow_425,12,0,8,0,24.0,Cloudy,Field B
2022-08-11,19:15,Cow_426,8,7,0,0,24.0,Cloudy,Field C
2022-08-11,19:15,Cow_427,12,0,5,0,24.0,Cloudy,Field A
2022-08-11,19:15,Cow_428,9,0,6,0,24.0,Cloudy,Field C
2022-08-11,19:15,Cow_429,7,1,7,0,24.0,Cloudy,Field C
2022-08-11,19:15,Cow_430,14,8,0,0,24.0,Cloudy,Field A
2022-08-11,19:15,Cow_431,10,1,4,0,24.0,Cloudy,Field B
2022-08-11,19:15,Cow_432,9,3,3,0,24.0,Cloudy,Field C
2022-08-11,19:15,Cow_433,13,0,7,0,24.0,Cloudy,Field A
2022-08-11,19:15,Cow_434,0,0,0,15,24.0,Cloudy,Field A
2022-08-11,19:15,Cow_435,12,0,6,0,24.0,Cloudy,Field B
2022-08-11,19:15,Cow_436,6,3,6,0,24.0,Cloudy,Field A
2022-08-11,19:15,Cow_437,6,1,8,0,24.0,Cloudy,Field C
2022-08-11,19:15,Cow_438,9,3,3,0,24.0,Cloudy,Field A
2022-08-11,19:15,Cow_439,10,1,4,0,24.0,Cloudy,Field C
2022-08-11,19:15,Cow_440,11,0,6,0,24.0,Cloudy,Field B
2022-08-11,19:15,Cow_441,8,0,7,0,24.0,Cloudy,Field A
2022-08-11,19:15,Cow_442,13,0,3,0,24.0,Cloudy,Field B
2022-08-11,19:15,Cow_443,3,8,4,0,24.0,Cloudy,Field C
2022-08-11,19:15,Cow_444,0,0,0,15,24.0,Cloudy,Field A
2022-08-11,19:15,Cow_445,13,0,6,0,24.0,Cloudy,Field B
2022-08-11,19:15,Cow_446,13,0,6,0,24.0,Cloudy,Field C
2022-08-11,19:15,Cow_447,7,5,3,0,24.0,Cloudy,Field B
2022-08-11,19:15,Cow_448,2,9,4,0,24.0,Cloudy,Field B
2022-08-11,19:15,Cow_449,7,5,3,0,24.0,Cloudy,Field C
2022-08-11,19:15,Cow_450,13,5,0,0,24.0,Cloudy,Field B
2022-08-11,19:15,Cow_451,0,0,0,15,24.0,Cloudy,Field B
2022-08-11,19:15,Cow_452,2,10,3,0,24.0,Cloudy,Field A
2022-08-11,19:15,Cow_453,6,5,4,0,24.0,Cloudy,Field C
2022-08-11,19:15,Cow_454,10,0,6,0,24.0,Cloudy,Field C
2022-08-11,19:15,Cow_455,5,6,4,0,24.0,Cloudy,Field B
2022-08-11,19:15,Cow_456,13,0,6,0,24.0,Cloudy,Field A
2022-08-11,19:15,Cow_457,11,5,0,0,24.0,Cloudy,Field C
2022-08-11,19:15,Cow_458,3,5,7,0,24.0,Cloudy,Field C
2022-08-11,19:15,Cow_459,13,0,3,0,24.0,Cloudy,Field A
2022-08-11,19:15,Cow_460,14,9,0,0,24.0,Cloudy,Field C
2022-08-11,19:15,Cow_461,13,9,0,0,24.0,Cloudy,Field C
2022-08-11,19:15,Cow_462,8,3,4,0,24.0,Cloudy,Field B
2022-08-11,19:15,Cow_463,6,10,0,0,24.0,Cloudy,Field C
2022-08-11,19:15,Cow_464,6,2,7,0,24.0,Cloudy,Field A
2022-08-11,19:15,Cow_465,9,4,2,0,24.0,Cloudy,Field B
2022-08-11,19:15,Cow_466,8,4,3,0,24.0,Cloudy,Field A
2022-08-11,19:15,Cow_467,4,6,5,0,24.0,Cloudy,Field C
2022-08-11,19:15,Cow_468,14,0,7,0,24.0,Cloudy,Field C
2022-08-11,19:15,Cow_469,0,9,6,0,24.0,Cloudy,Field B
2022-08-11,19:15,Cow_470,6,5,4,0,24.0,Cloudy,Field C
2022-08-11,19:15,Cow_471,0,0,0,15,24.0,Cloudy,Field B
2022-08-11,19:15,Cow_472,5,3,7,0,24.0,Cloudy,Field C
2022-08-11,19:15,Cow_473,4,6,5,0,24.0,Cloudy,Field B
2022-08-11,19:15,Cow_474,2,5,8,0,24.0,Cloudy,Field A
2022-08-11,19:15,Cow_475,14,5,0,0,24.0,Cloudy,Field C
2022-08-11,19:15,Cow_476,5,4,6,0,24.0,Cloudy,Field C
2022-08-11,19:15,Cow_477,8,3,4,0,24.0,Cloudy,Field B
2022-08-11,19:15,Cow_478,10,1,4,0,24.0,Cloudy,Field A
2022-08-11,19:15,Cow_479,6,11,0,0,24.0,Cloudy,Field B
2022-08-11,19:15,Cow_480,2,8,5,0,24.0,Cloudy,Field C
2022-08-11,19:15,Cow_481,7,1,7,0,24.0,Cloudy,Field C
2022-08-11,19:15,Cow_482,2,10,3,0,24.0,Cloudy,Field B
2022-08-11,19:15,Cow_483,6,4,5,0,24.0,Cloudy,Field B
2022-08-11,19:15,Cow_484,12,0,6,0,24.0,Cloudy,Field B
2022-08-11,19:15,Cow_485,6,3,6,0,24.0,Cloudy,Field A
2022-08-11,19:15,Cow_486,13,8,0,0,24.0,Cloudy,Field A
2022-08-11,19:15,Cow_487,0,0,0,15,24.0,Cloudy,Field C
2022-08-11,19:15,Cow_488,0,9,6,0,24.0,Cloudy,Field A
2022-08-11,19:15,Cow_489,12,0,6,0,24.0,Cloudy,Field C
2022-08-11,19:15,Cow_490,10,8,0,0,24.0,Cloudy,Field A
2022-08-11,19:15,Cow_491,12,0,6,0,24.0,Cloudy,Field B
2022-08-11,19:15,Cow_492,14,4,0,0,24.0,Cloudy,Field B
2022-08-11,19:15,Cow_493,3,6,6,0,24.0,Cloudy,Field B
2022-08-11,19:15,Cow_494,11,0,5,0,24.0,Cloudy,Field C
2022-08-11,19:15,Cow_495,0,7,8,0,24.0,Cloudy,Field C
2022-08-11,19:15,Cow_496,7,9,0,0,24.0,Cloudy,Field A
2022-08-11,19:15,Cow_497,4,6,5,0,24.0,Cloudy,Field B
2022-08-11,19:15,Cow_498,13,4,0,0,24.0,Cloudy,Field A
2022-08-11,19:15,Cow_499,4,4,7,0,24.0,Cloudy,Field A
2022-08-11,19:15,Cow_500,2,7,6,0,24.0,Cloudy,Field A
2022-08-11,19:30,Cow_1,5,7,3,0,36.4,Cloudy,Field A
2022-08-11,19:30,Cow_2,5,7,3,0,36.4,Cloudy,Field B
2022-08-11,19:30,Cow_3,5,3,7,0,36.4,Cloudy,Field B
2022-08-11,19:30,Cow_4,14,9,0,0,36.4,Cloudy,Field B
2022-08-11,19:30,Cow_5,6,5,4,0,36.4,Cloudy,Field B
2022-08-11,19:30,Cow_6,5,7,3,0,36.4,Cloudy,Field C
2022-08-11,19:30,Cow_7,10,0,8,0,36.4,Cloudy,Field A
2022-08-11,19:30,Cow_8,11,0,7,0,36.4,Cloudy,Field C
2022-08-11,19:30,Cow_9,5,4,6,0,36.4,Cloudy,Field A
2022-08-11,19:30,Cow_10,7,3,5,0,36.4,Cloudy,Field C
2022-08-11,19:30,Cow_11,8,4,3,0,36.4,Cloudy,Field B
2022-08-11,19:30,Cow_12,5,4,6,0,36.4,Cloudy,Field C
2022-08-11,19:30,Cow_13,3,8,4,0,36.4,Cloudy,Field C
2022-08-11,19:30,Cow_14,10,8,0,0,36.4,Cloudy,Field A
2022-08-11,19:30,Cow_15,13,0,8,0,36.4,Cloudy,Field A
2022-08-11,19:30,Cow_16,11,0,8,0,36.4,Cloudy,Field B
2022-08-11,19:30,Cow_17,14,0,6,0,36.4,Cloudy,Field A
2022-08-11,19:30,Cow_18,6,9,0,0,36.4,Cloudy,Field B
2022-08-11,19:30,Cow_19,11,8,0,0,36.4,Cloudy,Field B
2022-08-11,19:30,Cow_20,5,9,1,0,36.4,Cloudy,Field C
2022-08-11,19:30,Cow_21,0,12,7,0,36.4,Cloudy,Field C
2022-08-11,19:30,Cow_22,9,3,3,0,36.4,Cloudy,Field A
2022-08-11,19:30,Cow_23,9,9,0,0,36.4,Cloudy,Field A
2022-08-11,19:30,Cow_24,6,4,5,0,36.4,Cloudy,Field C
2022-08-11,19:30,Cow_25,3,7,5,0,36.4,Cloudy,Field B
2022-08-11,19:30,Cow_26,3,6,6,0,36.4,Cloudy,Field C
2022-08-11,19:30,Cow_27,14,0,4,0,36.4,Cloudy,Field C
2022-08-11,19:30,Cow_28,8,0,7,0,36.4,Cloudy,Field C
2022-08-11,19:30,Cow_29,5,4,6,0,36.4,Cloudy,Field B
2022-08-11,19:30,Cow_30,4,8,3,0,36.4,Cloudy,Field C
2022-08-11,19:30,Cow_31,15,0,5,0,36.4,Cloudy,Field A
2022-08-11,19:30,Cow_32,13,0,7,0,36.4,Cloudy,Field A
2022-08-11,19:30,Cow_33,5,3,7,0,36.4,Cloudy,Field A
2022-08-11,19:30,Cow_34,14,9,0,0,36.4,Cloudy,Field B
2022-08-11,19:30,Cow_35,13,5,0,0,36.4,Cloudy,Field C
2022-08-11,19:30,Cow_36,12,3,0,0,36.4,Cloudy,Field B
2022-08-11,19:30,Cow_37,12,7,0,0,36.4,Cloudy,Field C
2022-08-11,19:30,Cow_38,11,0,7,0,36.4,Cloudy,Field B
2022-08-11,19:30,Cow_39,12,4,0,0,36.4,Cloudy,Field A
2022-08-11,19:30,Cow_40,8,1,6,0,36.4,Cloudy,Field A
2022-08-11,19:30,Cow_41,12,10,0,0,36.4,Cloudy,Field B
2022-08-11,19:30,Cow_42,7,2,6,0,36.4,Cloudy,Field A
2022-08-11,19:30,Cow_43,12,0,5,0,36.4,Cloudy,Field A
2022-08-11,19:30,Cow_44,4,8,3,0,36.4,Cloudy,Field C
2022-08-11,19:30,Cow_45,4,5,6,0,36.4,Cloudy,Field A
2022-08-11,19:30,Cow_46,9,10,0,0,36.4,Cloudy,Field C
2022-08-11,19:30,Cow_47,13,9,0,0,36.4,Cloudy,Field C
2022-08-11,19:30,Cow_48,9,3,3,0,36.4,Cloudy,Field C
2022-08-11,19:30,Cow_49,10,4,1,0,36.4,Cloudy,Field A
2022-08-11,19:30,Cow_50,14,0,7,0,36.4,Cloudy,Field B
2022-08-11,19:30,Cow_51,10,0,6,0,36.4,Cloudy,Field A
2022-08-11,19:30,Cow_52,6,4,5,0,36.4,Cloudy,Field C
2022-08-11,19:30,Cow_53,13,6,0,0,36.4,Cloudy,Field A
2022-08-11,19:30,Cow_54,3,7,5,0,36.4,Cloudy,Field B
2022-08-11,19:30,Cow_55,9,6,0,0,36.4,Cloudy,Field B
2022-08-11,19:30,Cow_56,5,6,4,0,36.4,Cloudy,Field B
2022-08-11,19:30,Cow_57,7,4,4,0,36.4,Cloudy,Field C
2022-08-11,19:30,Cow_58,11,1,3,0,36.4,Cloudy,Field B
2022-08-11,19:30,Cow_59,8,3,4,0,36.4,Cloudy,Field C
2022-08-11,19:30,Cow_60,9,4,2,0,36.4,Cloudy,Field B
2022-08-11,19:30,Cow_61,5,3,7,0,36.4,Cloudy,Field A
2022-08-11,19:30,Cow_62,8,10,0,0,36.4,Cloudy,Field C
2022-08-11,19:30,Cow_63,6,4,5,0,36.4,Cloudy,Field A
2022-08-11,19:30,Cow_64,5,5,5,0,36.4,Cloudy,Field C
2022-08-11,19:30,Cow_65,7,3,5,0,36.4,Cloudy,Field A
2022-08-11,19:30,Cow_66,11,0,7,0,36.4,Cloudy,Field C
2022-08-11,19:30,Cow_67,3,8,4,0,36.4,Cloudy,Field C
2022-08-11,19:30,Cow_68,12,8,0,0,36.4,Cloudy,Field A
2022-08-11,19:30,Cow_69,12,0,3,0,36.4,Cloudy,Field C
2022-08-11,19:30,Cow_70,10,2,3,0,36.4,Cloudy,Field A
2022-08-11,19:30,Cow_71,4,5,6,0,36.4,Cloudy,Field B
2022-08-11,19:30,Cow_72,2,7,6,0,36.4,Cloudy,Field C
2022-08-11,19:30,Cow_73,8,3,4,0,36.4,Cloudy,Field B
2022-08-11,19:30,Cow_74,8,2,5,0,36.4,Cloudy,Field A
2022-08-11,19:30,Cow_75,13,12,0,0,36.4,Cloudy,Field C
2022-08-11,19:30,Cow_76,9,8,0,0,36.4,Cloudy,Field C
2022-08-11,19:30,Cow_77,6,6,3,0,36.4,Cloudy,Field A
2022-08-11,19:30,Cow_78,12,0,7,0,36.4,Cloudy,Field B
2022-08-11,19:30,Cow_79,14,0,7,0,36.4,Cloudy,Field C
2022-08-11,19:30,Cow_80,7,6,2,0,36.4,Cloudy,Field A
2022-08-11,19:30,Cow_81,8,5,2,0,36.4,Cloudy,Field B
2022-08-11,19:30,Cow_82,6,6,3,0,36.4,Cloudy,Field C
2022-08-11,19:30,Cow_83,1,7,7,0,36.4,Cloudy,Field B
2022-08-11,19:30,Cow_84,9,0,7,0,36.4,Cloudy,Field B
2022-08-11,19:30,Cow_85,1,8,6,0,36.4,Cloudy,Field B
2022-08-11,19:30,Cow_86,12,0,7,0,36.4,Cloudy,Field B
2022-08-11,19:30,Cow_87,8,3,4,0,36.4,Cloudy,Field A
2022-08-11,19:30,Cow_88,11,1,3,0,36.4,Cloudy,Field A
2022-08-11,19:30,Cow_89,7,0,8,0,36.4,Cloudy,Field C
2022-08-11,19:30,Cow_90,11,0,8,0,36.4,Cloudy,Field C
2022-08-11,19:30,Cow_91,0,0,0,15,36.4,Cloudy,Field C
2022-08-11,19:30,Cow_92,0,10,7,0,36.4,Cloudy,Field A
2022-08-11,19:30,Cow_93,12,9,0,0,36.4,Cloudy,Field B
2022-08-11,19:30,Cow_94,11,7,0,0,36.4,Cloudy,Field C
2022-08-11,19:30,Cow_95,9,5,1,0,36.4,Cloudy,Field B
2022-08-11,19:30,Cow_96,4,4,7,0,36.4,Cloudy,Field B
2022-08-11,19:30,Cow_97,6,3,6,0,36.4,Cloudy,Field C
2022-08-11,19:30,Cow_98,0,12,10,0,36.4,Cloudy,Field B
2022-08-11,19:30,Cow_99,13,10,0,0,36.4,Cloudy,Field B
2022-08-11,19:30,Cow_100,7,9,0,0,36.4,Cloudy,Field C
2022-08-11,19:30,Cow_101,14,0,5,0,36.4,Cloudy,Field B
2022-08-11,19:30,Cow_102,13,7,0,0,36.4,Cloudy,Field C
2022-08-11,19:30,Cow_103,5,2,8,0,36.4,Cloudy,Field B
2022-08-11,19:30,Cow_104,2,8,5,0,36.4,Cloudy,Field A
2022-08-11,19:30,Cow_105,11,5,0,0,36.4,Cloudy,Field C
2022-08-11,19:30,Cow_106,9,0,6,0,36.4,Cloudy,Field C
2022-08-11,19:30,Cow_107,0,9,8,0,36.4,Cloudy,Field A
2022-08-11,19:30,Cow_108,14,0,5,0,36.4,Cloudy,Field B
2022-08-11,19:30,Cow_109,11,3,1,0,36.4,Cloudy,Field C
2022-08-11,19:30,Cow_110,4,4,7,0,36.4,Cloudy,Field B
2022-08-11,19:30,Cow_111,5,4,6,0,36.4,Cloudy,Field C
2022-08-11,19:30,Cow_112,10,5,0,0,36.4,Cloudy,Field B
2022-08-11,19:30,Cow_113,8,4,3,0,36.4,Cloudy,Field A
2022-08-11,19:30,Cow_114,11,0,5,0,36.4,Cloudy,Field B
2022-08-11,19:30,Cow_115,10,8,0,0,36.4,Cloudy,Field A
2022-08-11,19:30,Cow_116,7,3,5,0,36.4,Cloudy,Field A
2022-08-11,19:30,Cow_117,10,0,7,0,36.4,Cloudy,Field A
2022-08-11,19:30,Cow_118,2,6,7,0,36.4,Cloudy,Field A
2022-08-11,19:30,Cow_119,13,5,0,0,36.4,Cloudy,Field C
2022-08-11,19:30,Cow_120,5,4,6,0,36.4,Cloudy,Field B
2022-08-11,19:30,Cow_121,9,3,3,0,36.4,Cloudy,Field B
2022-08-11,19:30,Cow_122,3,9,3,0,36.4,Cloudy,Field B
2022-08-11,19:30,Cow_123,7,3,5,0,36.4,Cloudy,Field B
2022-08-11,19:30,Cow_124,0,0,0,15,36.4,Cloudy,Field C
2022-08-11,19:30,Cow_125,2,5,8,0,36.4,Cloudy,Field A
2022-08-11,19:30,Cow_126,9,7,0,0,36.4,Cloudy,Field A
2022-08-11,19:30,Cow_127,0,7,8,0,36.4,Cloudy,Field B
2022-08-11,19:30,Cow_128,4,5,6,0,36.4,Cloudy,Field C
2022-08-11,19:30,Cow_129,5,5,5,0,36.4,Cloudy,Field A
2022-08-11,19:30,Cow_130,8,3,4,0,36.4,Cloudy,Field A
2022-08-11,19:30,Cow_131,10,2,3,0,36.4,Cloudy,Field A
2022-08-11,19:30,Cow_132,2,8,5,0,36.4,Cloudy,Field C
2022-08-11,19:30,Cow_133,4,5,6,0,36.4,Cloudy,Field C
2022-08-11,19:30,Cow_134,6,1,8,0,36.4,Cloudy,Field B
2022-08-11,19:30,Cow_135,0,7,8,0,36.4,Cloudy,Field C
2022-08-11,19:30,Cow_136,14,7,0,0,36.4,Cloudy,Field B
2022-08-11,19:30,Cow_137,5,10,0,0,36.4,Cloudy,Field B
2022-08-11,19:30,Cow_138,9,6,0,0,36.4,Cloudy,Field C
2022-08-11,19:30,Cow_139,5,2,8,0,36.4,Cloudy,Field C
2022-08-11,19:30,Cow_140,11,5,0,0,36.4,Cloudy,Field B
2022-08-11,19:30,Cow_141,1,7,7,0,36.4,Cloudy,Field A
2022-08-11,19:30,Cow_142,5,6,4,0,36.4,Cloudy,Field A
2022-08-11,19:30,Cow_143,5,5,5,0,36.4,Cloudy,Field A
2022-08-11,19:30,Cow_144,14,0,5,0,36.4,Cloudy,Field B
2022-08-11,19:30,Cow_145,13,0,3,0,36.4,Cloudy,Field C
2022-08-11,19:30,Cow_146,10,10,0,0,36.4,Cloudy,Field C
2022-08-11,19:30,Cow_147,8,8,0,0,36.4,Cloudy,Field C
2022-08-11,19:30,Cow_148,7,3,5,0,36.4,Cloudy,Field C
2022-08-11,19:30,Cow_149,7,4,4,0,36.4,Cloudy,Field A
2022-08-11,19:30,Cow_150,4,3,8,0,36.4,Cloudy,Field C
2022-08-11,19:30,Cow_151,4,7,4,0,36.4,Cloudy,Field B
2022-08-11,19:30,Cow_152,10,0,8,0,36.4,Cloudy,Field B
2022-08-11,19:30,Cow_153,0,0,0,15,36.4,Cloudy,Field A
2022-08-11,19:30,Cow_154,9,5,1,0,36.4,Cloudy,Field B
2022-08-11,19:30,Cow_155,10,6,0,0,36.4,Cloudy,Field B
2022-08-11,19:30,Cow_156,4,4,7,0,36.4,Cloudy,Field B
2022-08-11,19:30,Cow_157,2,9,4,0,36.4,Cloudy,Field A
2022-08-11,19:30,Cow_158,14,0,5,0,36.4,Cloudy,Field B
2022-08-11,19:30,Cow_159,9,0,7,0,36.4,Cloudy,Field C
2022-08-11,19:30,Cow_160,12,0,3,0,36.4,Cloudy,Field C
2022-08-11,19:30,Cow_161,9,7,0,0,36.4,Cloudy,Field A
2022-08-11,19:30,Cow_162,13,7,0,0,36.4,Cloudy,Field C
2022-08-11,19:30,Cow_163,3,8,4,0,36.4,Cloudy,Field C
2022-08-11,19:30,Cow_164,2,6,7,0,36.4,Cloudy,Field C
2022-08-11,19:30,Cow_165,6,8,1,0,36.4,Cloudy,Field A
2022-08-11,19:30,Cow_166,3,8,4,0,36.4,Cloudy,Field C
2022-08-11,19:30,Cow_167,2,7,6,0,36.4,Cloudy,Field A
2022-08-11,19:30,Cow_168,6,5,4,0,36.4,Cloudy,Field B
2022-08-11,19:30,Cow_169,4,6,5,0,36.4,Cloudy,Field B
2022-08-11,19:30,Cow_170,0,0,0,15,36.4,Cloudy,Field B
2022-08-11,19:30,Cow_171,0,0,0,15,36.4,Cloudy,Field A
2022-08-11,19:30,Cow_172,0,0,0,15,36.4,Cloudy,Field B
2022-08-11,19:30,Cow_173,8,0,8,0,36.4,Cloudy,Field A
2022-08-11,19:30,Cow_174,5,4,6,0,36.4,Cloudy,Field A
2022-08-11,19:30,Cow_175,12,0,5,0,36.4,Cloudy,Field B
2022-08-11,19:30,Cow_176,5,2,8,0,36.4,Cloudy,Field B
2022-08-11,19:30,Cow_177,13,3,0,0,36.4,Cloudy,Field B
2022-08-11,19:30,Cow_178,7,2,6,0,36.4,Cloudy,Field B
2022-08-11,19:30,Cow_179,0,0,0,15,36.4,Cloudy,Field C
2022-08-11,19:30,Cow_180,6,3,6,0,36.4,Cloudy,Field A
2022-08-11,19:30,Cow_181,5,2,8,0,36.4,Cloudy,Field B
2022-08-11,19:30,Cow_182,9,0,8,0,36.4,Cloudy,Field B
2022-08-11,19:30,Cow_183,7,3,5,0,36.4,Cloudy,Field C
2022-08-11,19:30,Cow_184,13,0,6,0,36.4,Cloudy,Field B
2022-08-11,19:30,Cow_185,0,10,7,0,36.4,Cloudy,Field B
2022-08-11,19:30,Cow_186,3,5,7,0,36.4,Cloudy,Field A
2022-08-11,19:30,Cow_187,7,7,1,0,36.4,Cloudy,Field B
2022-08-11,19:30,Cow_188,4,6,5,0,36.4,Cloudy,Field C
2022-08-11,19:30,Cow_189,9,10,0,0,36.4,Cloudy,Field B
2022-08-11,19:30,Cow_190,13,0,8,0,36.4,Cloudy,Field C
2022-08-11,19:30,Cow_191,5,7,3,0,36.4,Cloudy,Field C
2022-08-11,19:30,Cow_192,0,9,8,0,36.4,Cloudy,Field B
2022-08-11,19:30,Cow_193,0,9,6,0,36.4,Cloudy,Field C
2022-08-11,19:30,Cow_194,0,0,0,15,36.4,Cloudy,Field C
2022-08-11,19:30,Cow_195,6,5,4,0,36.4,Cloudy,Field B
2022-08-11,19:30,Cow_196,3,4,8,0,36.4,Cloudy,Field B
2022-08-11,19:30,Cow_197,2,9,4,0,36.4,Cloudy,Field C
2022-08-11,19:30,Cow_198,0,0,0,15,36.4,Cloudy,Field C
2022-08-11,19:30,Cow_199,14,0,8,0,36.4,Cloudy,Field A
2022-08-11,19:30,Cow_200,12,3,0,0,36.4,Cloudy,Field C
2022-08-11,19:30,Cow_201,11,8,0,0,36.4,Cloudy,Field B
2022-08-11,19:30,Cow_202,0,9,6,0,36.4,Cloudy,Field C
2022-08-11,19:30,Cow_203,9,7,0,0,36.4,Cloudy,Field B
2022-08-11,19:30,Cow_204,7,7,1,0,36.4,Cloudy,Field B
2022-08-11,19:30,Cow_205,13,0,8,0,36.4,Cloudy,Field B
2022-08-11,19:30,Cow_206,10,0,8,0,36.4,Cloudy,Field B
2022-08-11,19:30,Cow_207,10,0,6,0,36.4,Cloudy,Field C
2022-08-11,19:30,Cow_208,5,3,7,0,36.4,Cloudy,Field A
2022-08-11,19:30,Cow_209,12,3,0,0,36.4,Cloudy,Field C
2022-08-11,19:30,Cow_210,9,0,6,0,36.4,Cloudy,Field A
2022-08-11,19:30,Cow_211,2,6,7,0,36.4,Cloudy,Field B
2022-08-11,19:30,Cow_212,6,10,0,0,36.4,Cloudy,Field A
2022-08-11,19:30,Cow_213,0,8,7,0,36.4,Cloudy,Field B
2022-08-11,19:30,Cow_214,12,0,8,0,36.4,Cloudy,Field B
2022-08-11,19:30,Cow_215,14,3,0,0,36.4,Cloudy,Field A
2022-08-11,19:30,Cow_216,3,8,4,0,36.4,Cloudy,Field C
2022-08-11,19:30,Cow_217,7,3,5,0,36.4,Cloudy,Field A
2022-08-11,19:30,Cow_218,0,0,0,15,36.4,Cloudy,Field B
2022-08-11,19:30,Cow_219,5,4,6,0,36.4,Cloudy,Field A
2022-08-11,19:30,Cow_220,6,6,3,0,36.4,Cloudy,Field A
2022-08-11,19:30,Cow_221,10,2,3,0,36.4,Cloudy,Field A
2022-08-11,19:30,Cow_222,3,4,8,0,36.4,Cloudy,Field B
2022-08-11,19:30,Cow_223,2,5,8,0,36.4,Cloudy,Field A
2022-08-11,19:30,Cow_224,7,6,2,0,36.4,Cloudy,Field B
2022-08-11,19:30,Cow_225,10,0,7,0,36.4,Cloudy,Field C
2022-08-11,19:30,Cow_226,9,0,7,0,36.4,Cloudy,Field C
2022-08-11,19:30,Cow_227,7,2,6,0,36.4,Cloudy,Field C
2022-08-11,19:30,Cow_228,14,9,0,0,36.4,Cloudy,Field B
2022-08-11,19:30,Cow_229,4,5,6,0,36.4,Cloudy,Field B
2022-08-11,19:30,Cow_230,7,3,5,0,36.4,Cloudy,Field C
2022-08-11,19:30,Cow_231,9,0,8,0,36.4,Cloudy,Field C
2022-08-11,19:30,Cow_232,2,6,7,0,36.4,Cloudy,Field A
2022-08-11,19:30,Cow_233,4,4,7,0,36.4,Cloudy,Field C
2022-08-11,19:30,Cow_234,0,0,0,15,36.4,Cloudy,Field B
2022-08-11,19:30,Cow_235,6,2,7,0,36.4,Cloudy,Field B
2022-08-11,19:30,Cow_236,5,5,5,0,36.4,Cloudy,Field C
2022-08-11,19:30,Cow_237,0,0,0,15,36.4,Cloudy,Field A
2022-08-11,19:30,Cow_238,0,8,7,0,36.4,Cloudy,Field C
2022-08-11,19:30,Cow_239,9,0,8,0,36.4,Cloudy,Field B
2022-08-11,19:30,Cow_240,11,3,1,0,36.4,Cloudy,Field A
2022-08-11,19:30,Cow_241,9,3,3,0,36.4,Cloudy,Field B
2022-08-11,19:30,Cow_242,0,9,6,0,36.4,Cloudy,Field A
2022-08-11,19:30,Cow_243,11,7,0,0,36.4,Cloudy,Field C
2022-08-11,19:30,Cow_244,13,0,8,0,36.4,Cloudy,Field C
2022-08-11,19:30,Cow_245,6,3,6,0,36.4,Cloudy,Field B
2022-08-11,19:30,Cow_246,4,3,8,0,36.4,Cloudy,Field C
2022-08-11,19:30,Cow_247,2,3,10,0,36.4,Cloudy,Field B
2022-08-11,19:30,Cow_248,7,2,6,0,36.4,Cloudy,Field C
2022-08-11,19:30,Cow_249,0,7,8,0,36.4,Cloudy,Field A
2022-08-11,19:30,Cow_250,13,0,5,0,36.4,Cloudy,Field A
2022-08-11,19:30,Cow_251,6,6,3,0,36.4,Cloudy,Field B
2022-08-11,19:30,Cow_252,3,3,9,0,36.4,Cloudy,Field A
2022-08-11,19:30,Cow_253,10,6,0,0,36.4,Cloudy,Field C
2022-08-11,19:30,Cow_254,6,2,7,0,36.4,Cloudy,Field B
2022-08-11,19:30,Cow_255,9,3,3,0,36.4,Cloudy,Field A
2022-08-11,19:30,Cow_256,3,7,5,0,36.4,Cloudy,Field A
2022-08-11,19:30,Cow_257,10,0,6,0,36.4,Cloudy,Field A
2022-08-11,19:30,Cow_258,9,3,3,0,36.4,Cloudy,Field C
2022-08-11,19:30,Cow_259,5,5,5,0,36.4,Cloudy,Field C
2022-08-11,19:30,Cow_260,11,4,0,0,36.4,Cloudy,Field C
2022-08-11,19:30,Cow_261,8,8,0,0,36.4,Cloudy,Field C
2022-08-11,19:30,Cow_262,3,6,6,0,36.4,Cloudy,Field B
2022-08-11,19:30,Cow_263,0,0,0,15,36.4,Cloudy,Field A
2022-08-11,19:30,Cow_264,11,0,5,0,36.4,Cloudy,Field A
2022-08-11,19:30,Cow_265,0,10,5,0,36.4,Cloudy,Field C
2022-08-11,19:30,Cow_266,5,5,5,0,36.4,Cloudy,Field A
2022-08-11,19:30,Cow_267,9,10,0,0,36.4,Cloudy,Field B
2022-08-11,19:30,Cow_268,4,6,5,0,36.4,Cloudy,Field A
2022-08-11,19:30,Cow_269,5,5,5,0,36.4,Cloudy,Field A
2022-08-11,19:30,Cow_270,9,1,5,0,36.4,Cloudy,Field C
2022-08-11,19:30,Cow_271,14,5,0,0,36.4,Cloudy,Field A
2022-08-11,19:30,Cow_272,5,7,3,0,36.4,Cloudy,Field C
2022-08-11,19:30,Cow_273,14,0,5,0,36.4,Cloudy,Field A
2022-08-11,19:30,Cow_274,8,9,0,0,36.4,Cloudy,Field C
2022-08-11,19:30,Cow_275,7,5,3,0,36.4,Cloudy,Field B
2022-08-11,19:30,Cow_276,11,0,5,0,36.4,Cloudy,Field A
2022-08-11,19:30,Cow_277,12,10,0,0,36.4,Cloudy,Field C
2022-08-11,19:30,Cow_278,14,8,0,0,36.4,Cloudy,Field C
2022-08-11,19:30,Cow_279,10,0,8,0,36.4,Cloudy,Field A
2022-08-11,19:30,Cow_280,0,9,8,0,36.4,Cloudy,Field C
2022-08-11,19:30,Cow_281,9,3,3,0,36.4,Cloudy,Field A
2022-08-11,19:30,Cow_282,3,7,5,0,36.4,Cloudy,Field C
2022-08-11,19:30,Cow_283,0,0,0,15,36.4,Cloudy,Field A
2022-08-11,19:30,Cow_284,2,6,7,0,36.4,Cloudy,Field A
2022-08-11,19:30,Cow_285,1,7,7,0,36.4,Cloudy,Field A
2022-08-11,19:30,Cow_286,0,0,0,15,36.4,Cloudy,Field C
2022-08-11,19:30,Cow_287,5,7,3,0,36.4,Cloudy,Field C
2022-08-11,19:30,Cow_288,0,0,0,15,36.4,Cloudy,Field A
2022-08-11,19:30,Cow_289,11,1,3,0,36.4,Cloudy,Field B
2022-08-11,19:30,Cow_290,10,4,1,0,36.4,Cloudy,Field B
2022-08-11,19:30,Cow_291,10,9,0,0,36.4,Cloudy,Field B
2022-08-11,19:30,Cow_292,13,4,0,0,36.4,Cloudy,Field A
2022-08-11,19:30,Cow_293,5,6,4,0,36.4,Cloudy,Field B
2022-08-11,19:30,Cow_294,0,0,0,15,36.4,Cloudy,Field B
2022-08-11,19:30,Cow_295,9,3,3,0,36.4,Cloudy,Field A
2022-08-11,19:30,Cow_296,8,4,3,0,36.4,Cloudy,Field B
2022-08-11,19:30,Cow_297,3,9,3,0,36.4,Cloudy,Field B
2022-08-11,19:30,Cow_298,0,10,6,0,36.4,Cloudy,Field A
2022-08-11,19:30,Cow_299,6,6,3,0,36.4,Cloudy,Field C
2022-08-11,19:30,Cow_300,5,7,3,0,36.4,Cloudy,Field A
2022-08-11,19:30,Cow_301,8,3,4,0,36.4,Cloudy,Field B
2022-08-11,19:30,Cow_302,3,7,5,0,36.4,Cloudy,Field C
2022-08-11,19:30,Cow_303,7,10,0,0,36.4,Cloudy,Field C
2022-08-11,19:30,Cow_304,4,5,6,0,36.4,Cloudy,Field A
2022-08-11,19:30,Cow_305,13,6,0,0,36.4,Cloudy,Field A
2022-08-11,19:30,Cow_306,6,2,7,0,36.4,Cloudy,Field A
2022-08-11,19:30,Cow_307,0,0,0,15,36.4,Cloudy,Field A
2022-08-11,19:30,Cow_308,12,6,0,0,36.4,Cloudy,Field C
2022-08-11,19:30,Cow_309,5,6,4,0,36.4,Cloudy,Field C
2022-08-11,19:30,Cow_310,10,4,1,0,36.4,Cloudy,Field C
2022-08-11,19:30,Cow_311,7,4,4,0,36.4,Cloudy,Field A
2022-08-11,19:30,Cow_312,8,4,3,0,36.4,Cloudy,Field A
2022-08-11,19:30,Cow_313,7,6,2,0,36.4,Cloudy,Field B
2022-08-11,19:30,Cow_314,6,4,5,0,36.4,Cloudy,Field C
2022-08-11,19:30,Cow_315,7,3,5,0,36.4,Cloudy,Field A
2022-08-11,19:30,Cow_316,7,4,4,0,36.4,Cloudy,Field A
2022-08-11,19:30,Cow_317,0,8,7,0,36.4,Cloudy,Field C
2022-08-11,19:30,Cow_318,14,0,6,0,36.4,Cloudy,Field B
2022-08-11,19:30,Cow_319,14,7,0,0,36.4,Cloudy,Field B
2022-08-11,19:30,Cow_320,12,0,4,0,36.4,Cloudy,Field A
2022-08-11,19:30,Cow_321,5,3,7,0,36.4,Cloudy,Field B
2022-08-11,19:30,Cow_322,9,0,6,0,36.4,Cloudy,Field A
2022-08-11,19:30,Cow_323,11,0,8,0,36.4,Cloudy,Field C
2022-08-11,19:30,Cow_324,0,0,0,15,36.4,Cloudy,Field B
2022-08-11,19:30,Cow_325,0,0,0,15,36.4,Cloudy,Field C
2022-08-11,19:30,Cow_326,8,4,3,0,36.4,Cloudy,Field B
2022-08-11,19:30,Cow_327,0,9,8,0,36.4,Cloudy,Field A
2022-08-11,19:30,Cow_328,10,8,0,0,36.4,Cloudy,Field B
2022-08-11,19:30,Cow_329,14,5,0,0,36.4,Cloudy,Field B
2022-08-11,19:30,Cow_330,5,7,3,0,36.4,Cloudy,Field C
2022-08-11,19:30,Cow_331,1,9,5,0,36.4,Cloudy,Field C
2022-08-11,19:30,Cow_332,12,6,0,0,36.4,Cloudy,Field A
2022-08-11,19:30,Cow_333,6,4,5,0,36.4,Cloudy,Field A
2022-08-11,19:30,Cow_334,13,0,6,0,36.4,Cloudy,Field B
2022-08-11,19:30,Cow_335,0,9,7,0,36.4,Cloudy,Field A
2022-08-11,19:30,Cow_336,1,10,4,0,36.4,Cloudy,Field B
2022-08-11,19:30,Cow_337,0,8,7,0,36.4,Cloudy,Field C
2022-08-11,19:30,Cow_338,8,6,1,0,36.4,Cloudy,Field B
2022-08-11,19:30,Cow_339,13,0,5,0,36.4,Cloudy,Field C
2022-08-11,19:30,Cow_340,6,2,7,0,36.4,Cloudy,Field B
2022-08-11,19:30,Cow_341,6,5,4,0,36.4,Cloudy,Field B
2022-08-11,19:30,Cow_342,4,3,8,0,36.4,Cloudy,Field C
2022-08-11,19:30,Cow_343,3,7,5,0,36.4,Cloudy,Field B
2022-08-11,19:30,Cow_344,8,9,0,0,36.4,Cloudy,Field C
2022-08-11,19:30,Cow_345,11,0,8,0,36.4,Cloudy,Field B
2022-08-11,19:30,Cow_346,9,6,0,0,36.4,Cloudy,Field B
2022-08-11,19:30,Cow_347,10,0,5,0,36.4,Cloudy,Field C
2022-08-11,19:30,Cow_348,15,0,6,0,36.4,Cloudy,Field B
2022-08-11,19:30,Cow_349,0,0,0,15,36.4,Cloudy,Field C
2022-08-11,19:30,Cow_350,11,5,0,0,36.4,Cloudy,Field B
2022-08-11,19:30,Cow_351,0,0,0,15,36.4,Cloudy,Field A
2022-08-11,19:30,Cow_352,5,6,4,0,36.4,Cloudy,Field A
2022-08-11,19:30,Cow_353,14,0,6,0,36.4,Cloudy,Field A
2022-08-11,19:30,Cow_354,10,4,1,0,36.4,Cloudy,Field B
2022-08-11,19:30,Cow_355,6,6,3,0,36.4,Cloudy,Field A
2022-08-11,19:30,Cow_356,6,3,6,0,36.4,Cloudy,Field C
2022-08-11,19:30,Cow_357,10,5,0,0,36.4,Cloudy,Field B
2022-08-11,19:30,Cow_358,8,4,3,0,36.4,Cloudy,Field A
2022-08-11,19:30,Cow_359,7,9,0,0,36.4,Cloudy,Field B
2022-08-11,19:30,Cow_360,7,3,5,0,36.4,Cloudy,Field C
2022-08-11,19:30,Cow_361,6,1,8,0,36.4,Cloudy,Field A
2022-08-11,19:30,Cow_362,8,0,8,0,36.4,Cloudy,Field C
2022-08-11,19:30,Cow_363,13,7,0,0,36.4,Cloudy,Field B
2022-08-11,19:30,Cow_364,8,4,3,0,36.4,Cloudy,Field B
2022-08-11,19:30,Cow_365,6,3,6,0,36.4,Cloudy,Field A
2022-08-11,19:30,Cow_366,8,4,3,0,36.4,Cloudy,Field A
2022-08-11,19:30,Cow_367,13,6,0,0,36.4,Cloudy,Field A
2022-08-11,19:30,Cow_368,14,0,7,0,36.4,Cloudy,Field A
2022-08-11,19:30,Cow_369,6,3,6,0,36.4,Cloudy,Field A
2022-08-11,19:30,Cow_370,10,2,3,0,36.4,Cloudy,Field A
2022-08-11,19:30,Cow_371,9,0,8,0,36.4,Cloudy,Field C
2022-08-11,19:30,Cow_372,6,10,0,0,36.4,Cloudy,Field B
2022-08-11,19:30,Cow_373,8,9,0,0,36.4,Cloudy,Field B
2022-08-11,19:30,Cow_374,0,0,0,15,36.4,Cloudy,Field B
2022-08-11,19:30,Cow_375,0,0,0,15,36.4,Cloudy,Field A
2022-08-11,19:30,Cow_376,13,0,7,0,36.4,Cloudy,Field A
2022-08-11,19:30,Cow_377,6,5,4,0,36.4,Cloudy,Field A
2022-08-11,19:30,Cow_378,13,7,0,0,36.4,Cloudy,Field B
2022-08-11,19:30,Cow_379,10,2,3,0,36.4,Cloudy,Field C
2022-08-11,19:30,Cow_380,10,2,3,0,36.4,Cloudy,Field A
2022-08-11,19:30,Cow_381,8,0,9,0,36.4,Cloudy,Field B
2022-08-11,19:30,Cow_382,6,4,5,0,36.4,Cloudy,Field C
2022-08-11,19:30,Cow_383,10,3,2,0,36.4,Cloudy,Field A
2022-08-11,19:30,Cow_384,2,6,7,0,36.4,Cloudy,Field C
2022-08-11,19:30,Cow_385,7,5,3,0,36.4,Cloudy,Field C
2022-08-11,19:30,Cow_386,3,6,6,0,36.4,Cloudy,Field B
2022-08-11,19:30,Cow_387,7,3,5,0,36.4,Cloudy,Field B
2022-08-11,19:30,Cow_388,7,4,4,0,36.4,Cloudy,Field B
2022-08-11,19:30,Cow_389,14,0,4,0,36.4,Cloudy,Field C
2022-08-11,19:30,Cow_390,5,5,5,0,36.4,Cloudy,Field C
2022-08-11,19:30,Cow_391,11,2,2,0,36.4,Cloudy,Field A
2022-08-11,19:30,Cow_392,14,0,5,0,36.4,Cloudy,Field B
2022-08-11,19:30,Cow_393,4,5,6,0,36.4,Cloudy,Field C
2022-08-11,19:30,Cow_394,5,4,6,0,36.4,Cloudy,Field C
2022-08-11,19:30,Cow_395,15,0,7,0,36.4,Cloudy,Field C
2022-08-11,19:30,Cow_396,1,8,6,0,36.4,Cloudy,Field B
2022-08-11,19:30,Cow_397,8,3,4,0,36.4,Cloudy,Field C
2022-08-11,19:30,Cow_398,5,4,6,0,36.4,Cloudy,Field B
2022-08-11,19:30,Cow_399,5,5,5,0,36.4,Cloudy,Field B
2022-08-11,19:30,Cow_400,10,5,0,0,36.4,Cloudy,Field B
2022-08-11,19:30,Cow_401,7,9,0,0,36.4,Cloudy,Field B
2022-08-11,19:30,Cow_402,12,0,7,0,36.4,Cloudy,Field C
2022-08-11,19:30,Cow_403,8,5,2,0,36.4,Cloudy,Field B
2022-08-11,19:30,Cow_404,10,2,3,0,36.4,Cloudy,Field C
2022-08-11,19:30,Cow_405,1,9,5,0,36.4,Cloudy,Field B
2022-08-11,19:30,Cow_406,1,9,5,0,36.4,Cloudy,Field A
2022-08-11,19:30,Cow_407,5,6,4,0,36.4,Cloudy,Field C
2022-08-11,19:30,Cow_408,11,0,8,0,36.4,Cloudy,Field B
2022-08-11,19:30,Cow_409,13,0,7,0,36.4,Cloudy,Field B
2022-08-11,19:30,Cow_410,3,8,4,0,36.4,Cloudy,Field A
2022-08-11,19:30,Cow_411,14,6,0,0,36.4,Cloudy,Field C
2022-08-11,19:30,Cow_412,14,5,0,0,36.4,Cloudy,Field A
2022-08-11,19:30,Cow_413,11,0,7,0,36.4,Cloudy,Field A
2022-08-11,19:30,Cow_414,10,0,6,0,36.4,Cloudy,Field A
2022-08-11,19:30,Cow_415,0,10,5,0,36.4,Cloudy,Field C
2022-08-11,19:30,Cow_416,4,7,4,0,36.4,Cloudy,Field B
2022-08-11,19:30,Cow_417,7,5,3,0,36.4,Cloudy,Field C
2022-08-11,19:30,Cow_418,14,0,8,0,36.4,Cloudy,Field A
2022-08-11,19:30,Cow_419,12,10,0,0,36.4,Cloudy,Field B
2022-08-11,19:30,Cow_420,8,5,2,0,36.4,Cloudy,Field B
2022-08-11,19:30,Cow_421,7,5,3,0,36.4,Cloudy,Field B
2022-08-11,19:30,Cow_422,10,10,0,0,36.4,Cloudy,Field B
2022-08-11,19:30,Cow_423,6,3,6,0,36.4,Cloudy,Field B
2022-08-11,19:30,Cow_424,14,4,0,0,36.4,Cloudy,Field C
2022-08-11,19:30,Cow_425,9,3,3,0,36.4,Cloudy,Field B
2022-08-11,19:30,Cow_426,10,3,2,0,36.4,Cloudy,Field B
2022-08-11,19:30,Cow_427,0,0,0,15,36.4,Cloudy,Field B
2022-08-11,19:30,Cow_428,7,5,3,0,36.4,Cloudy,Field C
2022-08-11,19:30,Cow_429,11,5,0,0,36.4,Cloudy,Field A
2022-08-11,19:30,Cow_430,8,3,4,0,36.4,Cloudy,Field C
2022-08-11,19:30,Cow_431,9,6,0,0,36.4,Cloudy,Field A
2022-08-11,19:30,Cow_432,12,0,7,0,36.4,Cloudy,Field C
2022-08-11,19:30,Cow_433,11,0,5,0,36.4,Cloudy,Field C
2022-08-11,19:30,Cow_434,0,0,0,15,36.4,Cloudy,Field B
2022-08-11,19:30,Cow_435,13,0,8,0,36.4,Cloudy,Field B
2022-08-11,19:30,Cow_436,10,3,2,0,36.4,Cloudy,Field C
2022-08-11,19:30,Cow_437,2,10,3,0,36.4,Cloudy,Field C
2022-08-11,19:30,Cow_438,0,0,0,15,36.4,Cloudy,Field A
2022-08-11,19:30,Cow_439,13,4,0,0,36.4,Cloudy,Field A
2022-08-11,19:30,Cow_440,9,2,4,0,36.4,Cloudy,Field B
2022-08-11,19:30,Cow_441,2,5,8,0,36.4,Cloudy,Field A
2022-08-11,19:30,Cow_442,12,0,4,0,36.4,Cloudy,Field C
2022-08-11,19:30,Cow_443,7,0,8,0,36.4,Cloudy,Field A
2022-08-11,19:30,Cow_444,11,3,1,0,36.4,Cloudy,Field B
2022-08-11,19:30,Cow_445,3,6,6,0,36.4,Cloudy,Field B
2022-08-11,19:30,Cow_446,14,10,0,0,36.4,Cloudy,Field B
2022-08-11,19:30,Cow_447,5,4,6,0,36.4,Cloudy,Field C
2022-08-11,19:30,Cow_448,4,8,3,0,36.4,Cloudy,Field B
2022-08-11,19:30,Cow_449,0,7,8,0,36.4,Cloudy,Field A
2022-08-11,19:30,Cow_450,0,0,0,15,36.4,Cloudy,Field B
2022-08-11,19:30,Cow_451,0,10,8,0,36.4,Cloudy,Field C
2022-08-11,19:30,Cow_452,9,6,0,0,36.4,Cloudy,Field C
2022-08-11,19:30,Cow_453,12,9,0,0,36.4,Cloudy,Field C
2022-08-11,19:30,Cow_454,9,4,2,0,36.4,Cloudy,Field C
2022-08-11,19:30,Cow_455,6,6,3,0,36.4,Cloudy,Field A
2022-08-11,19:30,Cow_456,9,3,3,0,36.4,Cloudy,Field C
2022-08-11,19:30,Cow_457,1,10,4,0,36.4,Cloudy,Field C
2022-08-11,19:30,Cow_458,8,8,0,0,36.4,Cloudy,Field C
2022-08-11,19:30,Cow_459,13,9,0,0,36.4,Cloudy,Field B
2022-08-11,19:30,Cow_460,0,8,7,0,36.4,Cloudy,Field C
2022-08-11,19:30,Cow_461,0,0,0,15,36.4,Cloudy,Field C
2022-08-11,19:30,Cow_462,13,0,8,0,36.4,Cloudy,Field B
2022-08-11,19:30,Cow_463,9,7,0,0,36.4,Cloudy,Field B
2022-08-11,19:30,Cow_464,10,3,2,0,36.4,Cloudy,Field C
2022-08-11,19:30,Cow_465,14,4,0,0,36.4,Cloudy,Field C
2022-08-11,19:30,Cow_466,3,9,3,0,36.4,Cloudy,Field A
2022-08-11,19:30,Cow_467,5,4,6,0,36.4,Cloudy,Field C
2022-08-11,19:30,Cow_468,5,5,5,0,36.4,Cloudy,Field B
2022-08-11,19:30,Cow_469,5,10,0,0,36.4,Cloudy,Field C
2022-08-11,19:30,Cow_470,13,0,5,0,36.4,Cloudy,Field A
2022-08-11,19:30,Cow_471,13,0,4,0,36.4,Cloudy,Field C
2022-08-11,19:30,Cow_472,0,0,0,15,36.4,Cloudy,Field A
2022-08-11,19:30,Cow_473,4,5,6,0,36.4,Cloudy,Field A
2022-08-11,19:30,Cow_474,3,7,5,0,36.4,Cloudy,Field A
2022-08-11,19:30,Cow_475,0,10,5,0,36.4,Cloudy,Field B
2022-08-11,19:30,Cow_476,10,9,0,0,36.4,Cloudy,Field B
2022-08-11,19:30,Cow_477,7,2,6,0,36.4,Cloudy,Field B
2022-08-11,19:30,Cow_478,6,6,3,0,36.4,Cloudy,Field C
2022-08-11,19:30,Cow_479,10,3,2,0,36.4,Cloudy,Field C
2022-08-11,19:30,Cow_480,14,0,8,0,36.4,Cloudy,Field C
2022-08-11,19:30,Cow_481,14,0,5,0,36.4,Cloudy,Field C
2022-08-11,19:30,Cow_482,8,3,4,0,36.4,Cloudy,Field C
2022-08-11,19:30,Cow_483,9,5,1,0,36.4,Cloudy,Field A
2022-08-11,19:30,Cow_484,0,9,6,0,36.4,Cloudy,Field B
2022-08-11,19:30,Cow_485,12,0,8,0,36.4,Cloudy,Field B
2022-08-11,19:30,Cow_486,14,10,0,0,36.4,Cloudy,Field B
2022-08-11,19:30,Cow_487,11,0,8,0,36.4,Cloudy,Field A
2022-08-11,19:30,Cow_488,0,7,8,0,36.4,Cloudy,Field A
2022-08-11,19:30,Cow_489,11,1,3,0,36.4,Cloudy,Field B
2022-08-11,19:30,Cow_490,12,0,3,0,36.4,Cloudy,Field A
2022-08-11,19:30,Cow_491,5,5,5,0,36.4,Cloudy,Field A
2022-08-11,19:30,Cow_492,12,9,0,0,36.4,Cloudy,Field C
2022-08-11,19:30,Cow_493,0,0,0,15,36.4,Cloudy,Field B
2022-08-11,19:30,Cow_494,8,4,3,0,36.4,Cloudy,Field B
2022-08-11,19:30,Cow_495,12,0,4,0,36.4,Cloudy,Field B
2022-08-11,19:30,Cow_496,2,7,6,0,36.4,Cloudy,Field B
2022-08-11,19:30,Cow_497,12,4,0,0,36.4,Cloudy,Field B
2022-08-11,19:30,Cow_498,5,7,3,0,36.4,Cloudy,Field B
2022-08-11,19:30,Cow_499,6,3,6,0,36.4,Cloudy,Field B
2022-08-11,19:30,Cow_500,9,3,3,0,36.4,Cloudy,Field C
2022-08-11,19:45,Cow_1,13,8,0,0,24.7,Clear,Field A
2022-08-11,19:45,Cow_2,4,7,4,0,24.7,Clear,Field A
2022-08-11,19:45,Cow_3,10,1,4,0,24.7,Clear,Field C
2022-08-11,19:45,Cow_4,13,5,0,0,24.7,Clear,Field B
2022-08-11,19:45,Cow_5,5,7,3,0,24.7,Clear,Field C
2022-08-11,19:45,Cow_6,11,6,0,0,24.7,Clear,Field A
2022-08-11,19:45,Cow_7,2,7,6,0,24.7,Clear,Field B
2022-08-11,19:45,Cow_8,2,10,3,0,24.7,Clear,Field A
2022-08-11,19:45,Cow_9,14,4,0,0,24.7,Clear,Field A
2022-08-11,19:45,Cow_10,8,1,6,0,24.7,Clear,Field B
2022-08-11,19:45,Cow_11,3,9,3,0,24.7,Clear,Field C
2022-08-11,19:45,Cow_12,12,6,0,0,24.7,Clear,Field B
2022-08-11,19:45,Cow_13,12,8,0,0,24.7,Clear,Field B
2022-08-11,19:45,Cow_14,5,6,4,0,24.7,Clear,Field C
2022-08-11,19:45,Cow_15,0,7,8,0,24.7,Clear,Field B
2022-08-11,19:45,Cow_16,11,0,8,0,24.7,Clear,Field A
2022-08-11,19:45,Cow_17,9,3,3,0,24.7,Clear,Field B
2022-08-11,19:45,Cow_18,5,7,3,0,24.7,Clear,Field C
2022-08-11,19:45,Cow_19,1,6,8,0,24.7,Clear,Field B
2022-08-11,19:45,Cow_20,7,3,5,0,24.7,Clear,Field A
2022-08-11,19:45,Cow_21,7,11,0,0,24.7,Clear,Field B
2022-08-11,19:45,Cow_22,6,6,3,0,24.7,Clear,Field A
2022-08-11,19:45,Cow_23,6,1,8,0,24.7,Clear,Field C
2022-08-11,19:45,Cow_24,7,5,3,0,24.7,Clear,Field C
2022-08-11,19:45,Cow_25,7,4,4,0,24.7,Clear,Field A
2022-08-11,19:45,Cow_26,13,0,8,0,24.7,Clear,Field B
2022-08-11,19:45,Cow_27,9,3,3,0,24.7,Clear,Field A
2022-08-11,19:45,Cow_28,0,9,7,0,24.7,Clear,Field C
2022-08-11,19:45,Cow_29,13,10,0,0,24.7,Clear,Field B
2022-08-11,19:45,Cow_30,13,0,8,0,24.7,Clear,Field C
2022-08-11,19:45,Cow_31,2,3,10,0,24.7,Clear,Field C
2022-08-11,19:45,Cow_32,1,6,8,0,24.7,Clear,Field A
2022-08-11,19:45,Cow_33,7,6,2,0,24.7,Clear,Field A
2022-08-11,19:45,Cow_34,9,10,0,0,24.7,Clear,Field C
2022-08-11,19:45,Cow_35,6,3,6,0,24.7,Clear,Field C
2022-08-11,19:45,Cow_36,9,2,4,0,24.7,Clear,Field C
2022-08-11,19:45,Cow_37,12,8,0,0,24.7,Clear,Field A
2022-08-11,19:45,Cow_38,6,5,4,0,24.7,Clear,Field B
2022-08-11,19:45,Cow_39,1,6,8,0,24.7,Clear,Field B
2022-08-11,19:45,Cow_40,11,7,0,0,24.7,Clear,Field C
2022-08-11,19:45,Cow_41,10,5,0,0,24.7,Clear,Field B
2022-08-11,19:45,Cow_42,5,8,2,0,24.7,Clear,Field C
2022-08-11,19:45,Cow_43,5,7,3,0,24.7,Clear,Field C
2022-08-11,19:45,Cow_44,14,7,0,0,24.7,Clear,Field A
2022-08-11,19:45,Cow_45,7,10,0,0,24.7,Clear,Field B
2022-08-11,19:45,Cow_46,0,0,0,15,24.7,Clear,Field C
2022-08-11,19:45,Cow_47,14,10,0,0,24.7,Clear,Field A
2022-08-11,19:45,Cow_48,6,5,4,0,24.7,Clear,Field A
2022-08-11,19:45,Cow_49,7,5,3,0,24.7,Clear,Field B
2022-08-11,19:45,Cow_50,0,0,0,15,24.7,Clear,Field A
2022-08-11,19:45,Cow_51,9,0,6,0,24.7,Clear,Field A
2022-08-11,19:45,Cow_52,6,2,7,0,24.7,Clear,Field B
2022-08-11,19:45,Cow_53,12,4,0,0,24.7,Clear,Field A
2022-08-11,19:45,Cow_54,7,6,2,0,24.7,Clear,Field C
2022-08-11,19:45,Cow_55,14,0,6,0,24.7,Clear,Field A
2022-08-11,19:45,Cow_56,0,0,0,15,24.7,Clear,Field C
2022-08-11,19:45,Cow_57,0,8,8,0,24.7,Clear,Field C
2022-08-11,19:45,Cow_58,13,0,7,0,24.7,Clear,Field A
2022-08-11,19:45,Cow_59,5,7,3,0,24.7,Clear,Field A
2022-08-11,19:45,Cow_60,6,3,6,0,24.7,Clear,Field B
2022-08-11,19:45,Cow_61,13,7,0,0,24.7,Clear,Field A
2022-08-11,19:45,Cow_62,2,7,6,0,24.7,Clear,Field C
2022-08-11,19:45,Cow_63,0,8,10,0,24.7,Clear,Field C
2022-08-11,19:45,Cow_64,5,3,7,0,24.7,Clear,Field A
2022-08-11,19:45,Cow_65,5,6,4,0,24.7,Clear,Field C
2022-08-11,19:45,Cow_66,6,3,6,0,24.7,Clear,Field B
2022-08-11,19:45,Cow_67,4,8,3,0,24.7,Clear,Field A
2022-08-11,19:45,Cow_68,3,4,8,0,24.7,Clear,Field B
2022-08-11,19:45,Cow_69,2,7,6,0,24.7,Clear,Field A
2022-08-11,19:45,Cow_70,0,0,0,15,24.7,Clear,Field A
2022-08-11,19:45,Cow_71,0,0,0,15,24.7,Clear,Field B
2022-08-11,19:45,Cow_72,11,0,4,0,24.7,Clear,Field B
2022-08-11,19:45,Cow_73,7,8,0,0,24.7,Clear,Field A
2022-08-11,19:45,Cow_74,6,10,0,0,24.7,Clear,Field A
2022-08-11,19:45,Cow_75,5,3,7,0,24.7,Clear,Field C
2022-08-11,19:45,Cow_76,0,8,8,0,24.7,Clear,Field C
2022-08-11,19:45,Cow_77,2,10,3,0,24.7,Clear,Field A
2022-08-11,19:45,Cow_78,5,3,7,0,24.7,Clear,Field B
2022-08-11,19:45,Cow_79,9,2,4,0,24.7,Clear,Field B
2022-08-11,19:45,Cow_80,12,7,0,0,24.7,Clear,Field B
2022-08-11,19:45,Cow_81,5,8,2,0,24.7,Clear,Field A
2022-08-11,19:45,Cow_82,5,5,5,0,24.7,Clear,Field A
2022-08-11,19:45,Cow_83,6,4,5,0,24.7,Clear,Field C
2022-08-11,19:45,Cow_84,9,0,6,0,24.7,Clear,Field B
2022-08-11,19:45,Cow_85,14,0,3,0,24.7,Clear,Field B
2022-08-11,19:45,Cow_86,0,0,0,15,24.7,Clear,Field C
2022-08-11,19:45,Cow_87,6,6,3,0,24.7,Clear,Field C
2022-08-11,19:45,Cow_88,6,4,5,0,24.7,Clear,Field C
2022-08-11,19:45,Cow_89,9,3,3,0,24.7,Clear,Field B
2022-08-11,19:45,Cow_90,12,0,8,0,24.7,Clear,Field B
2022-08-11,19:45,Cow_91,12,0,4,0,24.7,Clear,Field B
2022-08-11,19:45,Cow_92,5,7,3,0,24.7,Clear,Field B
2022-08-11,19:45,Cow_93,6,7,2,0,24.7,Clear,Field C
2022-08-11,19:45,Cow_94,11,0,5,0,24.7,Clear,Field C
2022-08-11,19:45,Cow_95,6,6,3,0,24.7,Clear,Field C
2022-08-11,19:45,Cow_96,6,6,3,0,24.7,Clear,Field C
2022-08-11,19:45,Cow_97,0,10,5,0,24.7,Clear,Field A
2022-08-11,19:45,Cow_98,0,6,10,0,24.7,Clear,Field C
2022-08-11,19:45,Cow_99,2,10,3,0,24.7,Clear,Field A
2022-08-11,19:45,Cow_100,0,10,5,0,24.7,Clear,Field A
2022-08-11,19:45,Cow_101,7,5,3,0,24.7,Clear,Field C
2022-08-11,19:45,Cow_102,8,6,1,0,24.7,Clear,Field B
2022-08-11,19:45,Cow_103,5,6,4,0,24.7,Clear,Field C
2022-08-11,19:45,Cow_104,0,0,0,15,24.7,Clear,Field A
2022-08-11,19:45,Cow_105,11,10,0,0,24.7,Clear,Field C
2022-08-11,19:45,Cow_106,10,0,7,0,24.7,Clear,Field C
2022-08-11,19:45,Cow_107,11,6,0,0,24.7,Clear,Field A
2022-08-11,19:45,Cow_108,9,0,7,0,24.7,Clear,Field A
2022-08-11,19:45,Cow_109,11,0,4,0,24.7,Clear,Field C
2022-08-11,19:45,Cow_110,5,7,3,0,24.7,Clear,Field C
2022-08-11,19:45,Cow_111,9,2,4,0,24.7,Clear,Field C
2022-08-11,19:45,Cow_112,0,0,0,15,24.7,Clear,Field C
2022-08-11,19:45,Cow_113,5,5,5,0,24.7,Clear,Field C
2022-08-11,19:45,Cow_114,5,4,6,0,24.7,Clear,Field B
2022-08-11,19:45,Cow_115,7,7,1,0,24.7,Clear,Field B
2022-08-11,19:45,Cow_116,10,6,0,0,24.7,Clear,Field C
2022-08-11,19:45,Cow_117,11,0,4,0,24.7,Clear,Field B
2022-08-11,19:45,Cow_118,4,8,3,0,24.7,Clear,Field A
2022-08-11,19:45,Cow_119,5,9,1,0,24.7,Clear,Field C
2022-08-11,19:45,Cow_120,2,8,5,0,24.7,Clear,Field A
2022-08-11,19:45,Cow_121,7,10,0,0,24.7,Clear,Field C
2022-08-11,19:45,Cow_122,11,0,7,0,24.7,Clear,Field C
2022-08-11,19:45,Cow_123,3,5,7,0,24.7,Clear,Field A
2022-08-11,19:45,Cow_124,2,10,3,0,24.7,Clear,Field C
2022-08-11,19:45,Cow_125,9,3,3,0,24.7,Clear,Field A
2022-08-11,19:45,Cow_126,0,7,8,0,24.7,Clear,Field B
2022-08-11,19:45,Cow_127,5,2,8,0,24.7,Clear,Field B
2022-08-11,19:45,Cow_128,5,10,0,0,24.7,Clear,Field A
2022-08-11,19:45,Cow_129,3,4,8,0,24.7,Clear,Field C
2022-08-11,19:45,Cow_130,11,0,5,0,24.7,Clear,Field B
2022-08-11,19:45,Cow_131,6,9,0,0,24.7,Clear,Field C
2022-08-11,19:45,Cow_132,4,4,7,0,24.7,Clear,Field A
2022-08-11,19:45,Cow_133,8,4,3,0,24.7,Clear,Field C
2022-08-11,19:45,Cow_134,0,0,0,15,24.7,Clear,Field C
2022-08-11,19:45,Cow_135,0,0,0,15,24.7,Clear,Field C
2022-08-11,19:45,Cow_136,14,0,4,0,24.7,Clear,Field B
2022-08-11,19:45,Cow_137,12,3,0,0,24.7,Clear,Field B
2022-08-11,19:45,Cow_138,6,8,1,0,24.7,Clear,Field C
2022-08-11,19:45,Cow_139,12,0,7,0,24.7,Clear,Field A
2022-08-11,19:45,Cow_140,4,6,5,0,24.7,Clear,Field C
2022-08-11,19:45,Cow_141,10,7,0,0,24.7,Clear,Field C
2022-08-11,19:45,Cow_142,10,2,3,0,24.7,Clear,Field A
2022-08-11,19:45,Cow_143,11,0,4,0,24.7,Clear,Field B
2022-08-11,19:45,Cow_144,9,6,0,0,24.7,Clear,Field B
2022-08-11,19:45,Cow_145,7,0,8,0,24.7,Clear,Field C
2022-08-11,19:45,Cow_146,9,3,3,0,24.7,Clear,Field B
2022-08-11,19:45,Cow_147,13,0,8,0,24.7,Clear,Field C
2022-08-11,19:45,Cow_148,6,4,5,0,24.7,Clear,Field B
2022-08-11,19:45,Cow_149,10,0,8,0,24.7,Clear,Field B
2022-08-11,19:45,Cow_150,13,0,7,0,24.7,Clear,Field A
2022-08-11,19:45,Cow_151,8,4,3,0,24.7,Clear,Field C
2022-08-11,19:45,Cow_152,13,0,8,0,24.7,Clear,Field B
2022-08-11,19:45,Cow_153,7,3,5,0,24.7,Clear,Field B
2022-08-11,19:45,Cow_154,14,0,5,0,24.7,Clear,Field C
2022-08-11,19:45,Cow_155,9,3,3,0,24.7,Clear,Field C
2022-08-11,19:45,Cow_156,9,3,3,0,24.7,Clear,Field C
2022-08-11,19:45,Cow_157,9,0,8,0,24.7,Clear,Field C
2022-08-11,19:45,Cow_158,10,4,1,0,24.7,Clear,Field B
2022-08-11,19:45,Cow_159,9,3,3,0,24.7,Clear,Field A
2022-08-11,19:45,Cow_160,12,0,3,0,24.7,Clear,Field C
2022-08-11,19:45,Cow_161,5,9,1,0,24.7,Clear,Field B
2022-08-11,19:45,Cow_162,10,6,0,0,24.7,Clear,Field A
2022-08-11,19:45,Cow_163,9,3,3,0,24.7,Clear,Field A
2022-08-11,19:45,Cow_164,9,0,6,0,24.7,Clear,Field C
2022-08-11,19:45,Cow_165,10,9,0,0,24.7,Clear,Field B
2022-08-11,19:45,Cow_166,3,9,3,0,24.7,Clear,Field A
2022-08-11,19:45,Cow_167,6,4,5,0,24.7,Clear,Field B
2022-08-11,19:45,Cow_168,3,4,8,0,24.7,Clear,Field C
2022-08-11,19:45,Cow_169,9,3,3,0,24.7,Clear,Field B
2022-08-11,19:45,Cow_170,4,3,8,0,24.7,Clear,Field A
2022-08-11,19:45,Cow_171,14,0,3,0,24.7,Clear,Field B
2022-08-11,19:45,Cow_172,0,0,0,15,24.7,Clear,Field A
2022-08-11,19:45,Cow_173,5,10,0,0,24.7,Clear,Field C
2022-08-11,19:45,Cow_174,1,4,10,0,24.7,Clear,Field A
2022-08-11,19:45,Cow_175,6,6,3,0,24.7,Clear,Field A
2022-08-11,19:45,Cow_176,1,6,8,0,24.7,Clear,Field A
2022-08-11,19:45,Cow_177,11,0,8,0,24.7,Clear,Field B
2022-08-11,19:45,Cow_178,9,1,5,0,24.7,Clear,Field C
2022-08-11,19:45,Cow_179,3,4,8,0,24.7,Clear,Field B
2022-08-11,19:45,Cow_180,14,0,6,0,24.7,Clear,Field B
2022-08-11,19:45,Cow_181,7,4,4,0,24.7,Clear,Field A
2022-08-11,19:45,Cow_182,10,0,7,0,24.7,Clear,Field B
2022-08-11,19:45,Cow_183,5,4,6,0,24.7,Clear,Field C
2022-08-11,19:45,Cow_184,6,4,5,0,24.7,Clear,Field C
2022-08-11,19:45,Cow_185,7,3,5,0,24.7,Clear,Field C
2022-08-11,19:45,Cow_186,12,0,3,0,24.7,Clear,Field B
2022-08-11,19:45,Cow_187,11,1,3,0,24.7,Clear,Field C
2022-08-11,19:45,Cow_188,0,10,7,0,24.7,Clear,Field B
2022-08-11,19:45,Cow_189,12,0,4,0,24.7,Clear,Field B
2022-08-11,19:45,Cow_190,7,1,7,0,24.7,Clear,Field B
2022-08-11,19:45,Cow_191,7,4,4,0,24.7,Clear,Field A
2022-08-11,19:45,Cow_192,8,3,4,0,24.7,Clear,Field A
2022-08-11,19:45,Cow_193,0,0,0,15,24.7,Clear,Field C
2022-08-11,19:45,Cow_194,1,6,8,0,24.7,Clear,Field B
2022-08-11,19:45,Cow_195,9,6,0,0,24.7,Clear,Field B
2022-08-11,19:45,Cow_196,9,6,0,0,24.7,Clear,Field C
2022-08-11,19:45,Cow_197,10,6,0,0,24.7,Clear,Field B
2022-08-11,19:45,Cow_198,3,5,7,0,24.7,Clear,Field B
2022-08-11,19:45,Cow_199,11,10,0,0,24.7,Clear,Field B
2022-08-11,19:45,Cow_200,10,6,0,0,24.7,Clear,Field B
2022-08-11,19:45,Cow_201,11,0,5,0,24.7,Clear,Field C
2022-08-11,19:45,Cow_202,13,0,3,0,24.7,Clear,Field A
2022-08-11,19:45,Cow_203,0,10,8,0,24.7,Clear,Field A
2022-08-11,19:45,Cow_204,1,6,8,0,24.7,Clear,Field C
2022-08-11,19:45,Cow_205,4,6,5,0,24.7,Clear,Field A
2022-08-11,19:45,Cow_206,0,8,8,0,24.7,Clear,Field B
2022-08-11,19:45,Cow_207,5,5,5,0,24.7,Clear,Field A
2022-08-11,19:45,Cow_208,6,4,5,0,24.7,Clear,Field C
2022-08-11,19:45,Cow_209,3,6,6,0,24.7,Clear,Field A
2022-08-11,19:45,Cow_210,5,3,7,0,24.7,Clear,Field C
2022-08-11,19:45,Cow_211,2,8,5,0,24.7,Clear,Field A
2022-08-11,19:45,Cow_212,11,7,0,0,24.7,Clear,Field A
2022-08-11,19:45,Cow_213,8,1,6,0,24.7,Clear,Field B
2022-08-11,19:45,Cow_214,0,0,0,15,24.7,Clear,Field B
2022-08-11,19:45,Cow_215,10,6,0,0,24.7,Clear,Field B
2022-08-11,19:45,Cow_216,5,8,2,0,24.7,Clear,Field B
2022-08-11,19:45,Cow_217,12,5,0,0,24.7,Clear,Field C
2022-08-11,19:45,Cow_218,4,7,4,0,24.7,Clear,Field B
2022-08-11,19:45,Cow_219,9,2,4,0,24.7,Clear,Field B
2022-08-11,19:45,Cow_220,4,5,6,0,24.7,Clear,Field C
2022-08-11,19:45,Cow_221,7,9,0,0,24.7,Clear,Field B
2022-08-11,19:45,Cow_222,5,6,4,0,24.7,Clear,Field A
2022-08-11,19:45,Cow_223,6,5,4,0,24.7,Clear,Field C
2022-08-11,19:45,Cow_224,7,6,2,0,24.7,Clear,Field C
2022-08-11,19:45,Cow_225,12,6,0,0,24.7,Clear,Field A
2022-08-11,19:45,Cow_226,13,0,4,0,24.7,Clear,Field C
2022-08-11,19:45,Cow_227,10,3,2,0,24.7,Clear,Field A
2022-08-11,19:45,Cow_228,7,9,0,0,24.7,Clear,Field C
2022-08-11,19:45,Cow_229,1,10,4,0,24.7,Clear,Field B
2022-08-11,19:45,Cow_230,13,0,4,0,24.7,Clear,Field C
2022-08-11,19:45,Cow_231,0,9,6,0,24.7,Clear,Field A
2022-08-11,19:45,Cow_232,3,9,3,0,24.7,Clear,Field B
2022-08-11,19:45,Cow_233,6,7,2,0,24.7,Clear,Field C
2022-08-11,19:45,Cow_234,13,7,0,0,24.7,Clear,Field A
2022-08-11,19:45,Cow_235,0,10,10,0,24.7,Clear,Field A
2022-08-11,19:45,Cow_236,14,0,8,0,24.7,Clear,Field C
2022-08-11,19:45,Cow_237,3,7,5,0,24.7,Clear,Field A
2022-08-11,19:45,Cow_238,7,3,5,0,24.7,Clear,Field B
2022-08-11,19:45,Cow_239,5,5,5,0,24.7,Clear,Field B
2022-08-11,19:45,Cow_240,14,0,6,0,24.7,Clear,Field B
2022-08-11,19:45,Cow_241,9,3,3,0,24.7,Clear,Field A
2022-08-11,19:45,Cow_242,13,4,0,0,24.7,Clear,Field A
2022-08-11,19:45,Cow_243,5,6,4,0,24.7,Clear,Field A
2022-08-11,19:45,Cow_244,13,8,0,0,24.7,Clear,Field C
2022-08-11,19:45,Cow_245,10,10,0,0,24.7,Clear,Field A
2022-08-11,19:45,Cow_246,8,1,6,0,24.7,Clear,Field B
2022-08-11,19:45,Cow_247,3,8,4,0,24.7,Clear,Field C
2022-08-11,19:45,Cow_248,12,0,3,0,24.7,Clear,Field B
2022-08-11,19:45,Cow_249,6,5,4,0,24.7,Clear,Field A
2022-08-11,19:45,Cow_250,1,9,5,0,24.7,Clear,Field B
2022-08-11,19:45,Cow_251,3,7,5,0,24.7,Clear,Field B
2022-08-11,19:45,Cow_252,13,0,4,0,24.7,Clear,Field A
2022-08-11,19:45,Cow_253,14,0,7,0,24.7,Clear,Field C
2022-08-11,19:45,Cow_254,1,10,4,0,24.7,Clear,Field A
2022-08-11,19:45,Cow_255,6,7,2,0,24.7,Clear,Field A
2022-08-11,19:45,Cow_256,4,5,6,0,24.7,Clear,Field B
2022-08-11,19:45,Cow_257,8,2,5,0,24.7,Clear,Field A
2022-08-11,19:45,Cow_258,5,5,5,0,24.7,Clear,Field B
2022-08-11,19:45,Cow_259,1,6,8,0,24.7,Clear,Field A
2022-08-11,19:45,Cow_260,5,10,0,0,24.7,Clear,Field A
2022-08-11,19:45,Cow_261,3,7,5,0,24.7,Clear,Field A
2022-08-11,19:45,Cow_262,7,8,0,0,24.7,Clear,Field B
2022-08-11,19:45,Cow_263,0,9,8,0,24.7,Clear,Field C
2022-08-11,19:45,Cow_264,7,4,4,0,24.7,Clear,Field B
2022-08-11,19:45,Cow_265,9,2,4,0,24.7,Clear,Field A
2022-08-11,19:45,Cow_266,8,4,3,0,24.7,Clear,Field C
2022-08-11,19:45,Cow_267,0,0,0,15,24.7,Clear,Field C
2022-08-11,19:45,Cow_268,8,3,4,0,24.7,Clear,Field A
2022-08-11,19:45,Cow_269,10,1,4,0,24.7,Clear,Field B
2022-08-11,19:45,Cow_270,0,0,0,15,24.7,Clear,Field B
2022-08-11,19:45,Cow_271,2,7,6,0,24.7,Clear,Field C
2022-08-11,19:45,Cow_272,14,7,0,0,24.7,Clear,Field C
2022-08-11,19:45,Cow_273,2,6,7,0,24.7,Clear,Field A
2022-08-11,19:45,Cow_274,0,9,8,0,24.7,Clear,Field C
2022-08-11,19:45,Cow_275,7,3,5,0,24.7,Clear,Field B
2022-08-11,19:45,Cow_276,11,9,0,0,24.7,Clear,Field B
2022-08-11,19:45,Cow_277,2,8,5,0,24.7,Clear,Field C
2022-08-11,19:45,Cow_278,7,2,6,0,24.7,Clear,Field B
2022-08-11,19:45,Cow_279,0,0,0,15,24.7,Clear,Field C
2022-08-11,19:45,Cow_280,9,5,1,0,24.7,Clear,Field C
2022-08-11,19:45,Cow_281,9,7,0,0,24.7,Clear,Field A
2022-08-11,19:45,Cow_282,1,6,8,0,24.7,Clear,Field B
2022-08-11,19:45,Cow_283,11,9,0,0,24.7,Clear,Field C
2022-08-11,19:45,Cow_284,14,8,0,0,24.7,Clear,Field A
2022-08-11,19:45,Cow_285,8,4,3,0,24.7,Clear,Field C
2022-08-11,19:45,Cow_286,0,0,0,15,24.7,Clear,Field B
2022-08-11,19:45,Cow_287,8,9,0,0,24.7,Clear,Field A
2022-08-11,19:45,Cow_288,7,3,5,0,24.7,Clear,Field C
2022-08-11,19:45,Cow_289,11,7,0,0,24.7,Clear,Field B
2022-08-11,19:45,Cow_290,1,6,8,0,24.7,Clear,Field A
2022-08-11,19:45,Cow_291,5,4,6,0,24.7,Clear,Field A
2022-08-11,19:45,Cow_292,3,4,8,0,24.7,Clear,Field C
2022-08-11,19:45,Cow_293,0,7,10,0,24.7,Clear,Field A
2022-08-11,19:45,Cow_294,4,5,6,0,24.7,Clear,Field C
2022-08-11,19:45,Cow_295,1,10,4,0,24.7,Clear,Field C
2022-08-11,19:45,Cow_296,13,8,0,0,24.7,Clear,Field A
2022-08-11,19:45,Cow_297,6,6,3,0,24.7,Clear,Field C
2022-08-11,19:45,Cow_298,6,5,4,0,24.7,Clear,Field C
2022-08-11,19:45,Cow_299,15,4,0,0,24.7,Clear,Field B
2022-08-11,19:45,Cow_300,5,7,3,0,24.7,Clear,Field C
2022-08-11,19:45,Cow_301,5,7,3,0,24.7,Clear,Field C
2022-08-11,19:45,Cow_302,7,6,2,0,24.7,Clear,Field A
2022-08-11,19:45,Cow_303,14,0,3,0,24.7,Clear,Field A
2022-08-11,19:45,Cow_304,8,7,0,0,24.7,Clear,Field A
2022-08-11,19:45,Cow_305,7,0,8,0,24.7,Clear,Field A
2022-08-11,19:45,Cow_306,13,0,6,0,24.7,Clear,Field B
2022-08-11,19:45,Cow_307,0,10,7,0,24.7,Clear,Field C
2022-08-11,19:45,Cow_308,10,0,5,0,24.7,Clear,Field C
2022-08-11,19:45,Cow_309,11,1,3,0,24.7,Clear,Field C
2022-08-11,19:45,Cow_310,6,8,1,0,24.7,Clear,Field B
2022-08-11,19:45,Cow_311,9,1,5,0,24.7,Clear,Field C
2022-08-11,19:45,Cow_312,8,7,0,0,24.7,Clear,Field B
2022-08-11,19:45,Cow_313,0,0,0,15,24.7,Clear,Field C
2022-08-11,19:45,Cow_314,13,5,0,0,24.7,Clear,Field A
2022-08-11,19:45,Cow_315,0,9,8,0,24.7,Clear,Field C
2022-08-11,19:45,Cow_316,13,0,5,0,24.7,Clear,Field A
2022-08-11,19:45,Cow_317,14,0,3,0,24.7,Clear,Field C
2022-08-11,19:45,Cow_318,14,0,3,0,24.7,Clear,Field B
2022-08-11,19:45,Cow_319,5,6,4,0,24.7,Clear,Field B
2022-08-11,19:45,Cow_320,3,5,7,0,24.7,Clear,Field A
2022-08-11,19:45,Cow_321,14,0,3,0,24.7,Clear,Field B
2022-08-11,19:45,Cow_322,12,6,0,0,24.7,Clear,Field B
2022-08-11,19:45,Cow_323,6,6,3,0,24.7,Clear,Field B
2022-08-11,19:45,Cow_324,2,6,7,0,24.7,Clear,Field A
2022-08-11,19:45,Cow_325,8,4,3,0,24.7,Clear,Field A
2022-08-11,19:45,Cow_326,13,10,0,0,24.7,Clear,Field B
2022-08-11,19:45,Cow_327,0,10,8,0,24.7,Clear,Field A
2022-08-11,19:45,Cow_328,0,9,7,0,24.7,Clear,Field B
2022-08-11,19:45,Cow_329,1,7,7,0,24.7,Clear,Field B
2022-08-11,19:45,Cow_330,12,9,0,0,24.7,Clear,Field C
2022-08-11,19:45,Cow_331,6,2,7,0,24.7,Clear,Field A
2022-08-11,19:45,Cow_332,5,6,4,0,24.7,Clear,Field C
2022-08-11,19:45,Cow_333,14,6,0,0,24.7,Clear,Field A
2022-08-11,19:45,Cow_334,0,0,0,15,24.7,Clear,Field C
2022-08-11,19:45,Cow_335,0,0,0,15,24.7,Clear,Field B
2022-08-11,19:45,Cow_336,7,4,4,0,24.7,Clear,Field B
2022-08-11,19:45,Cow_337,12,0,4,0,24.7,Clear,Field B
2022-08-11,19:45,Cow_338,0,10,6,0,24.7,Clear,Field C
2022-08-11,19:45,Cow_339,7,2,6,0,24.7,Clear,Field A
2022-08-11,19:45,Cow_340,5,4,6,0,24.7,Clear,Field B
2022-08-11,19:45,Cow_341,8,3,4,0,24.7,Clear,Field C
2022-08-11,19:45,Cow_342,12,0,4,0,24.7,Clear,Field C
2022-08-11,19:45,Cow_343,12,0,5,0,24.7,Clear,Field A
2022-08-11,19:45,Cow_344,2,9,4,0,24.7,Clear,Field A
2022-08-11,19:45,Cow_345,6,10,0,0,24.7,Clear,Field B
2022-08-11,19:45,Cow_346,0,10,6,0,24.7,Clear,Field C
2022-08-11,19:45,Cow_347,0,0,0,15,24.7,Clear,Field B
2022-08-11,19:45,Cow_348,0,12,3,0,24.7,Clear,Field A
2022-08-11,19:45,Cow_349,8,0,8,0,24.7,Clear,Field A
2022-08-11,19:45,Cow_350,0,0,0,15,24.7,Clear,Field A
2022-08-11,19:45,Cow_351,5,2,8,0,24.7,Clear,Field B
2022-08-11,19:45,Cow_352,3,8,4,0,24.7,Clear,Field B
2022-08-11,19:45,Cow_353,9,1,5,0,24.7,Clear,Field B
2022-08-11,19:45,Cow_354,10,0,7,0,24.7,Clear,Field B
2022-08-11,19:45,Cow_355,12,10,0,0,24.7,Clear,Field C
2022-08-11,19:45,Cow_356,14,0,4,0,24.7,Clear,Field B
2022-08-11,19:45,Cow_357,7,2,6,0,24.7,Clear,Field A
2022-08-11,19:45,Cow_358,5,6,4,0,24.7,Clear,Field C
2022-08-11,19:45,Cow_359,8,5,2,0,24.7,Clear,Field A
2022-08-11,19:45,Cow_360,8,0,8,0,24.7,Clear,Field C
2022-08-11,19:45,Cow_361,13,6,0,0,24.7,Clear,Field A
2022-08-11,19:45,Cow_362,8,3,4,0,24.7,Clear,Field A
2022-08-11,19:45,Cow_363,7,3,5,0,24.7,Clear,Field B
2022-08-11,19:45,Cow_364,8,0,7,0,24.7,Clear,Field A
2022-08-11,19:45,Cow_365,4,7,4,0,24.7,Clear,Field A
2022-08-11,19:45,Cow_366,8,4,3,0,24.7,Clear,Field A
2022-08-11,19:45,Cow_367,5,10,0,0,24.7,Clear,Field B
2022-08-11,19:45,Cow_368,13,5,0,0,24.7,Clear,Field B
2022-08-11,19:45,Cow_369,0,0,0,15,24.7,Clear,Field B
2022-08-11,19:45,Cow_370,7,4,4,0,24.7,Clear,Field C
2022-08-11,19:45,Cow_371,2,9,4,0,24.7,Clear,Field B
2022-08-11,19:45,Cow_372,9,3,3,0,24.7,Clear,Field C
2022-08-11,19:45,Cow_373,6,5,4,0,24.7,Clear,Field C
2022-08-11,19:45,Cow_374,0,9,7,0,24.7,Clear,Field B
2022-08-11,19:45,Cow_375,14,0,3,0,24.7,Clear,Field B
2022-08-11,19:45,Cow_376,5,7,3,0,24.7,Clear,Field A
2022-08-11,19:45,Cow_377,1,7,7,0,24.7,Clear,Field B
2022-08-11,19:45,Cow_378,1,6,8,0,24.7,Clear,Field A
2022-08-11,19:45,Cow_379,11,0,7,0,24.7,Clear,Field B
2022-08-11,19:45,Cow_380,7,7,1,0,24.7,Clear,Field A
2022-08-11,19:45,Cow_381,7,9,0,0,24.7,Clear,Field A
2022-08-11,19:45,Cow_382,14,7,0,0,24.7,Clear,Field B
2022-08-11,19:45,Cow_383,8,3,4,0,24.7,Clear,Field B
2022-08-11,19:45,Cow_384,12,4,0,0,24.7,Clear,Field C
2022-08-11,19:45,Cow_385,5,7,3,0,24.7,Clear,Field A
2022-08-11,19:45,Cow_386,5,3,7,0,24.7,Clear,Field A
2022-08-11,19:45,Cow_387,14,6,0,0,24.7,Clear,Field B
2022-08-11,19:45,Cow_388,3,4,8,0,24.7,Clear,Field B
2022-08-11,19:45,Cow_389,6,5,4,0,24.7,Clear,Field C
2022-08-11,19:45,Cow_390,0,8,7,0,24.7,Clear,Field C
2022-08-11,19:45,Cow_391,5,1,9,0,24.7,Clear,Field C
2022-08-11,19:45,Cow_392,5,8,2,0,24.7,Clear,Field C
2022-08-11,19:45,Cow_393,5,2,8,0,24.7,Clear,Field A
2022-08-11,19:45,Cow_394,9,0,6,0,24.7,Clear,Field A
2022-08-11,19:45,Cow_395,14,10,0,0,24.7,Clear,Field C
2022-08-11,19:45,Cow_396,8,3,4,0,24.7,Clear,Field A
2022-08-11,19:45,Cow_397,5,2,8,0,24.7,Clear,Field B
2022-08-11,19:45,Cow_398,0,0,0,15,24.7,Clear,Field B
2022-08-11,19:45,Cow_399,13,0,8,0,24.7,Clear,Field B
2022-08-11,19:45,Cow_400,13,10,0,0,24.7,Clear,Field B
2022-08-11,19:45,Cow_401,5,3,7,0,24.7,Clear,Field B
2022-08-11,19:45,Cow_402,14,5,0,0,24.7,Clear,Field B
2022-08-11,19:45,Cow_403,4,8,3,0,24.7,Clear,Field B
2022-08-11,19:45,Cow_404,10,9,0,0,24.7,Clear,Field B
2022-08-11,19:45,Cow_405,12,0,6,0,24.7,Clear,Field B
2022-08-11,19:45,Cow_406,12,6,0,0,24.7,Clear,Field A
2022-08-11,19:45,Cow_407,0,10,8,0,24.7,Clear,Field C
2022-08-11,19:45,Cow_408,9,4,2,0,24.7,Clear,Field B
2022-08-11,19:45,Cow_409,14,0,6,0,24.7,Clear,Field B
2022-08-11,19:45,Cow_410,9,8,0,0,24.7,Clear,Field C
2022-08-11,19:45,Cow_411,6,2,7,0,24.7,Clear,Field B
2022-08-11,19:45,Cow_412,5,3,7,0,24.7,Clear,Field B
2022-08-11,19:45,Cow_413,2,8,5,0,24.7,Clear,Field A
2022-08-11,19:45,Cow_414,7,7,1,0,24.7,Clear,Field B
2022-08-11,19:45,Cow_415,2,9,4,0,24.7,Clear,Field B
2022-08-11,19:45,Cow_416,7,3,5,0,24.7,Clear,Field C
2022-08-11,19:45,Cow_417,7,4,4,0,24.7,Clear,Field A
2022-08-11,19:45,Cow_418,5,7,3,0,24.7,Clear,Field A
2022-08-11,19:45,Cow_419,6,3,6,0,24.7,Clear,Field B
2022-08-11,19:45,Cow_420,3,4,8,0,24.7,Clear,Field B
2022-08-11,19:45,Cow_421,7,6,2,0,24.7,Clear,Field A
2022-08-11,19:45,Cow_422,9,7,0,0,24.7,Clear,Field A
2022-08-11,19:45,Cow_423,0,9,7,0,24.7,Clear,Field C
2022-08-11,19:45,Cow_424,4,5,6,0,24.7,Clear,Field A
2022-08-11,19:45,Cow_425,6,4,5,0,24.7,Clear,Field A
2022-08-11,19:45,Cow_426,6,1,8,0,24.7,Clear,Field B
2022-08-11,19:45,Cow_427,2,9,4,0,24.7,Clear,Field A
2022-08-11,19:45,Cow_428,13,0,7,0,24.7,Clear,Field A
2022-08-11,19:45,Cow_429,6,8,1,0,24.7,Clear,Field A
2022-08-11,19:45,Cow_430,5,4,6,0,24.7,Clear,Field C
2022-08-11,19:45,Cow_431,7,4,4,0,24.7,Clear,Field A
2022-08-11,19:45,Cow_432,10,6,0,0,24.7,Clear,Field B
2022-08-11,19:45,Cow_433,0,10,7,0,24.7,Clear,Field B
2022-08-11,19:45,Cow_434,2,6,7,0,24.7,Clear,Field B
2022-08-11,19:45,Cow_435,4,7,4,0,24.7,Clear,Field A
2022-08-11,19:45,Cow_436,7,3,5,0,24.7,Clear,Field A
2022-08-11,19:45,Cow_437,0,7,8,0,24.7,Clear,Field C
2022-08-11,19:45,Cow_438,5,5,5,0,24.7,Clear,Field B
2022-08-11,19:45,Cow_439,11,0,4,0,24.7,Clear,Field B
2022-08-11,19:45,Cow_440,10,0,6,0,24.7,Clear,Field A
2022-08-11,19:45,Cow_441,8,4,3,0,24.7,Clear,Field A
2022-08-11,19:45,Cow_442,8,3,4,0,24.7,Clear,Field A
2022-08-11,19:45,Cow_443,7,6,2,0,24.7,Clear,Field C
2022-08-11,19:45,Cow_444,7,4,4,0,24.7,Clear,Field A
2022-08-11,19:45,Cow_445,8,0,8,0,24.7,Clear,Field C
2022-08-11,19:45,Cow_446,6,4,5,0,24.7,Clear,Field B
2022-08-11,19:45,Cow_447,10,3,2,0,24.7,Clear,Field B
2022-08-11,19:45,Cow_448,6,4,5,0,24.7,Clear,Field A
2022-08-11,19:45,Cow_449,12,9,0,0,24.7,Clear,Field A
2022-08-11,19:45,Cow_450,2,7,6,0,24.7,Clear,Field C
2022-08-11,19:45,Cow_451,4,7,4,0,24.7,Clear,Field B
2022-08-11,19:45,Cow_452,5,10,0,0,24.7,Clear,Field A
2022-08-11,19:45,Cow_453,6,8,1,0,24.7,Clear,Field B
2022-08-11,19:45,Cow_454,5,7,3,0,24.7,Clear,Field B
2022-08-11,19:45,Cow_455,4,6,5,0,24.7,Clear,Field B
2022-08-11,19:45,Cow_456,8,3,4,0,24.7,Clear,Field A
2022-08-11,19:45,Cow_457,12,9,0,0,24.7,Clear,Field C
2022-08-11,19:45,Cow_458,6,5,4,0,24.7,Clear,Field A
2022-08-11,19:45,Cow_459,8,6,1,0,24.7,Clear,Field B
2022-08-11,19:45,Cow_460,10,2,3,0,24.7,Clear,Field A
2022-08-11,19:45,Cow_461,9,3,3,0,24.7,Clear,Field B
2022-08-11,19:45,Cow_462,13,3,0,0,24.7,Clear,Field A
2022-08-11,19:45,Cow_463,6,4,5,0,24.7,Clear,Field A
2022-08-11,19:45,Cow_464,6,3,6,0,24.7,Clear,Field A
2022-08-11,19:45,Cow_465,10,0,8,0,24.7,Clear,Field C
2022-08-11,19:45,Cow_466,3,6,6,0,24.7,Clear,Field A
2022-08-11,19:45,Cow_467,10,3,2,0,24.7,Clear,Field B
2022-08-11,19:45,Cow_468,3,6,6,0,24.7,Clear,Field C
2022-08-11,19:45,Cow_469,11,4,0,0,24.7,Clear,Field C
2022-08-11,19:45,Cow_470,6,9,0,0,24.7,Clear,Field B
2022-08-11,19:45,Cow_471,1,8,6,0,24.7,Clear,Field B
2022-08-11,19:45,Cow_472,12,7,0,0,24.7,Clear,Field C
2022-08-11,19:45,Cow_473,4,7,4,0,24.7,Clear,Field C
2022-08-11,19:45,Cow_474,13,0,3,0,24.7,Clear,Field C
2022-08-11,19:45,Cow_475,0,10,5,0,24.7,Clear,Field C
2022-08-11,19:45,Cow_476,6,7,2,0,24.7,Clear,Field B
2022-08-11,19:45,Cow_477,8,4,3,0,24.7,Clear,Field A
2022-08-11,19:45,Cow_478,14,0,8,0,24.7,Clear,Field B
2022-08-11,19:45,Cow_479,12,0,3,0,24.7,Clear,Field A
2022-08-11,19:45,Cow_480,6,5,4,0,24.7,Clear,Field B
2022-08-11,19:45,Cow_481,5,6,4,0,24.7,Clear,Field C
2022-08-11,19:45,Cow_482,0,0,0,15,24.7,Clear,Field B
2022-08-11,19:45,Cow_483,10,3,2,0,24.7,Clear,Field C
2022-08-11,19:45,Cow_484,0,0,0,15,24.7,Clear,Field B
2022-08-11,19:45,Cow_485,11,0,8,0,24.7,Clear,Field C
2022-08-11,19:45,Cow_486,3,8,4,0,24.7,Clear,Field A
2022-08-11,19:45,Cow_487,0,10,6,0,24.7,Clear,Field C
2022-08-11,19:45,Cow_488,7,5,3,0,24.7,Clear,Field A
2022-08-11,19:45,Cow_489,8,10,0,0,24.7,Clear,Field B
2022-08-11,19:45,Cow_490,5,6,4,0,24.7,Clear,Field B
2022-08-11,19:45,Cow_491,14,0,8,0,24.7,Clear,Field B
2022-08-11,19:45,Cow_492,0,0,0,15,24.7,Clear,Field A
2022-08-11,19:45,Cow_493,7,1,7,0,24.7,Clear,Field C
2022-08-11,19:45,Cow_494,9,0,8,0,24.7,Clear,Field C
2022-08-11,19:45,Cow_495,2,8,5,0,24.7,Clear,Field C
2022-08-11,19:45,Cow_496,4,5,6,0,24.7,Clear,Field C
2022-08-11,19:45,Cow_497,5,4,6,0,24.7,Clear,Field B
2022-08-11,19:45,Cow_498,6,5,4,0,24.7,Clear,Field C
2022-08-11,19:45,Cow_499,14,0,8,0,24.7,Clear,Field C
2022-08-11,19:45,Cow_500,6,5,4,0,24.7,Clear,Field A
2022-08-11,20:00,Cow_1,3,7,5,0,33.3,Clear,Field C
2022-08-11,20:00,Cow_2,10,4,1,0,33.3,Clear,Field C
2022-08-11,20:00,Cow_3,7,6,2,0,33.3,Clear,Field C
2022-08-11,20:00,Cow_4,12,0,6,0,33.3,Clear,Field C
2022-08-11,20:00,Cow_5,12,5,0,0,33.3,Clear,Field A
2022-08-11,20:00,Cow_6,12,0,4,0,33.3,Clear,Field A
2022-08-11,20:00,Cow_7,7,3,5,0,33.3,Clear,Field A
2022-08-11,20:00,Cow_8,3,8,4,0,33.3,Clear,Field B
2022-08-11,20:00,Cow_9,5,4,6,0,33.3,Clear,Field A
2022-08-11,20:00,Cow_10,0,0,0,15,33.3,Clear,Field C
2022-08-11,20:00,Cow_11,6,3,6,0,33.3,Clear,Field B
2022-08-11,20:00,Cow_12,11,5,0,0,33.3,Clear,Field C
2022-08-11,20:00,Cow_13,5,6,4,0,33.3,Clear,Field A
2022-08-11,20:00,Cow_14,12,0,7,0,33.3,Clear,Field A
2022-08-11,20:00,Cow_15,11,5,0,0,33.3,Clear,Field B
2022-08-11,20:00,Cow_16,8,7,0,0,33.3,Clear,Field B
2022-08-11,20:00,Cow_17,7,1,7,0,33.3,Clear,Field A
2022-08-11,20:00,Cow_18,13,3,0,0,33.3,Clear,Field C
2022-08-11,20:00,Cow_19,13,7,0,0,33.3,Clear,Field A
2022-08-11,20:00,Cow_20,2,10,3,0,33.3,Clear,Field B
2022-08-11,20:00,Cow_21,0,9,7,0,33.3,Clear,Field C
2022-08-11,20:00,Cow_22,6,4,5,0,33.3,Clear,Field A
2022-08-11,20:00,Cow_23,0,9,6,0,33.3,Clear,Field C
2022-08-11,20:00,Cow_24,9,5,1,0,33.3,Clear,Field A
2022-08-11,20:00,Cow_25,1,8,6,0,33.3,Clear,Field A
2022-08-11,20:00,Cow_26,13,0,3,0,33.3,Clear,Field A
2022-08-11,20:00,Cow_27,5,3,7,0,33.3,Clear,Field C
2022-08-11,20:00,Cow_28,5,3,7,0,33.3,Clear,Field C
2022-08-11,20:00,Cow_29,0,8,7,0,33.3,Clear,Field A
2022-08-11,20:00,Cow_30,5,4,6,0,33.3,Clear,Field A
2022-08-11,20:00,Cow_31,0,0,0,15,33.3,Clear,Field C
2022-08-11,20:00,Cow_32,12,4,0,0,33.3,Clear,Field B
2022-08-11,20:00,Cow_33,0,9,8,0,33.3,Clear,Field A
2022-08-11,20:00,Cow_34,11,10,0,0,33.3,Clear,Field A
2022-08-11,20:00,Cow_35,7,1,7,0,33.3,Clear,Field A
2022-08-11,20:00,Cow_36,10,2,3,0,33.3,Clear,Field B
2022-08-11,20:00,Cow_37,5,5,5,0,33.3,Clear,Field B
2022-08-11,20:00,Cow_38,12,8,0,0,33.3,Clear,Field C
2022-08-11,20:00,Cow_39,12,7,0,0,33.3,Clear,Field C
2022-08-11,20:00,Cow_40,9,0,6,0,33.3,Clear,Field B
2022-08-11,20:00,Cow_41,6,4,5,0,33.3,Clear,Field A
2022-08-11,20:00,Cow_42,11,4,0,0,33.3,Clear,Field A
2022-08-11,20:00,Cow_43,10,6,0,0,33.3,Clear,Field A
2022-08-11,20:00,Cow_44,8,9,0,0,33.3,Clear,Field A
2022-08-11,20:00,Cow_45,5,4,6,0,33.3,Clear,Field B
2022-08-11,20:00,Cow_46,4,7,4,0,33.3,Clear,Field C
2022-08-11,20:00,Cow_47,8,2,5,0,33.3,Clear,Field C
2022-08-11,20:00,Cow_48,7,3,5,0,33.3,Clear,Field C
2022-08-11,20:00,Cow_49,2,6,7,0,33.3,Clear,Field B
2022-08-11,20:00,Cow_50,6,10,0,0,33.3,Clear,Field A
2022-08-11,20:00,Cow_51,12,5,0,0,33.3,Clear,Field C
2022-08-11,20:00,Cow_52,8,5,2,0,33.3,Clear,Field B
2022-08-11,20:00,Cow_53,10,9,0,0,33.3,Clear,Field B
2022-08-11,20:00,Cow_54,7,6,2,0,33.3,Clear,Field A
2022-08-11,20:00,Cow_55,0,0,0,15,33.3,Clear,Field B
2022-08-11,20:00,Cow_56,0,8,8,0,33.3,Clear,Field A
2022-08-11,20:00,Cow_57,5,7,3,0,33.3,Clear,Field A
2022-08-11,20:00,Cow_58,7,3,5,0,33.3,Clear,Field C
2022-08-11,20:00,Cow_59,0,9,8,0,33.3,Clear,Field B
2022-08-11,20:00,Cow_60,8,6,1,0,33.3,Clear,Field A
2022-08-11,20:00,Cow_61,7,4,4,0,33.3,Clear,Field A
2022-08-11,20:00,Cow_62,10,4,1,0,33.3,Clear,Field C
2022-08-11,20:00,Cow_63,0,0,0,15,33.3,Clear,Field C
2022-08-11,20:00,Cow_64,10,1,4,0,33.3,Clear,Field A
2022-08-11,20:00,Cow_65,6,5,4,0,33.3,Clear,Field C
2022-08-11,20:00,Cow_66,13,0,8,0,33.3,Clear,Field C
2022-08-11,20:00,Cow_67,14,5,0,0,33.3,Clear,Field A
2022-08-11,20:00,Cow_68,0,10,6,0,33.3,Clear,Field C
2022-08-11,20:00,Cow_69,7,3,5,0,33.3,Clear,Field B
2022-08-11,20:00,Cow_70,3,4,8,0,33.3,Clear,Field A
2022-08-11,20:00,Cow_71,7,3,5,0,33.3,Clear,Field A
2022-08-11,20:00,Cow_72,13,0,8,0,33.3,Clear,Field B
2022-08-11,20:00,Cow_73,6,5,4,0,33.3,Clear,Field A
2022-08-11,20:00,Cow_74,14,10,0,0,33.3,Clear,Field A
2022-08-11,20:00,Cow_75,13,11,0,0,33.3,Clear,Field C
2022-08-11,20:00,Cow_76,10,0,5,0,33.3,Clear,Field A
2022-08-11,20:00,Cow_77,10,0,8,0,33.3,Clear,Field B
2022-08-11,20:00,Cow_78,10,9,0,0,33.3,Clear,Field B
2022-08-11,20:00,Cow_79,7,5,3,0,33.3,Clear,Field B
2022-08-11,20:00,Cow_80,7,4,4,0,33.3,Clear,Field B
2022-08-11,20:00,Cow_81,0,8,7,0,33.3,Clear,Field A
2022-08-11,20:00,Cow_82,0,0,0,15,33.3,Clear,Field B
2022-08-11,20:00,Cow_83,13,5,0,0,33.3,Clear,Field A
2022-08-11,20:00,Cow_84,13,5,0,0,33.3,Clear,Field C
2022-08-11,20:00,Cow_85,2,9,4,0,33.3,Clear,Field C
2022-08-11,20:00,Cow_86,10,6,0,0,33.3,Clear,Field A
2022-08-11,20:00,Cow_87,5,5,5,0,33.3,Clear,Field A
2022-08-11,20:00,Cow_88,5,10,0,0,33.3,Clear,Field A
2022-08-11,20:00,Cow_89,10,7,0,0,33.3,Clear,Field A
2022-08-11,20:00,Cow_90,5,2,8,0,33.3,Clear,Field C
2022-08-11,20:00,Cow_91,13,8,0,0,33.3,Clear,Field A
2022-08-11,20:00,Cow_92,12,0,3,0,33.3,Clear,Field B
2022-08-11,20:00,Cow_93,0,0,0,15,33.3,Clear,Field C
2022-08-11,20:00,Cow_94,11,0,7,0,33.3,Clear,Field A
2022-08-11,20:00,Cow_95,1,9,5,0,33.3,Clear,Field C
2022-08-11,20:00,Cow_96,5,5,5,0,33.3,Clear,Field B
2022-08-11,20:00,Cow_97,10,1,4,0,33.3,Clear,Field C
2022-08-11,20:00,Cow_98,9,2,4,0,33.3,Clear,Field C
2022-08-11,20:00,Cow_99,7,8,0,0,33.3,Clear,Field A
2022-08-11,20:00,Cow_100,14,5,0,0,33.3,Clear,Field A
2022-08-11,20:00,Cow_101,14,6,0,0,33.3,Clear,Field C
2022-08-11,20:00,Cow_102,6,3,6,0,33.3,Clear,Field A
2022-08-11,20:00,Cow_103,9,0,7,0,33.3,Clear,Field B
2022-08-11,20:00,Cow_104,12,4,0,0,33.3,Clear,Field B
2022-08-11,20:00,Cow_105,0,7,8,0,33.3,Clear,Field C
2022-08-11,20:00,Cow_106,0,10,5,0,33.3,Clear,Field B
2022-08-11,20:00,Cow_107,13,4,0,0,33.3,Clear,Field C
2022-08-11,20:00,Cow_108,2,6,7,0,33.3,Clear,Field B
2022-08-11,20:00,Cow_109,0,0,0,15,33.3,Clear,Field C
2022-08-11,20:00,Cow_110,6,1,8,0,33.3,Clear,Field C
2022-08-11,20:00,Cow_111,12,0,4,0,33.3,Clear,Field A
2022-08-11,20:00,Cow_112,14,0,3,0,33.3,Clear,Field C
2022-08-11,20:00,Cow_113,13,0,8,0,33.3,Clear,Field C
2022-08-11,20:00,Cow_114,0,0,0,15,33.3,Clear,Field C
2022-08-11,20:00,Cow_115,5,5,5,0,33.3,Clear,Field C
2022-08-11,20:00,Cow_116,13,6,0,0,33.3,Clear,Field C
2022-08-11,20:00,Cow_117,6,4,5,0,33.3,Clear,Field A
2022-08-11,20:00,Cow_118,6,5,4,0,33.3,Clear,Field B
2022-08-11,20:00,Cow_119,10,4,1,0,33.3,Clear,Field B
2022-08-11,20:00,Cow_120,8,3,4,0,33.3,Clear,Field B
2022-08-11,20:00,Cow_121,0,8,7,0,33.3,Clear,Field A
2022-08-11,20:00,Cow_122,7,3,5,0,33.3,Clear,Field B
2022-08-11,20:00,Cow_123,7,6,2,0,33.3,Clear,Field A
2022-08-11,20:00,Cow_124,0,0,0,15,33.3,Clear,Field C
2022-08-11,20:00,Cow_125,12,0,3,0,33.3,Clear,Field B
2022-08-11,20:00,Cow_126,2,9,4,0,33.3,Clear,Field B
2022-08-11,20:00,Cow_127,8,5,2,0,33.3,Clear,Field A
2022-08-11,20:00,Cow_128,5,6,4,0,33.3,Clear,Field A
2022-08-11,20:00,Cow_129,13,0,6,0,33.3,Clear,Field A
2022-08-11,20:00,Cow_130,7,4,4,0,33.3,Clear,Field C
2022-08-11,20:00,Cow_131,13,10,0,0,33.3,Clear,Field B
2022-08-11,20:00,Cow_132,5,4,6,0,33.3,Clear,Field B
2022-08-11,20:00,Cow_133,10,4,1,0,33.3,Clear,Field C
2022-08-11,20:00,Cow_134,4,7,4,0,33.3,Clear,Field C
2022-08-11,20:00,Cow_135,7,4,4,0,33.3,Clear,Field C
2022-08-11,20:00,Cow_136,0,10,5,0,33.3,Clear,Field B
2022-08-11,20:00,Cow_137,14,0,7,0,33.3,Clear,Field C
2022-08-11,20:00,Cow_138,6,5,4,0,33.3,Clear,Field A
2022-08-11,20:00,Cow_139,4,8,3,0,33.3,Clear,Field B
2022-08-11,20:00,Cow_140,12,4,0,0,33.3,Clear,Field A
2022-08-11,20:00,Cow_141,14,0,4,0,33.3,Clear,Field C
2022-08-11,20:00,Cow_142,2,10,3,0,33.3,Clear,Field B
2022-08-11,20:00,Cow_143,12,0,7,0,33.3,Clear,Field C
2022-08-11,20:00,Cow_144,9,5,1,0,33.3,Clear,Field A
2022-08-11,20:00,Cow_145,0,10,8,0,33.3,Clear,Field B
2022-08-11,20:00,Cow_146,11,0,6,0,33.3,Clear,Field A
2022-08-11,20:00,Cow_147,12,0,4,0,33.3,Clear,Field C
2022-08-11,20:00,Cow_148,5,2,8,0,33.3,Clear,Field C
2022-08-11,20:00,Cow_149,10,3,2,0,33.3,Clear,Field A
2022-08-11,20:00,Cow_150,5,4,6,0,33.3,Clear,Field A
2022-08-11,20:00,Cow_151,10,0,7,0,33.3,Clear,Field A
2022-08-11,20:00,Cow_152,3,7,5,0,33.3,Clear,Field B
2022-08-11,20:00,Cow_153,11,6,0,0,33.3,Clear,Field C
2022-08-11,20:00,Cow_154,3,8,4,0,33.3,Clear,Field C
2022-08-11,20:00,Cow_155,10,9,0,0,33.3,Clear,Field C
2022-08-11,20:00,Cow_156,13,0,5,0,33.3,Clear,Field C
2022-08-11,20:00,Cow_157,14,8,0,0,33.3,Clear,Field B
2022-08-11,20:00,Cow_158,6,6,3,0,33.3,Clear,Field B
2022-08-11,20:00,Cow_159,3,9,3,0,33.3,Clear,Field B
2022-08-11,20:00,Cow_160,1,9,5,0,33.3,Clear,Field A
2022-08-11,20:00,Cow_161,14,0,6,0,33.3,Clear,Field C
2022-08-11,20:00,Cow_162,14,7,0,0,33.3,Clear,Field B
2022-08-11,20:00,Cow_163,13,9,0,0,33.3,Clear,Field C
2022-08-11,20:00,Cow_164,12,0,3,0,33.3,Clear,Field A
2022-08-11,20:00,Cow_165,10,9,0,0,33.3,Clear,Field B
2022-08-11,20:00,Cow_166,1,7,7,0,33.3,Clear,Field C
2022-08-11,20:00,Cow_167,9,9,0,0,33.3,Clear,Field B
2022-08-11,20:00,Cow_168,7,3,5,0,33.3,Clear,Field C
2022-08-11,20:00,Cow_169,13,0,4,0,33.3,Clear,Field B
2022-08-11,20:00,Cow_170,1,7,7,0,33.3,Clear,Field B
2022-08-11,20:00,Cow_171,13,5,0,0,33.3,Clear,Field B
2022-08-11,20:00,Cow_172,4,3,8,0,33.3,Clear,Field B
2022-08-11,20:00,Cow_173,13,7,0,0,33.3,Clear,Field A
2022-08-11,20:00,Cow_174,5,7,3,0,33.3,Clear,Field B
2022-08-11,20:00,Cow_175,14,0,8,0,33.3,Clear,Field A
2022-08-11,20:00,Cow_176,4,8,3,0,33.3,Clear,Field C
2022-08-11,20:00,Cow_177,0,9,7,0,33.3,Clear,Field B
2022-08-11,20:00,Cow_178,12,0,3,0,33.3,Clear,Field C
2022-08-11,20:00,Cow_179,5,6,4,0,33.3,Clear,Field A
2022-08-11,20:00,Cow_180,2,7,6,0,33.3,Clear,Field C
2022-08-11,20:00,Cow_181,13,0,3,0,33.3,Clear,Field B
2022-08-11,20:00,Cow_182,3,5,7,0,33.3,Clear,Field A
2022-08-11,20:00,Cow_183,0,0,0,15,33.3,Clear,Field A
2022-08-11,20:00,Cow_184,6,4,5,0,33.3,Clear,Field C
2022-08-11,20:00,Cow_185,8,10,0,0,33.3,Clear,Field C
2022-08-11,20:00,Cow_186,13,7,0,0,33.3,Clear,Field A
2022-08-11,20:00,Cow_187,5,5,5,0,33.3,Clear,Field B
2022-08-11,20:00,Cow_188,6,6,3,0,33.3,Clear,Field B
2022-08-11,20:00,Cow_189,11,0,5,0,33.3,Clear,Field C
2022-08-11,20:00,Cow_190,14,4,0,0,33.3,Clear,Field C
2022-08-11,20:00,Cow_191,6,5,4,0,33.3,Clear,Field A
2022-08-11,20:00,Cow_192,9,9,0,0,33.3,Clear,Field C
2022-08-11,20:00,Cow_193,7,2,6,0,33.3,Clear,Field C
2022-08-11,20:00,Cow_194,9,7,0,0,33.3,Clear,Field C
2022-08-11,20:00,Cow_195,7,2,6,0,33.3,Clear,Field B
2022-08-11,20:00,Cow_196,13,0,6,0,33.3,Clear,Field C
2022-08-11,20:00,Cow_197,0,8,7,0,33.3,Clear,Field C
2022-08-11,20:00,Cow_198,3,8,4,0,33.3,Clear,Field C
2022-08-11,20:00,Cow_199,4,5,6,0,33.3,Clear,Field C
2022-08-11,20:00,Cow_200,7,8,0,0,33.3,Clear,Field B
2022-08-11,20:00,Cow_201,6,5,4,0,33.3,Clear,Field B
2022-08-11,20:00,Cow_202,0,0,0,15,33.3,Clear,Field A
2022-08-11,20:00,Cow_203,12,0,7,0,33.3,Clear,Field C
2022-08-11,20:00,Cow_204,9,2,4,0,33.3,Clear,Field A
2022-08-11,20:00,Cow_205,14,0,5,0,33.3,Clear,Field A
2022-08-11,20:00,Cow_206,5,7,3,0,33.3,Clear,Field C
2022-08-11,20:00,Cow_207,0,8,7,0,33.3,Clear,Field B
2022-08-11,20:00,Cow_208,0,8,7,0,33.3,Clear,Field A
2022-08-11,20:00,Cow_209,4,6,5,0,33.3,Clear,Field C
2022-08-11,20:00,Cow_210,9,3,3,0,33.3,Clear,Field C
2022-08-11,20:00,Cow_211,9,4,2,0,33.3,Clear,Field B
2022-08-11,20:00,Cow_212,1,7,7,0,33.3,Clear,Field C
2022-08-11,20:00,Cow_213,2,7,6,0,33.3,Clear,Field C
2022-08-11,20:00,Cow_214,0,10,8,0,33.3,Clear,Field B
2022-08-11,20:00,Cow_215,11,1,3,0,33.3,Clear,Field B
2022-08-11,20:00,Cow_216,9,2,4,0,33.3,Clear,Field A
2022-08-11,20:00,Cow_217,10,5,0,0,33.3,Clear,Field B
2022-08-11,20:00,Cow_218,9,1,5,0,33.3,Clear,Field B
2022-08-11,20:00,Cow_219,8,5,2,0,33.3,Clear,Field C
2022-08-11,20:00,Cow_220,7,5,3,0,33.3,Clear,Field A
2022-08-11,20:00,Cow_221,5,10,0,0,33.3,Clear,Field A
2022-08-11,20:00,Cow_222,8,4,3,0,33.3,Clear,Field A
2022-08-11,20:00,Cow_223,6,3,6,0,33.3,Clear,Field A
2022-08-11,20:00,Cow_224,12,0,8,0,33.3,Clear,Field A
2022-08-11,20:00,Cow_225,12,0,4,0,33.3,Clear,Field B
2022-08-11,20:00,Cow_226,9,4,2,0,33.3,Clear,Field A
2022-08-11,20:00,Cow_227,2,9,4,0,33.3,Clear,Field C
2022-08-11,20:00,Cow_228,5,5,5,0,33.3,Clear,Field B
2022-08-11,20:00,Cow_229,0,8,8,0,33.3,Clear,Field A
2022-08-11,20:00,Cow_230,10,0,8,0,33.3,Clear,Field C
2022-08-11,20:00,Cow_231,0,0,0,15,33.3,Clear,Field B
2022-08-11,20:00,Cow_232,0,0,0,15,33.3,Clear,Field A
2022-08-11,20:00,Cow_233,0,8,7,0,33.3,Clear,Field A
2022-08-11,20:00,Cow_234,6,4,5,0,33.3,Clear,Field B
2022-08-11,20:00,Cow_235,8,0,10,0,33.3,Clear,Field C
2022-08-11,20:00,Cow_236,11,7,0,0,33.3,Clear,Field A
2022-08-11,20:00,Cow_237,7,4,4,0,33.3,Clear,Field B
2022-08-11,20:00,Cow_238,10,10,0,0,33.3,Clear,Field A
2022-08-11,20:00,Cow_239,13,3,0,0,33.3,Clear,Field B
2022-08-11,20:00,Cow_240,14,0,4,0,33.3,Clear,Field C
2022-08-11,20:00,Cow_241,7,5,3,0,33.3,Clear,Field C
2022-08-11,20:00,Cow_242,14,0,6,0,33.3,Clear,Field B
2022-08-11,20:00,Cow_243,3,7,5,0,33.3,Clear,Field C
2022-08-11,20:00,Cow_244,12,9,0,0,33.3,Clear,Field B
2022-08-11,20:00,Cow_245,5,6,4,0,33.3,Clear,Field B
2022-08-11,20:00,Cow_246,13,9,0,0,33.3,Clear,Field B
2022-08-11,20:00,Cow_247,0,8,8,0,33.3,Clear,Field C
2022-08-11,20:00,Cow_248,12,5,0,0,33.3,Clear,Field B
2022-08-11,20:00,Cow_249,9,3,3,0,33.3,Clear,Field C
2022-08-11,20:00,Cow_250,7,1,7,0,33.3,Clear,Field A
2022-08-11,20:00,Cow_251,2,5,8,0,33.3,Clear,Field B
2022-08-11,20:00,Cow_252,9,10,0,0,33.3,Clear,Field B
2022-08-11,20:00,Cow_253,14,4,0,0,33.3,Clear,Field B
2022-08-11,20:00,Cow_254,10,5,0,0,33.3,Clear,Field C
2022-08-11,20:00,Cow_255,8,1,6,0,33.3,Clear,Field C
2022-08-11,20:00,Cow_256,7,3,5,0,33.3,Clear,Field C
2022-08-11,20:00,Cow_257,11,0,4,0,33.3,Clear,Field B
2022-08-11,20:00,Cow_258,3,5,7,0,33.3,Clear,Field B
2022-08-11,20:00,Cow_259,14,0,7,0,33.3,Clear,Field C
2022-08-11,20:00,Cow_260,6,6,3,0,33.3,Clear,Field C
2022-08-11,20:00,Cow_261,14,9,0,0,33.3,Clear,Field A
2022-08-11,20:00,Cow_262,5,4,6,0,33.3,Clear,Field C
2022-08-11,20:00,Cow_263,14,0,6,0,33.3,Clear,Field A
2022-08-11,20:00,Cow_264,7,9,0,0,33.3,Clear,Field A
2022-08-11,20:00,Cow_265,13,5,0,0,33.3,Clear,Field B
2022-08-11,20:00,Cow_266,3,4,8,0,33.3,Clear,Field A
2022-08-11,20:00,Cow_267,6,3,6,0,33.3,Clear,Field C
2022-08-11,20:00,Cow_268,14,0,4,0,33.3,Clear,Field C
2022-08-11,20:00,Cow_269,7,6,2,0,33.3,Clear,Field A
2022-08-11,20:00,Cow_270,0,10,7,0,33.3,Clear,Field C
2022-08-11,20:00,Cow_271,2,6,7,0,33.3,Clear,Field C
2022-08-11,20:00,Cow_272,0,10,6,0,33.3,Clear,Field B
2022-08-11,20:00,Cow_273,11,7,0,0,33.3,Clear,Field A
2022-08-11,20:00,Cow_274,2,6,7,0,33.3,Clear,Field B
2022-08-11,20:00,Cow_275,11,1,3,0,33.3,Clear,Field B
2022-08-11,20:00,Cow_276,3,6,6,0,33.3,Clear,Field A
2022-08-11,20:00,Cow_277,5,4,6,0,33.3,Clear,Field A
2022-08-11,20:00,Cow_278,5,5,5,0,33.3,Clear,Field C
2022-08-11,20:00,Cow_279,13,0,6,0,33.3,Clear,Field A
2022-08-11,20:00,Cow_280,10,6,0,0,33.3,Clear,Field C
2022-08-11,20:00,Cow_281,10,9,0,0,33.3,Clear,Field A
2022-08-11,20:00,Cow_282,0,8,7,0,33.3,Clear,Field A
2022-08-11,20:00,Cow_283,2,10,3,0,33.3,Clear,Field C
2022-08-11,20:00,Cow_284,2,5,8,0,33.3,Clear,Field C
2022-08-11,20:00,Cow_285,6,1,8,0,33.3,Clear,Field B
2022-08-11,20:00,Cow_286,9,4,2,0,33.3,Clear,Field A
2022-08-11,20:00,Cow_287,0,0,0,15,33.3,Clear,Field A
2022-08-11,20:00,Cow_288,12,7,0,0,33.3,Clear,Field A
2022-08-11,20:00,Cow_289,2,8,5,0,33.3,Clear,Field C
2022-08-11,20:00,Cow_290,13,0,6,0,33.3,Clear,Field B
2022-08-11,20:00,Cow_291,0,9,7,0,33.3,Clear,Field A
2022-08-11,20:00,Cow_292,8,0,7,0,33.3,Clear,Field A
2022-08-11,20:00,Cow_293,0,0,0,15,33.3,Clear,Field C
2022-08-11,20:00,Cow_294,3,7,5,0,33.3,Clear,Field B
2022-08-11,20:00,Cow_295,5,4,6,0,33.3,Clear,Field C
2022-08-11,20:00,Cow_296,2,9,4,0,33.3,Clear,Field A
2022-08-11,20:00,Cow_297,6,3,6,0,33.3,Clear,Field B
2022-08-11,20:00,Cow_298,10,1,4,0,33.3,Clear,Field C
2022-08-11,20:00,Cow_299,0,10,8,0,33.3,Clear,Field A
2022-08-11,20:00,Cow_300,0,0,0,15,33.3,Clear,Field B
2022-08-11,20:00,Cow_301,4,8,3,0,33.3,Clear,Field A
2022-08-11,20:00,Cow_302,8,0,8,0,33.3,Clear,Field B
2022-08-11,20:00,Cow_303,13,0,8,0,33.3,Clear,Field A
2022-08-11,20:00,Cow_304,13,0,8,0,33.3,Clear,Field C
2022-08-11,20:00,Cow_305,14,8,0,0,33.3,Clear,Field B
2022-08-11,20:00,Cow_306,0,10,6,0,33.3,Clear,Field A
2022-08-11,20:00,Cow_307,12,0,7,0,33.3,Clear,Field B
2022-08-11,20:00,Cow_308,3,5,7,0,33.3,Clear,Field B
2022-08-11,20:00,Cow_309,9,0,7,0,33.3,Clear,Field A
2022-08-11,20:00,Cow_310,5,7,3,0,33.3,Clear,Field B
2022-08-11,20:00,Cow_311,6,4,5,0,33.3,Clear,Field B
2022-08-11,20:00,Cow_312,14,0,5,0,33.3,Clear,Field A
2022-08-11,20:00,Cow_313,12,9,0,0,33.3,Clear,Field B
2022-08-11,20:00,Cow_314,6,3,6,0,33.3,Clear,Field A
2022-08-11,20:00,Cow_315,5,3,7,0,33.3,Clear,Field A
2022-08-11,20:00,Cow_316,6,7,2,0,33.3,Clear,Field B
2022-08-11,20:00,Cow_317,10,3,2,0,33.3,Clear,Field A
2022-08-11,20:00,Cow_318,10,4,1,0,33.3,Clear,Field C
2022-08-11,20:00,Cow_319,5,8,2,0,33.3,Clear,Field A
2022-08-11,20:00,Cow_320,5,9,1,0,33.3,Clear,Field A
2022-08-11,20:00,Cow_321,4,5,6,0,33.3,Clear,Field A
2022-08-11,20:00,Cow_322,9,3,3,0,33.3,Clear,Field B
2022-08-11,20:00,Cow_323,6,6,3,0,33.3,Clear,Field B
2022-08-11,20:00,Cow_324,5,9,1,0,33.3,Clear,Field A
2022-08-11,20:00,Cow_325,8,4,3,0,33.3,Clear,Field B
2022-08-11,20:00,Cow_326,0,9,7,0,33.3,Clear,Field C
2022-08-11,20:00,Cow_327,1,7,7,0,33.3,Clear,Field C
2022-08-11,20:00,Cow_328,6,4,5,0,33.3,Clear,Field C
2022-08-11,20:00,Cow_329,10,0,6,0,33.3,Clear,Field B
2022-08-11,20:00,Cow_330,13,0,5,0,33.3,Clear,Field C
2022-08-11,20:00,Cow_331,5,6,4,0,33.3,Clear,Field C
2022-08-11,20:00,Cow_332,0,9,7,0,33.3,Clear,Field C
2022-08-11,20:00,Cow_333,9,1,5,0,33.3,Clear,Field A
2022-08-11,20:00,Cow_334,9,10,0,0,33.3,Clear,Field C
2022-08-11,20:00,Cow_335,11,0,8,0,33.3,Clear,Field A
2022-08-11,20:00,Cow_336,6,6,3,0,33.3,Clear,Field A
2022-08-11,20:00,Cow_337,6,4,5,0,33.3,Clear,Field A
2022-08-11,20:00,Cow_338,9,3,3,0,33.3,Clear,Field B
2022-08-11,20:00,Cow_339,3,7,5,0,33.3,Clear,Field C
2022-08-11,20:00,Cow_340,5,8,2,0,33.3,Clear,Field B
2022-08-11,20:00,Cow_341,14,3,0,0,33.3,Clear,Field B
2022-08-11,20:00,Cow_342,13,0,5,0,33.3,Clear,Field C
2022-08-11,20:00,Cow_343,8,9,0,0,33.3,Clear,Field C
2022-08-11,20:00,Cow_344,8,2,5,0,33.3,Clear,Field C
2022-08-11,20:00,Cow_345,0,0,0,15,33.3,Clear,Field B
2022-08-11,20:00,Cow_346,4,7,4,0,33.3,Clear,Field B
2022-08-11,20:00,Cow_347,0,0,0,15,33.3,Clear,Field A
2022-08-11,20:00,Cow_348,3,5,7,0,33.3,Clear,Field B
2022-08-11,20:00,Cow_349,0,0,0,15,33.3,Clear,Field C
2022-08-11,20:00,Cow_350,12,6,0,0,33.3,Clear,Field A
2022-08-11,20:00,Cow_351,11,9,0,0,33.3,Clear,Field A
2022-08-11,20:00,Cow_352,9,0,7,0,33.3,Clear,Field B
2022-08-11,20:00,Cow_353,5,7,3,0,33.3,Clear,Field C
2022-08-11,20:00,Cow_354,9,0,8,0,33.3,Clear,Field B
2022-08-11,20:00,Cow_355,5,3,7,0,33.3,Clear,Field C
2022-08-11,20:00,Cow_356,8,4,3,0,33.3,Clear,Field C
2022-08-11,20:00,Cow_357,5,3,7,0,33.3,Clear,Field A
2022-08-11,20:00,Cow_358,4,8,3,0,33.3,Clear,Field C
2022-08-11,20:00,Cow_359,10,0,8,0,33.3,Clear,Field A
2022-08-11,20:00,Cow_360,8,6,1,0,33.3,Clear,Field A
2022-08-11,20:00,Cow_361,7,5,3,0,33.3,Clear,Field B
2022-08-11,20:00,Cow_362,13,3,0,0,33.3,Clear,Field C
2022-08-11,20:00,Cow_363,13,9,0,0,33.3,Clear,Field A
2022-08-11,20:00,Cow_364,10,9,0,0,33.3,Clear,Field A
2022-08-11,20:00,Cow_365,0,10,5,0,33.3,Clear,Field A
2022-08-11,20:00,Cow_366,8,3,4,0,33.3,Clear,Field C
2022-08-11,20:00,Cow_367,13,0,4,0,33.3,Clear,Field B
2022-08-11,20:00,Cow_368,5,4,6,0,33.3,Clear,Field C
2022-08-11,20:00,Cow_369,7,1,7,0,33.3,Clear,Field B
2022-08-11,20:00,Cow_370,6,1,8,0,33.3,Clear,Field B
2022-08-11,20:00,Cow_371,6,5,4,0,33.3,Clear,Field A
2022-08-11,20:00,Cow_372,8,4,3,0,33.3,Clear,Field B
2022-08-11,20:00,Cow_373,8,9,0,0,33.3,Clear,Field B
2022-08-11,20:00,Cow_374,8,1,6,0,33.3,Clear,Field A
2022-08-11,20:00,Cow_375,11,0,6,0,33.3,Clear,Field B
2022-08-11,20:00,Cow_376,6,1,8,0,33.3,Clear,Field B
2022-08-11,20:00,Cow_377,8,0,8,0,33.3,Clear,Field B
2022-08-11,20:00,Cow_378,11,6,0,0,33.3,Clear,Field B
2022-08-11,20:00,Cow_379,13,3,0,0,33.3,Clear,Field A
2022-08-11,20:00,Cow_380,7,4,4,0,33.3,Clear,Field B
2022-08-11,20:00,Cow_381,1,8,6,0,33.3,Clear,Field A
2022-08-11,20:00,Cow_382,8,7,0,0,33.3,Clear,Field C
2022-08-11,20:00,Cow_383,14,6,0,0,33.3,Clear,Field B
2022-08-11,20:00,Cow_384,9,2,4,0,33.3,Clear,Field C
2022-08-11,20:00,Cow_385,4,3,8,0,33.3,Clear,Field A
2022-08-11,20:00,Cow_386,9,0,6,0,33.3,Clear,Field B
2022-08-11,20:00,Cow_387,7,5,3,0,33.3,Clear,Field C
2022-08-11,20:00,Cow_388,12,0,5,0,33.3,Clear,Field C
2022-08-11,20:00,Cow_389,14,0,6,0,33.3,Clear,Field C
2022-08-11,20:00,Cow_390,11,7,0,0,33.3,Clear,Field B
2022-08-11,20:00,Cow_391,13,3,0,0,33.3,Clear,Field B
2022-08-11,20:00,Cow_392,5,9,1,0,33.3,Clear,Field B
2022-08-11,20:00,Cow_393,12,0,5,0,33.3,Clear,Field C
2022-08-11,20:00,Cow_394,11,10,0,0,33.3,Clear,Field B
2022-08-11,20:00,Cow_395,13,0,9,0,33.3,Clear,Field C
2022-08-11,20:00,Cow_396,0,9,7,0,33.3,Clear,Field A
2022-08-11,20:00,Cow_397,5,8,2,0,33.3,Clear,Field A
2022-08-11,20:00,Cow_398,11,3,1,0,33.3,Clear,Field C
2022-08-11,20:00,Cow_399,8,4,3,0,33.3,Clear,Field C
2022-08-11,20:00,Cow_400,5,6,4,0,33.3,Clear,Field A
2022-08-11,20:00,Cow_401,0,9,8,0,33.3,Clear,Field C
2022-08-11,20:00,Cow_402,12,0,7,0,33.3,Clear,Field B
2022-08-11,20:00,Cow_403,6,4,5,0,33.3,Clear,Field A
2022-08-11,20:00,Cow_404,4,8,3,0,33.3,Clear,Field C
2022-08-11,20:00,Cow_405,7,8,0,0,33.3,Clear,Field B
2022-08-11,20:00,Cow_406,0,8,8,0,33.3,Clear,Field A
2022-08-11,20:00,Cow_407,1,10,4,0,33.3,Clear,Field A
2022-08-11,20:00,Cow_408,13,4,0,0,33.3,Clear,Field B
2022-08-11,20:00,Cow_409,6,5,4,0,33.3,Clear,Field C
2022-08-11,20:00,Cow_410,1,9,5,0,33.3,Clear,Field B
2022-08-11,20:00,Cow_411,5,5,5,0,33.3,Clear,Field C
2022-08-11,20:00,Cow_412,8,0,7,0,33.3,Clear,Field C
2022-08-11,20:00,Cow_413,3,5,7,0,33.3,Clear,Field C
2022-08-11,20:00,Cow_414,5,5,5,0,33.3,Clear,Field B
2022-08-11,20:00,Cow_415,8,9,0,0,33.3,Clear,Field A
2022-08-11,20:00,Cow_416,14,6,0,0,33.3,Clear,Field C
2022-08-11,20:00,Cow_417,14,10,0,0,33.3,Clear,Field B
2022-08-11,20:00,Cow_418,7,4,4,0,33.3,Clear,Field C
2022-08-11,20:00,Cow_419,8,3,4,0,33.3,Clear,Field B
2022-08-11,20:00,Cow_420,2,8,5,0,33.3,Clear,Field C
2022-08-11,20:00,Cow_421,4,6,5,0,33.3,Clear,Field C
2022-08-11,20:00,Cow_422,5,7,3,0,33.3,Clear,Field A
2022-08-11,20:00,Cow_423,1,6,8,0,33.3,Clear,Field A
2022-08-11,20:00,Cow_424,10,9,0,0,33.3,Clear,Field B
2022-08-11,20:00,Cow_425,6,4,5,0,33.3,Clear,Field C
2022-08-11,20:00,Cow_426,0,9,6,0,33.3,Clear,Field A
2022-08-11,20:00,Cow_427,15,7,0,0,33.3,Clear,Field A
2022-08-11,20:00,Cow_428,7,0,8,0,33.3,Clear,Field B
2022-08-11,20:00,Cow_429,7,6,2,0,33.3,Clear,Field C
2022-08-11,20:00,Cow_430,9,8,0,0,33.3,Clear,Field B
2022-08-11,20:00,Cow_431,11,0,6,0,33.3,Clear,Field B
2022-08-11,20:00,Cow_432,5,6,4,0,33.3,Clear,Field B
2022-08-11,20:00,Cow_433,6,3,6,0,33.3,Clear,Field B
2022-08-11,20:00,Cow_434,3,4,8,0,33.3,Clear,Field C
2022-08-11,20:00,Cow_435,13,4,0,0,33.3,Clear,Field C
2022-08-11,20:00,Cow_436,7,4,4,0,33.3,Clear,Field A
2022-08-11,20:00,Cow_437,6,3,6,0,33.3,Clear,Field C
2022-08-11,20:00,Cow_438,13,3,0,0,33.3,Clear,Field B
2022-08-11,20:00,Cow_439,10,7,0,0,33.3,Clear,Field C
2022-08-11,20:00,Cow_440,0,0,0,15,33.3,Clear,Field C
2022-08-11,20:00,Cow_441,5,3,7,0,33.3,Clear,Field B
2022-08-11,20:00,Cow_442,6,10,0,0,33.3,Clear,Field A
2022-08-11,20:00,Cow_443,5,6,4,0,33.3,Clear,Field A
2022-08-11,20:00,Cow_444,12,5,0,0,33.3,Clear,Field B
2022-08-11,20:00,Cow_445,6,6,3,0,33.3,Clear,Field C
2022-08-11,20:00,Cow_446,6,4,5,0,33.3,Clear,Field A
2022-08-11,20:00,Cow_447,7,4,4,0,33.3,Clear,Field C
2022-08-11,20:00,Cow_448,7,1,7,0,33.3,Clear,Field A
2022-08-11,20:00,Cow_449,6,6,3,0,33.3,Clear,Field A
2022-08-11,20:00,Cow_450,10,0,7,0,33.3,Clear,Field B
2022-08-11,20:00,Cow_451,4,5,6,0,33.3,Clear,Field A
2022-08-11,20:00,Cow_452,3,4,8,0,33.3,Clear,Field C
2022-08-11,20:00,Cow_453,5,8,2,0,33.3,Clear,Field C
2022-08-11,20:00,Cow_454,9,3,3,0,33.3,Clear,Field A
2022-08-11,20:00,Cow_455,3,4,8,0,33.3,Clear,Field A
2022-08-11,20:00,Cow_456,13,5,0,0,33.3,Clear,Field B
2022-08-11,20:00,Cow_457,6,4,5,0,33.3,Clear,Field A
2022-08-11,20:00,Cow_458,0,0,0,15,33.3,Clear,Field A
2022-08-11,20:00,Cow_459,11,4,0,0,33.3,Clear,Field A
2022-08-11,20:00,Cow_460,9,3,3,0,33.3,Clear,Field C
2022-08-11,20:00,Cow_461,13,0,5,0,33.3,Clear,Field C
2022-08-11,20:00,Cow_462,8,0,7,0,33.3,Clear,Field A
2022-08-11,20:00,Cow_463,9,0,7,0,33.3,Clear,Field A
2022-08-11,20:00,Cow_464,11,9,0,0,33.3,Clear,Field A
2022-08-11,20:00,Cow_465,0,0,0,15,33.3,Clear,Field B
2022-08-11,20:00,Cow_466,2,7,6,0,33.3,Clear,Field A
2022-08-11,20:00,Cow_467,9,7,0,0,33.3,Clear,Field B
2022-08-11,20:00,Cow_468,2,6,7,0,33.3,Clear,Field C
2022-08-11,20:00,Cow_469,3,9,3,0,33.3,Clear,Field A
2022-08-11,20:00,Cow_470,6,6,3,0,33.3,Clear,Field B
2022-08-11,20:00,Cow_471,0,9,6,0,33.3,Clear,Field A
2022-08-11,20:00,Cow_472,11,0,7,0,33.3,Clear,Field A
2022-08-11,20:00,Cow_473,13,0,5,0,33.3,Clear,Field A
2022-08-11,20:00,Cow_474,0,0,0,15,33.3,Clear,Field A
2022-08-11,20:00,Cow_475,13,0,8,0,33.3,Clear,Field B
2022-08-11,20:00,Cow_476,5,5,5,0,33.3,Clear,Field A
2022-08-11,20:00,Cow_477,5,6,4,0,33.3,Clear,Field C
2022-08-11,20:00,Cow_478,0,0,0,15,33.3,Clear,Field A
2022-08-11,20:00,Cow_479,7,1,7,0,33.3,Clear,Field B
2022-08-11,20:00,Cow_480,0,0,0,15,33.3,Clear,Field A
2022-08-11,20:00,Cow_481,7,3,5,0,33.3,Clear,Field A
2022-08-11,20:00,Cow_482,8,0,7,0,33.3,Clear,Field B
2022-08-11,20:00,Cow_483,8,3,4,0,33.3,Clear,Field B
2022-08-11,20:00,Cow_484,12,0,4,0,33.3,Clear,Field A
2022-08-11,20:00,Cow_485,7,3,5,0,33.3,Clear,Field A
2022-08-11,20:00,Cow_486,0,0,0,15,33.3,Clear,Field B
2022-08-11,20:00,Cow_487,10,2,3,0,33.3,Clear,Field C
2022-08-11,20:00,Cow_488,6,3,6,0,33.3,Clear,Field C
2022-08-11,20:00,Cow_489,5,4,6,0,33.3,Clear,Field A
2022-08-11,20:00,Cow_490,8,9,0,0,33.3,Clear,Field C
2022-08-11,20:00,Cow_491,4,7,4,0,33.3,Clear,Field C
2022-08-11,20:00,Cow_492,7,6,2,0,33.3,Clear,Field C
2022-08-11,20:00,Cow_493,0,0,0,15,33.3,Clear,Field C
2022-08-11,20:00,Cow_494,9,0,8,0,33.3,Clear,Field B
2022-08-11,20:00,Cow_495,6,6,3,0,33.3,Clear,Field A
2022-08-11,20:00,Cow_496,11,4,0,0,33.3,Clear,Field C
2022-08-11,20:00,Cow_497,0,0,0,15,33.3,Clear,Field C
2022-08-11,20:00,Cow_498,10,0,7,0,33.3,Clear,Field A
2022-08-11,20:00,Cow_499,4,4,7,0,33.3,Clear,Field A
2022-08-11,20:00,Cow_500,1,9,5,0,33.3,Clear,Field B
2022-08-11,20:15,Cow_1,6,6,3,0,24.6,Clear,Field A
2022-08-11,20:15,Cow_2,7,8,0,0,24.6,Clear,Field C
2022-08-11,20:15,Cow_3,0,0,0,15,24.6,Clear,Field A
2022-08-11,20:15,Cow_4,13,3,0,0,24.6,Clear,Field C
2022-08-11,20:15,Cow_5,10,3,2,0,24.6,Clear,Field B
2022-08-11,20:15,Cow_6,10,1,4,0,24.6,Clear,Field A
2022-08-11,20:15,Cow_7,11,1,3,0,24.6,Clear,Field A
2022-08-11,20:15,Cow_8,11,8,0,0,24.6,Clear,Field B
2022-08-11,20:15,Cow_9,8,4,3,0,24.6,Clear,Field B
2022-08-11,20:15,Cow_10,7,4,4,0,24.6,Clear,Field C
2022-08-11,20:15,Cow_11,3,9,3,0,24.6,Clear,Field B
2022-08-11,20:15,Cow_12,3,7,5,0,24.6,Clear,Field B
2022-08-11,20:15,Cow_13,13,0,4,0,24.6,Clear,Field C
2022-08-11,20:15,Cow_14,2,8,5,0,24.6,Clear,Field B
2022-08-11,20:15,Cow_15,6,5,4,0,24.6,Clear,Field C
2022-08-11,20:15,Cow_16,14,0,6,0,24.6,Clear,Field C
2022-08-11,20:15,Cow_17,2,10,3,0,24.6,Clear,Field C
2022-08-11,20:15,Cow_18,5,9,1,0,24.6,Clear,Field B
2022-08-11,20:15,Cow_19,9,0,6,0,24.6,Clear,Field A
2022-08-11,20:15,Cow_20,6,3,6,0,24.6,Clear,Field A
2022-08-11,20:15,Cow_21,13,0,4,0,24.6,Clear,Field A
2022-08-11,20:15,Cow_22,7,3,5,0,24.6,Clear,Field C
2022-08-11,20:15,Cow_23,6,5,4,0,24.6,Clear,Field B
2022-08-11,20:15,Cow_24,1,7,7,0,24.6,Clear,Field A
2022-08-11,20:15,Cow_25,7,1,7,0,24.6,Clear,Field A
2022-08-11,20:15,Cow_26,9,9,0,0,24.6,Clear,Field B
2022-08-11,20:15,Cow_27,8,3,4,0,24.6,Clear,Field C
2022-08-11,20:15,Cow_28,0,0,0,15,24.6,Clear,Field A
2022-08-11,20:15,Cow_29,5,3,7,0,24.6,Clear,Field A
2022-08-11,20:15,Cow_30,12,6,0,0,24.6,Clear,Field A
2022-08-11,20:15,Cow_31,11,0,7,0,24.6,Clear,Field B
2022-08-11,20:15,Cow_32,14,0,8,0,24.6,Clear,Field A
2022-08-11,20:15,Cow_33,14,6,0,0,24.6,Clear,Field A
2022-08-11,20:15,Cow_34,9,8,0,0,24.6,Clear,Field C
2022-08-11,20:15,Cow_35,12,0,5,0,24.6,Clear,Field A
2022-08-11,20:15,Cow_36,8,0,8,0,24.6,Clear,Field B
2022-08-11,20:15,Cow_37,6,5,4,0,24.6,Clear,Field B
2022-08-11,20:15,Cow_38,13,5,0,0,24.6,Clear,Field A
2022-08-11,20:15,Cow_39,0,9,7,0,24.6,Clear,Field B
2022-08-11,20:15,Cow_40,1,9,5,0,24.6,Clear,Field A
2022-08-11,20:15,Cow_41,14,5,0,0,24.6,Clear,Field C
2022-08-11,20:15,Cow_42,0,0,0,15,24.6,Clear,Field B
2022-08-11,20:15,Cow_43,0,10,5,0,24.6,Clear,Field B
2022-08-11,20:15,Cow_44,14,0,4,0,24.6,Clear,Field C
2022-08-11,20:15,Cow_45,1,8,6,0,24.6,Clear,Field B
2022-08-11,20:15,Cow_46,13,5,0,0,24.6,Clear,Field B
2022-08-11,20:15,Cow_47,8,1,6,0,24.6,Clear,Field C
2022-08-11,20:15,Cow_48,7,5,3,0,24.6,Clear,Field C
2022-08-11,20:15,Cow_49,13,7,0,0,24.6,Clear,Field B
2022-08-11,20:15,Cow_50,13,0,5,0,24.6,Clear,Field A
2022-08-11,20:15,Cow_51,14,0,7,0,24.6,Clear,Field A
2022-08-11,20:15,Cow_52,6,2,7,0,24.6,Clear,Field A
2022-08-11,20:15,Cow_53,12,0,4,0,24.6,Clear,Field C
2022-08-11,20:15,Cow_54,5,2,8,0,24.6,Clear,Field C
2022-08-11,20:15,Cow_55,8,4,3,0,24.6,Clear,Field A
2022-08-11,20:15,Cow_56,11,9,0,0,24.6,Clear,Field B
2022-08-11,20:15,Cow_57,6,3,6,0,24.6,Clear,Field A
2022-08-11,20:15,Cow_58,9,1,5,0,24.6,Clear,Field B
2022-08-11,20:15,Cow_59,14,0,7,0,24.6,Clear,Field A
2022-08-11,20:15,Cow_60,6,3,6,0,24.6,Clear,Field B
2022-08-11,20:15,Cow_61,13,0,4,0,24.6,Clear,Field B
2022-08-11,20:15,Cow_62,0,0,0,15,24.6,Clear,Field B
2022-08-11,20:15,Cow_63,13,6,0,0,24.6,Clear,Field A
2022-08-11,20:15,Cow_64,12,0,3,0,24.6,Clear,Field B
2022-08-11,20:15,Cow_65,3,9,3,0,24.6,Clear,Field C
2022-08-11,20:15,Cow_66,0,0,0,15,24.6,Clear,Field C
2022-08-11,20:15,Cow_67,11,0,5,0,24.6,Clear,Field A
2022-08-11,20:15,Cow_68,11,3,1,0,24.6,Clear,Field B
2022-08-11,20:15,Cow_69,0,0,0,15,24.6,Clear,Field A
2022-08-11,20:15,Cow_70,4,5,6,0,24.6,Clear,Field C
2022-08-11,20:15,Cow_71,0,9,8,0,24.6,Clear,Field C
2022-08-11,20:15,Cow_72,2,7,6,0,24.6,Clear,Field C
2022-08-11,20:15,Cow_73,0,0,0,15,24.6,Clear,Field A
2022-08-11,20:15,Cow_74,14,0,4,0,24.6,Clear,Field A
2022-08-11,20:15,Cow_75,10,6,0,0,24.6,Clear,Field B
2022-08-11,20:15,Cow_76,12,7,0,0,24.6,Clear,Field A
2022-08-11,20:15,Cow_77,6,2,7,0,24.6,Clear,Field B
2022-08-11,20:15,Cow_78,7,0,8,0,24.6,Clear,Field B
2022-08-11,20:15,Cow_79,5,4,6,0,24.6,Clear,Field A
2022-08-11,20:15,Cow_80,12,0,7,0,24.6,Clear,Field B
2022-08-11,20:15,Cow_81,6,3,6,0,24.6,Clear,Field B
2022-08-11,20:15,Cow_82,6,9,0,0,24.6,Clear,Field A
2022-08-11,20:15,Cow_83,13,4,0,0,24.6,Clear,Field A
2022-08-11,20:15,Cow_84,0,8,7,0,24.6,Clear,Field A
2022-08-11,20:15,Cow_85,2,10,3,0,24.6,Clear,Field A
2022-08-11,20:15,Cow_86,11,3,1,0,24.6,Clear,Field C
2022-08-11,20:15,Cow_87,5,5,5,0,24.6,Clear,Field C
2022-08-11,20:15,Cow_88,12,6,0,0,24.6,Clear,Field C
2022-08-11,20:15,Cow_89,2,10,3,0,24.6,Clear,Field B
2022-08-11,20:15,Cow_90,11,0,7,0,24.6,Clear,Field A
2022-08-11,20:15,Cow_91,12,3,0,0,24.6,Clear,Field B
2022-08-11,20:15,Cow_92,6,6,3,0,24.6,Clear,Field C
2022-08-11,20:15,Cow_93,0,9,7,0,24.6,Clear,Field C
2022-08-11,20:15,Cow_94,4,8,3,0,24.6,Clear,Field C
2022-08-11,20:15,Cow_95,1,9,5,0,24.6,Clear,Field B
2022-08-11,20:15,Cow_96,6,3,6,0,24.6,Clear,Field C
2022-08-11,20:15,Cow_97,7,9,0,0,24.6,Clear,Field B
2022-08-11,20:15,Cow_98,14,0,9,0,24.6,Clear,Field B
2022-08-11,20:15,Cow_99,7,4,4,0,24.6,Clear,Field A
2022-08-11,20:15,Cow_100,1,6,8,0,24.6,Clear,Field C
2022-08-11,20:15,Cow_101,13,0,6,0,24.6,Clear,Field C
2022-08-11,20:15,Cow_102,11,4,0,0,24.6,Clear,Field B
2022-08-11,20:15,Cow_103,7,0,8,0,24.6,Clear,Field A
2022-08-11,20:15,Cow_104,14,5,0,0,24.6,Clear,Field C
2022-08-11,20:15,Cow_105,6,3,6,0,24.6,Clear,Field B
2022-08-11,20:15,Cow_106,5,6,4,0,24.6,Clear,Field C
2022-08-11,20:15,Cow_107,13,0,7,0,24.6,Clear,Field C
2022-08-11,20:15,Cow_108,0,9,8,0,24.6,Clear,Field A
2022-08-11,20:15,Cow_109,8,4,3,0,24.6,Clear,Field C
2022-08-11,20:15,Cow_110,5,3,7,0,24.6,Clear,Field C
2022-08-11,20:15,Cow_111,0,10,5,0,24.6,Clear,Field A
2022-08-11,20:15,Cow_112,5,7,3,0,24.6,Clear,Field B
2022-08-11,20:15,Cow_113,13,9,0,0,24.6,Clear,Field B
2022-08-11,20:15,Cow_114,0,10,5,0,24.6,Clear,Field B
2022-08-11,20:15,Cow_115,12,5,0,0,24.6,Clear,Field A
2022-08-11,20:15,Cow_116,0,0,0,15,24.6,Clear,Field B
2022-08-11,20:15,Cow_117,0,0,0,15,24.6,Clear,Field C
2022-08-11,20:15,Cow_118,13,7,0,0,24.6,Clear,Field A
2022-08-11,20:15,Cow_119,11,1,3,0,24.6,Clear,Field A
2022-08-11,20:15,Cow_120,10,0,6,0,24.6,Clear,Field B
2022-08-11,20:15,Cow_121,12,0,5,0,24.6,Clear,Field C
2022-08-11,20:15,Cow_122,7,2,6,0,24.6,Clear,Field C
2022-08-11,20:15,Cow_123,12,0,5,0,24.6,Clear,Field B
2022-08-11,20:15,Cow_124,6,4,5,0,24.6,Clear,Field A
2022-08-11,20:15,Cow_125,0,0,0,15,24.6,Clear,Field C
2022-08-11,20:15,Cow_126,0,8,7,0,24.6,Clear,Field A
2022-08-11,20:15,Cow_127,6,1,8,0,24.6,Clear,Field B
2022-08-11,20:15,Cow_128,12,8,0,0,24.6,Clear,Field B
2022-08-11,20:15,Cow_129,7,4,4,0,24.6,Clear,Field A
2022-08-11,20:15,Cow_130,9,3,3,0,24.6,Clear,Field C
2022-08-11,20:15,Cow_131,0,10,6,0,24.6,Clear,Field B
2022-08-11,20:15,Cow_132,12,6,0,0,24.6,Clear,Field A
2022-08-11,20:15,Cow_133,8,0,7,0,24.6,Clear,Field C
2022-08-11,20:15,Cow_134,13,0,8,0,24.6,Clear,Field B
2022-08-11,20:15,Cow_135,6,4,5,0,24.6,Clear,Field C
2022-08-11,20:15,Cow_136,9,0,8,0,24.6,Clear,Field B
2022-08-11,20:15,Cow_137,9,3,3,0,24.6,Clear,Field B
2022-08-11,20:15,Cow_138,8,3,4,0,24.6,Clear,Field B
2022-08-11,20:15,Cow_139,1,6,8,0,24.6,Clear,Field C
2022-08-11,20:15,Cow_140,11,0,6,0,24.6,Clear,Field B
2022-08-11,20:15,Cow_141,6,4,5,0,24.6,Clear,Field A
2022-08-11,20:15,Cow_142,5,4,6,0,24.6,Clear,Field B
2022-08-11,20:15,Cow_143,4,6,5,0,24.6,Clear,Field C
2022-08-11,20:15,Cow_144,6,6,3,0,24.6,Clear,Field C
2022-08-11,20:15,Cow_145,0,10,8,0,24.6,Clear,Field B
2022-08-11,20:15,Cow_146,14,0,4,0,24.6,Clear,Field A
2022-08-11,20:15,Cow_147,8,9,0,0,24.6,Clear,Field C
2022-08-11,20:15,Cow_148,10,2,3,0,24.6,Clear,Field C
2022-08-11,20:15,Cow_149,0,0,0,15,24.6,Clear,Field A
2022-08-11,20:15,Cow_150,7,4,4,0,24.6,Clear,Field C
2022-08-11,20:15,Cow_151,0,7,8,0,24.6,Clear,Field B
2022-08-11,20:15,Cow_152,3,9,3,0,24.6,Clear,Field B
2022-08-11,20:15,Cow_153,0,8,7,0,24.6,Clear,Field A
2022-08-11,20:15,Cow_154,0,0,0,15,24.6,Clear,Field C
2022-08-11,20:15,Cow_155,5,6,4,0,24.6,Clear,Field C
2022-08-11,20:15,Cow_156,6,1,8,0,24.6,Clear,Field A
2022-08-11,20:15,Cow_157,11,9,0,0,24.6,Clear,Field A
2022-08-11,20:15,Cow_158,1,7,7,0,24.6,Clear,Field A
2022-08-11,20:15,Cow_159,0,0,0,15,24.6,Clear,Field C
2022-08-11,20:15,Cow_160,13,0,3,0,24.6,Clear,Field B
2022-08-11,20:15,Cow_161,0,0,0,15,24.6,Clear,Field B
2022-08-11,20:15,Cow_162,14,0,4,0,24.6,Clear,Field A
2022-08-11,20:15,Cow_163,10,6,0,0,24.6,Clear,Field C
2022-08-11,20:15,Cow_164,7,9,0,0,24.6,Clear,Field A
2022-08-11,20:15,Cow_165,6,8,1,0,24.6,Clear,Field B
2022-08-11,20:15,Cow_166,0,0,0,15,24.6,Clear,Field C
2022-08-11,20:15,Cow_167,3,8,4,0,24.6,Clear,Field A
2022-08-11,20:15,Cow_168,12,4,0,0,24.6,Clear,Field C
2022-08-11,20:15,Cow_169,13,9,0,0,24.6,Clear,Field A
2022-08-11,20:15,Cow_170,14,0,6,0,24.6,Clear,Field B
2022-08-11,20:15,Cow_171,0,0,0,15,24.6,Clear,Field B
2022-08-11,20:15,Cow_172,13,0,8,0,24.6,Clear,Field C
2022-08-11,20:15,Cow_173,10,1,4,0,24.6,Clear,Field C
2022-08-11,20:15,Cow_174,0,9,9,0,24.6,Clear,Field A
2022-08-11,20:15,Cow_175,12,0,3,0,24.6,Clear,Field B
2022-08-11,20:15,Cow_176,6,6,3,0,24.6,Clear,Field A
2022-08-11,20:15,Cow_177,8,4,3,0,24.6,Clear,Field B
2022-08-11,20:15,Cow_178,7,10,0,0,24.6,Clear,Field A
2022-08-11,20:15,Cow_179,10,0,7,0,24.6,Clear,Field B
2022-08-11,20:15,Cow_180,14,0,7,0,24.6,Clear,Field B
2022-08-11,20:15,Cow_181,0,10,7,0,24.6,Clear,Field C
2022-08-11,20:15,Cow_182,12,7,0,0,24.6,Clear,Field A
2022-08-11,20:15,Cow_183,5,4,6,0,24.6,Clear,Field B
2022-08-11,20:15,Cow_184,13,0,7,0,24.6,Clear,Field A
2022-08-11,20:15,Cow_185,13,10,0,0,24.6,Clear,Field C
2022-08-11,20:15,Cow_186,9,2,4,0,24.6,Clear,Field C
2022-08-11,20:15,Cow_187,9,0,6,0,24.6,Clear,Field C
2022-08-11,20:15,Cow_188,0,0,0,15,24.6,Clear,Field C
2022-08-11,20:15,Cow_189,4,7,4,0,24.6,Clear,Field B
2022-08-11,20:15,Cow_190,8,4,3,0,24.6,Clear,Field C
2022-08-11,20:15,Cow_191,0,9,8,0,24.6,Clear,Field B
2022-08-11,20:15,Cow_192,4,5,6,0,24.6,Clear,Field A
2022-08-11,20:15,Cow_193,14,0,8,0,24.6,Clear,Field C
2022-08-11,20:15,Cow_194,11,0,8,0,24.6,Clear,Field C
2022-08-11,20:15,Cow_195,10,0,7,0,24.6,Clear,Field B
2022-08-11,20:15,Cow_196,11,0,6,0,24.6,Clear,Field A
2022-08-11,20:15,Cow_197,0,10,6,0,24.6,Clear,Field C
2022-08-11,20:15,Cow_198,5,5,5,0,24.6,Clear,Field A
2022-08-11,20:15,Cow_199,0,9,8,0,24.6,Clear,Field A
2022-08-11,20:15,Cow_200,11,5,0,0,24.6,Clear,Field C
2022-08-11,20:15,Cow_201,14,0,3,0,24.6,Clear,Field A
2022-08-11,20:15,Cow_202,13,10,0,0,24.6,Clear,Field A
2022-08-11,20:15,Cow_203,12,8,0,0,24.6,Clear,Field C
2022-08-11,20:15,Cow_204,9,7,0,0,24.6,Clear,Field B
2022-08-11,20:15,Cow_205,1,9,5,0,24.6,Clear,Field A
2022-08-11,20:15,Cow_206,9,4,2,0,24.6,Clear,Field A
2022-08-11,20:15,Cow_207,10,0,7,0,24.6,Clear,Field A
2022-08-11,20:15,Cow_208,7,1,7,0,24.6,Clear,Field B
2022-08-11,20:15,Cow_209,2,10,3,0,24.6,Clear,Field C
2022-08-11,20:15,Cow_210,6,7,2,0,24.6,Clear,Field C
2022-08-11,20:15,Cow_211,14,0,4,0,24.6,Clear,Field C
2022-08-11,20:15,Cow_212,6,6,3,0,24.6,Clear,Field A
2022-08-11,20:15,Cow_213,10,0,8,0,24.6,Clear,Field A
2022-08-11,20:15,Cow_214,11,0,6,0,24.6,Clear,Field B
2022-08-11,20:15,Cow_215,4,7,4,0,24.6,Clear,Field C
2022-08-11,20:15,Cow_216,5,4,6,0,24.6,Clear,Field B
2022-08-11,20:15,Cow_217,13,9,0,0,24.6,Clear,Field C
2022-08-11,20:15,Cow_218,0,0,0,15,24.6,Clear,Field B
2022-08-11,20:15,Cow_219,14,9,0,0,24.6,Clear,Field C
2022-08-11,20:15,Cow_220,7,4,4,0,24.6,Clear,Field B
2022-08-11,20:15,Cow_221,0,0,0,15,24.6,Clear,Field B
2022-08-11,20:15,Cow_222,11,4,0,0,24.6,Clear,Field B
2022-08-11,20:15,Cow_223,14,0,7,0,24.6,Clear,Field C
2022-08-11,20:15,Cow_224,3,6,6,0,24.6,Clear,Field C
2022-08-11,20:15,Cow_225,13,0,5,0,24.6,Clear,Field C
2022-08-11,20:15,Cow_226,13,0,5,0,24.6,Clear,Field A
2022-08-11,20:15,Cow_227,8,1,6,0,24.6,Clear,Field C
2022-08-11,20:15,Cow_228,11,0,7,0,24.6,Clear,Field C
2022-08-11,20:15,Cow_229,2,8,5,0,24.6,Clear,Field A
2022-08-11,20:15,Cow_230,9,0,6,0,24.6,Clear,Field A
2022-08-11,20:15,Cow_231,13,10,0,0,24.6,Clear,Field B
2022-08-11,20:15,Cow_232,6,6,3,0,24.6,Clear,Field C
2022-08-11,20:15,Cow_233,0,9,8,0,24.6,Clear,Field C
2022-08-11,20:15,Cow_234,5,6,4,0,24.6,Clear,Field A
2022-08-11,20:15,Cow_235,11,8,0,0,24.6,Clear,Field C
2022-08-11,20:15,Cow_236,9,8,0,0,24.6,Clear,Field C
2022-08-11,20:15,Cow_237,5,2,8,0,24.6,Clear,Field C
2022-08-11,20:15,Cow_238,0,0,0,15,24.6,Clear,Field C
2022-08-11,20:15,Cow_239,10,2,3,0,24.6,Clear,Field C
2022-08-11,20:15,Cow_240,2,7,6,0,24.6,Clear,Field A
2022-08-11,20:15,Cow_241,6,6,3,0,24.6,Clear,Field C
2022-08-11,20:15,Cow_242,11,4,0,0,24.6,Clear,Field A
2022-08-11,20:15,Cow_243,5,5,5,0,24.6,Clear,Field A
2022-08-11,20:15,Cow_244,8,2,5,0,24.6,Clear,Field C
2022-08-11,20:15,Cow_245,9,1,5,0,24.6,Clear,Field A
2022-08-11,20:15,Cow_246,10,1,4,0,24.6,Clear,Field B
2022-08-11,20:15,Cow_247,11,6,0,0,24.6,Clear,Field B
2022-08-11,20:15,Cow_248,8,7,0,0,24.6,Clear,Field C
2022-08-11,20:15,Cow_249,6,4,5,0,24.6,Clear,Field C
2022-08-11,20:15,Cow_250,14,6,0,0,24.6,Clear,Field A
2022-08-11,20:15,Cow_251,12,7,0,0,24.6,Clear,Field C
2022-08-11,20:15,Cow_252,0,0,0,15,24.6,Clear,Field C
2022-08-11,20:15,Cow_253,6,3,6,0,24.6,Clear,Field A
2022-08-11,20:15,Cow_254,3,8,4,0,24.6,Clear,Field A
2022-08-11,20:15,Cow_255,7,3,5,0,24.6,Clear,Field B
2022-08-11,20:15,Cow_256,12,4,0,0,24.6,Clear,Field B
2022-08-11,20:15,Cow_257,4,7,4,0,24.6,Clear,Field A
2022-08-11,20:15,Cow_258,10,0,7,0,24.6,Clear,Field B
2022-08-11,20:15,Cow_259,12,0,6,0,24.6,Clear,Field B
2022-08-11,20:15,Cow_260,0,8,8,0,24.6,Clear,Field B
2022-08-11,20:15,Cow_261,7,2,6,0,24.6,Clear,Field A
2022-08-11,20:15,Cow_262,8,3,4,0,24.6,Clear,Field A
2022-08-11,20:15,Cow_263,10,7,0,0,24.6,Clear,Field A
2022-08-11,20:15,Cow_264,9,3,3,0,24.6,Clear,Field B
2022-08-11,20:15,Cow_265,12,10,0,0,24.6,Clear,Field A
2022-08-11,20:15,Cow_266,13,6,0,0,24.6,Clear,Field C
2022-08-11,20:15,Cow_267,7,4,4,0,24.6,Clear,Field B
2022-08-11,20:15,Cow_268,7,1,7,0,24.6,Clear,Field C
2022-08-11,20:15,Cow_269,1,6,8,0,24.6,Clear,Field A
2022-08-11,20:15,Cow_270,12,0,4,0,24.6,Clear,Field A
2022-08-11,20:15,Cow_271,3,7,5,0,24.6,Clear,Field B
2022-08-11,20:15,Cow_272,10,8,0,0,24.6,Clear,Field A
2022-08-11,20:15,Cow_273,11,1,3,0,24.6,Clear,Field C
2022-08-11,20:15,Cow_274,5,4,6,0,24.6,Clear,Field A
2022-08-11,20:15,Cow_275,9,1,5,0,24.6,Clear,Field A
2022-08-11,20:15,Cow_276,13,9,0,0,24.6,Clear,Field C
2022-08-11,20:15,Cow_277,1,7,7,0,24.6,Clear,Field B
2022-08-11,20:15,Cow_278,0,0,0,15,24.6,Clear,Field A
2022-08-11,20:15,Cow_279,6,3,6,0,24.6,Clear,Field B
2022-08-11,20:15,Cow_280,6,5,4,0,24.6,Clear,Field B
2022-08-11,20:15,Cow_281,0,0,0,15,24.6,Clear,Field C
2022-08-11,20:15,Cow_282,1,9,5,0,24.6,Clear,Field B
2022-08-11,20:15,Cow_283,1,10,4,0,24.6,Clear,Field A
2022-08-11,20:15,Cow_284,12,0,8,0,24.6,Clear,Field B
2022-08-11,20:15,Cow_285,10,1,4,0,24.6,Clear,Field B
2022-08-11,20:15,Cow_286,14,0,3,0,24.6,Clear,Field B
2022-08-11,20:15,Cow_287,0,10,6,0,24.6,Clear,Field B
2022-08-11,20:15,Cow_288,0,9,8,0,24.6,Clear,Field C
2022-08-11,20:15,Cow_289,6,5,4,0,24.6,Clear,Field B
2022-08-11,20:15,Cow_290,11,9,0,0,24.6,Clear,Field A
2022-08-11,20:15,Cow_291,13,0,7,0,24.6,Clear,Field A
2022-08-11,20:15,Cow_292,5,5,5,0,24.6,Clear,Field A
2022-08-11,20:15,Cow_293,0,0,0,15,24.6,Clear,Field A
2022-08-11,20:15,Cow_294,13,8,0,0,24.6,Clear,Field C
2022-08-11,20:15,Cow_295,5,6,4,0,24.6,Clear,Field A
2022-08-11,20:15,Cow_296,13,4,0,0,24.6,Clear,Field C
2022-08-11,20:15,Cow_297,13,3,0,0,24.6,Clear,Field B
2022-08-11,20:15,Cow_298,12,4,0,0,24.6,Clear,Field C
2022-08-11,20:15,Cow_299,7,0,9,0,24.6,Clear,Field C
2022-08-11,20:15,Cow_300,7,5,3,0,24.6,Clear,Field C
2022-08-11,20:15,Cow_301,6,5,4,0,24.6,Clear,Field C
2022-08-11,20:15,Cow_302,11,1,3,0,24.6,Clear,Field C
2022-08-11,20:15,Cow_303,7,3,5,0,24.6,Clear,Field C
2022-08-11,20:15,Cow_304,6,9,0,0,24.6,Clear,Field A
2022-08-11,20:15,Cow_305,6,6,3,0,24.6,Clear,Field A
2022-08-11,20:15,Cow_306,9,3,3,0,24.6,Clear,Field A
2022-08-11,20:15,Cow_307,11,10,0,0,24.6,Clear,Field C
2022-08-11,20:15,Cow_308,11,5,0,0,24.6,Clear,Field A
2022-08-11,20:15,Cow_309,2,8,5,0,24.6,Clear,Field A
2022-08-11,20:15,Cow_310,8,9,0,0,24.6,Clear,Field B
2022-08-11,20:15,Cow_311,3,4,8,0,24.6,Clear,Field B
2022-08-11,20:15,Cow_312,14,9,0,0,24.6,Clear,Field B
2022-08-11,20:15,Cow_313,10,7,0,0,24.6,Clear,Field B
2022-08-11,20:15,Cow_314,8,7,0,0,24.6,Clear,Field A
2022-08-11,20:15,Cow_315,7,5,3,0,24.6,Clear,Field B
2022-08-11,20:15,Cow_316,5,9,1,0,24.6,Clear,Field A
2022-08-11,20:15,Cow_317,6,4,5,0,24.6,Clear,Field B
2022-08-11,20:15,Cow_318,6,6,3,0,24.6,Clear,Field B
2022-08-11,20:15,Cow_319,7,3,5,0,24.6,Clear,Field B
2022-08-11,20:15,Cow_320,4,3,8,0,24.6,Clear,Field B
2022-08-11,20:15,Cow_321,14,0,3,0,24.6,Clear,Field B
2022-08-11,20:15,Cow_322,0,10,8,0,24.6,Clear,Field C
2022-08-11,20:15,Cow_323,7,3,5,0,24.6,Clear,Field B
2022-08-11,20:15,Cow_324,11,0,5,0,24.6,Clear,Field A
2022-08-11,20:15,Cow_325,11,1,3,0,24.6,Clear,Field C
2022-08-11,20:15,Cow_326,0,10,7,0,24.6,Clear,Field A
2022-08-11,20:15,Cow_327,12,9,0,0,24.6,Clear,Field A
2022-08-11,20:15,Cow_328,14,0,7,0,24.6,Clear,Field C
2022-08-11,20:15,Cow_329,2,6,7,0,24.6,Clear,Field A
2022-08-11,20:15,Cow_330,11,0,7,0,24.6,Clear,Field C
2022-08-11,20:15,Cow_331,0,9,8,0,24.6,Clear,Field A
2022-08-11,20:15,Cow_332,11,3,1,0,24.6,Clear,Field C
2022-08-11,20:15,Cow_333,0,8,8,0,24.6,Clear,Field A
2022-08-11,20:15,Cow_334,0,0,0,15,24.6,Clear,Field C
2022-08-11,20:15,Cow_335,5,3,7,0,24.6,Clear,Field C
2022-08-11,20:15,Cow_336,8,4,3,0,24.6,Clear,Field C
2022-08-11,20:15,Cow_337,9,2,4,0,24.6,Clear,Field A
2022-08-11,20:15,Cow_338,3,6,6,0,24.6,Clear,Field B
2022-08-11,20:15,Cow_339,10,0,7,0,24.6,Clear,Field B
2022-08-11,20:15,Cow_340,13,0,8,0,24.6,Clear,Field A
2022-08-11,20:15,Cow_341,6,5,4,0,24.6,Clear,Field C
2022-08-11,20:15,Cow_342,2,7,6,0,24.6,Clear,Field B
2022-08-11,20:15,Cow_343,13,7,0,0,24.6,Clear,Field A
2022-08-11,20:15,Cow_344,8,1,6,0,24.6,Clear,Field C
2022-08-11,20:15,Cow_345,14,0,3,0,24.6,Clear,Field A
2022-08-11,20:15,Cow_346,6,5,4,0,24.6,Clear,Field A
2022-08-11,20:15,Cow_347,6,2,7,0,24.6,Clear,Field A
2022-08-11,20:15,Cow_348,7,7,1,0,24.6,Clear,Field B
2022-08-11,20:15,Cow_349,7,1,7,0,24.6,Clear,Field A
2022-08-11,20:15,Cow_350,6,6,3,0,24.6,Clear,Field A
2022-08-11,20:15,Cow_351,8,3,4,0,24.6,Clear,Field B
2022-08-11,20:15,Cow_352,7,3,5,0,24.6,Clear,Field B
2022-08-11,20:15,Cow_353,12,0,7,0,24.6,Clear,Field A
2022-08-11,20:15,Cow_354,6,5,4,0,24.6,Clear,Field A
2022-08-11,20:15,Cow_355,13,3,0,0,24.6,Clear,Field C
2022-08-11,20:15,Cow_356,13,3,0,0,24.6,Clear,Field C
2022-08-11,20:15,Cow_357,0,9,7,0,24.6,Clear,Field B
2022-08-11,20:15,Cow_358,10,1,4,0,24.6,Clear,Field C
2022-08-11,20:15,Cow_359,7,6,2,0,24.6,Clear,Field B
2022-08-11,20:15,Cow_360,5,6,4,0,24.6,Clear,Field B
2022-08-11,20:15,Cow_361,0,0,0,15,24.6,Clear,Field C
2022-08-11,20:15,Cow_362,6,6,3,0,24.6,Clear,Field B
2022-08-11,20:15,Cow_363,13,0,4,0,24.6,Clear,Field A
2022-08-11,20:15,Cow_364,11,1,3,0,24.6,Clear,Field A
2022-08-11,20:15,Cow_365,0,0,0,15,24.6,Clear,Field B
2022-08-11,20:15,Cow_366,10,10,0,0,24.6,Clear,Field C
2022-08-11,20:15,Cow_367,9,10,0,0,24.6,Clear,Field C
2022-08-11,20:15,Cow_368,12,0,4,0,24.6,Clear,Field B
2022-08-11,20:15,Cow_369,0,0,0,15,24.6,Clear,Field C
2022-08-11,20:15,Cow_370,6,5,4,0,24.6,Clear,Field A
2022-08-11,20:15,Cow_371,6,3,6,0,24.6,Clear,Field C
2022-08-11,20:15,Cow_372,4,6,5,0,24.6,Clear,Field B
2022-08-11,20:15,Cow_373,1,8,6,0,24.6,Clear,Field C
2022-08-11,20:15,Cow_374,12,0,5,0,24.6,Clear,Field C
2022-08-11,20:15,Cow_375,7,4,4,0,24.6,Clear,Field C
2022-08-11,20:15,Cow_376,10,0,8,0,24.6,Clear,Field B
2022-08-11,20:15,Cow_377,11,1,3,0,24.6,Clear,Field A
2022-08-11,20:15,Cow_378,12,10,0,0,24.6,Clear,Field B
2022-08-11,20:15,Cow_379,9,5,1,0,24.6,Clear,Field B
2022-08-11,20:15,Cow_380,13,10,0,0,24.6,Clear,Field B
2022-08-11,20:15,Cow_381,0,9,8,0,24.6,Clear,Field A
2022-08-11,20:15,Cow_382,5,5,5,0,24.6,Clear,Field A
2022-08-11,20:15,Cow_383,2,8,5,0,24.6,Clear,Field B
2022-08-11,20:15,Cow_384,11,0,7,0,24.6,Clear,Field A
2022-08-11,20:15,Cow_385,5,7,3,0,24.6,Clear,Field B
2022-08-11,20:15,Cow_386,5,4,6,0,24.6,Clear,Field C
2022-08-11,20:15,Cow_387,9,3,3,0,24.6,Clear,Field B
2022-08-11,20:15,Cow_388,6,3,6,0,24.6,Clear,Field A
2022-08-11,20:15,Cow_389,0,9,7,0,24.6,Clear,Field A
2022-08-11,20:15,Cow_390,0,0,0,15,24.6,Clear,Field C
2022-08-11,20:15,Cow_391,14,12,0,0,24.6,Clear,Field B
2022-08-11,20:15,Cow_392,9,0,7,0,24.6,Clear,Field B
2022-08-11,20:15,Cow_393,12,0,8,0,24.6,Clear,Field A
2022-08-11,20:15,Cow_394,14,0,6,0,24.6,Clear,Field A
2022-08-11,20:15,Cow_395,0,6,10,0,24.6,Clear,Field C
2022-08-11,20:15,Cow_396,12,0,4,0,24.6,Clear,Field A
2022-08-11,20:15,Cow_397,10,0,8,0,24.6,Clear,Field B
2022-08-11,20:15,Cow_398,12,0,5,0,24.6,Clear,Field B
2022-08-11,20:15,Cow_399,0,10,7,0,24.6,Clear,Field B
2022-08-11,20:15,Cow_400,12,0,6,0,24.6,Clear,Field A
2022-08-11,20:15,Cow_401,11,0,5,0,24.6,Clear,Field B
2022-08-11,20:15,Cow_402,4,7,4,0,24.6,Clear,Field C
2022-08-11,20:15,Cow_403,13,0,7,0,24.6,Clear,Field C
2022-08-11,20:15,Cow_404,5,3,7,0,24.6,Clear,Field C
2022-08-11,20:15,Cow_405,14,0,8,0,24.6,Clear,Field A
2022-08-11,20:15,Cow_406,5,3,7,0,24.6,Clear,Field A
2022-08-11,20:15,Cow_407,13,0,8,0,24.6,Clear,Field A
2022-08-11,20:15,Cow_408,11,0,4,0,24.6,Clear,Field B
2022-08-11,20:15,Cow_409,7,3,5,0,24.6,Clear,Field B
2022-08-11,20:15,Cow_410,4,4,7,0,24.6,Clear,Field A
2022-08-11,20:15,Cow_411,11,5,0,0,24.6,Clear,Field B
2022-08-11,20:15,Cow_412,9,6,0,0,24.6,Clear,Field A
2022-08-11,20:15,Cow_413,7,4,4,0,24.6,Clear,Field B
2022-08-11,20:15,Cow_414,1,6,8,0,24.6,Clear,Field A
2022-08-11,20:15,Cow_415,4,7,4,0,24.6,Clear,Field B
2022-08-11,20:15,Cow_416,6,6,3,0,24.6,Clear,Field C
2022-08-11,20:15,Cow_417,12,8,0,0,24.6,Clear,Field C
2022-08-11,20:15,Cow_418,5,9,1,0,24.6,Clear,Field C
2022-08-11,20:15,Cow_419,6,6,3,0,24.6,Clear,Field A
2022-08-11,20:15,Cow_420,7,3,5,0,24.6,Clear,Field B
2022-08-11,20:15,Cow_421,4,6,5,0,24.6,Clear,Field C
2022-08-11,20:15,Cow_422,1,10,4,0,24.6,Clear,Field B
2022-08-11,20:15,Cow_423,0,0,0,15,24.6,Clear,Field A
2022-08-11,20:15,Cow_424,5,4,6,0,24.6,Clear,Field A
2022-08-11,20:15,Cow_425,14,0,7,0,24.6,Clear,Field B
2022-08-11,20:15,Cow_426,8,5,2,0,24.6,Clear,Field B
2022-08-11,20:15,Cow_427,15,9,0,0,24.6,Clear,Field B
2022-08-11,20:15,Cow_428,2,8,5,0,24.6,Clear,Field A
2022-08-11,20:15,Cow_429,3,4,8,0,24.6,Clear,Field C
2022-08-11,20:15,Cow_430,8,3,4,0,24.6,Clear,Field B
2022-08-11,20:15,Cow_431,4,8,3,0,24.6,Clear,Field B
2022-08-11,20:15,Cow_432,7,4,4,0,24.6,Clear,Field C
2022-08-11,20:15,Cow_433,6,5,4,0,24.6,Clear,Field A
2022-08-11,20:15,Cow_434,13,0,6,0,24.6,Clear,Field B
2022-08-11,20:15,Cow_435,2,8,5,0,24.6,Clear,Field A
2022-08-11,20:15,Cow_436,11,4,0,0,24.6,Clear,Field C
2022-08-11,20:15,Cow_437,3,9,3,0,24.6,Clear,Field A
2022-08-11,20:15,Cow_438,8,2,5,0,24.6,Clear,Field A
2022-08-11,20:15,Cow_439,9,9,0,0,24.6,Clear,Field B
2022-08-11,20:15,Cow_440,13,4,0,0,24.6,Clear,Field C
2022-08-11,20:15,Cow_441,7,3,5,0,24.6,Clear,Field A
2022-08-11,20:15,Cow_442,4,5,6,0,24.6,Clear,Field C
2022-08-11,20:15,Cow_443,4,8,3,0,24.6,Clear,Field C
2022-08-11,20:15,Cow_444,7,4,4,0,24.6,Clear,Field B
2022-08-11,20:15,Cow_445,7,6,2,0,24.6,Clear,Field B
2022-08-11,20:15,Cow_446,12,0,3,0,24.6,Clear,Field C
2022-08-11,20:15,Cow_447,9,6,0,0,24.6,Clear,Field B
2022-08-11,20:15,Cow_448,1,6,8,0,24.6,Clear,Field B
2022-08-11,20:15,Cow_449,14,0,5,0,24.6,Clear,Field B
2022-08-11,20:15,Cow_450,9,10,0,0,24.6,Clear,Field B
2022-08-11,20:15,Cow_451,0,0,0,15,24.6,Clear,Field A
2022-08-11,20:15,Cow_452,3,8,4,0,24.6,Clear,Field B
2022-08-11,20:15,Cow_453,0,8,8,0,24.6,Clear,Field A
2022-08-11,20:15,Cow_454,12,5,0,0,24.6,Clear,Field C
2022-08-11,20:15,Cow_455,12,4,0,0,24.6,Clear,Field A
2022-08-11,20:15,Cow_456,8,4,3,0,24.6,Clear,Field C
2022-08-11,20:15,Cow_457,11,10,0,0,24.6,Clear,Field B
2022-08-11,20:15,Cow_458,7,5,3,0,24.6,Clear,Field C
2022-08-11,20:15,Cow_459,8,4,3,0,24.6,Clear,Field B
2022-08-11,20:15,Cow_460,1,9,5,0,24.6,Clear,Field B
2022-08-11,20:15,Cow_461,14,7,0,0,24.6,Clear,Field B
2022-08-11,20:15,Cow_462,11,4,0,0,24.6,Clear,Field B
2022-08-11,20:15,Cow_463,0,0,0,15,24.6,Clear,Field C
2022-08-11,20:15,Cow_464,11,0,4,0,24.6,Clear,Field B
2022-08-11,20:15,Cow_465,11,0,8,0,24.6,Clear,Field C
2022-08-11,20:15,Cow_466,0,0,0,15,24.6,Clear,Field C
2022-08-11,20:15,Cow_467,3,8,4,0,24.6,Clear,Field B
2022-08-11,20:15,Cow_468,2,5,8,0,24.6,Clear,Field A
2022-08-11,20:15,Cow_469,13,9,0,0,24.6,Clear,Field C
2022-08-11,20:15,Cow_470,10,0,7,0,24.6,Clear,Field C
2022-08-11,20:15,Cow_471,10,8,0,0,24.6,Clear,Field B
2022-08-11,20:15,Cow_472,6,7,2,0,24.6,Clear,Field C
2022-08-11,20:15,Cow_473,9,8,0,0,24.6,Clear,Field A
2022-08-11,20:15,Cow_474,9,3,3,0,24.6,Clear,Field B
2022-08-11,20:15,Cow_475,8,3,4,0,24.6,Clear,Field B
2022-08-11,20:15,Cow_476,9,3,3,0,24.6,Clear,Field C
2022-08-11,20:15,Cow_477,12,0,4,0,24.6,Clear,Field C
2022-08-11,20:15,Cow_478,6,2,7,0,24.6,Clear,Field A
2022-08-11,20:15,Cow_479,11,5,0,0,24.6,Clear,Field C
2022-08-11,20:15,Cow_480,6,3,6,0,24.6,Clear,Field B
2022-08-11,20:15,Cow_481,11,4,0,0,24.6,Clear,Field B
2022-08-11,20:15,Cow_482,10,0,5,0,24.6,Clear,Field B
2022-08-11,20:15,Cow_483,0,0,0,15,24.6,Clear,Field B
2022-08-11,20:15,Cow_484,3,7,5,0,24.6,Clear,Field A
2022-08-11,20:15,Cow_485,14,0,8,0,24.6,Clear,Field A
2022-08-11,20:15,Cow_486,12,9,0,0,24.6,Clear,Field B
2022-08-11,20:15,Cow_487,8,4,3,0,24.6,Clear,Field C
2022-08-11,20:15,Cow_488,14,0,3,0,24.6,Clear,Field B
2022-08-11,20:15,Cow_489,6,4,5,0,24.6,Clear,Field B
2022-08-11,20:15,Cow_490,8,1,6,0,24.6,Clear,Field A
2022-08-11,20:15,Cow_491,11,0,8,0,24.6,Clear,Field C
2022-08-11,20:15,Cow_492,12,0,6,0,24.6,Clear,Field A
2022-08-11,20:15,Cow_493,13,0,4,0,24.6,Clear,Field A
2022-08-11,20:15,Cow_494,1,10,4,0,24.6,Clear,Field C
2022-08-11,20:15,Cow_495,6,8,1,0,24.6,Clear,Field B
2022-08-11,20:15,Cow_496,6,4,5,0,24.6,Clear,Field B
2022-08-11,20:15,Cow_497,3,6,6,0,24.6,Clear,Field A
2022-08-11,20:15,Cow_498,12,0,7,0,24.6,Clear,Field B
2022-08-11,20:15,Cow_499,1,8,6,0,24.6,Clear,Field C
2022-08-11,20:15,Cow_500,9,2,4,0,24.6,Clear,Field A
2022-08-11,20:30,Cow_1,4,4,7,0,35.4,Clear,Field B
2022-08-11,20:30,Cow_2,13,6,0,0,35.4,Clear,Field C
2022-08-11,20:30,Cow_3,9,4,2,0,35.4,Clear,Field B
2022-08-11,20:30,Cow_4,9,3,3,0,35.4,Clear,Field C
2022-08-11,20:30,Cow_5,12,0,4,0,35.4,Clear,Field A
2022-08-11,20:30,Cow_6,10,8,0,0,35.4,Clear,Field C
2022-08-11,20:30,Cow_7,13,0,5,0,35.4,Clear,Field A
2022-08-11,20:30,Cow_8,10,3,2,0,35.4,Clear,Field A
2022-08-11,20:30,Cow_9,11,0,8,0,35.4,Clear,Field C
2022-08-11,20:30,Cow_10,13,7,0,0,35.4,Clear,Field B
2022-08-11,20:30,Cow_11,0,7,8,0,35.4,Clear,Field A
2022-08-11,20:30,Cow_12,12,0,7,0,35.4,Clear,Field C
2022-08-11,20:30,Cow_13,6,3,6,0,35.4,Clear,Field C
2022-08-11,20:30,Cow_14,14,0,8,0,35.4,Clear,Field A
2022-08-11,20:30,Cow_15,8,4,3,0,35.4,Clear,Field A
2022-08-11,20:30,Cow_16,12,8,0,0,35.4,Clear,Field A
2022-08-11,20:30,Cow_17,7,7,1,0,35.4,Clear,Field B
2022-08-11,20:30,Cow_18,9,11,0,0,35.4,Clear,Field B
2022-08-11,20:30,Cow_19,10,9,0,0,35.4,Clear,Field C
2022-08-11,20:30,Cow_20,6,2,7,0,35.4,Clear,Field C
2022-08-11,20:30,Cow_21,13,0,3,0,35.4,Clear,Field B
2022-08-11,20:30,Cow_22,8,3,4,0,35.4,Clear,Field A
2022-08-11,20:30,Cow_23,4,5,6,0,35.4,Clear,Field A
2022-08-11,20:30,Cow_24,12,7,0,0,35.4,Clear,Field C
2022-08-11,20:30,Cow_25,8,3,4,0,35.4,Clear,Field C
2022-08-11,20:30,Cow_26,7,2,6,0,35.4,Clear,Field A
2022-08-11,20:30,Cow_27,2,7,6,0,35.4,Clear,Field B
2022-08-11,20:30,Cow_28,5,5,5,0,35.4,Clear,Field A
2022-08-11,20:30,Cow_29,10,10,0,0,35.4,Clear,Field C
2022-08-11,20:30,Cow_30,11,0,5,0,35.4,Clear,Field A
2022-08-11,20:30,Cow_31,11,6,0,0,35.4,Clear,Field A
2022-08-11,20:30,Cow_32,1,9,5,0,35.4,Clear,Field B
2022-08-11,20:30,Cow_33,9,3,3,0,35.4,Clear,Field B
2022-08-11,20:30,Cow_34,0,10,5,0,35.4,Clear,Field B
2022-08-11,20:30,Cow_35,13,7,0,0,35.4,Clear,Field B
2022-08-11,20:30,Cow_36,0,10,7,0,35.4,Clear,Field C
2022-08-11,20:30,Cow_37,6,3,6,0,35.4,Clear,Field A
2022-08-11,20:30,Cow_38,2,6,7,0,35.4,Clear,Field A
2022-08-11,20:30,Cow_39,10,0,7,0,35.4,Clear,Field A
2022-08-11,20:30,Cow_40,10,0,8,0,35.4,Clear,Field A
2022-08-11,20:30,Cow_41,6,6,3,0,35.4,Clear,Field C
2022-08-11,20:30,Cow_42,11,0,8,0,35.4,Clear,Field B
2022-08-11,20:30,Cow_43,0,0,0,15,35.4,Clear,Field C
2022-08-11,20:30,Cow_44,6,6,3,0,35.4,Clear,Field C
2022-08-11,20:30,Cow_45,0,0,0,15,35.4,Clear,Field B
2022-08-11,20:30,Cow_46,0,0,0,15,35.4,Clear,Field A
2022-08-11,20:30,Cow_47,4,4,7,0,35.4,Clear,Field A
2022-08-11,20:30,Cow_48,0,10,8,0,35.4,Clear,Field A
2022-08-11,20:30,Cow_49,6,10,0,0,35.4,Clear,Field A
2022-08-11,20:30,Cow_50,9,0,8,0,35.4,Clear,Field C
2022-08-11,20:30,Cow_51,2,5,8,0,35.4,Clear,Field A
2022-08-11,20:30,Cow_52,13,0,5,0,35.4,Clear,Field A
2022-08-11,20:30,Cow_53,6,9,0,0,35.4,Clear,Field B
2022-08-11,20:30,Cow_54,7,3,5,0,35.4,Clear,Field C
2022-08-11,20:30,Cow_55,1,6,8,0,35.4,Clear,Field A
2022-08-11,20:30,Cow_56,11,0,4,0,35.4,Clear,Field B
2022-08-11,20:30,Cow_57,5,3,7,0,35.4,Clear,Field C
2022-08-11,20:30,Cow_58,6,3,6,0,35.4,Clear,Field B
2022-08-11,20:30,Cow_59,5,3,7,0,35.4,Clear,Field A
2022-08-11,20:30,Cow_60,9,5,1,0,35.4,Clear,Field B
2022-08-11,20:30,Cow_61,12,0,3,0,35.4,Clear,Field C
2022-08-11,20:30,Cow_62,13,6,0,0,35.4,Clear,Field C
2022-08-11,20:30,Cow_63,11,0,9,0,35.4,Clear,Field C
2022-08-11,20:30,Cow_64,10,1,4,0,35.4,Clear,Field A
2022-08-11,20:30,Cow_65,7,6,2,0,35.4,Clear,Field B
2022-08-11,20:30,Cow_66,0,0,0,15,35.4,Clear,Field C
2022-08-11,20:30,Cow_67,0,10,6,0,35.4,Clear,Field B
2022-08-11,20:30,Cow_68,12,0,8,0,35.4,Clear,Field B
2022-08-11,20:30,Cow_69,8,3,4,0,35.4,Clear,Field A
2022-08-11,20:30,Cow_70,8,4,3,0,35.4,Clear,Field A
2022-08-11,20:30,Cow_71,14,6,0,0,35.4,Clear,Field A
2022-08-11,20:30,Cow_72,6,3,6,0,35.4,Clear,Field C
2022-08-11,20:30,Cow_73,0,0,0,15,35.4,Clear,Field C
2022-08-11,20:30,Cow_74,7,4,4,0,35.4,Clear,Field B
2022-08-11,20:30,Cow_75,11,7,0,0,35.4,Clear,Field A
2022-08-11,20:30,Cow_76,8,4,3,0,35.4,Clear,Field A
2022-08-11,20:30,Cow_77,0,9,6,0,35.4,Clear,Field B
2022-08-11,20:30,Cow_78,5,8,2,0,35.4,Clear,Field C
2022-08-11,20:30,Cow_79,6,5,4,0,35.4,Clear,Field C
2022-08-11,20:30,Cow_80,6,6,3,0,35.4,Clear,Field C
2022-08-11,20:30,Cow_81,6,6,3,0,35.4,Clear,Field C
2022-08-11,20:30,Cow_82,0,8,8,0,35.4,Clear,Field B
2022-08-11,20:30,Cow_83,14,8,0,0,35.4,Clear,Field C
2022-08-11,20:30,Cow_84,0,10,6,0,35.4,Clear,Field A
2022-08-11,20:30,Cow_85,10,1,4,0,35.4,Clear,Field B
2022-08-11,20:30,Cow_86,12,0,3,0,35.4,Clear,Field B
2022-08-11,20:30,Cow_87,13,0,3,0,35.4,Clear,Field C
2022-08-11,20:30,Cow_88,0,0,0,15,35.4,Clear,Field A
2022-08-11,20:30,Cow_89,9,1,5,0,35.4,Clear,Field C
2022-08-11,20:30,Cow_90,4,8,3,0,35.4,Clear,Field B
2022-08-11,20:30,Cow_91,7,10,0,0,35.4,Clear,Field C
2022-08-11,20:30,Cow_92,14,0,5,0,35.4,Clear,Field B
2022-08-11,20:30,Cow_93,13,0,7,0,35.4,Clear,Field B
2022-08-11,20:30,Cow_94,9,3,3,0,35.4,Clear,Field B
2022-08-11,20:30,Cow_95,10,8,0,0,35.4,Clear,Field A
2022-08-11,20:30,Cow_96,0,0,0,15,35.4,Clear,Field A
2022-08-11,20:30,Cow_97,11,0,5,0,35.4,Clear,Field A
2022-08-11,20:30,Cow_98,8,7,0,0,35.4,Clear,Field B
2022-08-11,20:30,Cow_99,2,8,5,0,35.4,Clear,Field A
2022-08-11,20:30,Cow_100,11,5,0,0,35.4,Clear,Field B
2022-08-11,20:30,Cow_101,9,7,0,0,35.4,Clear,Field C
2022-08-11,20:30,Cow_102,7,0,8,0,35.4,Clear,Field A
2022-08-11,20:30,Cow_103,1,10,4,0,35.4,Clear,Field C
2022-08-11,20:30,Cow_104,6,3,6,0,35.4,Clear,Field B
2022-08-11,20:30,Cow_105,5,4,6,0,35.4,Clear,Field A
2022-08-11,20:30,Cow_106,5,3,7,0,35.4,Clear,Field C
2022-08-11,20:30,Cow_107,5,7,3,0,35.4,Clear,Field B
2022-08-11,20:30,Cow_108,5,5,5,0,35.4,Clear,Field B
2022-08-11,20:30,Cow_109,14,9,0,0,35.4,Clear,Field C
2022-08-11,20:30,Cow_110,1,9,5,0,35.4,Clear,Field A
2022-08-11,20:30,Cow_111,6,1,8,0,35.4,Clear,Field C
2022-08-11,20:30,Cow_112,4,8,3,0,35.4,Clear,Field B
2022-08-11,20:30,Cow_113,3,4,8,0,35.4,Clear,Field A
2022-08-11,20:30,Cow_114,5,9,1,0,35.4,Clear,Field A
2022-08-11,20:30,Cow_115,3,6,6,0,35.4,Clear,Field A
2022-08-11,20:30,Cow_116,12,0,6,0,35.4,Clear,Field B
2022-08-11,20:30,Cow_117,10,6,0,0,35.4,Clear,Field A
2022-08-11,20:30,Cow_118,4,3,8,0,35.4,Clear,Field C
2022-08-11,20:30,Cow_119,7,3,5,0,35.4,Clear,Field B
2022-08-11,20:30,Cow_120,9,1,5,0,35.4,Clear,Field A
2022-08-11,20:30,Cow_121,1,6,8,0,35.4,Clear,Field B
2022-08-11,20:30,Cow_122,0,0,0,15,35.4,Clear,Field A
2022-08-11,20:30,Cow_123,2,8,5,0,35.4,Clear,Field B
2022-08-11,20:30,Cow_124,3,7,5,0,35.4,Clear,Field B
2022-08-11,20:30,Cow_125,13,0,3,0,35.4,Clear,Field C
2022-08-11,20:30,Cow_126,10,0,8,0,35.4,Clear,Field A
2022-08-11,20:30,Cow_127,7,5,3,0,35.4,Clear,Field C
2022-08-11,20:30,Cow_128,11,0,6,0,35.4,Clear,Field B
2022-08-11,20:30,Cow_129,0,10,6,0,35.4,Clear,Field B
2022-08-11,20:30,Cow_130,2,5,8,0,35.4,Clear,Field C
2022-08-11,20:30,Cow_131,1,8,6,0,35.4,Clear,Field A
2022-08-11,20:30,Cow_132,5,6,4,0,35.4,Clear,Field B
2022-08-11,20:30,Cow_133,6,5,4,0,35.4,Clear,Field B
2022-08-11,20:30,Cow_134,6,10,0,0,35.4,Clear,Field A
2022-08-11,20:30,Cow_135,2,8,5,0,35.4,Clear,Field C
2022-08-11,20:30,Cow_136,8,0,7,0,35.4,Clear,Field B
2022-08-11,20:30,Cow_137,11,1,3,0,35.4,Clear,Field A
2022-08-11,20:30,Cow_138,11,0,5,0,35.4,Clear,Field A
2022-08-11,20:30,Cow_139,14,10,0,0,35.4,Clear,Field B
2022-08-11,20:30,Cow_140,7,1,7,0,35.4,Clear,Field C
2022-08-11,20:30,Cow_141,5,10,0,0,35.4,Clear,Field B
2022-08-11,20:30,Cow_142,5,6,4,0,35.4,Clear,Field C
2022-08-11,20:30,Cow_143,4,8,3,0,35.4,Clear,Field B
2022-08-11,20:30,Cow_144,6,5,4,0,35.4,Clear,Field C
2022-08-11,20:30,Cow_145,3,9,3,0,35.4,Clear,Field A
2022-08-11,20:30,Cow_146,10,0,5,0,35.4,Clear,Field A
2022-08-11,20:30,Cow_147,7,5,3,0,35.4,Clear,Field B
2022-08-11,20:30,Cow_148,3,8,4,0,35.4,Clear,Field C
2022-08-11,20:30,Cow_149,0,9,6,0,35.4,Clear,Field B
2022-08-11,20:30,Cow_150,2,7,6,0,35.4,Clear,Field C
2022-08-11,20:30,Cow_151,14,3,0,0,35.4,Clear,Field A
2022-08-11,20:30,Cow_152,9,5,1,0,35.4,Clear,Field C
2022-08-11,20:30,Cow_153,1,8,6,0,35.4,Clear,Field A
2022-08-11,20:30,Cow_154,7,5,3,0,35.4,Clear,Field B
2022-08-11,20:30,Cow_155,1,10,4,0,35.4,Clear,Field B
2022-08-11,20:30,Cow_156,10,0,6,0,35.4,Clear,Field B
2022-08-11,20:30,Cow_157,8,0,7,0,35.4,Clear,Field B
2022-08-11,20:30,Cow_158,10,4,1,0,35.4,Clear,Field C
2022-08-11,20:30,Cow_159,0,9,8,0,35.4,Clear,Field A
2022-08-11,20:30,Cow_160,13,0,3,0,35.4,Clear,Field B
2022-08-11,20:30,Cow_161,7,4,4,0,35.4,Clear,Field A
2022-08-11,20:30,Cow_162,5,4,6,0,35.4,Clear,Field A
2022-08-11,20:30,Cow_163,0,8,8,0,35.4,Clear,Field C
2022-08-11,20:30,Cow_164,8,4,3,0,35.4,Clear,Field B
2022-08-11,20:30,Cow_165,1,9,5,0,35.4,Clear,Field C
2022-08-11,20:30,Cow_166,13,8,0,0,35.4,Clear,Field C
2022-08-11,20:30,Cow_167,5,6,4,0,35.4,Clear,Field C
2022-08-11,20:30,Cow_168,8,7,0,0,35.4,Clear,Field A
2022-08-11,20:30,Cow_169,0,9,6,0,35.4,Clear,Field A
2022-08-11,20:30,Cow_170,5,7,3,0,35.4,Clear,Field B
2022-08-11,20:30,Cow_171,8,3,4,0,35.4,Clear,Field A
2022-08-11,20:30,Cow_172,12,6,0,0,35.4,Clear,Field C
2022-08-11,20:30,Cow_173,8,3,4,0,35.4,Clear,Field A
2022-08-11,20:30,Cow_174,0,12,5,0,35.4,Clear,Field A
2022-08-11,20:30,Cow_175,6,4,5,0,35.4,Clear,Field B
2022-08-11,20:30,Cow_176,2,10,3,0,35.4,Clear,Field A
2022-08-11,20:30,Cow_177,9,0,7,0,35.4,Clear,Field A
2022-08-11,20:30,Cow_178,0,0,0,15,35.4,Clear,Field A
2022-08-11,20:30,Cow_179,1,8,6,0,35.4,Clear,Field C
2022-08-11,20:30,Cow_180,10,9,0,0,35.4,Clear,Field A
2022-08-11,20:30,Cow_181,0,0,0,15,35.4,Clear,Field B
2022-08-11,20:30,Cow_182,8,4,3,0,35.4,Clear,Field A
2022-08-11,20:30,Cow_183,7,4,4,0,35.4,Clear,Field B
2022-08-11,20:30,Cow_184,4,6,5,0,35.4,Clear,Field B
2022-08-11,20:30,Cow_185,8,3,4,0,35.4,Clear,Field B
2022-08-11,20:30,Cow_186,14,10,0,0,35.4,Clear,Field C
2022-08-11,20:30,Cow_187,11,9,0,0,35.4,Clear,Field A
2022-08-11,20:30,Cow_188,3,6,6,0,35.4,Clear,Field B
2022-08-11,20:30,Cow_189,7,2,6,0,35.4,Clear,Field A
2022-08-11,20:30,Cow_190,14,0,8,0,35.4,Clear,Field B
2022-08-11,20:30,Cow_191,7,9,0,0,35.4,Clear,Field B
2022-08-11,20:30,Cow_192,12,3,0,0,35.4,Clear,Field A
2022-08-11,20:30,Cow_193,5,3,7,0,35.4,Clear,Field B
2022-08-11,20:30,Cow_194,14,10,0,0,35.4,Clear,Field B
2022-08-11,20:30,Cow_195,13,3,0,0,35.4,Clear,Field A
2022-08-11,20:30,Cow_196,0,7,8,0,35.4,Clear,Field C
2022-08-11,20:30,Cow_197,4,4,7,0,35.4,Clear,Field A
2022-08-11,20:30,Cow_198,6,3,6,0,35.4,Clear,Field C
2022-08-11,20:30,Cow_199,12,0,6,0,35.4,Clear,Field C
2022-08-11,20:30,Cow_200,0,9,7,0,35.4,Clear,Field B
2022-08-11,20:30,Cow_201,6,4,5,0,35.4,Clear,Field A
2022-08-11,20:30,Cow_202,4,5,6,0,35.4,Clear,Field C
2022-08-11,20:30,Cow_203,3,7,5,0,35.4,Clear,Field C
2022-08-11,20:30,Cow_204,11,3,1,0,35.4,Clear,Field A
2022-08-11,20:30,Cow_205,2,8,5,0,35.4,Clear,Field A
2022-08-11,20:30,Cow_206,14,0,5,0,35.4,Clear,Field A
2022-08-11,20:30,Cow_207,0,0,0,15,35.4,Clear,Field C
2022-08-11,20:30,Cow_208,4,8,3,0,35.4,Clear,Field A
2022-08-11,20:30,Cow_209,3,7,5,0,35.4,Clear,Field C
2022-08-11,20:30,Cow_210,1,8,6,0,35.4,Clear,Field C
2022-08-11,20:30,Cow_211,3,6,6,0,35.4,Clear,Field C
2022-08-11,20:30,Cow_212,9,0,8,0,35.4,Clear,Field A
2022-08-11,20:30,Cow_213,7,3,5,0,35.4,Clear,Field A
2022-08-11,20:30,Cow_214,8,2,5,0,35.4,Clear,Field C
2022-08-11,20:30,Cow_215,13,0,3,0,35.4,Clear,Field A
2022-08-11,20:30,Cow_216,0,7,8,0,35.4,Clear,Field B
2022-08-11,20:30,Cow_217,9,3,3,0,35.4,Clear,Field B
2022-08-11,20:30,Cow_218,10,6,0,0,35.4,Clear,Field A
2022-08-11,20:30,Cow_219,4,5,6,0,35.4,Clear,Field C
2022-08-11,20:30,Cow_220,9,0,6,0,35.4,Clear,Field B
2022-08-11,20:30,Cow_221,14,9,0,0,35.4,Clear,Field C
2022-08-11,20:30,Cow_222,0,8,8,0,35.4,Clear,Field A
2022-08-11,20:30,Cow_223,7,3,5,0,35.4,Clear,Field A
2022-08-11,20:30,Cow_224,13,7,0,0,35.4,Clear,Field B
2022-08-11,20:30,Cow_225,4,3,8,0,35.4,Clear,Field B
2022-08-11,20:30,Cow_226,5,4,6,0,35.4,Clear,Field A
2022-08-11,20:30,Cow_227,11,10,0,0,35.4,Clear,Field C
2022-08-11,20:30,Cow_228,0,0,0,15,35.4,Clear,Field A
2022-08-11,20:30,Cow_229,0,0,0,15,35.4,Clear,Field C
2022-08-11,20:30,Cow_230,12,0,5,0,35.4,Clear,Field C
2022-08-11,20:30,Cow_231,14,0,3,0,35.4,Clear,Field C
2022-08-11,20:30,Cow_232,13,8,0,0,35.4,Clear,Field B
2022-08-11,20:30,Cow_233,7,0,8,0,35.4,Clear,Field C
2022-08-11,20:30,Cow_234,7,4,4,0,35.4,Clear,Field A
2022-08-11,20:30,Cow_235,0,7,9,0,35.4,Clear,Field B
2022-08-11,20:30,Cow_236,5,4,6,0,35.4,Clear,Field B
2022-08-11,20:30,Cow_237,8,0,8,0,35.4,Clear,Field C
2022-08-11,20:30,Cow_238,0,0,0,15,35.4,Clear,Field C
2022-08-11,20:30,Cow_239,3,8,4,0,35.4,Clear,Field C
2022-08-11,20:30,Cow_240,5,4,6,0,35.4,Clear,Field B
2022-08-11,20:30,Cow_241,3,6,6,0,35.4,Clear,Field B
2022-08-11,20:30,Cow_242,0,9,8,0,35.4,Clear,Field C
2022-08-11,20:30,Cow_243,5,7,3,0,35.4,Clear,Field C
2022-08-11,20:30,Cow_244,5,7,3,0,35.4,Clear,Field B
2022-08-11,20:30,Cow_245,7,7,1,0,35.4,Clear,Field A
2022-08-11,20:30,Cow_246,1,10,4,0,35.4,Clear,Field A
2022-08-11,20:30,Cow_247,6,5,4,0,35.4,Clear,Field A
2022-08-11,20:30,Cow_248,12,0,6,0,35.4,Clear,Field C
2022-08-11,20:30,Cow_249,14,7,0,0,35.4,Clear,Field B
2022-08-11,20:30,Cow_250,12,5,0,0,35.4,Clear,Field B
2022-08-11,20:30,Cow_251,5,6,4,0,35.4,Clear,Field C
2022-08-11,20:30,Cow_252,8,0,9,0,35.4,Clear,Field C
2022-08-11,20:30,Cow_253,5,4,6,0,35.4,Clear,Field B
2022-08-11,20:30,Cow_254,4,6,5,0,35.4,Clear,Field B
2022-08-11,20:30,Cow_255,8,8,0,0,35.4,Clear,Field B
2022-08-11,20:30,Cow_256,4,4,7,0,35.4,Clear,Field C
2022-08-11,20:30,Cow_257,0,9,7,0,35.4,Clear,Field A
2022-08-11,20:30,Cow_258,8,0,8,0,35.4,Clear,Field B
2022-08-11,20:30,Cow_259,14,3,0,0,35.4,Clear,Field C
2022-08-11,20:30,Cow_260,1,9,5,0,35.4,Clear,Field B
2022-08-11,20:30,Cow_261,6,3,6,0,35.4,Clear,Field B
2022-08-11,20:30,Cow_262,8,4,3,0,35.4,Clear,Field A
2022-08-11,20:30,Cow_263,5,8,2,0,35.4,Clear,Field A
2022-08-11,20:30,Cow_264,9,9,0,0,35.4,Clear,Field A
2022-08-11,20:30,Cow_265,7,10,0,0,35.4,Clear,Field B
2022-08-11,20:30,Cow_266,0,0,0,15,35.4,Clear,Field C
2022-08-11,20:30,Cow_267,1,7,7,0,35.4,Clear,Field B
2022-08-11,20:30,Cow_268,11,1,3,0,35.4,Clear,Field C
2022-08-11,20:30,Cow_269,12,4,0,0,35.4,Clear,Field C
2022-08-11,20:30,Cow_270,13,0,8,0,35.4,Clear,Field C
2022-08-11,20:30,Cow_271,7,10,0,0,35.4,Clear,Field B
2022-08-11,20:30,Cow_272,12,0,8,0,35.4,Clear,Field A
2022-08-11,20:30,Cow_273,10,0,5,0,35.4,Clear,Field B
2022-08-11,20:30,Cow_274,13,0,4,0,35.4,Clear,Field B
2022-08-11,20:30,Cow_275,3,4,8,0,35.4,Clear,Field A
2022-08-11,20:30,Cow_276,0,9,6,0,35.4,Clear,Field B
2022-08-11,20:30,Cow_277,7,2,6,0,35.4,Clear,Field C
2022-08-11,20:30,Cow_278,13,7,0,0,35.4,Clear,Field C
2022-08-11,20:30,Cow_279,0,8,8,0,35.4,Clear,Field B
2022-08-11,20:30,Cow_280,2,5,8,0,35.4,Clear,Field C
2022-08-11,20:30,Cow_281,13,0,7,0,35.4,Clear,Field B
2022-08-11,20:30,Cow_282,7,3,5,0,35.4,Clear,Field B
2022-08-11,20:30,Cow_283,5,7,3,0,35.4,Clear,Field B
2022-08-11,20:30,Cow_284,12,0,7,0,35.4,Clear,Field C
2022-08-11,20:30,Cow_285,10,3,2,0,35.4,Clear,Field A
2022-08-11,20:30,Cow_286,12,0,4,0,35.4,Clear,Field B
2022-08-11,20:30,Cow_287,14,8,0,0,35.4,Clear,Field A
2022-08-11,20:30,Cow_288,8,5,2,0,35.4,Clear,Field C
2022-08-11,20:30,Cow_289,0,0,0,15,35.4,Clear,Field C
2022-08-11,20:30,Cow_290,6,6,3,0,35.4,Clear,Field A
2022-08-11,20:30,Cow_291,9,0,6,0,35.4,Clear,Field B
2022-08-11,20:30,Cow_292,6,4,5,0,35.4,Clear,Field B
2022-08-11,20:30,Cow_293,8,0,9,0,35.4,Clear,Field B
2022-08-11,20:30,Cow_294,1,7,7,0,35.4,Clear,Field B
2022-08-11,20:30,Cow_295,5,5,5,0,35.4,Clear,Field B
2022-08-11,20:30,Cow_296,14,7,0,0,35.4,Clear,Field C
2022-08-11,20:30,Cow_297,7,7,1,0,35.4,Clear,Field A
2022-08-11,20:30,Cow_298,13,0,7,0,35.4,Clear,Field B
2022-08-11,20:30,Cow_299,0,0,0,15,35.4,Clear,Field B
2022-08-11,20:30,Cow_300,1,10,4,0,35.4,Clear,Field C
2022-08-11,20:30,Cow_301,8,5,2,0,35.4,Clear,Field C
2022-08-11,20:30,Cow_302,13,4,0,0,35.4,Clear,Field B
2022-08-11,20:30,Cow_303,4,6,5,0,35.4,Clear,Field C
2022-08-11,20:30,Cow_304,4,6,5,0,35.4,Clear,Field B
2022-08-11,20:30,Cow_305,6,4,5,0,35.4,Clear,Field A
2022-08-11,20:30,Cow_306,10,0,6,0,35.4,Clear,Field A
2022-08-11,20:30,Cow_307,14,3,0,0,35.4,Clear,Field A
2022-08-11,20:30,Cow_308,11,5,0,0,35.4,Clear,Field B
2022-08-11,20:30,Cow_309,10,0,6,0,35.4,Clear,Field B
2022-08-11,20:30,Cow_310,11,5,0,0,35.4,Clear,Field C
2022-08-11,20:30,Cow_311,6,3,6,0,35.4,Clear,Field A
2022-08-11,20:30,Cow_312,5,3,7,0,35.4,Clear,Field A
2022-08-11,20:30,Cow_313,2,5,8,0,35.4,Clear,Field B
2022-08-11,20:30,Cow_314,13,0,5,0,35.4,Clear,Field B
2022-08-11,20:30,Cow_315,2,10,3,0,35.4,Clear,Field A
2022-08-11,20:30,Cow_316,13,4,0,0,35.4,Clear,Field C
2022-08-11,20:30,Cow_317,11,0,7,0,35.4,Clear,Field A
2022-08-11,20:30,Cow_318,0,0,0,15,35.4,Clear,Field B
2022-08-11,20:30,Cow_319,1,9,5,0,35.4,Clear,Field C
2022-08-11,20:30,Cow_320,9,0,8,0,35.4,Clear,Field A
2022-08-11,20:30,Cow_321,5,10,0,0,35.4,Clear,Field A
2022-08-11,20:30,Cow_322,3,8,4,0,35.4,Clear,Field C
2022-08-11,20:30,Cow_323,8,4,3,0,35.4,Clear,Field C
2022-08-11,20:30,Cow_324,1,10,4,0,35.4,Clear,Field C
2022-08-11,20:30,Cow_325,6,3,6,0,35.4,Clear,Field B
2022-08-11,20:30,Cow_326,12,3,0,0,35.4,Clear,Field C
2022-08-11,20:30,Cow_327,5,6,4,0,35.4,Clear,Field C
2022-08-11,20:30,Cow_328,0,8,8,0,35.4,Clear,Field A
2022-08-11,20:30,Cow_329,6,6,3,0,35.4,Clear,Field B
2022-08-11,20:30,Cow_330,4,6,5,0,35.4,Clear,Field A
2022-08-11,20:30,Cow_331,8,6,1,0,35.4,Clear,Field A
2022-08-11,20:30,Cow_332,10,8,0,0,35.4,Clear,Field A
2022-08-11,20:30,Cow_333,5,7,3,0,35.4,Clear,Field B
2022-08-11,20:30,Cow_334,5,5,5,0,35.4,Clear,Field B
2022-08-11,20:30,Cow_335,7,3,5,0,35.4,Clear,Field B
2022-08-11,20:30,Cow_336,5,4,6,0,35.4,Clear,Field A
2022-08-11,20:30,Cow_337,12,0,8,0,35.4,Clear,Field A
2022-08-11,20:30,Cow_338,9,0,6,0,35.4,Clear,Field A
2022-08-11,20:30,Cow_339,2,10,3,0,35.4,Clear,Field B
2022-08-11,20:30,Cow_340,10,0,8,0,35.4,Clear,Field B
2022-08-11,20:30,Cow_341,11,3,1,0,35.4,Clear,Field B
2022-08-11,20:30,Cow_342,0,9,8,0,35.4,Clear,Field A
2022-08-11,20:30,Cow_343,7,1,7,0,35.4,Clear,Field A
2022-08-11,20:30,Cow_344,14,0,3,0,35.4,Clear,Field B
2022-08-11,20:30,Cow_345,6,7,2,0,35.4,Clear,Field C
2022-08-11,20:30,Cow_346,4,4,7,0,35.4,Clear,Field A
2022-08-11,20:30,Cow_347,10,0,8,0,35.4,Clear,Field C
2022-08-11,20:30,Cow_348,13,12,0,0,35.4,Clear,Field C
2022-08-11,20:30,Cow_349,5,4,6,0,35.4,Clear,Field A
2022-08-11,20:30,Cow_350,3,5,7,0,35.4,Clear,Field C
2022-08-11,20:30,Cow_351,11,0,5,0,35.4,Clear,Field C
2022-08-11,20:30,Cow_352,9,3,3,0,35.4,Clear,Field C
2022-08-11,20:30,Cow_353,12,7,0,0,35.4,Clear,Field A
2022-08-11,20:30,Cow_354,6,7,2,0,35.4,Clear,Field C
2022-08-11,20:30,Cow_355,10,6,0,0,35.4,Clear,Field B
2022-08-11,20:30,Cow_356,0,0,0,15,35.4,Clear,Field C
2022-08-11,20:30,Cow_357,0,8,7,0,35.4,Clear,Field B
2022-08-11,20:30,Cow_358,6,7,2,0,35.4,Clear,Field B
2022-08-11,20:30,Cow_359,9,0,9,0,35.4,Clear,Field C
2022-08-11,20:30,Cow_360,11,10,0,0,35.4,Clear,Field A
2022-08-11,20:30,Cow_361,9,1,5,0,35.4,Clear,Field C
2022-08-11,20:30,Cow_362,10,10,0,0,35.4,Clear,Field B
2022-08-11,20:30,Cow_363,1,10,4,0,35.4,Clear,Field C
2022-08-11,20:30,Cow_364,12,6,0,0,35.4,Clear,Field B
2022-08-11,20:30,Cow_365,12,0,4,0,35.4,Clear,Field C
2022-08-11,20:30,Cow_366,13,0,9,0,35.4,Clear,Field C
2022-08-11,20:30,Cow_367,2,5,8,0,35.4,Clear,Field A
2022-08-11,20:30,Cow_368,8,8,0,0,35.4,Clear,Field C
2022-08-11,20:30,Cow_369,8,1,6,0,35.4,Clear,Field A
2022-08-11,20:30,Cow_370,5,3,7,0,35.4,Clear,Field A
2022-08-11,20:30,Cow_371,5,5,5,0,35.4,Clear,Field C
2022-08-11,20:30,Cow_372,10,0,5,0,35.4,Clear,Field A
2022-08-11,20:30,Cow_373,5,9,1,0,35.4,Clear,Field C
2022-08-11,20:30,Cow_374,11,0,5,0,35.4,Clear,Field B
2022-08-11,20:30,Cow_375,6,3,6,0,35.4,Clear,Field A
2022-08-11,20:30,Cow_376,10,1,4,0,35.4,Clear,Field C
2022-08-11,20:30,Cow_377,0,8,7,0,35.4,Clear,Field A
2022-08-11,20:30,Cow_378,7,5,3,0,35.4,Clear,Field C
2022-08-11,20:30,Cow_379,12,6,0,0,35.4,Clear,Field B
2022-08-11,20:30,Cow_380,0,8,7,0,35.4,Clear,Field C
2022-08-11,20:30,Cow_381,9,4,2,0,35.4,Clear,Field C
2022-08-11,20:30,Cow_382,3,6,6,0,35.4,Clear,Field A
2022-08-11,20:30,Cow_383,12,0,5,0,35.4,Clear,Field B
2022-08-11,20:30,Cow_384,10,2,3,0,35.4,Clear,Field A
2022-08-11,20:30,Cow_385,14,5,0,0,35.4,Clear,Field B
2022-08-11,20:30,Cow_386,6,10,0,0,35.4,Clear,Field B
2022-08-11,20:30,Cow_387,11,6,0,0,35.4,Clear,Field B
2022-08-11,20:30,Cow_388,6,4,5,0,35.4,Clear,Field A
2022-08-11,20:30,Cow_389,12,0,4,0,35.4,Clear,Field C
2022-08-11,20:30,Cow_390,9,7,0,0,35.4,Clear,Field B
2022-08-11,20:30,Cow_391,14,0,8,0,35.4,Clear,Field A
2022-08-11,20:30,Cow_392,8,9,0,0,35.4,Clear,Field C
2022-08-11,20:30,Cow_393,5,6,4,0,35.4,Clear,Field B
2022-08-11,20:30,Cow_394,4,8,3,0,35.4,Clear,Field C
2022-08-11,20:30,Cow_395,8,10,0,0,35.4,Clear,Field C
2022-08-11,20:30,Cow_396,5,5,5,0,35.4,Clear,Field C
2022-08-11,20:30,Cow_397,8,3,4,0,35.4,Clear,Field C
2022-08-11,20:30,Cow_398,2,7,6,0,35.4,Clear,Field B
2022-08-11,20:30,Cow_399,9,3,3,0,35.4,Clear,Field B
2022-08-11,20:30,Cow_400,6,3,6,0,35.4,Clear,Field C
2022-08-11,20:30,Cow_401,4,4,7,0,35.4,Clear,Field A
2022-08-11,20:30,Cow_402,13,0,3,0,35.4,Clear,Field C
2022-08-11,20:30,Cow_403,6,6,3,0,35.4,Clear,Field A
2022-08-11,20:30,Cow_404,7,4,4,0,35.4,Clear,Field A
2022-08-11,20:30,Cow_405,6,4,5,0,35.4,Clear,Field A
2022-08-11,20:30,Cow_406,3,8,4,0,35.4,Clear,Field C
2022-08-11,20:30,Cow_407,6,3,6,0,35.4,Clear,Field A
2022-08-11,20:30,Cow_408,11,6,0,0,35.4,Clear,Field C
2022-08-11,20:30,Cow_409,5,5,5,0,35.4,Clear,Field B
2022-08-11,20:30,Cow_410,6,6,3,0,35.4,Clear,Field C
2022-08-11,20:30,Cow_411,8,8,0,0,35.4,Clear,Field B
2022-08-11,20:30,Cow_412,13,11,0,0,35.4,Clear,Field B
2022-08-11,20:30,Cow_413,13,0,4,0,35.4,Clear,Field C
2022-08-11,20:30,Cow_414,13,0,5,0,35.4,Clear,Field B
2022-08-11,20:30,Cow_415,12,7,0,0,35.4,Clear,Field A
2022-08-11,20:30,Cow_416,13,0,4,0,35.4,Clear,Field C
2022-08-11,20:30,Cow_417,1,8,6,0,35.4,Clear,Field B
2022-08-11,20:30,Cow_418,6,6,3,0,35.4,Clear,Field C
2022-08-11,20:30,Cow_419,4,5,6,0,35.4,Clear,Field C
2022-08-11,20:30,Cow_420,8,3,4,0,35.4,Clear,Field B
2022-08-11,20:30,Cow_421,3,7,5,0,35.4,Clear,Field C
2022-08-11,20:30,Cow_422,0,7,8,0,35.4,Clear,Field A
2022-08-11,20:30,Cow_423,8,2,5,0,35.4,Clear,Field A
2022-08-11,20:30,Cow_424,0,9,8,0,35.4,Clear,Field C
2022-08-11,20:30,Cow_425,6,5,4,0,35.4,Clear,Field A
2022-08-11,20:30,Cow_426,6,4,5,0,35.4,Clear,Field B
2022-08-11,20:30,Cow_427,12,6,0,0,35.4,Clear,Field B
2022-08-11,20:30,Cow_428,9,3,3,0,35.4,Clear,Field A
2022-08-11,20:30,Cow_429,8,1,6,0,35.4,Clear,Field C
2022-08-11,20:30,Cow_430,7,4,4,0,35.4,Clear,Field C
2022-08-11,20:30,Cow_431,10,2,3,0,35.4,Clear,Field C
2022-08-11,20:30,Cow_432,6,5,4,0,35.4,Clear,Field B
2022-08-11,20:30,Cow_433,6,1,8,0,35.4,Clear,Field C
2022-08-11,20:30,Cow_434,9,4,2,0,35.4,Clear,Field A
2022-08-11,20:30,Cow_435,13,3,0,0,35.4,Clear,Field B
2022-08-11,20:30,Cow_436,10,6,0,0,35.4,Clear,Field C
2022-08-11,20:30,Cow_437,12,0,4,0,35.4,Clear,Field B
2022-08-11,20:30,Cow_438,7,6,2,0,35.4,Clear,Field B
2022-08-11,20:30,Cow_439,6,4,5,0,35.4,Clear,Field C
2022-08-11,20:30,Cow_440,0,0,0,15,35.4,Clear,Field B
2022-08-11,20:30,Cow_441,5,2,8,0,35.4,Clear,Field A
2022-08-11,20:30,Cow_442,8,0,8,0,35.4,Clear,Field A
2022-08-11,20:30,Cow_443,3,8,4,0,35.4,Clear,Field A
2022-08-11,20:30,Cow_444,10,6,0,0,35.4,Clear,Field A
2022-08-11,20:30,Cow_445,13,0,8,0,35.4,Clear,Field A
2022-08-11,20:30,Cow_446,10,6,0,0,35.4,Clear,Field C
2022-08-11,20:30,Cow_447,6,3,6,0,35.4,Clear,Field C
2022-08-11,20:30,Cow_448,13,5,0,0,35.4,Clear,Field A
2022-08-11,20:30,Cow_449,8,0,8,0,35.4,Clear,Field C
2022-08-11,20:30,Cow_450,10,2,3,0,35.4,Clear,Field C
2022-08-11,20:30,Cow_451,1,10,4,0,35.4,Clear,Field B
2022-08-11,20:30,Cow_452,5,4,6,0,35.4,Clear,Field A
2022-08-11,20:30,Cow_453,8,0,8,0,35.4,Clear,Field A
2022-08-11,20:30,Cow_454,0,0,0,15,35.4,Clear,Field B
2022-08-11,20:30,Cow_455,8,3,4,0,35.4,Clear,Field B
2022-08-11,20:30,Cow_456,12,0,8,0,35.4,Clear,Field B
2022-08-11,20:30,Cow_457,13,0,4,0,35.4,Clear,Field C
2022-08-11,20:30,Cow_458,0,9,6,0,35.4,Clear,Field B
2022-08-11,20:30,Cow_459,2,9,4,0,35.4,Clear,Field C
2022-08-11,20:30,Cow_460,5,3,7,0,35.4,Clear,Field A
2022-08-11,20:30,Cow_461,2,6,7,0,35.4,Clear,Field B
2022-08-11,20:30,Cow_462,9,2,4,0,35.4,Clear,Field A
2022-08-11,20:30,Cow_463,11,6,0,0,35.4,Clear,Field C
2022-08-11,20:30,Cow_464,14,9,0,0,35.4,Clear,Field A
2022-08-11,20:30,Cow_465,9,3,3,0,35.4,Clear,Field C
2022-08-11,20:30,Cow_466,6,4,5,0,35.4,Clear,Field B
2022-08-11,20:30,Cow_467,8,6,1,0,35.4,Clear,Field A
2022-08-11,20:30,Cow_468,0,9,8,0,35.4,Clear,Field A
2022-08-11,20:30,Cow_469,11,0,5,0,35.4,Clear,Field A
2022-08-11,20:30,Cow_470,7,4,4,0,35.4,Clear,Field B
2022-08-11,20:30,Cow_471,1,6,8,0,35.4,Clear,Field B
2022-08-11,20:30,Cow_472,6,4,5,0,35.4,Clear,Field B
2022-08-11,20:30,Cow_473,5,4,6,0,35.4,Clear,Field C
2022-08-11,20:30,Cow_474,0,0,0,15,35.4,Clear,Field B
2022-08-11,20:30,Cow_475,2,10,3,0,35.4,Clear,Field C
2022-08-11,20:30,Cow_476,8,4,3,0,35.4,Clear,Field A
2022-08-11,20:30,Cow_477,6,3,6,0,35.4,Clear,Field C
2022-08-11,20:30,Cow_478,14,9,0,0,35.4,Clear,Field B
2022-08-11,20:30,Cow_479,5,5,5,0,35.4,Clear,Field B
2022-08-11,20:30,Cow_480,10,10,0,0,35.4,Clear,Field B
2022-08-11,20:30,Cow_481,13,5,0,0,35.4,Clear,Field C
2022-08-11,20:30,Cow_482,9,3,3,0,35.4,Clear,Field B
2022-08-11,20:30,Cow_483,11,8,0,0,35.4,Clear,Field A
2022-08-11,20:30,Cow_484,13,7,0,0,35.4,Clear,Field A
2022-08-11,20:30,Cow_485,5,7,3,0,35.4,Clear,Field C
2022-08-11,20:30,Cow_486,10,5,0,0,35.4,Clear,Field A
2022-08-11,20:30,Cow_487,4,8,3,0,35.4,Clear,Field B
2022-08-11,20:30,Cow_488,8,3,4,0,35.4,Clear,Field B
2022-08-11,20:30,Cow_489,5,3,7,0,35.4,Clear,Field C
2022-08-11,20:30,Cow_490,6,6,3,0,35.4,Clear,Field B
2022-08-11,20:30,Cow_491,5,6,4,0,35.4,Clear,Field C
2022-08-11,20:30,Cow_492,4,6,5,0,35.4,Clear,Field A
2022-08-11,20:30,Cow_493,5,5,5,0,35.4,Clear,Field A
2022-08-11,20:30,Cow_494,2,8,5,0,35.4,Clear,Field C
2022-08-11,20:30,Cow_495,12,0,7,0,35.4,Clear,Field C
2022-08-11,20:30,Cow_496,5,5,5,0,35.4,Clear,Field A
2022-08-11,20:30,Cow_497,12,8,0,0,35.4,Clear,Field A
2022-08-11,20:30,Cow_498,12,6,0,0,35.4,Clear,Field A
2022-08-11,20:30,Cow_499,5,4,6,0,35.4,Clear,Field A
2022-08-11,20:30,Cow_500,0,9,7,0,35.4,Clear,Field A
2022-08-11,20:45,Cow_1,6,2,7,0,25.3,Clear,Field C
2022-08-11,20:45,Cow_2,9,9,0,0,25.3,Clear,Field A
2022-08-11,20:45,Cow_3,8,4,3,0,25.3,Clear,Field C
2022-08-11,20:45,Cow_4,8,4,3,0,25.3,Clear,Field B
2022-08-11,20:45,Cow_5,6,1,8,0,25.3,Clear,Field B
2022-08-11,20:45,Cow_6,0,0,0,15,25.3,Clear,Field A
2022-08-11,20:45,Cow_7,6,5,4,0,25.3,Clear,Field B
2022-08-11,20:45,Cow_8,6,3,6,0,25.3,Clear,Field C
2022-08-11,20:45,Cow_9,10,0,7,0,25.3,Clear,Field A
2022-08-11,20:45,Cow_10,7,2,6,0,25.3,Clear,Field B
2022-08-11,20:45,Cow_11,12,10,0,0,25.3,Clear,Field A
2022-08-11,20:45,Cow_12,6,10,0,0,25.3,Clear,Field A
2022-08-11,20:45,Cow_13,0,9,6,0,25.3,Clear,Field C
2022-08-11,20:45,Cow_14,6,10,0,0,25.3,Clear,Field A
2022-08-11,20:45,Cow_15,5,7,3,0,25.3,Clear,Field A
2022-08-11,20:45,Cow_16,4,6,5,0,25.3,Clear,Field C
2022-08-11,20:45,Cow_17,9,9,0,0,25.3,Clear,Field A
2022-08-11,20:45,Cow_18,0,0,0,15,25.3,Clear,Field B
2022-08-11,20:45,Cow_19,4,6,5,0,25.3,Clear,Field B
2022-08-11,20:45,Cow_20,10,0,6,0,25.3,Clear,Field A
2022-08-11,20:45,Cow_21,6,5,4,0,25.3,Clear,Field A
2022-08-11,20:45,Cow_22,5,4,6,0,25.3,Clear,Field A
2022-08-11,20:45,Cow_23,9,2,4,0,25.3,Clear,Field B
2022-08-11,20:45,Cow_24,14,0,4,0,25.3,Clear,Field C
2022-08-11,20:45,Cow_25,14,4,0,0,25.3,Clear,Field C
2022-08-11,20:45,Cow_26,9,9,0,0,25.3,Clear,Field A
2022-08-11,20:45,Cow_27,5,3,7,0,25.3,Clear,Field A
2022-08-11,20:45,Cow_28,7,5,3,0,25.3,Clear,Field C
2022-08-11,20:45,Cow_29,11,0,5,0,25.3,Clear,Field C
2022-08-11,20:45,Cow_30,14,10,0,0,25.3,Clear,Field C
2022-08-11,20:45,Cow_31,8,4,3,0,25.3,Clear,Field A
2022-08-11,20:45,Cow_32,3,9,3,0,25.3,Clear,Field C
2022-08-11,20:45,Cow_33,0,0,0,15,25.3,Clear,Field B
2022-08-11,20:45,Cow_34,6,2,7,0,25.3,Clear,Field C
2022-08-11,20:45,Cow_35,7,4,4,0,25.3,Clear,Field A
2022-08-11,20:45,Cow_36,14,0,7,0,25.3,Clear,Field B
2022-08-11,20:45,Cow_37,9,0,6,0,25.3,Clear,Field C
2022-08-11,20:45,Cow_38,11,0,4,0,25.3,Clear,Field C
2022-08-11,20:45,Cow_39,9,0,8,0,25.3,Clear,Field C
2022-08-11,20:45,Cow_40,5,6,4,0,25.3,Clear,Field A
2022-08-11,20:45,Cow_41,11,3,1,0,25.3,Clear,Field B
2022-08-11,20:45,Cow_42,1,8,6,0,25.3,Clear,Field C
2022-08-11,20:45,Cow_43,0,7,8,0,25.3,Clear,Field C
2022-08-11,20:45,Cow_44,9,3,3,0,25.3,Clear,Field C
2022-08-11,20:45,Cow_45,5,6,4,0,25.3,Clear,Field C
2022-08-11,20:45,Cow_46,0,10,8,0,25.3,Clear,Field B
2022-08-11,20:45,Cow_47,6,3,6,0,25.3,Clear,Field B
2022-08-11,20:45,Cow_48,0,0,0,15,25.3,Clear,Field C
2022-08-11,20:45,Cow_49,10,0,8,0,25.3,Clear,Field C
2022-08-11,20:45,Cow_50,1,8,6,0,25.3,Clear,Field A
2022-08-11,20:45,Cow_51,5,7,3,0,25.3,Clear,Field A
2022-08-11,20:45,Cow_52,13,7,0,0,25.3,Clear,Field C
2022-08-11,20:45,Cow_53,14,0,6,0,25.3,Clear,Field C
2022-08-11,20:45,Cow_54,6,3,6,0,25.3,Clear,Field B
2022-08-11,20:45,Cow_55,9,4,2,0,25.3,Clear,Field C
2022-08-11,20:45,Cow_56,14,7,0,0,25.3,Clear,Field B
2022-08-11,20:45,Cow_57,4,5,6,0,25.3,Clear,Field B
2022-08-11,20:45,Cow_58,6,6,3,0,25.3,Clear,Field A
2022-08-11,20:45,Cow_59,13,0,7,0,25.3,Clear,Field C
2022-08-11,20:45,Cow_60,0,0,0,15,25.3,Clear,Field B
2022-08-11,20:45,Cow_61,8,7,0,0,25.3,Clear,Field A
2022-08-11,20:45,Cow_62,9,3,3,0,25.3,Clear,Field C
2022-08-11,20:45,Cow_63,8,6,1,0,25.3,Clear,Field A
2022-08-11,20:45,Cow_64,12,8,0,0,25.3,Clear,Field B
2022-08-11,20:45,Cow_65,14,0,5,0,25.3,Clear,Field A
2022-08-11,20:45,Cow_66,8,2,5,0,25.3,Clear,Field B
2022-08-11,20:45,Cow_67,14,0,4,0,25.3,Clear,Field A
2022-08-11,20:45,Cow_68,8,0,8,0,25.3,Clear,Field B
2022-08-11,20:45,Cow_69,5,7,3,0,25.3,Clear,Field A
2022-08-11,20:45,Cow_70,8,8,0,0,25.3,Clear,Field C
2022-08-11,20:45,Cow_71,2,8,5,0,25.3,Clear,Field C
2022-08-11,20:45,Cow_72,10,0,8,0,25.3,Clear,Field C
2022-08-11,20:45,Cow_73,8,3,4,0,25.3,Clear,Field C
2022-08-11,20:45,Cow_74,14,0,5,0,25.3,Clear,Field C
2022-08-11,20:45,Cow_75,12,0,8,0,25.3,Clear,Field A
2022-08-11,20:45,Cow_76,2,9,4,0,25.3,Clear,Field C
2022-08-11,20:45,Cow_77,9,0,6,0,25.3,Clear,Field A
2022-08-11,20:45,Cow_78,12,0,7,0,25.3,Clear,Field B
2022-08-11,20:45,Cow_79,12,3,0,0,25.3,Clear,Field B
2022-08-11,20:45,Cow_80,5,6,4,0,25.3,Clear,Field C
2022-08-11,20:45,Cow_81,10,0,7,0,25.3,Clear,Field C
2022-08-11,20:45,Cow_82,9,1,5,0,25.3,Clear,Field C
2022-08-11,20:45,Cow_83,0,9,6,0,25.3,Clear,Field C
2022-08-11,20:45,Cow_84,8,2,5,0,25.3,Clear,Field C
2022-08-11,20:45,Cow_85,5,7,3,0,25.3,Clear,Field A
2022-08-11,20:45,Cow_86,6,5,4,0,25.3,Clear,Field C
2022-08-11,20:45,Cow_87,11,0,5,0,25.3,Clear,Field B
2022-08-11,20:45,Cow_88,14,8,0,0,25.3,Clear,Field C
2022-08-11,20:45,Cow_89,2,7,6,0,25.3,Clear,Field C
2022-08-11,20:45,Cow_90,7,2,6,0,25.3,Clear,Field C
2022-08-11,20:45,Cow_91,9,1,5,0,25.3,Clear,Field A
2022-08-11,20:45,Cow_92,7,4,4,0,25.3,Clear,Field C
2022-08-11,20:45,Cow_93,0,10,8,0,25.3,Clear,Field B
2022-08-11,20:45,Cow_94,2,7,6,0,25.3,Clear,Field B
2022-08-11,20:45,Cow_95,5,2,8,0,25.3,Clear,Field A
2022-08-11,20:45,Cow_96,14,0,7,0,25.3,Clear,Field C
2022-08-11,20:45,Cow_97,14,0,8,0,25.3,Clear,Field C
2022-08-11,20:45,Cow_98,9,7,0,0,25.3,Clear,Field B
2022-08-11,20:45,Cow_99,4,4,7,0,25.3,Clear,Field B
2022-08-11,20:45,Cow_100,6,5,4,0,25.3,Clear,Field C
2022-08-11,20:45,Cow_101,0,9,7,0,25.3,Clear,Field C
2022-08-11,20:45,Cow_102,5,5,5,0,25.3,Clear,Field C
2022-08-11,20:45,Cow_103,12,7,0,0,25.3,Clear,Field B
2022-08-11,20:45,Cow_104,9,10,0,0,25.3,Clear,Field C
2022-08-11,20:45,Cow_105,11,5,0,0,25.3,Clear,Field A
2022-08-11,20:45,Cow_106,8,0,8,0,25.3,Clear,Field A
2022-08-11,20:45,Cow_107,6,5,4,0,25.3,Clear,Field B
2022-08-11,20:45,Cow_108,7,0,8,0,25.3,Clear,Field C
2022-08-11,20:45,Cow_109,13,4,0,0,25.3,Clear,Field C
2022-08-11,20:45,Cow_110,13,8,0,0,25.3,Clear,Field B
2022-08-11,20:45,Cow_111,7,1,7,0,25.3,Clear,Field B
2022-08-11,20:45,Cow_112,3,9,3,0,25.3,Clear,Field B
2022-08-11,20:45,Cow_113,13,0,7,0,25.3,Clear,Field C
2022-08-11,20:45,Cow_114,10,4,1,0,25.3,Clear,Field A
2022-08-11,20:45,Cow_115,8,7,0,0,25.3,Clear,Field B
2022-08-11,20:45,Cow_116,5,6,4,0,25.3,Clear,Field A
2022-08-11,20:45,Cow_117,5,5,5,0,25.3,Clear,Field A
2022-08-11,20:45,Cow_118,6,2,7,0,25.3,Clear,Field A
2022-08-11,20:45,Cow_119,6,10,0,0,25.3,Clear,Field C
2022-08-11,20:45,Cow_120,5,5,5,0,25.3,Clear,Field A
2022-08-11,20:45,Cow_121,4,3,8,0,25.3,Clear,Field A
2022-08-11,20:45,Cow_122,7,4,4,0,25.3,Clear,Field A
2022-08-11,20:45,Cow_123,10,0,8,0,25.3,Clear,Field C
2022-08-11,20:45,Cow_124,9,10,0,0,25.3,Clear,Field B
2022-08-11,20:45,Cow_125,5,3,7,0,25.3,Clear,Field C
2022-08-11,20:45,Cow_126,6,9,0,0,25.3,Clear,Field C
2022-08-11,20:45,Cow_127,9,1,5,0,25.3,Clear,Field B
2022-08-11,20:45,Cow_128,6,6,3,0,25.3,Clear,Field C
2022-08-11,20:45,Cow_129,0,0,0,15,25.3,Clear,Field B
2022-08-11,20:45,Cow_130,2,5,8,0,25.3,Clear,Field C
2022-08-11,20:45,Cow_131,1,10,4,0,25.3,Clear,Field B
2022-08-11,20:45,Cow_132,11,0,6,0,25.3,Clear,Field C
2022-08-11,20:45,Cow_133,14,8,0,0,25.3,Clear,Field A
2022-08-11,20:45,Cow_134,10,0,7,0,25.3,Clear,Field C
2022-08-11,20:45,Cow_135,12,3,0,0,25.3,Clear,Field B
2022-08-11,20:45,Cow_136,6,3,6,0,25.3,Clear,Field A
2022-08-11,20:45,Cow_137,10,0,7,0,25.3,Clear,Field C
2022-08-11,20:45,Cow_138,8,10,0,0,25.3,Clear,Field A
2022-08-11,20:45,Cow_139,3,5,7,0,25.3,Clear,Field A
2022-08-11,20:45,Cow_140,10,3,2,0,25.3,Clear,Field A
2022-08-11,20:45,Cow_141,6,8,1,0,25.3,Clear,Field B
2022-08-11,20:45,Cow_142,9,0,8,0,25.3,Clear,Field A
2022-08-11,20:45,Cow_143,0,0,0,15,25.3,Clear,Field C
2022-08-11,20:45,Cow_144,11,9,0,0,25.3,Clear,Field B
2022-08-11,20:45,Cow_145,13,6,0,0,25.3,Clear,Field A
2022-08-11,20:45,Cow_146,7,3,5,0,25.3,Clear,Field C
2022-08-11,20:45,Cow_147,12,6,0,0,25.3,Clear,Field C
2022-08-11,20:45,Cow_148,12,0,8,0,25.3,Clear,Field C
2022-08-11,20:45,Cow_149,12,0,5,0,25.3,Clear,Field B
2022-08-11,20:45,Cow_150,4,8,3,0,25.3,Clear,Field B
2022-08-11,20:45,Cow_151,8,0,7,0,25.3,Clear,Field B
2022-08-11,20:45,Cow_152,14,3,0,0,25.3,Clear,Field A
2022-08-11,20:45,Cow_153,11,1,3,0,25.3,Clear,Field B
2022-08-11,20:45,Cow_154,10,4,1,0,25.3,Clear,Field C
2022-08-11,20:45,Cow_155,0,0,0,15,25.3,Clear,Field B
2022-08-11,20:45,Cow_156,5,9,1,0,25.3,Clear,Field A
2022-08-11,20:45,Cow_157,10,8,0,0,25.3,Clear,Field A
2022-08-11,20:45,Cow_158,11,0,5,0,25.3,Clear,Field B
2022-08-11,20:45,Cow_159,9,2,4,0,25.3,Clear,Field C
2022-08-11,20:45,Cow_160,3,7,5,0,25.3,Clear,Field A
2022-08-11,20:45,Cow_161,0,9,8,0,25.3,Clear,Field B
2022-08-11,20:45,Cow_162,9,2,4,0,25.3,Clear,Field A
2022-08-11,20:45,Cow_163,9,3,3,0,25.3,Clear,Field A
2022-08-11,20:45,Cow_164,6,7,2,0,25.3,Clear,Field B
2022-08-11,20:45,Cow_165,6,6,3,0,25.3,Clear,Field C
2022-08-11,20:45,Cow_166,0,7,8,0,25.3,Clear,Field B
2022-08-11,20:45,Cow_167,5,7,3,0,25.3,Clear,Field B
2022-08-11,20:45,Cow_168,4,5,6,0,25.3,Clear,Field C
2022-08-11,20:45,Cow_169,7,9,0,0,25.3,Clear,Field A
2022-08-11,20:45,Cow_170,5,3,7,0,25.3,Clear,Field C
2022-08-11,20:45,Cow_171,10,5,0,0,25.3,Clear,Field A
2022-08-11,20:45,Cow_172,3,5,7,0,25.3,Clear,Field B
2022-08-11,20:45,Cow_173,7,7,1,0,25.3,Clear,Field A
2022-08-11,20:45,Cow_174,11,4,0,0,25.3,Clear,Field A
2022-08-11,20:45,Cow_175,0,0,0,15,25.3,Clear,Field A
2022-08-11,20:45,Cow_176,12,4,0,0,25.3,Clear,Field C
2022-08-11,20:45,Cow_177,8,3,4,0,25.3,Clear,Field C
2022-08-11,20:45,Cow_178,6,4,5,0,25.3,Clear,Field C
2022-08-11,20:45,Cow_179,12,0,7,0,25.3,Clear,Field B
2022-08-11,20:45,Cow_180,13,6,0,0,25.3,Clear,Field C
2022-08-11,20:45,Cow_181,10,3,2,0,25.3,Clear,Field B
2022-08-11,20:45,Cow_182,8,3,4,0,25.3,Clear,Field C
2022-08-11,20:45,Cow_183,5,6,4,0,25.3,Clear,Field A
2022-08-11,20:45,Cow_184,0,0,0,15,25.3,Clear,Field B
2022-08-11,20:45,Cow_185,1,8,6,0,25.3,Clear,Field B
2022-08-11,20:45,Cow_186,11,8,0,0,25.3,Clear,Field A
2022-08-11,20:45,Cow_187,0,0,0,15,25.3,Clear,Field C
2022-08-11,20:45,Cow_188,14,7,0,0,25.3,Clear,Field C
2022-08-11,20:45,Cow_189,10,0,8,0,25.3,Clear,Field A
2022-08-11,20:45,Cow_190,0,0,0,15,25.3,Clear,Field A
2022-08-11,20:45,Cow_191,1,8,6,0,25.3,Clear,Field C
2022-08-11,20:45,Cow_192,13,3,0,0,25.3,Clear,Field B
2022-08-11,20:45,Cow_193,10,10,0,0,25.3,Clear,Field B
2022-08-11,20:45,Cow_194,0,9,7,0,25.3,Clear,Field B
2022-08-11,20:45,Cow_195,0,7,8,0,25.3,Clear,Field B
2022-08-11,20:45,Cow_196,3,4,8,0,25.3,Clear,Field C
2022-08-11,20:45,Cow_197,8,10,0,0,25.3,Clear,Field B
2022-08-11,20:45,Cow_198,10,2,3,0,25.3,Clear,Field A
2022-08-11,20:45,Cow_199,13,0,7,0,25.3,Clear,Field B
2022-08-11,20:45,Cow_200,5,3,7,0,25.3,Clear,Field C
2022-08-11,20:45,Cow_201,12,0,8,0,25.3,Clear,Field B
2022-08-11,20:45,Cow_202,9,0,8,0,25.3,Clear,Field A
2022-08-11,20:45,Cow_203,9,6,0,0,25.3,Clear,Field A
2022-08-11,20:45,Cow_204,7,7,1,0,25.3,Clear,Field A
2022-08-11,20:45,Cow_205,6,5,4,0,25.3,Clear,Field C
2022-08-11,20:45,Cow_206,8,0,8,0,25.3,Clear,Field B
2022-08-11,20:45,Cow_207,11,0,4,0,25.3,Clear,Field A
2022-08-11,20:45,Cow_208,4,8,3,0,25.3,Clear,Field A
2022-08-11,20:45,Cow_209,0,0,0,15,25.3,Clear,Field A
2022-08-11,20:45,Cow_210,0,8,7,0,25.3,Clear,Field C
2022-08-11,20:45,Cow_211,5,3,7,0,25.3,Clear,Field B
2022-08-11,20:45,Cow_212,7,7,1,0,25.3,Clear,Field C
2022-08-11,20:45,Cow_213,10,4,1,0,25.3,Clear,Field C
2022-08-11,20:45,Cow_214,12,0,3,0,25.3,Clear,Field B
2022-08-11,20:45,Cow_215,12,10,0,0,25.3,Clear,Field B
2022-08-11,20:45,Cow_216,9,9,0,0,25.3,Clear,Field C
2022-08-11,20:45,Cow_217,12,9,0,0,25.3,Clear,Field B
2022-08-11,20:45,Cow_218,10,7,0,0,25.3,Clear,Field B
2022-08-11,20:45,Cow_219,3,6,6,0,25.3,Clear,Field B
2022-08-11,20:45,Cow_220,14,0,4,0,25.3,Clear,Field C
2022-08-11,20:45,Cow_221,4,4,7,0,25.3,Clear,Field A
2022-08-11,20:45,Cow_222,5,7,3,0,25.3,Clear,Field B
2022-08-11,20:45,Cow_223,14,0,7,0,25.3,Clear,Field A
2022-08-11,20:45,Cow_224,3,7,5,0,25.3,Clear,Field B
2022-08-11,20:45,Cow_225,9,5,1,0,25.3,Clear,Field B
2022-08-11,20:45,Cow_226,6,9,0,0,25.3,Clear,Field A
2022-08-11,20:45,Cow_227,0,8,8,0,25.3,Clear,Field B
2022-08-11,20:45,Cow_228,4,5,6,0,25.3,Clear,Field A
2022-08-11,20:45,Cow_229,5,6,4,0,25.3,Clear,Field B
2022-08-11,20:45,Cow_230,1,7,7,0,25.3,Clear,Field C
2022-08-11,20:45,Cow_231,0,0,0,15,25.3,Clear,Field B
2022-08-11,20:45,Cow_232,10,1,4,0,25.3,Clear,Field A
2022-08-11,20:45,Cow_233,14,0,5,0,25.3,Clear,Field C
2022-08-11,20:45,Cow_234,8,4,3,0,25.3,Clear,Field C
2022-08-11,20:45,Cow_235,12,0,3,0,25.3,Clear,Field B
2022-08-11,20:45,Cow_236,6,10,0,0,25.3,Clear,Field B
2022-08-11,20:45,Cow_237,0,9,7,0,25.3,Clear,Field A
2022-08-11,20:45,Cow_238,12,0,5,0,25.3,Clear,Field C
2022-08-11,20:45,Cow_239,6,7,2,0,25.3,Clear,Field B
2022-08-11,20:45,Cow_240,0,0,0,15,25.3,Clear,Field A
2022-08-11,20:45,Cow_241,13,0,5,0,25.3,Clear,Field C
2022-08-11,20:45,Cow_242,14,5,0,0,25.3,Clear,Field B
2022-08-11,20:45,Cow_243,7,5,3,0,25.3,Clear,Field C
2022-08-11,20:45,Cow_244,0,10,6,0,25.3,Clear,Field B
2022-08-11,20:45,Cow_245,2,8,5,0,25.3,Clear,Field A
2022-08-11,20:45,Cow_246,5,7,3,0,25.3,Clear,Field A
2022-08-11,20:45,Cow_247,5,3,7,0,25.3,Clear,Field A
2022-08-11,20:45,Cow_248,8,7,0,0,25.3,Clear,Field A
2022-08-11,20:45,Cow_249,11,8,0,0,25.3,Clear,Field B
2022-08-11,20:45,Cow_250,0,0,0,15,25.3,Clear,Field A
2022-08-11,20:45,Cow_251,0,10,7,0,25.3,Clear,Field C
2022-08-11,20:45,Cow_252,14,10,0,0,25.3,Clear,Field C
2022-08-11,20:45,Cow_253,5,3,7,0,25.3,Clear,Field C
2022-08-11,20:45,Cow_254,0,0,0,15,25.3,Clear,Field C
2022-08-11,20:45,Cow_255,4,7,4,0,25.3,Clear,Field B
2022-08-11,20:45,Cow_256,0,8,7,0,25.3,Clear,Field C
2022-08-11,20:45,Cow_257,11,3,1,0,25.3,Clear,Field C
2022-08-11,20:45,Cow_258,10,2,3,0,25.3,Clear,Field A
2022-08-11,20:45,Cow_259,14,0,5,0,25.3,Clear,Field B
2022-08-11,20:45,Cow_260,10,0,5,0,25.3,Clear,Field C
2022-08-11,20:45,Cow_261,0,10,5,0,25.3,Clear,Field C
2022-08-11,20:45,Cow_262,5,5,5,0,25.3,Clear,Field C
2022-08-11,20:45,Cow_263,12,7,0,0,25.3,Clear,Field C
2022-08-11,20:45,Cow_264,8,4,3,0,25.3,Clear,Field B
2022-08-11,20:45,Cow_265,0,0,0,15,25.3,Clear,Field B
2022-08-11,20:45,Cow_266,13,0,3,0,25.3,Clear,Field A
2022-08-11,20:45,Cow_267,2,7,6,0,25.3,Clear,Field A
2022-08-11,20:45,Cow_268,6,9,0,0,25.3,Clear,Field B
2022-08-11,20:45,Cow_269,5,2,8,0,25.3,Clear,Field B
2022-08-11,20:45,Cow_270,6,6,3,0,25.3,Clear,Field C
2022-08-11,20:45,Cow_271,14,0,6,0,25.3,Clear,Field B
2022-08-11,20:45,Cow_272,12,0,4,0,25.3,Clear,Field B
2022-08-11,20:45,Cow_273,0,0,0,15,25.3,Clear,Field A
2022-08-11,20:45,Cow_274,5,5,5,0,25.3,Clear,Field B
2022-08-11,20:45,Cow_275,6,6,3,0,25.3,Clear,Field A
2022-08-11,20:45,Cow_276,13,0,3,0,25.3,Clear,Field B
2022-08-11,20:45,Cow_277,6,3,6,0,25.3,Clear,Field A
2022-08-11,20:45,Cow_278,14,8,0,0,25.3,Clear,Field A
2022-08-11,20:45,Cow_279,5,5,5,0,25.3,Clear,Field A
2022-08-11,20:45,Cow_280,0,7,8,0,25.3,Clear,Field C
2022-08-11,20:45,Cow_281,5,7,3,0,25.3,Clear,Field A
2022-08-11,20:45,Cow_282,8,3,4,0,25.3,Clear,Field A
2022-08-11,20:45,Cow_283,0,0,0,15,25.3,Clear,Field C
2022-08-11,20:45,Cow_284,7,4,4,0,25.3,Clear,Field A
2022-08-11,20:45,Cow_285,9,1,5,0,25.3,Clear,Field C
2022-08-11,20:45,Cow_286,1,10,4,0,25.3,Clear,Field C
2022-08-11,20:45,Cow_287,0,10,8,0,25.3,Clear,Field C
2022-08-11,20:45,Cow_288,13,10,0,0,25.3,Clear,Field C
2022-08-11,20:45,Cow_289,7,0,8,0,25.3,Clear,Field B
2022-08-11,20:45,Cow_290,4,3,8,0,25.3,Clear,Field C
2022-08-11,20:45,Cow_291,1,10,4,0,25.3,Clear,Field A
2022-08-11,20:45,Cow_292,0,0,0,15,25.3,Clear,Field C
2022-08-11,20:45,Cow_293,0,9,6,0,25.3,Clear,Field C
2022-08-11,20:45,Cow_294,12,5,0,0,25.3,Clear,Field C
2022-08-11,20:45,Cow_295,12,8,0,0,25.3,Clear,Field A
2022-08-11,20:45,Cow_296,13,9,0,0,25.3,Clear,Field A
2022-08-11,20:45,Cow_297,14,0,5,0,25.3,Clear,Field B
2022-08-11,20:45,Cow_298,0,0,0,15,25.3,Clear,Field B
2022-08-11,20:45,Cow_299,0,6,9,0,25.3,Clear,Field B
2022-08-11,20:45,Cow_300,14,0,4,0,25.3,Clear,Field C
2022-08-11,20:45,Cow_301,1,8,6,0,25.3,Clear,Field C
2022-08-11,20:45,Cow_302,11,4,0,0,25.3,Clear,Field B
2022-08-11,20:45,Cow_303,0,0,0,15,25.3,Clear,Field B
2022-08-11,20:45,Cow_304,7,1,7,0,25.3,Clear,Field A
2022-08-11,20:45,Cow_305,9,4,2,0,25.3,Clear,Field A
2022-08-11,20:45,Cow_306,11,10,0,0,25.3,Clear,Field C
2022-08-11,20:45,Cow_307,6,9,0,0,25.3,Clear,Field C
2022-08-11,20:45,Cow_308,10,2,3,0,25.3,Clear,Field A
2022-08-11,20:45,Cow_309,6,5,4,0,25.3,Clear,Field C
2022-08-11,20:45,Cow_310,6,3,6,0,25.3,Clear,Field B
2022-08-11,20:45,Cow_311,8,4,3,0,25.3,Clear,Field B
2022-08-11,20:45,Cow_312,14,6,0,0,25.3,Clear,Field C
2022-08-11,20:45,Cow_313,5,6,4,0,25.3,Clear,Field C
2022-08-11,20:45,Cow_314,12,0,5,0,25.3,Clear,Field A
2022-08-11,20:45,Cow_315,3,7,5,0,25.3,Clear,Field A
2022-08-11,20:45,Cow_316,8,3,4,0,25.3,Clear,Field C
2022-08-11,20:45,Cow_317,8,3,4,0,25.3,Clear,Field C
2022-08-11,20:45,Cow_318,6,6,3,0,25.3,Clear,Field B
2022-08-11,20:45,Cow_319,9,1,5,0,25.3,Clear,Field A
2022-08-11,20:45,Cow_320,2,7,6,0,25.3,Clear,Field C
2022-08-11,20:45,Cow_321,5,8,2,0,25.3,Clear,Field C
2022-08-11,20:45,Cow_322,0,0,0,15,25.3,Clear,Field A
2022-08-11,20:45,Cow_323,0,10,5,0,25.3,Clear,Field A
2022-08-11,20:45,Cow_324,5,2,8,0,25.3,Clear,Field C
2022-08-11,20:45,Cow_325,9,2,4,0,25.3,Clear,Field A
2022-08-11,20:45,Cow_326,1,8,6,0,25.3,Clear,Field A
2022-08-11,20:45,Cow_327,0,0,0,15,25.3,Clear,Field C
2022-08-11,20:45,Cow_328,6,10,0,0,25.3,Clear,Field A
2022-08-11,20:45,Cow_329,14,7,0,0,25.3,Clear,Field C
2022-08-11,20:45,Cow_330,0,0,0,15,25.3,Clear,Field C
2022-08-11,20:45,Cow_331,3,5,7,0,25.3,Clear,Field B
2022-08-11,20:45,Cow_332,8,3,4,0,25.3,Clear,Field B
2022-08-11,20:45,Cow_333,9,3,3,0,25.3,Clear,Field C
2022-08-11,20:45,Cow_334,8,7,0,0,25.3,Clear,Field B
2022-08-11,20:45,Cow_335,0,8,7,0,25.3,Clear,Field B
2022-08-11,20:45,Cow_336,10,7,0,0,25.3,Clear,Field A
2022-08-11,20:45,Cow_337,12,0,3,0,25.3,Clear,Field A
2022-08-11,20:45,Cow_338,5,2,8,0,25.3,Clear,Field A
2022-08-11,20:45,Cow_339,3,8,4,0,25.3,Clear,Field B
2022-08-11,20:45,Cow_340,14,9,0,0,25.3,Clear,Field A
2022-08-11,20:45,Cow_341,6,6,3,0,25.3,Clear,Field A
2022-08-11,20:45,Cow_342,13,0,4,0,25.3,Clear,Field B
2022-08-11,20:45,Cow_343,3,9,3,0,25.3,Clear,Field B
2022-08-11,20:45,Cow_344,9,5,1,0,25.3,Clear,Field A
2022-08-11,20:45,Cow_345,0,0,0,15,25.3,Clear,Field B
2022-08-11,20:45,Cow_346,4,7,4,0,25.3,Clear,Field C
2022-08-11,20:45,Cow_347,4,7,4,0,25.3,Clear,Field A
2022-08-11,20:45,Cow_348,9,4,2,0,25.3,Clear,Field A
2022-08-11,20:45,Cow_349,1,9,5,0,25.3,Clear,Field C
2022-08-11,20:45,Cow_350,0,9,7,0,25.3,Clear,Field A
2022-08-11,20:45,Cow_351,3,7,5,0,25.3,Clear,Field C
2022-08-11,20:45,Cow_352,0,10,5,0,25.3,Clear,Field C
2022-08-11,20:45,Cow_353,3,6,6,0,25.3,Clear,Field A
2022-08-11,20:45,Cow_354,5,2,8,0,25.3,Clear,Field A
2022-08-11,20:45,Cow_355,0,7,8,0,25.3,Clear,Field B
2022-08-11,20:45,Cow_356,3,9,3,0,25.3,Clear,Field C
2022-08-11,20:45,Cow_357,5,5,5,0,25.3,Clear,Field B
2022-08-11,20:45,Cow_358,9,7,0,0,25.3,Clear,Field A
2022-08-11,20:45,Cow_359,0,12,7,0,25.3,Clear,Field C
2022-08-11,20:45,Cow_360,6,8,1,0,25.3,Clear,Field B
2022-08-11,20:45,Cow_361,5,7,3,0,25.3,Clear,Field A
2022-08-11,20:45,Cow_362,13,3,0,0,25.3,Clear,Field A
2022-08-11,20:45,Cow_363,4,6,5,0,25.3,Clear,Field C
2022-08-11,20:45,Cow_364,5,10,0,0,25.3,Clear,Field A
2022-08-11,20:45,Cow_365,5,4,6,0,25.3,Clear,Field C
2022-08-11,20:45,Cow_366,8,2,5,0,25.3,Clear,Field A
2022-08-11,20:45,Cow_367,4,6,5,0,25.3,Clear,Field C
2022-08-11,20:45,Cow_368,13,0,3,0,25.3,Clear,Field B
2022-08-11,20:45,Cow_369,14,9,0,0,25.3,Clear,Field C
2022-08-11,20:45,Cow_370,3,9,3,0,25.3,Clear,Field B
2022-08-11,20:45,Cow_371,0,9,6,0,25.3,Clear,Field A
2022-08-11,20:45,Cow_372,7,5,3,0,25.3,Clear,Field B
2022-08-11,20:45,Cow_373,10,9,0,0,25.3,Clear,Field C
2022-08-11,20:45,Cow_374,8,6,1,0,25.3,Clear,Field B
2022-08-11,20:45,Cow_375,10,7,0,0,25.3,Clear,Field A
2022-08-11,20:45,Cow_376,8,5,2,0,25.3,Clear,Field A
2022-08-11,20:45,Cow_377,10,9,0,0,25.3,Clear,Field B
2022-08-11,20:45,Cow_378,3,9,3,0,25.3,Clear,Field A
2022-08-11,20:45,Cow_379,8,4,3,0,25.3,Clear,Field A
2022-08-11,20:45,Cow_380,13,0,8,0,25.3,Clear,Field A
2022-08-11,20:45,Cow_381,11,0,8,0,25.3,Clear,Field B
2022-08-11,20:45,Cow_382,8,9,0,0,25.3,Clear,Field B
2022-08-11,20:45,Cow_383,0,10,5,0,25.3,Clear,Field A
2022-08-11,20:45,Cow_384,12,9,0,0,25.3,Clear,Field C
2022-08-11,20:45,Cow_385,6,5,4,0,25.3,Clear,Field A
2022-08-11,20:45,Cow_386,10,4,1,0,25.3,Clear,Field A
2022-08-11,20:45,Cow_387,6,5,4,0,25.3,Clear,Field C
2022-08-11,20:45,Cow_388,7,4,4,0,25.3,Clear,Field C
2022-08-11,20:45,Cow_389,0,9,8,0,25.3,Clear,Field B
2022-08-11,20:45,Cow_390,11,0,6,0,25.3,Clear,Field B
2022-08-11,20:45,Cow_391,7,10,0,0,25.3,Clear,Field C
2022-08-11,20:45,Cow_392,14,0,8,0,25.3,Clear,Field C
2022-08-11,20:45,Cow_393,7,3,5,0,25.3,Clear,Field B
2022-08-11,20:45,Cow_394,9,0,7,0,25.3,Clear,Field A
2022-08-11,20:45,Cow_395,6,9,0,0,25.3,Clear,Field C
2022-08-11,20:45,Cow_396,0,0,0,15,25.3,Clear,Field A
2022-08-11,20:45,Cow_397,1,6,8,0,25.3,Clear,Field A
2022-08-11,20:45,Cow_398,14,0,8,0,25.3,Clear,Field B
2022-08-11,20:45,Cow_399,10,10,0,0,25.3,Clear,Field A
2022-08-11,20:45,Cow_400,7,5,3,0,25.3,Clear,Field C
2022-08-11,20:45,Cow_401,6,5,4,0,25.3,Clear,Field A
2022-08-11,20:45,Cow_402,0,10,8,0,25.3,Clear,Field B
2022-08-11,20:45,Cow_403,11,0,6,0,25.3,Clear,Field B
2022-08-11,20:45,Cow_404,0,8,8,0,25.3,Clear,Field C
2022-08-11,20:45,Cow_405,3,4,8,0,25.3,Clear,Field A
2022-08-11,20:45,Cow_406,2,5,8,0,25.3,Clear,Field B
2022-08-11,20:45,Cow_407,0,0,0,15,25.3,Clear,Field B
2022-08-11,20:45,Cow_408,0,0,0,15,25.3,Clear,Field C
2022-08-11,20:45,Cow_409,12,0,5,0,25.3,Clear,Field B
2022-08-11,20:45,Cow_410,8,4,3,0,25.3,Clear,Field C
2022-08-11,20:45,Cow_411,10,8,0,0,25.3,Clear,Field B
2022-08-11,20:45,Cow_412,0,0,0,15,25.3,Clear,Field C
2022-08-11,20:45,Cow_413,0,0,0,15,25.3,Clear,Field B
2022-08-11,20:45,Cow_414,2,8,5,0,25.3,Clear,Field A
2022-08-11,20:45,Cow_415,9,1,5,0,25.3,Clear,Field B
2022-08-11,20:45,Cow_416,2,7,6,0,25.3,Clear,Field A
2022-08-11,20:45,Cow_417,0,10,8,0,25.3,Clear,Field C
2022-08-11,20:45,Cow_418,4,5,6,0,25.3,Clear,Field A
2022-08-11,20:45,Cow_419,9,8,0,0,25.3,Clear,Field B
2022-08-11,20:45,Cow_420,7,6,2,0,25.3,Clear,Field A
2022-08-11,20:45,Cow_421,13,7,0,0,25.3,Clear,Field C
2022-08-11,20:45,Cow_422,7,3,5,0,25.3,Clear,Field C
2022-08-11,20:45,Cow_423,4,7,4,0,25.3,Clear,Field B
2022-08-11,20:45,Cow_424,2,9,4,0,25.3,Clear,Field A
2022-08-11,20:45,Cow_425,14,4,0,0,25.3,Clear,Field A
2022-08-11,20:45,Cow_426,10,9,0,0,25.3,Clear,Field A
2022-08-11,20:45,Cow_427,15,5,0,0,25.3,Clear,Field C
2022-08-11,20:45,Cow_428,13,3,0,0,25.3,Clear,Field C
2022-08-11,20:45,Cow_429,12,5,0,0,25.3,Clear,Field A
2022-08-11,20:45,Cow_430,5,8,2,0,25.3,Clear,Field C
2022-08-11,20:45,Cow_431,6,3,6,0,25.3,Clear,Field A
2022-08-11,20:45,Cow_432,0,0,0,15,25.3,Clear,Field B
2022-08-11,20:45,Cow_433,0,0,0,15,25.3,Clear,Field A
2022-08-11,20:45,Cow_434,13,0,3,0,25.3,Clear,Field C
2022-08-11,20:45,Cow_435,0,10,8,0,25.3,Clear,Field B
2022-08-11,20:45,Cow_436,0,9,6,0,25.3,Clear,Field A
2022-08-11,20:45,Cow_437,9,3,3,0,25.3,Clear,Field A
2022-08-11,20:45,Cow_438,5,6,4,0,25.3,Clear,Field B
2022-08-11,20:45,Cow_439,0,10,8,0,25.3,Clear,Field C
2022-08-11,20:45,Cow_440,11,0,4,0,25.3,Clear,Field B
2022-08-11,20:45,Cow_441,12,0,8,0,25.3,Clear,Field C
2022-08-11,20:45,Cow_442,5,7,3,0,25.3,Clear,Field C
2022-08-11,20:45,Cow_443,13,0,5,0,25.3,Clear,Field B
2022-08-11,20:45,Cow_444,0,9,8,0,25.3,Clear,Field C
2022-08-11,20:45,Cow_445,6,5,4,0,25.3,Clear,Field C
2022-08-11,20:45,Cow_446,7,8,0,0,25.3,Clear,Field B
2022-08-11,20:45,Cow_447,7,3,5,0,25.3,Clear,Field B
2022-08-11,20:45,Cow_448,6,4,5,0,25.3,Clear,Field A
2022-08-11,20:45,Cow_449,3,8,4,0,25.3,Clear,Field C
2022-08-11,20:45,Cow_450,13,9,0,0,25.3,Clear,Field A
2022-08-11,20:45,Cow_451,1,8,6,0,25.3,Clear,Field B
2022-08-11,20:45,Cow_452,9,7,0,0,25.3,Clear,Field C
2022-08-11,20:45,Cow_453,10,10,0,0,25.3,Clear,Field A
2022-08-11,20:45,Cow_454,5,3,7,0,25.3,Clear,Field B
2022-08-11,20:45,Cow_455,5,2,8,0,25.3,Clear,Field C
2022-08-11,20:45,Cow_456,6,6,3,0,25.3,Clear,Field A
2022-08-11,20:45,Cow_457,11,0,6,0,25.3,Clear,Field B
2022-08-11,20:45,Cow_458,6,6,3,0,25.3,Clear,Field A
2022-08-11,20:45,Cow_459,6,7,2,0,25.3,Clear,Field B
2022-08-11,20:45,Cow_460,3,6,6,0,25.3,Clear,Field A
2022-08-11,20:45,Cow_461,9,5,1,0,25.3,Clear,Field A
2022-08-11,20:45,Cow_462,6,4,5,0,25.3,Clear,Field A
2022-08-11,20:45,Cow_463,0,10,8,0,25.3,Clear,Field C
2022-08-11,20:45,Cow_464,0,8,8,0,25.3,Clear,Field B
2022-08-11,20:45,Cow_465,13,8,0,0,25.3,Clear,Field B
2022-08-11,20:45,Cow_466,9,3,3,0,25.3,Clear,Field B
2022-08-11,20:45,Cow_467,5,4,6,0,25.3,Clear,Field C
2022-08-11,20:45,Cow_468,4,7,4,0,25.3,Clear,Field B
2022-08-11,20:45,Cow_469,1,10,4,0,25.3,Clear,Field C
2022-08-11,20:45,Cow_470,7,3,5,0,25.3,Clear,Field B
2022-08-11,20:45,Cow_471,10,2,3,0,25.3,Clear,Field C
2022-08-11,20:45,Cow_472,10,1,4,0,25.3,Clear,Field A
2022-08-11,20:45,Cow_473,4,5,6,0,25.3,Clear,Field C
2022-08-11,20:45,Cow_474,12,9,0,0,25.3,Clear,Field C
2022-08-11,20:45,Cow_475,1,6,8,0,25.3,Clear,Field C
2022-08-11,20:45,Cow_476,14,0,3,0,25.3,Clear,Field B
2022-08-11,20:45,Cow_477,6,3,6,0,25.3,Clear,Field A
2022-08-11,20:45,Cow_478,5,8,2,0,25.3,Clear,Field A
2022-08-11,20:45,Cow_479,12,6,0,0,25.3,Clear,Field B
2022-08-11,20:45,Cow_480,3,5,7,0,25.3,Clear,Field C
2022-08-11,20:45,Cow_481,12,7,0,0,25.3,Clear,Field C
2022-08-11,20:45,Cow_482,11,0,7,0,25.3,Clear,Field A
2022-08-11,20:45,Cow_483,14,4,0,0,25.3,Clear,Field A
2022-08-11,20:45,Cow_484,13,4,0,0,25.3,Clear,Field A
2022-08-11,20:45,Cow_485,7,2,6,0,25.3,Clear,Field C
2022-08-11,20:45,Cow_486,6,4,5,0,25.3,Clear,Field C
2022-08-11,20:45,Cow_487,12,5,0,0,25.3,Clear,Field A
2022-08-11,20:45,Cow_488,0,8,7,0,25.3,Clear,Field A
2022-08-11,20:45,Cow_489,14,4,0,0,25.3,Clear,Field C
2022-08-11,20:45,Cow_490,2,5,8,0,25.3,Clear,Field C
2022-08-11,20:45,Cow_491,5,6,4,0,25.3,Clear,Field C
2022-08-11,20:45,Cow_492,11,0,6,0,25.3,Clear,Field A
2022-08-11,20:45,Cow_493,12,7,0,0,25.3,Clear,Field B
2022-08-11,20:45,Cow_494,10,0,7,0,25.3,Clear,Field B
2022-08-11,20:45,Cow_495,0,0,0,15,25.3,Clear,Field C
2022-08-11,20:45,Cow_496,9,8,0,0,25.3,Clear,Field C
2022-08-11,20:45,Cow_497,9,4,2,0,25.3,Clear,Field B
2022-08-11,20:45,Cow_498,8,10,0,0,25.3,Clear,Field B
2022-08-11,20:45,Cow_499,8,0,8,0,25.3,Clear,Field A
2022-08-11,20:45,Cow_500,8,7,0,0,25.3,Clear,Field C
2022-08-11,21:00,Cow_1,10,2,3,0,32.3,Clear,Field C
2022-08-11,21:00,Cow_2,12,0,4,0,32.3,Clear,Field C
2022-08-11,21:00,Cow_3,1,7,7,0,32.3,Clear,Field A
2022-08-11,21:00,Cow_4,3,6,6,0,32.3,Clear,Field B
2022-08-11,21:00,Cow_5,9,2,4,0,32.3,Clear,Field C
2022-08-11,21:00,Cow_6,14,0,4,0,32.3,Clear,Field B
2022-08-11,21:00,Cow_7,2,9,4,0,32.3,Clear,Field B
2022-08-11,21:00,Cow_8,12,0,5,0,32.3,Clear,Field A
2022-08-11,21:00,Cow_9,10,6,0,0,32.3,Clear,Field A
2022-08-11,21:00,Cow_10,13,6,0,0,32.3,Clear,Field C
2022-08-11,21:00,Cow_11,1,9,5,0,32.3,Clear,Field A
2022-08-11,21:00,Cow_12,0,0,0,15,32.3,Clear,Field A
2022-08-11,21:00,Cow_13,9,3,3,0,32.3,Clear,Field A
2022-08-11,21:00,Cow_14,5,4,6,0,32.3,Clear,Field C
2022-08-11,21:00,Cow_15,12,7,0,0,32.3,Clear,Field A
2022-08-11,21:00,Cow_16,6,4,5,0,32.3,Clear,Field B
2022-08-11,21:00,Cow_17,8,0,7,0,32.3,Clear,Field A
2022-08-11,21:00,Cow_18,6,6,3,0,32.3,Clear,Field A
2022-08-11,21:00,Cow_19,11,8,0,0,32.3,Clear,Field B
2022-08-11,21:00,Cow_20,5,5,5,0,32.3,Clear,Field C
2022-08-11,21:00,Cow_21,0,0,0,15,32.3,Clear,Field C
2022-08-11,21:00,Cow_22,12,10,0,0,32.3,Clear,Field A
2022-08-11,21:00,Cow_23,9,2,4,0,32.3,Clear,Field B
2022-08-11,21:00,Cow_24,8,8,0,0,32.3,Clear,Field B
2022-08-11,21:00,Cow_25,2,6,7,0,32.3,Clear,Field A
2022-08-11,21:00,Cow_26,7,6,2,0,32.3,Clear,Field B
2022-08-11,21:00,Cow_27,10,4,1,0,32.3,Clear,Field B
2022-08-11,21:00,Cow_28,13,9,0,0,32.3,Clear,Field A
2022-08-11,21:00,Cow_29,9,7,0,0,32.3,Clear,Field B
2022-08-11,21:00,Cow_30,6,5,4,0,32.3,Clear,Field A
2022-08-11,21:00,Cow_31,5,8,2,0,32.3,Clear,Field C
2022-08-11,21:00,Cow_32,6,3,6,0,32.3,Clear,Field B
2022-08-11,21:00,Cow_33,2,10,3,0,32.3,Clear,Field B
2022-08-11,21:00,Cow_34,4,6,5,0,32.3,Clear,Field C
2022-08-11,21:00,Cow_35,12,0,8,0,32.3,Clear,Field B
2022-08-11,21:00,Cow_36,13,0,4,0,32.3,Clear,Field B
2022-08-11,21:00,Cow_37,8,3,4,0,32.3,Clear,Field A
2022-08-11,21:00,Cow_38,14,10,0,0,32.3,Clear,Field A
2022-08-11,21:00,Cow_39,9,3,3,0,32.3,Clear,Field A
2022-08-11,21:00,Cow_40,1,9,5,0,32.3,Clear,Field B
2022-08-11,21:00,Cow_41,7,8,0,0,32.3,Clear,Field C
2022-08-11,21:00,Cow_42,10,3,2,0,32.3,Clear,Field C
2022-08-11,21:00,Cow_43,8,8,0,0,32.3,Clear,Field C
2022-08-11,21:00,Cow_44,9,4,2,0,32.3,Clear,Field C
2022-08-11,21:00,Cow_45,7,6,2,0,32.3,Clear,Field A
2022-08-11,21:00,Cow_46,10,4,1,0,32.3,Clear,Field B
2022-08-11,21:00,Cow_47,7,4,4,0,32.3,Clear,Field B
2022-08-11,21:00,Cow_48,3,8,4,0,32.3,Clear,Field C
2022-08-11,21:00,Cow_49,13,7,0,0,32.3,Clear,Field A
2022-08-11,21:00,Cow_50,12,7,0,0,32.3,Clear,Field C
2022-08-11,21:00,Cow_51,10,0,5,0,32.3,Clear,Field B
2022-08-11,21:00,Cow_52,5,6,4,0,32.3,Clear,Field B
2022-08-11,21:00,Cow_53,0,7,8,0,32.3,Clear,Field B
2022-08-11,21:00,Cow_54,4,6,5,0,32.3,Clear,Field A
2022-08-11,21:00,Cow_55,13,9,0,0,32.3,Clear,Field C
2022-08-11,21:00,Cow_56,7,5,3,0,32.3,Clear,Field A
2022-08-11,21:00,Cow_57,4,3,8,0,32.3,Clear,Field C
2022-08-11,21:00,Cow_58,9,7,0,0,32.3,Clear,Field B
2022-08-11,21:00,Cow_59,7,0,8,0,32.3,Clear,Field B
2022-08-11,21:00,Cow_60,13,7,0,0,32.3,Clear,Field A
2022-08-11,21:00,Cow_61,8,3,4,0,32.3,Clear,Field B
2022-08-11,21:00,Cow_62,11,9,0,0,32.3,Clear,Field A
2022-08-11,21:00,Cow_63,13,8,0,0,32.3,Clear,Field C
2022-08-11,21:00,Cow_64,9,0,7,0,32.3,Clear,Field C
2022-08-11,21:00,Cow_65,5,3,7,0,32.3,Clear,Field A
2022-08-11,21:00,Cow_66,13,4,0,0,32.3,Clear,Field A
2022-08-11,21:00,Cow_67,0,8,8,0,32.3,Clear,Field B
2022-08-11,21:00,Cow_68,14,0,3,0,32.3,Clear,Field B
2022-08-11,21:00,Cow_69,6,1,8,0,32.3,Clear,Field B
2022-08-11,21:00,Cow_70,8,3,4,0,32.3,Clear,Field C
2022-08-11,21:00,Cow_71,9,3,3,0,32.3,Clear,Field C
2022-08-11,21:00,Cow_72,5,4,6,0,32.3,Clear,Field C
2022-08-11,21:00,Cow_73,4,8,3,0,32.3,Clear,Field B
2022-08-11,21:00,Cow_74,11,0,4,0,32.3,Clear,Field C
2022-08-11,21:00,Cow_75,14,0,9,0,32.3,Clear,Field C
2022-08-11,21:00,Cow_76,0,0,0,15,32.3,Clear,Field C
2022-08-11,21:00,Cow_77,2,5,8,0,32.3,Clear,Field C
2022-08-11,21:00,Cow_78,1,8,6,0,32.3,Clear,Field B
2022-08-11,21:00,Cow_79,10,4,1,0,32.3,Clear,Field A
2022-08-11,21:00,Cow_80,11,9,0,0,32.3,Clear,Field C
2022-08-11,21:00,Cow_81,11,0,7,0,32.3,Clear,Field A
2022-08-11,21:00,Cow_82,8,1,6,0,32.3,Clear,Field A
2022-08-11,21:00,Cow_83,5,6,4,0,32.3,Clear,Field A
2022-08-11,21:00,Cow_84,9,1,5,0,32.3,Clear,Field A
2022-08-11,21:00,Cow_85,0,9,8,0,32.3,Clear,Field C
2022-08-11,21:00,Cow_86,13,0,7,0,32.3,Clear,Field C
2022-08-11,21:00,Cow_87,13,10,0,0,32.3,Clear,Field C
2022-08-11,21:00,Cow_88,0,7,8,0,32.3,Clear,Field A
2022-08-11,21:00,Cow_89,6,3,6,0,32.3,Clear,Field B
2022-08-11,21:00,Cow_90,11,9,0,0,32.3,Clear,Field B
2022-08-11,21:00,Cow_91,14,0,3,0,32.3,Clear,Field B
2022-08-11,21:00,Cow_92,10,4,1,0,32.3,Clear,Field A
2022-08-11,21:00,Cow_93,7,9,0,0,32.3,Clear,Field B
2022-08-11,21:00,Cow_94,4,8,3,0,32.3,Clear,Field C
2022-08-11,21:00,Cow_95,11,0,8,0,32.3,Clear,Field C
2022-08-11,21:00,Cow_96,13,6,0,0,32.3,Clear,Field A
2022-08-11,21:00,Cow_97,5,3,7,0,32.3,Clear,Field A
2022-08-11,21:00,Cow_98,6,5,4,0,32.3,Clear,Field B
2022-08-11,21:00,Cow_99,13,0,3,0,32.3,Clear,Field C
2022-08-11,21:00,Cow_100,2,6,7,0,32.3,Clear,Field A
2022-08-11,21:00,Cow_101,0,0,0,15,32.3,Clear,Field B
2022-08-11,21:00,Cow_102,7,5,3,0,32.3,Clear,Field C
2022-08-11,21:00,Cow_103,11,0,7,0,32.3,Clear,Field C
2022-08-11,21:00,Cow_104,14,0,4,0,32.3,Clear,Field A
2022-08-11,21:00,Cow_105,9,1,5,0,32.3,Clear,Field C
2022-08-11,21:00,Cow_106,12,0,3,0,32.3,Clear,Field C
2022-08-11,21:00,Cow_107,13,0,4,0,32.3,Clear,Field A
2022-08-11,21:00,Cow_108,10,0,8,0,32.3,Clear,Field B
2022-08-11,21:00,Cow_109,5,9,1,0,32.3,Clear,Field B
2022-08-11,21:00,Cow_110,7,10,0,0,32.3,Clear,Field A
2022-08-11,21:00,Cow_111,7,5,3,0,32.3,Clear,Field B
2022-08-11,21:00,Cow_112,5,5,5,0,32.3,Clear,Field B
2022-08-11,21:00,Cow_113,6,3,6,0,32.3,Clear,Field B
2022-08-11,21:00,Cow_114,9,8,0,0,32.3,Clear,Field B
2022-08-11,21:00,Cow_115,7,4,4,0,32.3,Clear,Field B
2022-08-11,21:00,Cow_116,2,5,8,0,32.3,Clear,Field B
2022-08-11,21:00,Cow_117,7,5,3,0,32.3,Clear,Field C
2022-08-11,21:00,Cow_118,11,9,0,0,32.3,Clear,Field B
2022-08-11,21:00,Cow_119,2,10,3,0,32.3,Clear,Field C
2022-08-11,21:00,Cow_120,8,0,7,0,32.3,Clear,Field A
2022-08-11,21:00,Cow_121,11,1,3,0,32.3,Clear,Field C
2022-08-11,21:00,Cow_122,9,3,3,0,32.3,Clear,Field A
2022-08-11,21:00,Cow_123,6,5,4,0,32.3,Clear,Field C
2022-08-11,21:00,Cow_124,14,0,5,0,32.3,Clear,Field B
2022-08-11,21:00,Cow_125,0,10,5,0,32.3,Clear,Field B
2022-08-11,21:00,Cow_126,0,9,8,0,32.3,Clear,Field C
2022-08-11,21:00,Cow_127,0,0,0,15,32.3,Clear,Field C
2022-08-11,21:00,Cow_128,12,0,6,0,32.3,Clear,Field B
2022-08-11,21:00,Cow_129,10,0,6,0,32.3,Clear,Field A
2022-08-11,21:00,Cow_130,13,6,0,0,32.3,Clear,Field C
2022-08-11,21:00,Cow_131,14,5,0,0,32.3,Clear,Field A
2022-08-11,21:00,Cow_132,8,6,1,0,32.3,Clear,Field A
2022-08-11,21:00,Cow_133,6,5,4,0,32.3,Clear,Field B
2022-08-11,21:00,Cow_134,8,4,3,0,32.3,Clear,Field B
2022-08-11,21:00,Cow_135,6,8,1,0,32.3,Clear,Field A
2022-08-11,21:00,Cow_136,11,9,0,0,32.3,Clear,Field A
2022-08-11,21:00,Cow_137,7,4,4,0,32.3,Clear,Field A
2022-08-11,21:00,Cow_138,5,7,3,0,32.3,Clear,Field A
2022-08-11,21:00,Cow_139,5,7,3,0,32.3,Clear,Field B
2022-08-11,21:00,Cow_140,5,6,4,0,32.3,Clear,Field A
2022-08-11,21:00,Cow_141,2,5,8,0,32.3,Clear,Field B
2022-08-11,21:00,Cow_142,8,4,3,0,32.3,Clear,Field A
2022-08-11,21:00,Cow_143,9,0,6,0,32.3,Clear,Field C
2022-08-11,21:00,Cow_144,7,5,3,0,32.3,Clear,Field B
2022-08-11,21:00,Cow_145,11,4,0,0,32.3,Clear,Field C
2022-08-11,21:00,Cow_146,12,0,6,0,32.3,Clear,Field C
2022-08-11,21:00,Cow_147,12,7,0,0,32.3,Clear,Field B
2022-08-11,21:00,Cow_148,3,8,4,0,32.3,Clear,Field A
2022-08-11,21:00,Cow_149,0,0,0,15,32.3,Clear,Field C
2022-08-11,21:00,Cow_150,6,4,5,0,32.3,Clear,Field B
2022-08-11,21:00,Cow_151,7,1,7,0,32.3,Clear,Field C
2022-08-11,21:00,Cow_152,8,3,4,0,32.3,Clear,Field B
2022-08-11,21:00,Cow_153,7,5,3,0,32.3,Clear,Field C
2022-08-11,21:00,Cow_154,12,3,0,0,32.3,Clear,Field C
2022-08-11,21:00,Cow_155,14,10,0,0,32.3,Clear,Field B
2022-08-11,21:00,Cow_156,6,6,3,0,32.3,Clear,Field C
2022-08-11,21:00,Cow_157,9,3,3,0,32.3,Clear,Field A
2022-08-11,21:00,Cow_158,11,4,0,0,32.3,Clear,Field B
2022-08-11,21:00,Cow_159,13,0,3,0,32.3,Clear,Field C
2022-08-11,21:00,Cow_160,0,10,8,0,32.3,Clear,Field B
2022-08-11,21:00,Cow_161,6,3,6,0,32.3,Clear,Field A
2022-08-11,21:00,Cow_162,14,4,0,0,32.3,Clear,Field B
2022-08-11,21:00,Cow_163,2,10,3,0,32.3,Clear,Field B
2022-08-11,21:00,Cow_164,13,0,4,0,32.3,Clear,Field C
2022-08-11,21:00,Cow_165,8,0,8,0,32.3,Clear,Field A
2022-08-11,21:00,Cow_166,1,9,5,0,32.3,Clear,Field B
2022-08-11,21:00,Cow_167,0,0,0,15,32.3,Clear,Field A
2022-08-11,21:00,Cow_168,0,9,6,0,32.3,Clear,Field A
2022-08-11,21:00,Cow_169,11,9,0,0,32.3,Clear,Field C
2022-08-11,21:00,Cow_170,6,4,5,0,32.3,Clear,Field B
2022-08-11,21:00,Cow_171,14,0,5,0,32.3,Clear,Field C
2022-08-11,21:00,Cow_172,7,2,6,0,32.3,Clear,Field B
2022-08-11,21:00,Cow_173,13,0,6,0,32.3,Clear,Field A
2022-08-11,21:00,Cow_174,6,8,1,0,32.3,Clear,Field A
2022-08-11,21:00,Cow_175,0,0,0,15,32.3,Clear,Field C
2022-08-11,21:00,Cow_176,6,4,5,0,32.3,Clear,Field A
2022-08-11,21:00,Cow_177,5,5,5,0,32.3,Clear,Field C
2022-08-11,21:00,Cow_178,5,6,4,0,32.3,Clear,Field A
2022-08-11,21:00,Cow_179,14,0,5,0,32.3,Clear,Field C
2022-08-11,21:00,Cow_180,13,0,6,0,32.3,Clear,Field C
2022-08-11,21:00,Cow_181,11,8,0,0,32.3,Clear,Field A
2022-08-11,21:00,Cow_182,2,8,5,0,32.3,Clear,Field C
2022-08-11,21:00,Cow_183,6,4,5,0,32.3,Clear,Field C
2022-08-11,21:00,Cow_184,5,4,6,0,32.3,Clear,Field A
2022-08-11,21:00,Cow_185,11,9,0,0,32.3,Clear,Field B
2022-08-11,21:00,Cow_186,8,3,4,0,32.3,Clear,Field B
2022-08-11,21:00,Cow_187,12,9,0,0,32.3,Clear,Field A
2022-08-11,21:00,Cow_188,3,8,4,0,32.3,Clear,Field B
2022-08-11,21:00,Cow_189,0,10,6,0,32.3,Clear,Field A
2022-08-11,21:00,Cow_190,11,0,4,0,32.3,Clear,Field A
2022-08-11,21:00,Cow_191,0,0,0,15,32.3,Clear,Field B
2022-08-11,21:00,Cow_192,5,6,4,0,32.3,Clear,Field B
2022-08-11,21:00,Cow_193,11,4,0,0,32.3,Clear,Field B
2022-08-11,21:00,Cow_194,9,1,5,0,32.3,Clear,Field A
2022-08-11,21:00,Cow_195,13,0,5,0,32.3,Clear,Field B
2022-08-11,21:00,Cow_196,14,0,3,0,32.3,Clear,Field A
2022-08-11,21:00,Cow_197,10,5,0,0,32.3,Clear,Field B
2022-08-11,21:00,Cow_198,11,4,0,0,32.3,Clear,Field C
2022-08-11,21:00,Cow_199,9,10,0,0,32.3,Clear,Field A
2022-08-11,21:00,Cow_200,0,8,7,0,32.3,Clear,Field B
2022-08-11,21:00,Cow_201,6,4,5,0,32.3,Clear,Field B
2022-08-11,21:00,Cow_202,14,7,0,0,32.3,Clear,Field B
2022-08-11,21:00,Cow_203,5,4,6,0,32.3,Clear,Field A
2022-08-11,21:00,Cow_204,11,6,0,0,32.3,Clear,Field A
2022-08-11,21:00,Cow_205,10,2,3,0,32.3,Clear,Field C
2022-08-11,21:00,Cow_206,14,4,0,0,32.3,Clear,Field B
2022-08-11,21:00,Cow_207,0,10,5,0,32.3,Clear,Field C
2022-08-11,21:00,Cow_208,7,2,6,0,32.3,Clear,Field B
2022-08-11,21:00,Cow_209,0,9,8,0,32.3,Clear,Field B
2022-08-11,21:00,Cow_210,5,5,5,0,32.3,Clear,Field A
2022-08-11,21:00,Cow_211,11,0,8,0,32.3,Clear,Field C
2022-08-11,21:00,Cow_212,0,10,8,0,32.3,Clear,Field B
2022-08-11,21:00,Cow_213,6,4,5,0,32.3,Clear,Field C
2022-08-11,21:00,Cow_214,3,7,5,0,32.3,Clear,Field B
2022-08-11,21:00,Cow_215,0,0,0,15,32.3,Clear,Field C
2022-08-11,21:00,Cow_216,8,6,1,0,32.3,Clear,Field A
2022-08-11,21:00,Cow_217,11,0,7,0,32.3,Clear,Field B
2022-08-11,21:00,Cow_218,9,4,2,0,32.3,Clear,Field B
2022-08-11,21:00,Cow_219,9,7,0,0,32.3,Clear,Field C
2022-08-11,21:00,Cow_220,4,4,7,0,32.3,Clear,Field B
2022-08-11,21:00,Cow_221,3,4,8,0,32.3,Clear,Field B
2022-08-11,21:00,Cow_222,7,1,7,0,32.3,Clear,Field A
2022-08-11,21:00,Cow_223,2,5,8,0,32.3,Clear,Field C
2022-08-11,21:00,Cow_224,5,6,4,0,32.3,Clear,Field A
2022-08-11,21:00,Cow_225,4,5,6,0,32.3,Clear,Field A
2022-08-11,21:00,Cow_226,0,7,8,0,32.3,Clear,Field B
2022-08-11,21:00,Cow_227,0,8,7,0,32.3,Clear,Field C
2022-08-11,21:00,Cow_228,11,1,3,0,32.3,Clear,Field C
2022-08-11,21:00,Cow_229,9,0,8,0,32.3,Clear,Field C
2022-08-11,21:00,Cow_230,7,4,4,0,32.3,Clear,Field A
2022-08-11,21:00,Cow_231,13,10,0,0,32.3,Clear,Field B
2022-08-11,21:00,Cow_232,13,0,3,0,32.3,Clear,Field A
2022-08-11,21:00,Cow_233,4,4,7,0,32.3,Clear,Field A
2022-08-11,21:00,Cow_234,11,8,0,0,32.3,Clear,Field C
2022-08-11,21:00,Cow_235,11,6,0,0,32.3,Clear,Field A
2022-08-11,21:00,Cow_236,5,8,2,0,32.3,Clear,Field C
2022-08-11,21:00,Cow_237,14,5,0,0,32.3,Clear,Field A
2022-08-11,21:00,Cow_238,9,0,8,0,32.3,Clear,Field C
2022-08-11,21:00,Cow_239,5,5,5,0,32.3,Clear,Field C
2022-08-11,21:00,Cow_240,2,6,7,0,32.3,Clear,Field A
2022-08-11,21:00,Cow_241,5,5,5,0,32.3,Clear,Field C
2022-08-11,21:00,Cow_242,10,0,7,0,32.3,Clear,Field B
2022-08-11,21:00,Cow_243,8,2,5,0,32.3,Clear,Field B
2022-08-11,21:00,Cow_244,3,4,8,0,32.3,Clear,Field C
2022-08-11,21:00,Cow_245,9,0,6,0,32.3,Clear,Field A
2022-08-11,21:00,Cow_246,8,3,4,0,32.3,Clear,Field A
2022-08-11,21:00,Cow_247,10,2,3,0,32.3,Clear,Field A
2022-08-11,21:00,Cow_248,10,0,5,0,32.3,Clear,Field B
2022-08-11,21:00,Cow_249,8,4,3,0,32.3,Clear,Field C
2022-08-11,21:00,Cow_250,8,4,3,0,32.3,Clear,Field B
2022-08-11,21:00,Cow_251,0,0,0,15,32.3,Clear,Field B
2022-08-11,21:00,Cow_252,0,12,8,0,32.3,Clear,Field B
2022-08-11,21:00,Cow_253,1,10,4,0,32.3,Clear,Field A
2022-08-11,21:00,Cow_254,3,8,4,0,32.3,Clear,Field A
2022-08-11,21:00,Cow_255,2,10,3,0,32.3,Clear,Field C
2022-08-11,21:00,Cow_256,5,5,5,0,32.3,Clear,Field A
2022-08-11,21:00,Cow_257,1,9,5,0,32.3,Clear,Field C
2022-08-11,21:00,Cow_258,0,0,0,15,32.3,Clear,Field B
2022-08-11,21:00,Cow_259,3,8,4,0,32.3,Clear,Field B
2022-08-11,21:00,Cow_260,9,0,7,0,32.3,Clear,Field A
2022-08-11,21:00,Cow_261,8,6,1,0,32.3,Clear,Field C
2022-08-11,21:00,Cow_262,5,4,6,0,32.3,Clear,Field C
2022-08-11,21:00,Cow_263,10,7,0,0,32.3,Clear,Field A
2022-08-11,21:00,Cow_264,0,0,0,15,32.3,Clear,Field A
2022-08-11,21:00,Cow_265,12,3,0,0,32.3,Clear,Field A
2022-08-11,21:00,Cow_266,4,5,6,0,32.3,Clear,Field C
2022-08-11,21:00,Cow_267,7,3,5,0,32.3,Clear,Field B
2022-08-11,21:00,Cow_268,5,7,3,0,32.3,Clear,Field B
2022-08-11,21:00,Cow_269,5,5,5,0,32.3,Clear,Field C
2022-08-11,21:00,Cow_270,0,0,0,15,32.3,Clear,Field C
2022-08-11,21:00,Cow_271,0,10,7,0,32.3,Clear,Field B
2022-08-11,21:00,Cow_272,8,10,0,0,32.3,Clear,Field B
2022-08-11,21:00,Cow_273,7,4,4,0,32.3,Clear,Field C
2022-08-11,21:00,Cow_274,6,8,1,0,32.3,Clear,Field B
2022-08-11,21:00,Cow_275,13,0,3,0,32.3,Clear,Field C
2022-08-11,21:00,Cow_276,4,4,7,0,32.3,Clear,Field C
2022-08-11,21:00,Cow_277,12,0,4,0,32.3,Clear,Field A
2022-08-11,21:00,Cow_278,0,10,6,0,32.3,Clear,Field B
2022-08-11,21:00,Cow_279,8,4,3,0,32.3,Clear,Field A
2022-08-11,21:00,Cow_280,7,3,5,0,32.3,Clear,Field B
2022-08-11,21:00,Cow_281,11,5,0,0,32.3,Clear,Field C
2022-08-11,21:00,Cow_282,5,5,5,0,32.3,Clear,Field A
2022-08-11,21:00,Cow_283,14,0,5,0,32.3,Clear,Field B
2022-08-11,21:00,Cow_284,0,10,7,0,32.3,Clear,Field B
2022-08-11,21:00,Cow_285,9,4,2,0,32.3,Clear,Field A
2022-08-11,21:00,Cow_286,14,0,6,0,32.3,Clear,Field A
2022-08-11,21:00,Cow_287,11,6,0,0,32.3,Clear,Field A
2022-08-11,21:00,Cow_288,1,6,8,0,32.3,Clear,Field B
2022-08-11,21:00,Cow_289,6,4,5,0,32.3,Clear,Field A
2022-08-11,21:00,Cow_290,6,3,6,0,32.3,Clear,Field B
2022-08-11,21:00,Cow_291,14,0,3,0,32.3,Clear,Field C
2022-08-11,21:00,Cow_292,9,2,4,0,32.3,Clear,Field C
2022-08-11,21:00,Cow_293,11,0,7,0,32.3,Clear,Field A
2022-08-11,21:00,Cow_294,7,1,7,0,32.3,Clear,Field B
2022-08-11,21:00,Cow_295,0,7,8,0,32.3,Clear,Field A
2022-08-11,21:00,Cow_296,12,0,4,0,32.3,Clear,Field C
2022-08-11,21:00,Cow_297,11,0,6,0,32.3,Clear,Field C
2022-08-11,21:00,Cow_298,1,6,8,0,32.3,Clear,Field B
2022-08-11,21:00,Cow_299,5,6,4,0,32.3,Clear,Field C
2022-08-11,21:00,Cow_300,5,5,5,0,32.3,Clear,Field B
2022-08-11,21:00,Cow_301,0,0,0,15,32.3,Clear,Field B
2022-08-11,21:00,Cow_302,8,10,0,0,32.3,Clear,Field B
2022-08-11,21:00,Cow_303,5,4,6,0,32.3,Clear,Field A
2022-08-11,21:00,Cow_304,4,4,7,0,32.3,Clear,Field B
2022-08-11,21:00,Cow_305,10,7,0,0,32.3,Clear,Field C
2022-08-11,21:00,Cow_306,0,0,0,15,32.3,Clear,Field A
2022-08-11,21:00,Cow_307,6,10,0,0,32.3,Clear,Field B
2022-08-11,21:00,Cow_308,8,4,3,0,32.3,Clear,Field B
2022-08-11,21:00,Cow_309,2,7,6,0,32.3,Clear,Field C
2022-08-11,21:00,Cow_310,10,5,0,0,32.3,Clear,Field A
2022-08-11,21:00,Cow_311,10,1,4,0,32.3,Clear,Field B
2022-08-11,21:00,Cow_312,7,4,4,0,32.3,Clear,Field B
2022-08-11,21:00,Cow_313,0,10,6,0,32.3,Clear,Field C
2022-08-11,21:00,Cow_314,10,0,8,0,32.3,Clear,Field A
2022-08-11,21:00,Cow_315,7,5,3,0,32.3,Clear,Field C
2022-08-11,21:00,Cow_316,6,3,6,0,32.3,Clear,Field A
2022-08-11,21:00,Cow_317,7,3,5,0,32.3,Clear,Field A
2022-08-11,21:00,Cow_318,3,9,3,0,32.3,Clear,Field C
2022-08-11,21:00,Cow_319,3,7,5,0,32.3,Clear,Field B
2022-08-11,21:00,Cow_320,0,0,0,15,32.3,Clear,Field C
2022-08-11,21:00,Cow_321,6,1,8,0,32.3,Clear,Field A
2022-08-11,21:00,Cow_322,1,8,6,0,32.3,Clear,Field C
2022-08-11,21:00,Cow_323,12,0,8,0,32.3,Clear,Field A
2022-08-11,21:00,Cow_324,10,8,0,0,32.3,Clear,Field B
2022-08-11,21:00,Cow_325,7,5,3,0,32.3,Clear,Field A
2022-08-11,21:00,Cow_326,1,9,5,0,32.3,Clear,Field A
2022-08-11,21:00,Cow_327,0,9,8,0,32.3,Clear,Field B
2022-08-11,21:00,Cow_328,14,8,0,0,32.3,Clear,Field B
2022-08-11,21:00,Cow_329,9,2,4,0,32.3,Clear,Field A
2022-08-11,21:00,Cow_330,0,0,0,15,32.3,Clear,Field A
2022-08-11,21:00,Cow_331,5,4,6,0,32.3,Clear,Field B
2022-08-11,21:00,Cow_332,5,7,3,0,32.3,Clear,Field A
2022-08-11,21:00,Cow_333,2,9,4,0,32.3,Clear,Field C
2022-08-11,21:00,Cow_334,7,4,4,0,32.3,Clear,Field B
2022-08-11,21:00,Cow_335,12,0,4,0,32.3,Clear,Field C
2022-08-11,21:00,Cow_336,2,9,4,0,32.3,Clear,Field A
2022-08-11,21:00,Cow_337,6,10,0,0,32.3,Clear,Field B
2022-08-11,21:00,Cow_338,3,6,6,0,32.3,Clear,Field B
2022-08-11,21:00,Cow_339,7,5,3,0,32.3,Clear,Field C
2022-08-11,21:00,Cow_340,14,4,0,0,32.3,Clear,Field C
2022-08-11,21:00,Cow_341,4,7,4,0,32.3,Clear,Field C
2022-08-11,21:00,Cow_342,11,0,8,0,32.3,Clear,Field A
2022-08-11,21:00,Cow_343,11,0,6,0,32.3,Clear,Field C
2022-08-11,21:00,Cow_344,7,5,3,0,32.3,Clear,Field C
2022-08-11,21:00,Cow_345,10,2,3,0,32.3,Clear,Field B
2022-08-11,21:00,Cow_346,11,8,0,0,32.3,Clear,Field A
2022-08-11,21:00,Cow_347,8,3,4,0,32.3,Clear,Field B
2022-08-11,21:00,Cow_348,2,9,4,0,32.3,Clear,Field A
2022-08-11,21:00,Cow_349,13,0,4,0,32.3,Clear,Field B
2022-08-11,21:00,Cow_350,5,6,4,0,32.3,Clear,Field A
2022-08-11,21:00,Cow_351,5,9,1,0,32.3,Clear,Field B
2022-08-11,21:00,Cow_352,0,0,0,15,32.3,Clear,Field C
2022-08-11,21:00,Cow_353,7,3,5,0,32.3,Clear,Field B
2022-08-11,21:00,Cow_354,11,1,3,0,32.3,Clear,Field C
2022-08-11,21:00,Cow_355,4,4,7,0,32.3,Clear,Field C
2022-08-11,21:00,Cow_356,0,8,8,0,32.3,Clear,Field B
2022-08-11,21:00,Cow_357,5,6,4,0,32.3,Clear,Field B
2022-08-11,21:00,Cow_358,8,3,4,0,32.3,Clear,Field A
2022-08-11,21:00,Cow_359,2,8,5,0,32.3,Clear,Field A
2022-08-11,21:00,Cow_360,1,9,5,0,32.3,Clear,Field B
2022-08-11,21:00,Cow_361,14,0,3,0,32.3,Clear,Field C
2022-08-11,21:00,Cow_362,6,5,4,0,32.3,Clear,Field A
2022-08-11,21:00,Cow_363,0,8,10,0,32.3,Clear,Field A
2022-08-11,21:00,Cow_364,5,3,7,0,32.3,Clear,Field C
2022-08-11,21:00,Cow_365,3,6,6,0,32.3,Clear,Field A
2022-08-11,21:00,Cow_366,0,0,0,15,32.3,Clear,Field B
2022-08-11,21:00,Cow_367,1,6,8,0,32.3,Clear,Field C
2022-08-11,21:00,Cow_368,11,9,0,0,32.3,Clear,Field C
2022-08-11,21:00,Cow_369,7,5,3,0,32.3,Clear,Field B
2022-08-11,21:00,Cow_370,9,0,6,0,32.3,Clear,Field B
2022-08-11,21:00,Cow_371,6,4,5,0,32.3,Clear,Field B
2022-08-11,21:00,Cow_372,2,5,8,0,32.3,Clear,Field C
2022-08-11,21:00,Cow_373,9,3,3,0,32.3,Clear,Field C
2022-08-11,21:00,Cow_374,0,0,0,15,32.3,Clear,Field C
2022-08-11,21:00,Cow_375,8,0,7,0,32.3,Clear,Field B
2022-08-11,21:00,Cow_376,7,3,5,0,32.3,Clear,Field A
2022-08-11,21:00,Cow_377,4,7,4,0,32.3,Clear,Field A
2022-08-11,21:00,Cow_378,14,0,6,0,32.3,Clear,Field A
2022-08-11,21:00,Cow_379,2,8,5,0,32.3,Clear,Field A
2022-08-11,21:00,Cow_380,3,5,7,0,32.3,Clear,Field A
2022-08-11,21:00,Cow_381,8,3,4,0,32.3,Clear,Field A
2022-08-11,21:00,Cow_382,6,3,6,0,32.3,Clear,Field C
2022-08-11,21:00,Cow_383,10,4,1,0,32.3,Clear,Field A
2022-08-11,21:00,Cow_384,10,10,0,0,32.3,Clear,Field B
2022-08-11,21:00,Cow_385,12,8,0,0,32.3,Clear,Field A
2022-08-11,21:00,Cow_386,13,0,6,0,32.3,Clear,Field C
2022-08-11,21:00,Cow_387,5,5,5,0,32.3,Clear,Field C
2022-08-11,21:00,Cow_388,14,0,7,0,32.3,Clear,Field A
2022-08-11,21:00,Cow_389,5,3,7,0,32.3,Clear,Field B
2022-08-11,21:00,Cow_390,6,7,2,0,32.3,Clear,Field B
2022-08-11,21:00,Cow_391,6,9,0,0,32.3,Clear,Field B
2022-08-11,21:00,Cow_392,5,3,7,0,32.3,Clear,Field C
2022-08-11,21:00,Cow_393,2,9,4,0,32.3,Clear,Field A
2022-08-11,21:00,Cow_394,1,10,4,0,32.3,Clear,Field A
2022-08-11,21:00,Cow_395,15,0,10,0,32.3,Clear,Field C
2022-08-11,21:00,Cow_396,6,6,3,0,32.3,Clear,Field B
2022-08-11,21:00,Cow_397,11,8,0,0,32.3,Clear,Field C
2022-08-11,21:00,Cow_398,0,0,0,15,32.3,Clear,Field A
2022-08-11,21:00,Cow_399,13,0,7,0,32.3,Clear,Field B
2022-08-11,21:00,Cow_400,6,3,6,0,32.3,Clear,Field B
2022-08-11,21:00,Cow_401,10,2,3,0,32.3,Clear,Field A
2022-08-11,21:00,Cow_402,9,9,0,0,32.3,Clear,Field C
2022-08-11,21:00,Cow_403,5,5,5,0,32.3,Clear,Field B
2022-08-11,21:00,Cow_404,12,0,6,0,32.3,Clear,Field C
2022-08-11,21:00,Cow_405,0,0,0,15,32.3,Clear,Field A
2022-08-11,21:00,Cow_406,0,9,7,0,32.3,Clear,Field A
2022-08-11,21:00,Cow_407,13,5,0,0,32.3,Clear,Field C
2022-08-11,21:00,Cow_408,14,0,5,0,32.3,Clear,Field A
2022-08-11,21:00,Cow_409,6,8,1,0,32.3,Clear,Field B
2022-08-11,21:00,Cow_410,3,8,4,0,32.3,Clear,Field B
2022-08-11,21:00,Cow_411,5,7,3,0,32.3,Clear,Field C
2022-08-11,21:00,Cow_412,6,9,0,0,32.3,Clear,Field A
2022-08-11,21:00,Cow_413,10,7,0,0,32.3,Clear,Field B
2022-08-11,21:00,Cow_414,8,1,6,0,32.3,Clear,Field A
2022-08-11,21:00,Cow_415,6,8,1,0,32.3,Clear,Field A
2022-08-11,21:00,Cow_416,3,9,3,0,32.3,Clear,Field B
2022-08-11,21:00,Cow_417,14,5,0,0,32.3,Clear,Field B
2022-08-11,21:00,Cow_418,0,9,6,0,32.3,Clear,Field A
2022-08-11,21:00,Cow_419,0,10,6,0,32.3,Clear,Field A
2022-08-11,21:00,Cow_420,5,3,7,0,32.3,Clear,Field B
2022-08-11,21:00,Cow_421,5,7,3,0,32.3,Clear,Field B
2022-08-11,21:00,Cow_422,5,10,0,0,32.3,Clear,Field C
2022-08-11,21:00,Cow_423,7,6,2,0,32.3,Clear,Field A
2022-08-11,21:00,Cow_424,8,3,4,0,32.3,Clear,Field A
2022-08-11,21:00,Cow_425,12,10,0,0,32.3,Clear,Field C
2022-08-11,21:00,Cow_426,6,4,5,0,32.3,Clear,Field C
2022-08-11,21:00,Cow_427,15,0,5,0,32.3,Clear,Field A
2022-08-11,21:00,Cow_428,11,10,0,0,32.3,Clear,Field B
2022-08-11,21:00,Cow_429,0,0,0,15,32.3,Clear,Field A
2022-08-11,21:00,Cow_430,10,0,5,0,32.3,Clear,Field B
2022-08-11,21:00,Cow_431,2,7,6,0,32.3,Clear,Field B
2022-08-11,21:00,Cow_432,5,10,0,0,32.3,Clear,Field C
2022-08-11,21:00,Cow_433,7,5,3,0,32.3,Clear,Field B
2022-08-11,21:00,Cow_434,7,5,3,0,32.3,Clear,Field C
2022-08-11,21:00,Cow_435,10,5,0,0,32.3,Clear,Field C
2022-08-11,21:00,Cow_436,9,5,1,0,32.3,Clear,Field C
2022-08-11,21:00,Cow_437,6,4,5,0,32.3,Clear,Field C
2022-08-11,21:00,Cow_438,14,6,0,0,32.3,Clear,Field A
2022-08-11,21:00,Cow_439,10,0,6,0,32.3,Clear,Field C
2022-08-11,21:00,Cow_440,0,9,6,0,32.3,Clear,Field C
2022-08-11,21:00,Cow_441,9,3,3,0,32.3,Clear,Field C
2022-08-11,21:00,Cow_442,6,5,4,0,32.3,Clear,Field A
2022-08-11,21:00,Cow_443,13,10,0,0,32.3,Clear,Field A
2022-08-11,21:00,Cow_444,8,0,7,0,32.3,Clear,Field A
2022-08-11,21:00,Cow_445,8,1,6,0,32.3,Clear,Field A
2022-08-11,21:00,Cow_446,8,0,8,0,32.3,Clear,Field B
2022-08-11,21:00,Cow_447,10,7,0,0,32.3,Clear,Field A
2022-08-11,21:00,Cow_448,0,8,7,0,32.3,Clear,Field C
2022-08-11,21:00,Cow_449,14,0,3,0,32.3,Clear,Field A
2022-08-11,21:00,Cow_450,14,0,4,0,32.3,Clear,Field A
2022-08-11,21:00,Cow_451,0,0,0,15,32.3,Clear,Field B
2022-08-11,21:00,Cow_452,2,7,6,0,32.3,Clear,Field C
2022-08-11,21:00,Cow_453,6,1,8,0,32.3,Clear,Field A
2022-08-11,21:00,Cow_454,6,2,7,0,32.3,Clear,Field A
2022-08-11,21:00,Cow_455,7,10,0,0,32.3,Clear,Field A
2022-08-11,21:00,Cow_456,2,7,6,0,32.3,Clear,Field C
2022-08-11,21:00,Cow_457,4,5,6,0,32.3,Clear,Field B
2022-08-11,21:00,Cow_458,11,10,0,0,32.3,Clear,Field A
2022-08-11,21:00,Cow_459,0,9,8,0,32.3,Clear,Field C
2022-08-11,21:00,Cow_460,6,1,8,0,32.3,Clear,Field C
2022-08-11,21:00,Cow_461,11,7,0,0,32.3,Clear,Field A
2022-08-11,21:00,Cow_462,0,0,0,15,32.3,Clear,Field B
2022-08-11,21:00,Cow_463,1,9,5,0,32.3,Clear,Field A
2022-08-11,21:00,Cow_464,13,0,8,0,32.3,Clear,Field A
2022-08-11,21:00,Cow_465,2,9,4,0,32.3,Clear,Field B
2022-08-11,21:00,Cow_466,6,5,4,0,32.3,Clear,Field A
2022-08-11,21:00,Cow_467,9,1,5,0,32.3,Clear,Field B
2022-08-11,21:00,Cow_468,11,7,0,0,32.3,Clear,Field B
2022-08-11,21:00,Cow_469,9,7,0,0,32.3,Clear,Field C
2022-08-11,21:00,Cow_470,2,9,4,0,32.3,Clear,Field C
2022-08-11,21:00,Cow_471,14,8,0,0,32.3,Clear,Field A
2022-08-11,21:00,Cow_472,14,6,0,0,32.3,Clear,Field A
2022-08-11,21:00,Cow_473,8,8,0,0,32.3,Clear,Field A
2022-08-11,21:00,Cow_474,0,0,0,15,32.3,Clear,Field B
2022-08-11,21:00,Cow_475,10,7,0,0,32.3,Clear,Field C
2022-08-11,21:00,Cow_476,14,0,6,0,32.3,Clear,Field C
2022-08-11,21:00,Cow_477,0,0,0,15,32.3,Clear,Field C
2022-08-11,21:00,Cow_478,12,3,0,0,32.3,Clear,Field B
2022-08-11,21:00,Cow_479,0,10,9,0,32.3,Clear,Field C
2022-08-11,21:00,Cow_480,8,3,4,0,32.3,Clear,Field B
2022-08-11,21:00,Cow_481,13,7,0,0,32.3,Clear,Field C
2022-08-11,21:00,Cow_482,12,0,6,0,32.3,Clear,Field A
2022-08-11,21:00,Cow_483,11,0,8,0,32.3,Clear,Field C
2022-08-11,21:00,Cow_484,1,8,6,0,32.3,Clear,Field B
2022-08-11,21:00,Cow_485,12,0,5,0,32.3,Clear,Field A
2022-08-11,21:00,Cow_486,8,8,0,0,32.3,Clear,Field B
2022-08-11,21:00,Cow_487,8,5,2,0,32.3,Clear,Field C
2022-08-11,21:00,Cow_488,0,9,6,0,32.3,Clear,Field C
2022-08-11,21:00,Cow_489,8,6,1,0,32.3,Clear,Field B
2022-08-11,21:00,Cow_490,10,7,0,0,32.3,Clear,Field C
2022-08-11,21:00,Cow_491,9,0,6,0,32.3,Clear,Field C
2022-08-11,21:00,Cow_492,2,10,3,0,32.3,Clear,Field A
2022-08-11,21:00,Cow_493,9,2,4,0,32.3,Clear,Field B
2022-08-11,21:00,Cow_494,5,6,4,0,32.3,Clear,Field C
2022-08-11,21:00,Cow_495,7,2,6,0,32.3,Clear,Field B
2022-08-11,21:00,Cow_496,6,7,2,0,32.3,Clear,Field C
2022-08-11,21:00,Cow_497,7,5,3,0,32.3,Clear,Field B
2022-08-11,21:00,Cow_498,5,7,3,0,32.3,Clear,Field B
2022-08-11,21:00,Cow_499,8,1,6,0,32.3,Clear,Field B
2022-08-11,21:00,Cow_500,12,0,6,0,32.3,Clear,Field C
2022-08-11,21:15,Cow_1,8,10,0,0,28.9,Clear,Field A
2022-08-11,21:15,Cow_2,1,6,8,0,28.9,Clear,Field C
2022-08-11,21:15,Cow_3,14,10,0,0,28.9,Clear,Field B
2022-08-11,21:15,Cow_4,13,7,0,0,28.9,Clear,Field B
2022-08-11,21:15,Cow_5,5,8,2,0,28.9,Clear,Field A
2022-08-11,21:15,Cow_6,4,4,7,0,28.9,Clear,Field A
2022-08-11,21:15,Cow_7,14,0,7,0,28.9,Clear,Field C
2022-08-11,21:15,Cow_8,12,8,0,0,28.9,Clear,Field B
2022-08-11,21:15,Cow_9,8,2,5,0,28.9,Clear,Field A
2022-08-11,21:15,Cow_10,14,0,6,0,28.9,Clear,Field C
2022-08-11,21:15,Cow_11,3,7,5,0,28.9,Clear,Field C
2022-08-11,21:15,Cow_12,4,5,6,0,28.9,Clear,Field A
2022-08-11,21:15,Cow_13,4,5,6,0,28.9,Clear,Field A
2022-08-11,21:15,Cow_14,3,6,6,0,28.9,Clear,Field A
2022-08-11,21:15,Cow_15,11,1,3,0,28.9,Clear,Field A
2022-08-11,21:15,Cow_16,11,3,1,0,28.9,Clear,Field B
2022-08-11,21:15,Cow_17,7,4,4,0,28.9,Clear,Field C
2022-08-11,21:15,Cow_18,6,0,10,0,28.9,Clear,Field B
2022-08-11,21:15,Cow_19,0,0,0,15,28.9,Clear,Field C
2022-08-11,21:15,Cow_20,6,3,6,0,28.9,Clear,Field A
2022-08-11,21:15,Cow_21,10,5,0,0,28.9,Clear,Field C
2022-08-11,21:15,Cow_22,12,5,0,0,28.9,Clear,Field A
2022-08-11,21:15,Cow_23,8,10,0,0,28.9,Clear,Field A
2022-08-11,21:15,Cow_24,0,10,8,0,28.9,Clear,Field C
2022-08-11,21:15,Cow_25,3,9,3,0,28.9,Clear,Field A
2022-08-11,21:15,Cow_26,8,0,7,0,28.9,Clear,Field B
2022-08-11,21:15,Cow_27,9,3,3,0,28.9,Clear,Field A
2022-08-11,21:15,Cow_28,4,6,5,0,28.9,Clear,Field C
2022-08-11,21:15,Cow_29,7,9,0,0,28.9,Clear,Field A
2022-08-11,21:15,Cow_30,5,5,5,0,28.9,Clear,Field B
2022-08-11,21:15,Cow_31,11,1,3,0,28.9,Clear,Field A
2022-08-11,21:15,Cow_32,9,1,5,0,28.9,Clear,Field C
2022-08-11,21:15,Cow_33,6,3,6,0,28.9,Clear,Field B
2022-08-11,21:15,Cow_34,6,3,6,0,28.9,Clear,Field C
2022-08-11,21:15,Cow_35,7,3,5,0,28.9,Clear,Field B
2022-08-11,21:15,Cow_36,10,4,1,0,28.9,Clear,Field B
2022-08-11,21:15,Cow_37,6,9,0,0,28.9,Clear,Field B
2022-08-11,21:15,Cow_38,7,3,5,0,28.9,Clear,Field A
2022-08-11,21:15,Cow_39,8,3,4,0,28.9,Clear,Field C
2022-08-11,21:15,Cow_40,5,7,3,0,28.9,Clear,Field B
2022-08-11,21:15,Cow_41,1,7,7,0,28.9,Clear,Field C
2022-08-11,21:15,Cow_42,14,0,8,0,28.9,Clear,Field C
2022-08-11,21:15,Cow_43,0,0,0,15,28.9,Clear,Field A
2022-08-11,21:15,Cow_44,10,7,0,0,28.9,Clear,Field C
2022-08-11,21:15,Cow_45,0,10,5,0,28.9,Clear,Field C
2022-08-11,21:15,Cow_46,9,7,0,0,28.9,Clear,Field C
2022-08-11,21:15,Cow_47,13,6,0,0,28.9,Clear,Field A
2022-08-11,21:15,Cow_48,10,2,3,0,28.9,Clear,Field A
2022-08-11,21:15,Cow_49,14,0,5,0,28.9,Clear,Field A
2022-08-11,21:15,Cow_50,11,0,6,0,28.9,Clear,Field A
2022-08-11,21:15,Cow_51,0,0,0,15,28.9,Clear,Field B
2022-08-11,21:15,Cow_52,0,0,0,15,28.9,Clear,Field B
2022-08-11,21:15,Cow_53,13,6,0,0,28.9,Clear,Field C
2022-08-11,21:15,Cow_54,11,9,0,0,28.9,Clear,Field B
2022-08-11,21:15,Cow_55,8,3,4,0,28.9,Clear,Field A
2022-08-11,21:15,Cow_56,0,0,0,15,28.9,Clear,Field A
2022-08-11,21:15,Cow_57,13,0,6,0,28.9,Clear,Field C
2022-08-11,21:15,Cow_58,2,7,6,0,28.9,Clear,Field A
2022-08-11,21:15,Cow_59,11,0,8,0,28.9,Clear,Field A
2022-08-11,21:15,Cow_60,10,4,1,0,28.9,Clear,Field B
2022-08-11,21:15,Cow_61,0,10,8,0,28.9,Clear,Field B
2022-08-11,21:15,Cow_62,0,0,0,15,28.9,Clear,Field B
2022-08-11,21:15,Cow_63,5,2,8,0,28.9,Clear,Field A
2022-08-11,21:15,Cow_64,1,7,7,0,28.9,Clear,Field C
2022-08-11,21:15,Cow_65,9,2,4,0,28.9,Clear,Field B
2022-08-11,21:15,Cow_66,0,0,0,15,28.9,Clear,Field C
2022-08-11,21:15,Cow_67,11,7,0,0,28.9,Clear,Field A
2022-08-11,21:15,Cow_68,13,8,0,0,28.9,Clear,Field A
2022-08-11,21:15,Cow_69,12,0,5,0,28.9,Clear,Field C
2022-08-11,21:15,Cow_70,14,5,0,0,28.9,Clear,Field A
2022-08-11,21:15,Cow_71,6,4,5,0,28.9,Clear,Field C
2022-08-11,21:15,Cow_72,8,4,3,0,28.9,Clear,Field A
2022-08-11,21:15,Cow_73,0,9,7,0,28.9,Clear,Field C
2022-08-11,21:15,Cow_74,9,0,6,0,28.9,Clear,Field B
2022-08-11,21:15,Cow_75,2,4,9,0,28.9,Clear,Field C
2022-08-11,21:15,Cow_76,12,4,0,0,28.9,Clear,Field B
2022-08-11,21:15,Cow_77,0,0,0,15,28.9,Clear,Field B
2022-08-11,21:15,Cow_78,9,0,8,0,28.9,Clear,Field B
2022-08-11,21:15,Cow_79,4,7,4,0,28.9,Clear,Field C
2022-08-11,21:15,Cow_80,7,5,3,0,28.9,Clear,Field C
2022-08-11,21:15,Cow_81,5,5,5,0,28.9,Clear,Field A
2022-08-11,21:15,Cow_82,9,10,0,0,28.9,Clear,Field B
2022-08-11,21:15,Cow_83,11,9,0,0,28.9,Clear,Field C
2022-08-11,21:15,Cow_84,7,8,0,0,28.9,Clear,Field A
2022-08-11,21:15,Cow_85,9,3,3,0,28.9,Clear,Field C
2022-08-11,21:15,Cow_86,14,0,8,0,28.9,Clear,Field A
2022-08-11,21:15,Cow_87,7,3,5,0,28.9,Clear,Field B
2022-08-11,21:15,Cow_88,6,5,4,0,28.9,Clear,Field A
2022-08-11,21:15,Cow_89,10,0,7,0,28.9,Clear,Field A
2022-08-11,21:15,Cow_90,5,4,6,0,28.9,Clear,Field C
2022-08-11,21:15,Cow_91,13,0,8,0,28.9,Clear,Field A
2022-08-11,21:15,Cow_92,6,5,4,0,28.9,Clear,Field A
2022-08-11,21:15,Cow_93,14,7,0,0,28.9,Clear,Field A
2022-08-11,21:15,Cow_94,9,3,3,0,28.9,Clear,Field C
2022-08-11,21:15,Cow_95,11,0,4,0,28.9,Clear,Field A
2022-08-11,21:15,Cow_96,4,4,7,0,28.9,Clear,Field B
2022-08-11,21:15,Cow_97,8,6,1,0,28.9,Clear,Field B
2022-08-11,21:15,Cow_98,0,11,4,0,28.9,Clear,Field A
2022-08-11,21:15,Cow_99,12,0,8,0,28.9,Clear,Field A
2022-08-11,21:15,Cow_100,1,6,8,0,28.9,Clear,Field A
2022-08-11,21:15,Cow_101,6,7,2,0,28.9,Clear,Field C
2022-08-11,21:15,Cow_102,9,3,3,0,28.9,Clear,Field B
2022-08-11,21:15,Cow_103,9,4,2,0,28.9,Clear,Field B
2022-08-11,21:15,Cow_104,7,10,0,0,28.9,Clear,Field C
2022-08-11,21:15,Cow_105,1,6,8,0,28.9,Clear,Field C
2022-08-11,21:15,Cow_106,5,5,5,0,28.9,Clear,Field C
2022-08-11,21:15,Cow_107,10,5,0,0,28.9,Clear,Field C
2022-08-11,21:15,Cow_108,9,0,6,0,28.9,Clear,Field B
2022-08-11,21:15,Cow_109,5,4,6,0,28.9,Clear,Field A
2022-08-11,21:15,Cow_110,2,10,3,0,28.9,Clear,Field A
2022-08-11,21:15,Cow_111,3,9,3,0,28.9,Clear,Field B
2022-08-11,21:15,Cow_112,1,8,6,0,28.9,Clear,Field C
2022-08-11,21:15,Cow_113,6,6,3,0,28.9,Clear,Field B
2022-08-11,21:15,Cow_114,9,3,3,0,28.9,Clear,Field B
2022-08-11,21:15,Cow_115,3,9,3,0,28.9,Clear,Field B
2022-08-11,21:15,Cow_116,5,6,4,0,28.9,Clear,Field A
2022-08-11,21:15,Cow_117,11,0,6,0,28.9,Clear,Field A
2022-08-11,21:15,Cow_118,1,9,5,0,28.9,Clear,Field B
2022-08-11,21:15,Cow_119,6,3,6,0,28.9,Clear,Field C
2022-08-11,21:15,Cow_120,11,8,0,0,28.9,Clear,Field A
2022-08-11,21:15,Cow_121,10,8,0,0,28.9,Clear,Field A
2022-08-11,21:15,Cow_122,13,5,0,0,28.9,Clear,Field A
2022-08-11,21:15,Cow_123,4,8,3,0,28.9,Clear,Field C
2022-08-11,21:15,Cow_124,0,9,6,0,28.9,Clear,Field C
2022-08-11,21:15,Cow_125,0,10,6,0,28.9,Clear,Field A
2022-08-11,21:15,Cow_126,11,0,6,0,28.9,Clear,Field A
2022-08-11,21:15,Cow_127,6,8,1,0,28.9,Clear,Field A
2022-08-11,21:15,Cow_128,14,0,8,0,28.9,Clear,Field A
2022-08-11,21:15,Cow_129,5,3,7,0,28.9,Clear,Field B
2022-08-11,21:15,Cow_130,14,0,3,0,28.9,Clear,Field A
2022-08-11,21:15,Cow_131,6,6,3,0,28.9,Clear,Field C
2022-08-11,21:15,Cow_132,8,4,3,0,28.9,Clear,Field A
2022-08-11,21:15,Cow_133,12,5,0,0,28.9,Clear,Field C
2022-08-11,21:15,Cow_134,10,2,3,0,28.9,Clear,Field B
2022-08-11,21:15,Cow_135,5,4,6,0,28.9,Clear,Field B
2022-08-11,21:15,Cow_136,5,5,5,0,28.9,Clear,Field B
2022-08-11,21:15,Cow_137,13,10,0,0,28.9,Clear,Field A
2022-08-11,21:15,Cow_138,9,10,0,0,28.9,Clear,Field B
2022-08-11,21:15,Cow_139,2,6,7,0,28.9,Clear,Field B
2022-08-11,21:15,Cow_140,6,3,6,0,28.9,Clear,Field B
2022-08-11,21:15,Cow_141,2,10,3,0,28.9,Clear,Field C
2022-08-11,21:15,Cow_142,14,0,6,0,28.9,Clear,Field B
2022-08-11,21:15,Cow_143,12,9,0,0,28.9,Clear,Field C
2022-08-11,21:15,Cow_144,5,5,5,0,28.9,Clear,Field A
2022-08-11,21:15,Cow_145,2,8,5,0,28.9,Clear,Field A
2022-08-11,21:15,Cow_146,7,5,3,0,28.9,Clear,Field B
2022-08-11,21:15,Cow_147,13,0,6,0,28.9,Clear,Field A
2022-08-11,21:15,Cow_148,6,5,4,0,28.9,Clear,Field A
2022-08-11,21:15,Cow_149,13,9,0,0,28.9,Clear,Field A
2022-08-11,21:15,Cow_150,7,3,5,0,28.9,Clear,Field C
2022-08-11,21:15,Cow_151,5,3,7,0,28.9,Clear,Field C
2022-08-11,21:15,Cow_152,9,7,0,0,28.9,Clear,Field A
2022-08-11,21:15,Cow_153,9,7,0,0,28.9,Clear,Field A
2022-08-11,21:15,Cow_154,13,0,4,0,28.9,Clear,Field C
2022-08-11,21:15,Cow_155,13,0,7,0,28.9,Clear,Field C
2022-08-11,21:15,Cow_156,6,3,6,0,28.9,Clear,Field B
2022-08-11,21:15,Cow_157,10,5,0,0,28.9,Clear,Field C
2022-08-11,21:15,Cow_158,4,8,3,0,28.9,Clear,Field A
2022-08-11,21:15,Cow_159,6,9,0,0,28.9,Clear,Field B
2022-08-11,21:15,Cow_160,11,0,5,0,28.9,Clear,Field A
2022-08-11,21:15,Cow_161,7,5,3,0,28.9,Clear,Field A
2022-08-11,21:15,Cow_162,5,3,7,0,28.9,Clear,Field A
2022-08-11,21:15,Cow_163,0,0,0,15,28.9,Clear,Field C
2022-08-11,21:15,Cow_164,10,0,5,0,28.9,Clear,Field C
2022-08-11,21:15,Cow_165,10,6,0,0,28.9,Clear,Field B
2022-08-11,21:15,Cow_166,2,6,7,0,28.9,Clear,Field C
2022-08-11,21:15,Cow_167,9,6,0,0,28.9,Clear,Field B
2022-08-11,21:15,Cow_168,6,6,3,0,28.9,Clear,Field A
2022-08-11,21:15,Cow_169,5,3,7,0,28.9,Clear,Field A
2022-08-11,21:15,Cow_170,8,2,5,0,28.9,Clear,Field C
2022-08-11,21:15,Cow_171,8,3,4,0,28.9,Clear,Field A
2022-08-11,21:15,Cow_172,8,0,7,0,28.9,Clear,Field C
2022-08-11,21:15,Cow_173,13,0,5,0,28.9,Clear,Field C
2022-08-11,21:15,Cow_174,12,7,0,0,28.9,Clear,Field B
2022-08-11,21:15,Cow_175,8,3,4,0,28.9,Clear,Field B
2022-08-11,21:15,Cow_176,8,0,8,0,28.9,Clear,Field A
2022-08-11,21:15,Cow_177,7,3,5,0,28.9,Clear,Field A
2022-08-11,21:15,Cow_178,8,3,4,0,28.9,Clear,Field B
2022-08-11,21:15,Cow_179,7,10,0,0,28.9,Clear,Field C
2022-08-11,21:15,Cow_180,2,6,7,0,28.9,Clear,Field C
2022-08-11,21:15,Cow_181,0,9,8,0,28.9,Clear,Field A
2022-08-11,21:15,Cow_182,14,0,6,0,28.9,Clear,Field C
2022-08-11,21:15,Cow_183,7,6,2,0,28.9,Clear,Field A
2022-08-11,21:15,Cow_184,9,3,3,0,28.9,Clear,Field B
2022-08-11,21:15,Cow_185,13,0,4,0,28.9,Clear,Field C
2022-08-11,21:15,Cow_186,7,3,5,0,28.9,Clear,Field B
2022-08-11,21:15,Cow_187,1,7,7,0,28.9,Clear,Field A
2022-08-11,21:15,Cow_188,3,5,7,0,28.9,Clear,Field B
2022-08-11,21:15,Cow_189,11,0,5,0,28.9,Clear,Field B
2022-08-11,21:15,Cow_190,13,5,0,0,28.9,Clear,Field A
2022-08-11,21:15,Cow_191,0,8,7,0,28.9,Clear,Field B
2022-08-11,21:15,Cow_192,7,1,7,0,28.9,Clear,Field B
2022-08-11,21:15,Cow_193,3,8,4,0,28.9,Clear,Field C
2022-08-11,21:15,Cow_194,10,0,7,0,28.9,Clear,Field A
2022-08-11,21:15,Cow_195,5,3,7,0,28.9,Clear,Field A
2022-08-11,21:15,Cow_196,8,6,1,0,28.9,Clear,Field B
2022-08-11,21:15,Cow_197,11,5,0,0,28.9,Clear,Field B
2022-08-11,21:15,Cow_198,11,1,3,0,28.9,Clear,Field A
2022-08-11,21:15,Cow_199,14,5,0,0,28.9,Clear,Field C
2022-08-11,21:15,Cow_200,11,0,5,0,28.9,Clear,Field A
2022-08-11,21:15,Cow_201,0,10,5,0,28.9,Clear,Field B
2022-08-11,21:15,Cow_202,5,3,7,0,28.9,Clear,Field C
2022-08-11,21:15,Cow_203,9,3,3,0,28.9,Clear,Field C
2022-08-11,21:15,Cow_204,0,7,8,0,28.9,Clear,Field C
2022-08-11,21:15,Cow_205,2,10,3,0,28.9,Clear,Field C
2022-08-11,21:15,Cow_206,11,3,1,0,28.9,Clear,Field C
2022-08-11,21:15,Cow_207,8,0,8,0,28.9,Clear,Field B
2022-08-11,21:15,Cow_208,7,2,6,0,28.9,Clear,Field A
2022-08-11,21:15,Cow_209,10,0,6,0,28.9,Clear,Field B
2022-08-11,21:15,Cow_210,11,0,7,0,28.9,Clear,Field C
2022-08-11,21:15,Cow_211,10,0,5,0,28.9,Clear,Field C
2022-08-11,21:15,Cow_212,13,0,6,0,28.9,Clear,Field C
2022-08-11,21:15,Cow_213,5,3,7,0,28.9,Clear,Field A
2022-08-11,21:15,Cow_214,0,9,8,0,28.9,Clear,Field B
2022-08-11,21:15,Cow_215,10,5,0,0,28.9,Clear,Field C
2022-08-11,21:15,Cow_216,6,2,7,0,28.9,Clear,Field B
2022-08-11,21:15,Cow_217,5,9,1,0,28.9,Clear,Field C
2022-08-11,21:15,Cow_218,8,7,0,0,28.9,Clear,Field B
2022-08-11,21:15,Cow_219,7,4,4,0,28.9,Clear,Field B
2022-08-11,21:15,Cow_220,8,0,8,0,28.9,Clear,Field A
2022-08-11,21:15,Cow_221,14,8,0,0,28.9,Clear,Field B
2022-08-11,21:15,Cow_222,11,5,0,0,28.9,Clear,Field A
2022-08-11,21:15,Cow_223,12,10,0,0,28.9,Clear,Field B
2022-08-11,21:15,Cow_224,3,9,3,0,28.9,Clear,Field C
2022-08-11,21:15,Cow_225,2,5,8,0,28.9,Clear,Field A
2022-08-11,21:15,Cow_226,11,8,0,0,28.9,Clear,Field C
2022-08-11,21:15,Cow_227,13,5,0,0,28.9,Clear,Field A
2022-08-11,21:15,Cow_228,5,4,6,0,28.9,Clear,Field C
2022-08-11,21:15,Cow_229,14,5,0,0,28.9,Clear,Field C
2022-08-11,21:15,Cow_230,1,7,7,0,28.9,Clear,Field C
2022-08-11,21:15,Cow_231,5,5,5,0,28.9,Clear,Field C
2022-08-11,21:15,Cow_232,7,5,3,0,28.9,Clear,Field C
2022-08-11,21:15,Cow_233,13,0,3,0,28.9,Clear,Field C
2022-08-11,21:15,Cow_234,10,0,6,0,28.9,Clear,Field C
2022-08-11,21:15,Cow_235,2,9,4,0,28.9,Clear,Field B
2022-08-11,21:15,Cow_236,8,4,3,0,28.9,Clear,Field B
2022-08-11,21:15,Cow_237,14,0,8,0,28.9,Clear,Field A
2022-08-11,21:15,Cow_238,5,3,7,0,28.9,Clear,Field C
2022-08-11,21:15,Cow_239,12,0,7,0,28.9,Clear,Field C
2022-08-11,21:15,Cow_240,9,10,0,0,28.9,Clear,Field C
2022-08-11,21:15,Cow_241,5,3,7,0,28.9,Clear,Field A
2022-08-11,21:15,Cow_242,6,1,8,0,28.9,Clear,Field A
2022-08-11,21:15,Cow_243,4,8,3,0,28.9,Clear,Field C
2022-08-11,21:15,Cow_244,5,7,3,0,28.9,Clear,Field A
2022-08-11,21:15,Cow_245,10,8,0,0,28.9,Clear,Field B
2022-08-11,21:15,Cow_246,9,0,7,0,28.9,Clear,Field B
2022-08-11,21:15,Cow_247,15,7,0,0,28.9,Clear,Field B
2022-08-11,21:15,Cow_248,13,3,0,0,28.9,Clear,Field A
2022-08-11,21:15,Cow_249,11,0,6,0,28.9,Clear,Field A
2022-08-11,21:15,Cow_250,12,5,0,0,28.9,Clear,Field B
2022-08-11,21:15,Cow_251,1,10,4,0,28.9,Clear,Field A
2022-08-11,21:15,Cow_252,0,12,5,0,28.9,Clear,Field C
2022-08-11,21:15,Cow_253,6,8,1,0,28.9,Clear,Field A
2022-08-11,21:15,Cow_254,0,9,6,0,28.9,Clear,Field C
2022-08-11,21:15,Cow_255,10,0,8,0,28.9,Clear,Field B
2022-08-11,21:15,Cow_256,5,7,3,0,28.9,Clear,Field A
2022-08-11,21:15,Cow_257,6,10,0,0,28.9,Clear,Field A
2022-08-11,21:15,Cow_258,9,10,0,0,28.9,Clear,Field C
2022-08-11,21:15,Cow_259,8,1,6,0,28.9,Clear,Field B
2022-08-11,21:15,Cow_260,10,6,0,0,28.9,Clear,Field A
2022-08-11,21:15,Cow_261,14,0,5,0,28.9,Clear,Field C
2022-08-11,21:15,Cow_262,8,1,6,0,28.9,Clear,Field A
2022-08-11,21:15,Cow_263,7,6,2,0,28.9,Clear,Field B
2022-08-11,21:15,Cow_264,9,5,1,0,28.9,Clear,Field A
2022-08-11,21:15,Cow_265,0,10,8,0,28.9,Clear,Field C
2022-08-11,21:15,Cow_266,7,2,6,0,28.9,Clear,Field A
2022-08-11,21:15,Cow_267,12,0,6,0,28.9,Clear,Field B
2022-08-11,21:15,Cow_268,9,0,8,0,28.9,Clear,Field B
2022-08-11,21:15,Cow_269,11,9,0,0,28.9,Clear,Field C
2022-08-11,21:15,Cow_270,11,1,3,0,28.9,Clear,Field B
2022-08-11,21:15,Cow_271,9,3,3,0,28.9,Clear,Field B
2022-08-11,21:15,Cow_272,5,5,5,0,28.9,Clear,Field B
2022-08-11,21:15,Cow_273,0,9,7,0,28.9,Clear,Field A
2022-08-11,21:15,Cow_274,6,2,7,0,28.9,Clear,Field C
2022-08-11,21:15,Cow_275,5,3,7,0,28.9,Clear,Field A
2022-08-11,21:15,Cow_276,0,0,0,15,28.9,Clear,Field C
2022-08-11,21:15,Cow_277,14,6,0,0,28.9,Clear,Field B
2022-08-11,21:15,Cow_278,6,9,0,0,28.9,Clear,Field B
2022-08-11,21:15,Cow_279,13,5,0,0,28.9,Clear,Field C
2022-08-11,21:15,Cow_280,4,3,8,0,28.9,Clear,Field B
2022-08-11,21:15,Cow_281,8,4,3,0,28.9,Clear,Field B
2022-08-11,21:15,Cow_282,3,9,3,0,28.9,Clear,Field A
2022-08-11,21:15,Cow_283,10,4,1,0,28.9,Clear,Field A
2022-08-11,21:15,Cow_284,14,4,0,0,28.9,Clear,Field B
2022-08-11,21:15,Cow_285,0,0,0,15,28.9,Clear,Field C
2022-08-11,21:15,Cow_286,10,1,4,0,28.9,Clear,Field A
2022-08-11,21:15,Cow_287,7,5,3,0,28.9,Clear,Field C
2022-08-11,21:15,Cow_288,10,1,4,0,28.9,Clear,Field A
2022-08-11,21:15,Cow_289,12,10,0,0,28.9,Clear,Field B
2022-08-11,21:15,Cow_290,13,4,0,0,28.9,Clear,Field A
2022-08-11,21:15,Cow_291,4,5,6,0,28.9,Clear,Field A
2022-08-11,21:15,Cow_292,5,5,5,0,28.9,Clear,Field C
2022-08-11,21:15,Cow_293,11,9,0,0,28.9,Clear,Field B
2022-08-11,21:15,Cow_294,5,5,5,0,28.9,Clear,Field B
2022-08-11,21:15,Cow_295,7,9,0,0,28.9,Clear,Field A
2022-08-11,21:15,Cow_296,0,7,8,0,28.9,Clear,Field C
2022-08-11,21:15,Cow_297,8,4,3,0,28.9,Clear,Field A
2022-08-11,21:15,Cow_298,6,7,2,0,28.9,Clear,Field A
2022-08-11,21:15,Cow_299,0,0,0,15,28.9,Clear,Field C
2022-08-11,21:15,Cow_300,5,4,6,0,28.9,Clear,Field A
2022-08-11,21:15,Cow_301,6,4,5,0,28.9,Clear,Field A
2022-08-11,21:15,Cow_302,11,5,0,0,28.9,Clear,Field C
2022-08-11,21:15,Cow_303,2,5,8,0,28.9,Clear,Field C
2022-08-11,21:15,Cow_304,12,10,0,0,28.9,Clear,Field B
2022-08-11,21:15,Cow_305,10,10,0,0,28.9,Clear,Field C
2022-08-11,21:15,Cow_306,6,2,7,0,28.9,Clear,Field B
2022-08-11,21:15,Cow_307,12,0,6,0,28.9,Clear,Field C
2022-08-11,21:15,Cow_308,6,6,3,0,28.9,Clear,Field A
2022-08-11,21:15,Cow_309,0,0,0,15,28.9,Clear,Field A
2022-08-11,21:15,Cow_310,7,0,8,0,28.9,Clear,Field C
2022-08-11,21:15,Cow_311,6,4,5,0,28.9,Clear,Field B
2022-08-11,21:15,Cow_312,11,6,0,0,28.9,Clear,Field B
2022-08-11,21:15,Cow_313,9,9,0,0,28.9,Clear,Field A
2022-08-11,21:15,Cow_314,10,0,7,0,28.9,Clear,Field A
2022-08-11,21:15,Cow_315,9,9,0,0,28.9,Clear,Field C
2022-08-11,21:15,Cow_316,2,5,8,0,28.9,Clear,Field B
2022-08-11,21:15,Cow_317,9,10,0,0,28.9,Clear,Field B
2022-08-11,21:15,Cow_318,2,5,8,0,28.9,Clear,Field B
2022-08-11,21:15,Cow_319,0,0,0,15,28.9,Clear,Field B
2022-08-11,21:15,Cow_320,6,6,3,0,28.9,Clear,Field A
2022-08-11,21:15,Cow_321,8,0,8,0,28.9,Clear,Field B
2022-08-11,21:15,Cow_322,0,10,8,0,28.9,Clear,Field B
2022-08-11,21:15,Cow_323,4,4,7,0,28.9,Clear,Field B
2022-08-11,21:15,Cow_324,10,8,0,0,28.9,Clear,Field C
2022-08-11,21:15,Cow_325,9,4,2,0,28.9,Clear,Field A
2022-08-11,21:15,Cow_326,7,9,0,0,28.9,Clear,Field C
2022-08-11,21:15,Cow_327,14,0,5,0,28.9,Clear,Field A
2022-08-11,21:15,Cow_328,14,0,7,0,28.9,Clear,Field B
2022-08-11,21:15,Cow_329,3,7,5,0,28.9,Clear,Field A
2022-08-11,21:15,Cow_330,0,8,7,0,28.9,Clear,Field B
2022-08-11,21:15,Cow_331,8,4,3,0,28.9,Clear,Field C
2022-08-11,21:15,Cow_332,14,0,6,0,28.9,Clear,Field C
2022-08-11,21:15,Cow_333,0,10,8,0,28.9,Clear,Field A
2022-08-11,21:15,Cow_334,11,3,1,0,28.9,Clear,Field A
2022-08-11,21:15,Cow_335,2,10,3,0,28.9,Clear,Field A
2022-08-11,21:15,Cow_336,0,10,8,0,28.9,Clear,Field C
2022-08-11,21:15,Cow_337,8,2,5,0,28.9,Clear,Field A
2022-08-11,21:15,Cow_338,10,0,6,0,28.9,Clear,Field A
2022-08-11,21:15,Cow_339,6,4,5,0,28.9,Clear,Field A
2022-08-11,21:15,Cow_340,11,0,6,0,28.9,Clear,Field C
2022-08-11,21:15,Cow_341,6,1,8,0,28.9,Clear,Field A
2022-08-11,21:15,Cow_342,4,6,5,0,28.9,Clear,Field C
2022-08-11,21:15,Cow_343,2,8,5,0,28.9,Clear,Field A
2022-08-11,21:15,Cow_344,6,3,6,0,28.9,Clear,Field C
2022-08-11,21:15,Cow_345,6,8,1,0,28.9,Clear,Field A
2022-08-11,21:15,Cow_346,10,0,8,0,28.9,Clear,Field B
2022-08-11,21:15,Cow_347,7,3,5,0,28.9,Clear,Field C
2022-08-11,21:15,Cow_348,11,1,3,0,28.9,Clear,Field C
2022-08-11,21:15,Cow_349,0,0,0,15,28.9,Clear,Field B
2022-08-11,21:15,Cow_350,0,0,0,15,28.9,Clear,Field B
2022-08-11,21:15,Cow_351,14,0,5,0,28.9,Clear,Field C
2022-08-11,21:15,Cow_352,12,0,5,0,28.9,Clear,Field C
2022-08-11,21:15,Cow_353,11,8,0,0,28.9,Clear,Field C
2022-08-11,21:15,Cow_354,6,6,3,0,28.9,Clear,Field C
2022-08-11,21:15,Cow_355,2,7,6,0,28.9,Clear,Field C
2022-08-11,21:15,Cow_356,0,0,0,15,28.9,Clear,Field C
2022-08-11,21:15,Cow_357,9,0,8,0,28.9,Clear,Field C
2022-08-11,21:15,Cow_358,13,0,8,0,28.9,Clear,Field A
2022-08-11,21:15,Cow_359,12,9,0,0,28.9,Clear,Field B
2022-08-11,21:15,Cow_360,6,5,4,0,28.9,Clear,Field C
2022-08-11,21:15,Cow_361,0,9,7,0,28.9,Clear,Field A
2022-08-11,21:15,Cow_362,4,5,6,0,28.9,Clear,Field B
2022-08-11,21:15,Cow_363,0,10,6,0,28.9,Clear,Field C
2022-08-11,21:15,Cow_364,5,4,6,0,28.9,Clear,Field C
2022-08-11,21:15,Cow_365,8,6,1,0,28.9,Clear,Field B
2022-08-11,21:15,Cow_366,14,11,0,0,28.9,Clear,Field C
2022-08-11,21:15,Cow_367,0,0,0,15,28.9,Clear,Field C
2022-08-11,21:15,Cow_368,14,4,0,0,28.9,Clear,Field A
2022-08-11,21:15,Cow_369,9,5,1,0,28.9,Clear,Field B
2022-08-11,21:15,Cow_370,3,9,3,0,28.9,Clear,Field A
2022-08-11,21:15,Cow_371,6,3,6,0,28.9,Clear,Field A
2022-08-11,21:15,Cow_372,6,7,2,0,28.9,Clear,Field B
2022-08-11,21:15,Cow_373,12,0,8,0,28.9,Clear,Field B
2022-08-11,21:15,Cow_374,9,1,5,0,28.9,Clear,Field B
2022-08-11,21:15,Cow_375,6,6,3,0,28.9,Clear,Field B
2022-08-11,21:15,Cow_376,12,0,6,0,28.9,Clear,Field B
2022-08-11,21:15,Cow_377,0,0,0,15,28.9,Clear,Field C
2022-08-11,21:15,Cow_378,1,10,4,0,28.9,Clear,Field A
2022-08-11,21:15,Cow_379,10,9,0,0,28.9,Clear,Field B
2022-08-11,21:15,Cow_380,3,9,3,0,28.9,Clear,Field A
2022-08-11,21:15,Cow_381,14,0,6,0,28.9,Clear,Field C
2022-08-11,21:15,Cow_382,7,5,3,0,28.9,Clear,Field A
2022-08-11,21:15,Cow_383,6,5,4,0,28.9,Clear,Field A
2022-08-11,21:15,Cow_384,12,0,3,0,28.9,Clear,Field A
2022-08-11,21:15,Cow_385,6,6,3,0,28.9,Clear,Field C
2022-08-11,21:15,Cow_386,7,5,3,0,28.9,Clear,Field A
2022-08-11,21:15,Cow_387,4,3,8,0,28.9,Clear,Field B
2022-08-11,21:15,Cow_388,9,4,2,0,28.9,Clear,Field B
2022-08-11,21:15,Cow_389,7,0,8,0,28.9,Clear,Field B
2022-08-11,21:15,Cow_390,1,10,4,0,28.9,Clear,Field C
2022-08-11,21:15,Cow_391,13,0,3,0,28.9,Clear,Field C
2022-08-11,21:15,Cow_392,0,0,0,15,28.9,Clear,Field B
2022-08-11,21:15,Cow_393,0,0,0,15,28.9,Clear,Field B
2022-08-11,21:15,Cow_394,6,2,7,0,28.9,Clear,Field B
2022-08-11,21:15,Cow_395,0,11,5,0,28.9,Clear,Field C
2022-08-11,21:15,Cow_396,6,10,0,0,28.9,Clear,Field C
2022-08-11,21:15,Cow_397,13,9,0,0,28.9,Clear,Field B
2022-08-11,21:15,Cow_398,10,3,2,0,28.9,Clear,Field B
2022-08-11,21:15,Cow_399,3,6,6,0,28.9,Clear,Field C
2022-08-11,21:15,Cow_400,13,9,0,0,28.9,Clear,Field C
2022-08-11,21:15,Cow_401,9,4,2,0,28.9,Clear,Field A
2022-08-11,21:15,Cow_402,6,10,0,0,28.9,Clear,Field C
2022-08-11,21:15,Cow_403,12,9,0,0,28.9,Clear,Field A
2022-08-11,21:15,Cow_404,12,3,0,0,28.9,Clear,Field A
2022-08-11,21:15,Cow_405,13,6,0,0,28.9,Clear,Field B
2022-08-11,21:15,Cow_406,7,2,6,0,28.9,Clear,Field C
2022-08-11,21:15,Cow_407,12,6,0,0,28.9,Clear,Field B
2022-08-11,21:15,Cow_408,10,8,0,0,28.9,Clear,Field B
2022-08-11,21:15,Cow_409,0,8,7,0,28.9,Clear,Field C
2022-08-11,21:15,Cow_410,12,0,7,0,28.9,Clear,Field A
2022-08-11,21:15,Cow_411,8,4,3,0,28.9,Clear,Field A
2022-08-11,21:15,Cow_412,12,5,0,0,28.9,Clear,Field C
2022-08-11,21:15,Cow_413,12,9,0,0,28.9,Clear,Field C
2022-08-11,21:15,Cow_414,6,1,8,0,28.9,Clear,Field B
2022-08-11,21:15,Cow_415,4,6,5,0,28.9,Clear,Field B
2022-08-11,21:15,Cow_416,0,0,0,15,28.9,Clear,Field A
2022-08-11,21:15,Cow_417,14,0,8,0,28.9,Clear,Field C
2022-08-11,21:15,Cow_418,0,0,0,15,28.9,Clear,Field C
2022-08-11,21:15,Cow_419,9,8,0,0,28.9,Clear,Field A
2022-08-11,21:15,Cow_420,14,0,5,0,28.9,Clear,Field A
2022-08-11,21:15,Cow_421,13,4,0,0,28.9,Clear,Field B
2022-08-11,21:15,Cow_422,7,7,1,0,28.9,Clear,Field B
2022-08-11,21:15,Cow_423,5,4,6,0,28.9,Clear,Field B
2022-08-11,21:15,Cow_424,10,9,0,0,28.9,Clear,Field B
2022-08-11,21:15,Cow_425,9,6,0,0,28.9,Clear,Field B
2022-08-11,21:15,Cow_426,8,1,6,0,28.9,Clear,Field A
2022-08-11,21:15,Cow_427,12,0,3,0,28.9,Clear,Field C
2022-08-11,21:15,Cow_428,8,6,1,0,28.9,Clear,Field A
2022-08-11,21:15,Cow_429,0,9,6,0,28.9,Clear,Field B
2022-08-11,21:15,Cow_430,14,0,4,0,28.9,Clear,Field B
2022-08-11,21:15,Cow_431,6,1,8,0,28.9,Clear,Field C
2022-08-11,21:15,Cow_432,9,3,3,0,28.9,Clear,Field B
2022-08-11,21:15,Cow_433,12,0,6,0,28.9,Clear,Field C
2022-08-11,21:15,Cow_434,8,0,8,0,28.9,Clear,Field C
2022-08-11,21:15,Cow_435,8,2,5,0,28.9,Clear,Field A
2022-08-11,21:15,Cow_436,1,8,6,0,28.9,Clear,Field A
2022-08-11,21:15,Cow_437,5,6,4,0,28.9,Clear,Field A
2022-08-11,21:15,Cow_438,14,0,5,0,28.9,Clear,Field C
2022-08-11,21:15,Cow_439,5,2,8,0,28.9,Clear,Field A
2022-08-11,21:15,Cow_440,12,7,0,0,28.9,Clear,Field A
2022-08-11,21:15,Cow_441,5,3,7,0,28.9,Clear,Field B
2022-08-11,21:15,Cow_442,13,0,8,0,28.9,Clear,Field B
2022-08-11,21:15,Cow_443,0,0,0,15,28.9,Clear,Field A
2022-08-11,21:15,Cow_444,5,3,7,0,28.9,Clear,Field B
2022-08-11,21:15,Cow_445,2,6,7,0,28.9,Clear,Field A
2022-08-11,21:15,Cow_446,7,9,0,0,28.9,Clear,Field A
2022-08-11,21:15,Cow_447,0,0,0,15,28.9,Clear,Field C
2022-08-11,21:15,Cow_448,7,10,0,0,28.9,Clear,Field B
2022-08-11,21:15,Cow_449,7,4,4,0,28.9,Clear,Field B
2022-08-11,21:15,Cow_450,14,9,0,0,28.9,Clear,Field C
2022-08-11,21:15,Cow_451,2,5,8,0,28.9,Clear,Field B
2022-08-11,21:15,Cow_452,12,3,0,0,28.9,Clear,Field C
2022-08-11,21:15,Cow_453,7,10,0,0,28.9,Clear,Field B
2022-08-11,21:15,Cow_454,8,7,0,0,28.9,Clear,Field B
2022-08-11,21:15,Cow_455,12,7,0,0,28.9,Clear,Field A
2022-08-11,21:15,Cow_456,13,5,0,0,28.9,Clear,Field C
2022-08-11,21:15,Cow_457,11,3,1,0,28.9,Clear,Field A
2022-08-11,21:15,Cow_458,3,8,4,0,28.9,Clear,Field A
2022-08-11,21:15,Cow_459,0,10,5,0,28.9,Clear,Field B
2022-08-11,21:15,Cow_460,8,6,1,0,28.9,Clear,Field B
2022-08-11,21:15,Cow_461,4,3,8,0,28.9,Clear,Field C
2022-08-11,21:15,Cow_462,1,10,4,0,28.9,Clear,Field C
2022-08-11,21:15,Cow_463,10,9,0,0,28.9,Clear,Field B
2022-08-11,21:15,Cow_464,13,6,0,0,28.9,Clear,Field B
2022-08-11,21:15,Cow_465,13,9,0,0,28.9,Clear,Field C
2022-08-11,21:15,Cow_466,5,3,7,0,28.9,Clear,Field B
2022-08-11,21:15,Cow_467,14,0,8,0,28.9,Clear,Field A
2022-08-11,21:15,Cow_468,5,10,0,0,28.9,Clear,Field B
2022-08-11,21:15,Cow_469,11,3,1,0,28.9,Clear,Field C
2022-08-11,21:15,Cow_470,10,3,2,0,28.9,Clear,Field B
2022-08-11,21:15,Cow_471,11,9,0,0,28.9,Clear,Field B
2022-08-11,21:15,Cow_472,2,10,3,0,28.9,Clear,Field A
2022-08-11,21:15,Cow_473,9,3,3,0,28.9,Clear,Field C
2022-08-11,21:15,Cow_474,14,10,0,0,28.9,Clear,Field B
2022-08-11,21:15,Cow_475,6,3,6,0,28.9,Clear,Field C
2022-08-11,21:15,Cow_476,14,0,4,0,28.9,Clear,Field A
2022-08-11,21:15,Cow_477,13,0,7,0,28.9,Clear,Field C
2022-08-11,21:15,Cow_478,8,10,0,0,28.9,Clear,Field C
2022-08-11,21:15,Cow_479,7,0,8,0,28.9,Clear,Field A
2022-08-11,21:15,Cow_480,14,0,8,0,28.9,Clear,Field A
2022-08-11,21:15,Cow_481,8,4,3,0,28.9,Clear,Field B
2022-08-11,21:15,Cow_482,8,5,2,0,28.9,Clear,Field C
2022-08-11,21:15,Cow_483,7,5,3,0,28.9,Clear,Field C
2022-08-11,21:15,Cow_484,11,0,6,0,28.9,Clear,Field C
2022-08-11,21:15,Cow_485,2,6,7,0,28.9,Clear,Field B
2022-08-11,21:15,Cow_486,5,6,4,0,28.9,Clear,Field C
2022-08-11,21:15,Cow_487,11,4,0,0,28.9,Clear,Field B
2022-08-11,21:15,Cow_488,7,4,4,0,28.9,Clear,Field A
2022-08-11,21:15,Cow_489,7,2,6,0,28.9,Clear,Field C
2022-08-11,21:15,Cow_490,0,8,8,0,28.9,Clear,Field B
2022-08-11,21:15,Cow_491,5,7,3,0,28.9,Clear,Field A
2022-08-11,21:15,Cow_492,10,1,4,0,28.9,Clear,Field C
2022-08-11,21:15,Cow_493,7,5,3,0,28.9,Clear,Field A
2022-08-11,21:15,Cow_494,0,10,6,0,28.9,Clear,Field B
2022-08-11,21:15,Cow_495,4,4,7,0,28.9,Clear,Field A
2022-08-11,21:15,Cow_496,11,0,5,0,28.9,Clear,Field A
2022-08-11,21:15,Cow_497,13,0,7,0,28.9,Clear,Field A
2022-08-11,21:15,Cow_498,12,0,6,0,28.9,Clear,Field B
2022-08-11,21:15,Cow_499,5,2,8,0,28.9,Clear,Field C
2022-08-11,21:15,Cow_500,7,0,8,0,28.9,Clear,Field C
2022-08-11,21:30,Cow_1,0,0,0,15,31.1,Rainy,Field C
2022-08-11,21:30,Cow_2,14,8,0,0,31.1,Rainy,Field B
2022-08-11,21:30,Cow_3,12,3,0,0,31.1,Rainy,Field B
2022-08-11,21:30,Cow_4,6,1,8,0,31.1,Rainy,Field C
2022-08-11,21:30,Cow_5,0,0,0,15,31.1,Rainy,Field B
2022-08-11,21:30,Cow_6,11,0,6,0,31.1,Rainy,Field C
2022-08-11,21:30,Cow_7,10,8,0,0,31.1,Rainy,Field C
2022-08-11,21:30,Cow_8,12,8,0,0,31.1,Rainy,Field A
2022-08-11,21:30,Cow_9,7,6,2,0,31.1,Rainy,Field B
2022-08-11,21:30,Cow_10,9,6,0,0,31.1,Rainy,Field C
2022-08-11,21:30,Cow_11,12,6,0,0,31.1,Rainy,Field A
2022-08-11,21:30,Cow_12,4,3,8,0,31.1,Rainy,Field C
2022-08-11,21:30,Cow_13,0,0,0,15,31.1,Rainy,Field B
2022-08-11,21:30,Cow_14,14,0,4,0,31.1,Rainy,Field C
2022-08-11,21:30,Cow_15,6,4,5,0,31.1,Rainy,Field B
2022-08-11,21:30,Cow_16,4,6,5,0,31.1,Rainy,Field B
2022-08-11,21:30,Cow_17,14,0,8,0,31.1,Rainy,Field B
2022-08-11,21:30,Cow_18,5,5,5,0,31.1,Rainy,Field C
2022-08-11,21:30,Cow_19,14,3,0,0,31.1,Rainy,Field C
2022-08-11,21:30,Cow_20,0,9,7,0,31.1,Rainy,Field A
2022-08-11,21:30,Cow_21,0,10,10,0,31.1,Rainy,Field C
2022-08-11,21:30,Cow_22,5,7,3,0,31.1,Rainy,Field C
2022-08-11,21:30,Cow_23,5,7,3,0,31.1,Rainy,Field B
2022-08-11,21:30,Cow_24,7,0,8,0,31.1,Rainy,Field C
2022-08-11,21:30,Cow_25,13,6,0,0,31.1,Rainy,Field A
2022-08-11,21:30,Cow_26,0,8,7,0,31.1,Rainy,Field C
2022-08-11,21:30,Cow_27,11,0,6,0,31.1,Rainy,Field B
2022-08-11,21:30,Cow_28,8,4,3,0,31.1,Rainy,Field C
2022-08-11,21:30,Cow_29,3,4,8,0,31.1,Rainy,Field A
2022-08-11,21:30,Cow_30,3,7,5,0,31.1,Rainy,Field A
2022-08-11,21:30,Cow_31,13,8,0,0,31.1,Rainy,Field A
2022-08-11,21:30,Cow_32,11,0,6,0,31.1,Rainy,Field A
2022-08-11,21:30,Cow_33,2,5,8,0,31.1,Rainy,Field C
2022-08-11,21:30,Cow_34,0,0,0,15,31.1,Rainy,Field C
2022-08-11,21:30,Cow_35,10,8,0,0,31.1,Rainy,Field A
2022-08-11,21:30,Cow_36,9,0,7,0,31.1,Rainy,Field B
2022-08-11,21:30,Cow_37,13,5,0,0,31.1,Rainy,Field B
2022-08-11,21:30,Cow_38,11,0,7,0,31.1,Rainy,Field B
2022-08-11,21:30,Cow_39,11,3,1,0,31.1,Rainy,Field A
2022-08-11,21:30,Cow_40,7,1,7,0,31.1,Rainy,Field A
2022-08-11,21:30,Cow_41,6,3,6,0,31.1,Rainy,Field C
2022-08-11,21:30,Cow_42,5,6,4,0,31.1,Rainy,Field B
2022-08-11,21:30,Cow_43,7,0,8,0,31.1,Rainy,Field A
2022-08-11,21:30,Cow_44,8,4,3,0,31.1,Rainy,Field C
2022-08-11,21:30,Cow_45,3,4,8,0,31.1,Rainy,Field C
2022-08-11,21:30,Cow_46,12,8,0,0,31.1,Rainy,Field B
2022-08-11,21:30,Cow_47,14,10,0,0,31.1,Rainy,Field C
2022-08-11,21:30,Cow_48,7,5,3,0,31.1,Rainy,Field A
2022-08-11,21:30,Cow_49,6,1,8,0,31.1,Rainy,Field C
2022-08-11,21:30,Cow_50,2,5,8,0,31.1,Rainy,Field A
2022-08-11,21:30,Cow_51,9,0,8,0,31.1,Rainy,Field B
2022-08-11,21:30,Cow_52,10,5,0,0,31.1,Rainy,Field C
2022-08-11,21:30,Cow_53,0,9,6,0,31.1,Rainy,Field C
2022-08-11,21:30,Cow_54,5,4,6,0,31.1,Rainy,Field C
2022-08-11,21:30,Cow_55,14,7,0,0,31.1,Rainy,Field A
2022-08-11,21:30,Cow_56,5,4,6,0,31.1,Rainy,Field C
2022-08-11,21:30,Cow_57,7,4,4,0,31.1,Rainy,Field A
2022-08-11,21:30,Cow_58,5,6,4,0,31.1,Rainy,Field B
2022-08-11,21:30,Cow_59,4,7,4,0,31.1,Rainy,Field C
2022-08-11,21:30,Cow_60,10,8,0,0,31.1,Rainy,Field C
2022-08-11,21:30,Cow_61,3,6,6,0,31.1,Rainy,Field A
2022-08-11,21:30,Cow_62,5,4,6,0,31.1,Rainy,Field C
2022-08-11,21:30,Cow_63,2,10,3,0,31.1,Rainy,Field B
2022-08-11,21:30,Cow_64,13,10,0,0,31.1,Rainy,Field C
2022-08-11,21:30,Cow_65,7,5,3,0,31.1,Rainy,Field A
2022-08-11,21:30,Cow_66,14,0,8,0,31.1,Rainy,Field B
2022-08-11,21:30,Cow_67,6,6,3,0,31.1,Rainy,Field B
2022-08-11,21:30,Cow_68,7,5,3,0,31.1,Rainy,Field B
2022-08-11,21:30,Cow_69,0,10,8,0,31.1,Rainy,Field C
2022-08-11,21:30,Cow_70,4,3,8,0,31.1,Rainy,Field B
2022-08-11,21:30,Cow_71,0,10,7,0,31.1,Rainy,Field B
2022-08-11,21:30,Cow_72,5,4,6,0,31.1,Rainy,Field C
2022-08-11,21:30,Cow_73,9,7,0,0,31.1,Rainy,Field B
2022-08-11,21:30,Cow_74,14,7,0,0,31.1,Rainy,Field C
2022-08-11,21:30,Cow_75,2,11,2,0,31.1,Rainy,Field C
2022-08-11,21:30,Cow_76,12,3,0,0,31.1,Rainy,Field C
2022-08-11,21:30,Cow_77,2,7,6,0,31.1,Rainy,Field B
2022-08-11,21:30,Cow_78,10,0,5,0,31.1,Rainy,Field A
2022-08-11,21:30,Cow_79,7,3,5,0,31.1,Rainy,Field B
2022-08-11,21:30,Cow_80,12,0,8,0,31.1,Rainy,Field B
2022-08-11,21:30,Cow_81,13,8,0,0,31.1,Rainy,Field C
2022-08-11,21:30,Cow_82,14,0,6,0,31.1,Rainy,Field C
2022-08-11,21:30,Cow_83,9,2,4,0,31.1,Rainy,Field B
2022-08-11,21:30,Cow_84,14,4,0,0,31.1,Rainy,Field C
2022-08-11,21:30,Cow_85,4,4,7,0,31.1,Rainy,Field B
2022-08-11,21:30,Cow_86,14,6,0,0,31.1,Rainy,Field B
2022-08-11,21:30,Cow_87,11,9,0,0,31.1,Rainy,Field C
2022-08-11,21:30,Cow_88,11,4,0,0,31.1,Rainy,Field B
2022-08-11,21:30,Cow_89,5,7,3,0,31.1,Rainy,Field C
2022-08-11,21:30,Cow_90,0,9,7,0,31.1,Rainy,Field B
2022-08-11,21:30,Cow_91,6,4,5,0,31.1,Rainy,Field C
2022-08-11,21:30,Cow_92,14,0,6,0,31.1,Rainy,Field A
2022-08-11,21:30,Cow_93,5,10,0,0,31.1,Rainy,Field C
2022-08-11,21:30,Cow_94,0,9,6,0,31.1,Rainy,Field C
2022-08-11,21:30,Cow_95,2,6,7,0,31.1,Rainy,Field C
2022-08-11,21:30,Cow_96,7,2,6,0,31.1,Rainy,Field C
2022-08-11,21:30,Cow_97,8,0,8,0,31.1,Rainy,Field B
2022-08-11,21:30,Cow_98,7,4,4,0,31.1,Rainy,Field B
2022-08-11,21:30,Cow_99,12,0,7,0,31.1,Rainy,Field A
2022-08-11,21:30,Cow_100,7,2,6,0,31.1,Rainy,Field C
2022-08-11,21:30,Cow_101,13,0,7,0,31.1,Rainy,Field B
2022-08-11,21:30,Cow_102,7,5,3,0,31.1,Rainy,Field A
2022-08-11,21:30,Cow_103,1,9,5,0,31.1,Rainy,Field C
2022-08-11,21:30,Cow_104,0,0,0,15,31.1,Rainy,Field C
2022-08-11,21:30,Cow_105,13,7,0,0,31.1,Rainy,Field B
2022-08-11,21:30,Cow_106,13,0,7,0,31.1,Rainy,Field A
2022-08-11,21:30,Cow_107,6,6,3,0,31.1,Rainy,Field B
2022-08-11,21:30,Cow_108,11,1,3,0,31.1,Rainy,Field C
2022-08-11,21:30,Cow_109,12,0,3,0,31.1,Rainy,Field A
2022-08-11,21:30,Cow_110,3,6,6,0,31.1,Rainy,Field A
2022-08-11,21:30,Cow_111,11,0,7,0,31.1,Rainy,Field A
2022-08-11,21:30,Cow_112,8,4,3,0,31.1,Rainy,Field B
2022-08-11,21:30,Cow_113,12,0,6,0,31.1,Rainy,Field C
2022-08-11,21:30,Cow_114,5,3,7,0,31.1,Rainy,Field C
2022-08-11,21:30,Cow_115,0,0,0,15,31.1,Rainy,Field B
2022-08-11,21:30,Cow_116,9,3,3,0,31.1,Rainy,Field A
2022-08-11,21:30,Cow_117,6,5,4,0,31.1,Rainy,Field C
2022-08-11,21:30,Cow_118,2,9,4,0,31.1,Rainy,Field A
2022-08-11,21:30,Cow_119,2,8,5,0,31.1,Rainy,Field B
2022-08-11,21:30,Cow_120,13,0,4,0,31.1,Rainy,Field A
2022-08-11,21:30,Cow_121,4,7,4,0,31.1,Rainy,Field B
2022-08-11,21:30,Cow_122,2,10,3,0,31.1,Rainy,Field C
2022-08-11,21:30,Cow_123,7,4,4,0,31.1,Rainy,Field A
2022-08-11,21:30,Cow_124,10,2,3,0,31.1,Rainy,Field B
2022-08-11,21:30,Cow_125,11,3,1,0,31.1,Rainy,Field B
2022-08-11,21:30,Cow_126,0,0,0,15,31.1,Rainy,Field A
2022-08-11,21:30,Cow_127,10,6,0,0,31.1,Rainy,Field B
2022-08-11,21:30,Cow_128,13,0,8,0,31.1,Rainy,Field C
2022-08-11,21:30,Cow_129,5,6,4,0,31.1,Rainy,Field B
2022-08-11,21:30,Cow_130,6,4,5,0,31.1,Rainy,Field C
2022-08-11,21:30,Cow_131,6,3,6,0,31.1,Rainy,Field B
2022-08-11,21:30,Cow_132,14,3,0,0,31.1,Rainy,Field B
2022-08-11,21:30,Cow_133,10,7,0,0,31.1,Rainy,Field C
2022-08-11,21:30,Cow_134,0,0,0,15,31.1,Rainy,Field A
2022-08-11,21:30,Cow_135,13,0,8,0,31.1,Rainy,Field C
2022-08-11,21:30,Cow_136,7,4,4,0,31.1,Rainy,Field B
2022-08-11,21:30,Cow_137,9,2,4,0,31.1,Rainy,Field B
2022-08-11,21:30,Cow_138,0,10,5,0,31.1,Rainy,Field B
2022-08-11,21:30,Cow_139,10,6,0,0,31.1,Rainy,Field A
2022-08-11,21:30,Cow_140,0,8,7,0,31.1,Rainy,Field A
2022-08-11,21:30,Cow_141,4,3,8,0,31.1,Rainy,Field B
2022-08-11,21:30,Cow_142,0,9,7,0,31.1,Rainy,Field B
2022-08-11,21:30,Cow_143,5,7,3,0,31.1,Rainy,Field C
2022-08-11,21:30,Cow_144,13,0,8,0,31.1,Rainy,Field A
2022-08-11,21:30,Cow_145,10,5,0,0,31.1,Rainy,Field C
2022-08-11,21:30,Cow_146,7,0,8,0,31.1,Rainy,Field B
2022-08-11,21:30,Cow_147,0,7,8,0,31.1,Rainy,Field A
2022-08-11,21:30,Cow_148,8,0,7,0,31.1,Rainy,Field B
2022-08-11,21:30,Cow_149,8,8,0,0,31.1,Rainy,Field B
2022-08-11,21:30,Cow_150,7,0,8,0,31.1,Rainy,Field B
2022-08-11,21:30,Cow_151,14,3,0,0,31.1,Rainy,Field C
2022-08-11,21:30,Cow_152,6,9,0,0,31.1,Rainy,Field A
2022-08-11,21:30,Cow_153,12,0,7,0,31.1,Rainy,Field B
2022-08-11,21:30,Cow_154,13,0,7,0,31.1,Rainy,Field C
2022-08-11,21:30,Cow_155,2,7,6,0,31.1,Rainy,Field B
2022-08-11,21:30,Cow_156,5,3,7,0,31.1,Rainy,Field C
2022-08-11,21:30,Cow_157,7,0,8,0,31.1,Rainy,Field A
2022-08-11,21:30,Cow_158,0,0,0,15,31.1,Rainy,Field B
2022-08-11,21:30,Cow_159,7,0,8,0,31.1,Rainy,Field C
2022-08-11,21:30,Cow_160,0,10,6,0,31.1,Rainy,Field C
2022-08-11,21:30,Cow_161,12,8,0,0,31.1,Rainy,Field C
2022-08-11,21:30,Cow_162,13,7,0,0,31.1,Rainy,Field A
2022-08-11,21:30,Cow_163,13,0,3,0,31.1,Rainy,Field C
2022-08-11,21:30,Cow_164,3,5,7,0,31.1,Rainy,Field A
2022-08-11,21:30,Cow_165,7,3,5,0,31.1,Rainy,Field A
2022-08-11,21:30,Cow_166,0,0,0,15,31.1,Rainy,Field C
2022-08-11,21:30,Cow_167,4,5,6,0,31.1,Rainy,Field A
2022-08-11,21:30,Cow_168,6,6,3,0,31.1,Rainy,Field B
2022-08-11,21:30,Cow_169,14,0,7,0,31.1,Rainy,Field A
2022-08-11,21:30,Cow_170,7,9,0,0,31.1,Rainy,Field B
2022-08-11,21:30,Cow_171,6,2,7,0,31.1,Rainy,Field A
2022-08-11,21:30,Cow_172,0,0,0,15,31.1,Rainy,Field A
2022-08-11,21:30,Cow_173,0,8,8,0,31.1,Rainy,Field C
2022-08-11,21:30,Cow_174,0,9,8,0,31.1,Rainy,Field B
2022-08-11,21:30,Cow_175,10,0,6,0,31.1,Rainy,Field A
2022-08-11,21:30,Cow_176,9,6,0,0,31.1,Rainy,Field B
2022-08-11,21:30,Cow_177,0,0,0,15,31.1,Rainy,Field C
2022-08-11,21:30,Cow_178,10,2,3,0,31.1,Rainy,Field A
2022-08-11,21:30,Cow_179,4,8,3,0,31.1,Rainy,Field C
2022-08-11,21:30,Cow_180,9,3,3,0,31.1,Rainy,Field C
2022-08-11,21:30,Cow_181,6,3,6,0,31.1,Rainy,Field B
2022-08-11,21:30,Cow_182,14,0,7,0,31.1,Rainy,Field C
2022-08-11,21:30,Cow_183,5,9,1,0,31.1,Rainy,Field A
2022-08-11,21:30,Cow_184,6,5,4,0,31.1,Rainy,Field B
2022-08-11,21:30,Cow_185,8,8,0,0,31.1,Rainy,Field B
2022-08-11,21:30,Cow_186,6,6,3,0,31.1,Rainy,Field B
2022-08-11,21:30,Cow_187,5,3,7,0,31.1,Rainy,Field B
2022-08-11,21:30,Cow_188,3,5,7,0,31.1,Rainy,Field B
2022-08-11,21:30,Cow_189,0,0,0,15,31.1,Rainy,Field C
2022-08-11,21:30,Cow_190,0,0,0,15,31.1,Rainy,Field A
2022-08-11,21:30,Cow_191,12,0,3,0,31.1,Rainy,Field C
2022-08-11,21:30,Cow_192,5,5,5,0,31.1,Rainy,Field C
2022-08-11,21:30,Cow_193,5,3,7,0,31.1,Rainy,Field A
2022-08-11,21:30,Cow_194,10,5,0,0,31.1,Rainy,Field B
2022-08-11,21:30,Cow_195,0,0,0,15,31.1,Rainy,Field A
2022-08-11,21:30,Cow_196,12,0,7,0,31.1,Rainy,Field A
2022-08-11,21:30,Cow_197,5,4,6,0,31.1,Rainy,Field C
2022-08-11,21:30,Cow_198,6,6,3,0,31.1,Rainy,Field A
2022-08-11,21:30,Cow_199,8,0,8,0,31.1,Rainy,Field C
2022-08-11,21:30,Cow_200,2,9,4,0,31.1,Rainy,Field A
2022-08-11,21:30,Cow_201,11,9,0,0,31.1,Rainy,Field C
2022-08-11,21:30,Cow_202,5,4,6,0,31.1,Rainy,Field A
2022-08-11,21:30,Cow_203,5,4,6,0,31.1,Rainy,Field A
2022-08-11,21:30,Cow_204,6,10,0,0,31.1,Rainy,Field A
2022-08-11,21:30,Cow_205,5,7,3,0,31.1,Rainy,Field A
2022-08-11,21:30,Cow_206,4,3,8,0,31.1,Rainy,Field A
2022-08-11,21:30,Cow_207,0,9,6,0,31.1,Rainy,Field B
2022-08-11,21:30,Cow_208,6,3,6,0,31.1,Rainy,Field B
2022-08-11,21:30,Cow_209,5,5,5,0,31.1,Rainy,Field B
2022-08-11,21:30,Cow_210,6,3,6,0,31.1,Rainy,Field C
2022-08-11,21:30,Cow_211,8,3,4,0,31.1,Rainy,Field A
2022-08-11,21:30,Cow_212,0,0,0,15,31.1,Rainy,Field C
2022-08-11,21:30,Cow_213,6,6,3,0,31.1,Rainy,Field A
2022-08-11,21:30,Cow_214,6,6,3,0,31.1,Rainy,Field B
2022-08-11,21:30,Cow_215,7,8,0,0,31.1,Rainy,Field A
2022-08-11,21:30,Cow_216,12,0,3,0,31.1,Rainy,Field B
2022-08-11,21:30,Cow_217,0,9,7,0,31.1,Rainy,Field B
2022-08-11,21:30,Cow_218,0,0,0,15,31.1,Rainy,Field C
2022-08-11,21:30,Cow_219,6,3,6,0,31.1,Rainy,Field C
2022-08-11,21:30,Cow_220,2,10,3,0,31.1,Rainy,Field A
2022-08-11,21:30,Cow_221,7,5,3,0,31.1,Rainy,Field C
2022-08-11,21:30,Cow_222,11,6,0,0,31.1,Rainy,Field A
2022-08-11,21:30,Cow_223,5,6,4,0,31.1,Rainy,Field C
2022-08-11,21:30,Cow_224,1,6,8,0,31.1,Rainy,Field C
2022-08-11,21:30,Cow_225,5,4,6,0,31.1,Rainy,Field C
2022-08-11,21:30,Cow_226,5,4,6,0,31.1,Rainy,Field C
2022-08-11,21:30,Cow_227,8,4,3,0,31.1,Rainy,Field B
2022-08-11,21:30,Cow_228,13,10,0,0,31.1,Rainy,Field C
2022-08-11,21:30,Cow_229,3,6,6,0,31.1,Rainy,Field C
2022-08-11,21:30,Cow_230,0,0,0,15,31.1,Rainy,Field A
2022-08-11,21:30,Cow_231,9,2,4,0,31.1,Rainy,Field C
2022-08-11,21:30,Cow_232,13,0,4,0,31.1,Rainy,Field C
2022-08-11,21:30,Cow_233,6,1,8,0,31.1,Rainy,Field B
2022-08-11,21:30,Cow_234,9,3,3,0,31.1,Rainy,Field A
2022-08-11,21:30,Cow_235,1,10,4,0,31.1,Rainy,Field B
2022-08-11,21:30,Cow_236,0,0,0,15,31.1,Rainy,Field B
2022-08-11,21:30,Cow_237,0,0,0,15,31.1,Rainy,Field B
2022-08-11,21:30,Cow_238,7,10,0,0,31.1,Rainy,Field C
2022-08-11,21:30,Cow_239,11,8,0,0,31.1,Rainy,Field C
2022-08-11,21:30,Cow_240,12,6,0,0,31.1,Rainy,Field B
2022-08-11,21:30,Cow_241,11,1,3,0,31.1,Rainy,Field A
2022-08-11,21:30,Cow_242,0,10,7,0,31.1,Rainy,Field C
2022-08-11,21:30,Cow_243,8,0,7,0,31.1,Rainy,Field B
2022-08-11,21:30,Cow_244,1,7,7,0,31.1,Rainy,Field B
2022-08-11,21:30,Cow_245,9,2,4,0,31.1,Rainy,Field C
2022-08-11,21:30,Cow_246,10,4,1,0,31.1,Rainy,Field B
2022-08-11,21:30,Cow_247,0,12,6,0,31.1,Rainy,Field A
2022-08-11,21:30,Cow_248,0,0,0,15,31.1,Rainy,Field B
2022-08-11,21:30,Cow_249,8,9,0,0,31.1,Rainy,Field B
2022-08-11,21:30,Cow_250,6,6,3,0,31.1,Rainy,Field A
2022-08-11,21:30,Cow_251,5,4,6,0,31.1,Rainy,Field C
2022-08-11,21:30,Cow_252,0,8,8,0,31.1,Rainy,Field A
2022-08-11,21:30,Cow_253,13,4,0,0,31.1,Rainy,Field C
2022-08-11,21:30,Cow_254,13,10,0,0,31.1,Rainy,Field C
2022-08-11,21:30,Cow_255,11,0,6,0,31.1,Rainy,Field C
2022-08-11,21:30,Cow_256,4,3,8,0,31.1,Rainy,Field B
2022-08-11,21:30,Cow_257,4,5,6,0,31.1,Rainy,Field B
2022-08-11,21:30,Cow_258,12,0,7,0,31.1,Rainy,Field B
2022-08-11,21:30,Cow_259,8,5,2,0,31.1,Rainy,Field C
2022-08-11,21:30,Cow_260,11,0,5,0,31.1,Rainy,Field A
2022-08-11,21:30,Cow_261,9,0,8,0,31.1,Rainy,Field B
2022-08-11,21:30,Cow_262,6,3,6,0,31.1,Rainy,Field B
2022-08-11,21:30,Cow_263,14,0,8,0,31.1,Rainy,Field A
2022-08-11,21:30,Cow_264,5,2,8,0,31.1,Rainy,Field A
2022-08-11,21:30,Cow_265,13,0,5,0,31.1,Rainy,Field B
2022-08-11,21:30,Cow_266,13,0,5,0,31.1,Rainy,Field A
2022-08-11,21:30,Cow_267,2,7,6,0,31.1,Rainy,Field A
2022-08-11,21:30,Cow_268,10,3,2,0,31.1,Rainy,Field B
2022-08-11,21:30,Cow_269,5,5,5,0,31.1,Rainy,Field C
2022-08-11,21:30,Cow_270,4,3,8,0,31.1,Rainy,Field A
2022-08-11,21:30,Cow_271,2,7,6,0,31.1,Rainy,Field A
2022-08-11,21:30,Cow_272,6,4,5,0,31.1,Rainy,Field B
2022-08-11,21:30,Cow_273,7,4,4,0,31.1,Rainy,Field C
2022-08-11,21:30,Cow_274,6,1,8,0,31.1,Rainy,Field B
2022-08-11,21:30,Cow_275,11,10,0,0,31.1,Rainy,Field A
2022-08-11,21:30,Cow_276,11,0,7,0,31.1,Rainy,Field B
2022-08-11,21:30,Cow_277,12,0,5,0,31.1,Rainy,Field B
2022-08-11,21:30,Cow_278,7,3,5,0,31.1,Rainy,Field B
2022-08-11,21:30,Cow_279,6,3,6,0,31.1,Rainy,Field B
2022-08-11,21:30,Cow_280,14,6,0,0,31.1,Rainy,Field C
2022-08-11,21:30,Cow_281,4,7,4,0,31.1,Rainy,Field A
2022-08-11,21:30,Cow_282,2,7,6,0,31.1,Rainy,Field A
2022-08-11,21:30,Cow_283,7,1,7,0,31.1,Rainy,Field B
2022-08-11,21:30,Cow_284,3,6,6,0,31.1,Rainy,Field A
2022-08-11,21:30,Cow_285,6,6,3,0,31.1,Rainy,Field A
2022-08-11,21:30,Cow_286,13,6,0,0,31.1,Rainy,Field A
2022-08-11,21:30,Cow_287,6,5,4,0,31.1,Rainy,Field C
2022-08-11,21:30,Cow_288,0,10,7,0,31.1,Rainy,Field B
2022-08-11,21:30,Cow_289,14,4,0,0,31.1,Rainy,Field B
2022-08-11,21:30,Cow_290,8,6,1,0,31.1,Rainy,Field B
2022-08-11,21:30,Cow_291,12,8,0,0,31.1,Rainy,Field A
2022-08-11,21:30,Cow_292,11,0,6,0,31.1,Rainy,Field A
2022-08-11,21:30,Cow_293,0,0,0,15,31.1,Rainy,Field A
2022-08-11,21:30,Cow_294,5,3,7,0,31.1,Rainy,Field B
2022-08-11,21:30,Cow_295,13,0,5,0,31.1,Rainy,Field A
2022-08-11,21:30,Cow_296,11,0,7,0,31.1,Rainy,Field A
2022-08-11,21:30,Cow_297,10,6,0,0,31.1,Rainy,Field B
2022-08-11,21:30,Cow_298,5,4,6,0,31.1,Rainy,Field B
2022-08-11,21:30,Cow_299,0,0,0,15,31.1,Rainy,Field A
2022-08-11,21:30,Cow_300,7,3,5,0,31.1,Rainy,Field A
2022-08-11,21:30,Cow_301,0,0,0,15,31.1,Rainy,Field A
2022-08-11,21:30,Cow_302,11,7,0,0,31.1,Rainy,Field A
2022-08-11,21:30,Cow_303,12,3,0,0,31.1,Rainy,Field B
2022-08-11,21:30,Cow_304,14,8,0,0,31.1,Rainy,Field B
2022-08-11,21:30,Cow_305,3,5,7,0,31.1,Rainy,Field B
2022-08-11,21:30,Cow_306,8,4,3,0,31.1,Rainy,Field C
2022-08-11,21:30,Cow_307,3,9,3,0,31.1,Rainy,Field B
2022-08-11,21:30,Cow_308,12,7,0,0,31.1,Rainy,Field A
2022-08-11,21:30,Cow_309,11,0,7,0,31.1,Rainy,Field B
2022-08-11,21:30,Cow_310,7,1,7,0,31.1,Rainy,Field B
2022-08-11,21:30,Cow_311,3,5,7,0,31.1,Rainy,Field A
2022-08-11,21:30,Cow_312,9,1,5,0,31.1,Rainy,Field B
2022-08-11,21:30,Cow_313,0,0,0,15,31.1,Rainy,Field C
2022-08-11,21:30,Cow_314,8,4,3,0,31.1,Rainy,Field C
2022-08-11,21:30,Cow_315,7,4,4,0,31.1,Rainy,Field B
2022-08-11,21:30,Cow_316,9,7,0,0,31.1,Rainy,Field B
2022-08-11,21:30,Cow_317,6,3,6,0,31.1,Rainy,Field C
2022-08-11,21:30,Cow_318,6,6,3,0,31.1,Rainy,Field C
2022-08-11,21:30,Cow_319,5,4,6,0,31.1,Rainy,Field A
2022-08-11,21:30,Cow_320,2,9,4,0,31.1,Rainy,Field C
2022-08-11,21:30,Cow_321,12,0,7,0,31.1,Rainy,Field A
2022-08-11,21:30,Cow_322,7,6,2,0,31.1,Rainy,Field C
2022-08-11,21:30,Cow_323,3,7,5,0,31.1,Rainy,Field A
2022-08-11,21:30,Cow_324,10,0,5,0,31.1,Rainy,Field B
2022-08-11,21:30,Cow_325,0,7,8,0,31.1,Rainy,Field C
2022-08-11,21:30,Cow_326,10,0,6,0,31.1,Rainy,Field C
2022-08-11,21:30,Cow_327,0,9,6,0,31.1,Rainy,Field C
2022-08-11,21:30,Cow_328,11,9,0,0,31.1,Rainy,Field B
2022-08-11,21:30,Cow_329,14,0,4,0,31.1,Rainy,Field A
2022-08-11,21:30,Cow_330,13,0,8,0,31.1,Rainy,Field A
2022-08-11,21:30,Cow_331,6,4,5,0,31.1,Rainy,Field C
2022-08-11,21:30,Cow_332,0,0,0,15,31.1,Rainy,Field C
2022-08-11,21:30,Cow_333,8,1,6,0,31.1,Rainy,Field C
2022-08-11,21:30,Cow_334,12,0,7,0,31.1,Rainy,Field A
2022-08-11,21:30,Cow_335,4,8,3,0,31.1,Rainy,Field A
2022-08-11,21:30,Cow_336,6,4,5,0,31.1,Rainy,Field B
2022-08-11,21:30,Cow_337,7,3,5,0,31.1,Rainy,Field A
2022-08-11,21:30,Cow_338,6,10,0,0,31.1,Rainy,Field B
2022-08-11,21:30,Cow_339,10,7,0,0,31.1,Rainy,Field C
2022-08-11,21:30,Cow_340,0,0,0,15,31.1,Rainy,Field C
2022-08-11,21:30,Cow_341,9,8,0,0,31.1,Rainy,Field A
2022-08-11,21:30,Cow_342,10,0,7,0,31.1,Rainy,Field C
2022-08-11,21:30,Cow_343,6,6,3,0,31.1,Rainy,Field A
2022-08-11,21:30,Cow_344,11,1,3,0,31.1,Rainy,Field B
2022-08-11,21:30,Cow_345,9,10,0,0,31.1,Rainy,Field A
2022-08-11,21:30,Cow_346,13,8,0,0,31.1,Rainy,Field C
2022-08-11,21:30,Cow_347,3,5,7,0,31.1,Rainy,Field B
2022-08-11,21:30,Cow_348,0,0,0,15,31.1,Rainy,Field A
2022-08-11,21:30,Cow_349,13,8,0,0,31.1,Rainy,Field B
2022-08-11,21:30,Cow_350,5,3,7,0,31.1,Rainy,Field B
2022-08-11,21:30,Cow_351,14,4,0,0,31.1,Rainy,Field A
2022-08-11,21:30,Cow_352,11,8,0,0,31.1,Rainy,Field C
2022-08-11,21:30,Cow_353,11,0,8,0,31.1,Rainy,Field B
2022-08-11,21:30,Cow_354,3,8,4,0,31.1,Rainy,Field B
2022-08-11,21:30,Cow_355,12,0,6,0,31.1,Rainy,Field A
2022-08-11,21:30,Cow_356,1,10,4,0,31.1,Rainy,Field C
2022-08-11,21:30,Cow_357,5,6,4,0,31.1,Rainy,Field B
2022-08-11,21:30,Cow_358,7,5,3,0,31.1,Rainy,Field C
2022-08-11,21:30,Cow_359,14,0,3,0,31.1,Rainy,Field C
2022-08-11,21:30,Cow_360,5,3,7,0,31.1,Rainy,Field A
2022-08-11,21:30,Cow_361,10,1,4,0,31.1,Rainy,Field A
2022-08-11,21:30,Cow_362,6,4,5,0,31.1,Rainy,Field C
2022-08-11,21:30,Cow_363,13,12,0,0,31.1,Rainy,Field B
2022-08-11,21:30,Cow_364,5,7,3,0,31.1,Rainy,Field A
2022-08-11,21:30,Cow_365,11,7,0,0,31.1,Rainy,Field B
2022-08-11,21:30,Cow_366,2,3,10,0,31.1,Rainy,Field B
2022-08-11,21:30,Cow_367,14,4,0,0,31.1,Rainy,Field A
2022-08-11,21:30,Cow_368,0,9,8,0,31.1,Rainy,Field A
2022-08-11,21:30,Cow_369,13,6,0,0,31.1,Rainy,Field C
2022-08-11,21:30,Cow_370,9,3,3,0,31.1,Rainy,Field A
2022-08-11,21:30,Cow_371,10,8,0,0,31.1,Rainy,Field C
2022-08-11,21:30,Cow_372,5,2,8,0,31.1,Rainy,Field C
2022-08-11,21:30,Cow_373,14,0,7,0,31.1,Rainy,Field C
2022-08-11,21:30,Cow_374,0,8,7,0,31.1,Rainy,Field B
2022-08-11,21:30,Cow_375,5,3,7,0,31.1,Rainy,Field C
2022-08-11,21:30,Cow_376,14,0,5,0,31.1,Rainy,Field C
2022-08-11,21:30,Cow_377,6,4,5,0,31.1,Rainy,Field B
2022-08-11,21:30,Cow_378,0,0,0,15,31.1,Rainy,Field C
2022-08-11,21:30,Cow_379,10,10,0,0,31.1,Rainy,Field A
2022-08-11,21:30,Cow_380,5,7,3,0,31.1,Rainy,Field A
2022-08-11,21:30,Cow_381,10,3,2,0,31.1,Rainy,Field B
2022-08-11,21:30,Cow_382,5,3,7,0,31.1,Rainy,Field B
2022-08-11,21:30,Cow_383,10,0,7,0,31.1,Rainy,Field C
2022-08-11,21:30,Cow_384,5,3,7,0,31.1,Rainy,Field B
2022-08-11,21:30,Cow_385,14,5,0,0,31.1,Rainy,Field C
2022-08-11,21:30,Cow_386,3,8,4,0,31.1,Rainy,Field C
2022-08-11,21:30,Cow_387,9,0,7,0,31.1,Rainy,Field B
2022-08-11,21:30,Cow_388,8,4,3,0,31.1,Rainy,Field C
2022-08-11,21:30,Cow_389,3,9,3,0,31.1,Rainy,Field C
2022-08-11,21:30,Cow_390,6,7,2,0,31.1,Rainy,Field B
2022-08-11,21:30,Cow_391,12,1,2,0,31.1,Rainy,Field A
2022-08-11,21:30,Cow_392,10,0,7,0,31.1,Rainy,Field A
2022-08-11,21:30,Cow_393,2,10,3,0,31.1,Rainy,Field B
2022-08-11,21:30,Cow_394,6,6,3,0,31.1,Rainy,Field B
2022-08-11,21:30,Cow_395,0,12,6,0,31.1,Rainy,Field C
2022-08-11,21:30,Cow_396,13,0,5,0,31.1,Rainy,Field C
2022-08-11,21:30,Cow_397,0,0,0,15,31.1,Rainy,Field C
2022-08-11,21:30,Cow_398,9,2,4,0,31.1,Rainy,Field B
2022-08-11,21:30,Cow_399,13,0,4,0,31.1,Rainy,Field C
2022-08-11,21:30,Cow_400,12,6,0,0,31.1,Rainy,Field C
2022-08-11,21:30,Cow_401,13,6,0,0,31.1,Rainy,Field A
2022-08-11,21:30,Cow_402,7,5,3,0,31.1,Rainy,Field C
2022-08-11,21:30,Cow_403,0,10,5,0,31.1,Rainy,Field C
2022-08-11,21:30,Cow_404,8,1,6,0,31.1,Rainy,Field A
2022-08-11,21:30,Cow_405,2,8,5,0,31.1,Rainy,Field A
2022-08-11,21:30,Cow_406,4,7,4,0,31.1,Rainy,Field C
2022-08-11,21:30,Cow_407,0,0,0,15,31.1,Rainy,Field A
2022-08-11,21:30,Cow_408,9,10,0,0,31.1,Rainy,Field A
2022-08-11,21:30,Cow_409,5,5,5,0,31.1,Rainy,Field C
2022-08-11,21:30,Cow_410,6,4,5,0,31.1,Rainy,Field A
2022-08-11,21:30,Cow_411,8,0,8,0,31.1,Rainy,Field A
2022-08-11,21:30,Cow_412,0,0,0,15,31.1,Rainy,Field A
2022-08-11,21:30,Cow_413,2,8,5,0,31.1,Rainy,Field A
2022-08-11,21:30,Cow_414,10,0,7,0,31.1,Rainy,Field C
2022-08-11,21:30,Cow_415,5,7,3,0,31.1,Rainy,Field A
2022-08-11,21:30,Cow_416,14,10,0,0,31.1,Rainy,Field A
2022-08-11,21:30,Cow_417,8,4,3,0,31.1,Rainy,Field C
2022-08-11,21:30,Cow_418,1,10,4,0,31.1,Rainy,Field A
2022-08-11,21:30,Cow_419,7,3,5,0,31.1,Rainy,Field C
2022-08-11,21:30,Cow_420,5,7,3,0,31.1,Rainy,Field C
2022-08-11,21:30,Cow_421,8,5,2,0,31.1,Rainy,Field C
2022-08-11,21:30,Cow_422,0,0,0,15,31.1,Rainy,Field A
2022-08-11,21:30,Cow_423,14,8,0,0,31.1,Rainy,Field A
2022-08-11,21:30,Cow_424,6,4,5,0,31.1,Rainy,Field B
2022-08-11,21:30,Cow_425,0,0,0,15,31.1,Rainy,Field C
2022-08-11,21:30,Cow_426,13,10,0,0,31.1,Rainy,Field A
2022-08-11,21:30,Cow_427,9,11,0,0,31.1,Rainy,Field B
2022-08-11,21:30,Cow_428,14,0,5,0,31.1,Rainy,Field C
2022-08-11,21:30,Cow_429,5,6,4,0,31.1,Rainy,Field A
2022-08-11,21:30,Cow_430,8,8,0,0,31.1,Rainy,Field B
2022-08-11,21:30,Cow_431,9,8,0,0,31.1,Rainy,Field A
2022-08-11,21:30,Cow_432,12,4,0,0,31.1,Rainy,Field B
2022-08-11,21:30,Cow_433,6,5,4,0,31.1,Rainy,Field A
2022-08-11,21:30,Cow_434,5,2,8,0,31.1,Rainy,Field C
2022-08-11,21:30,Cow_435,12,0,4,0,31.1,Rainy,Field B
2022-08-11,21:30,Cow_436,9,2,4,0,31.1,Rainy,Field C
2022-08-11,21:30,Cow_437,13,0,5,0,31.1,Rainy,Field B
2022-08-11,21:30,Cow_438,14,4,0,0,31.1,Rainy,Field B
2022-08-11,21:30,Cow_439,8,3,4,0,31.1,Rainy,Field A
2022-08-11,21:30,Cow_440,13,5,0,0,31.1,Rainy,Field C
2022-08-11,21:30,Cow_441,13,6,0,0,31.1,Rainy,Field C
2022-08-11,21:30,Cow_442,5,4,6,0,31.1,Rainy,Field C
2022-08-11,21:30,Cow_443,13,0,6,0,31.1,Rainy,Field B
2022-08-11,21:30,Cow_444,7,5,3,0,31.1,Rainy,Field A
2022-08-11,21:30,Cow_445,0,0,0,15,31.1,Rainy,Field A
2022-08-11,21:30,Cow_446,13,5,0,0,31.1,Rainy,Field B
2022-08-11,21:30,Cow_447,7,5,3,0,31.1,Rainy,Field C
2022-08-11,21:30,Cow_448,3,7,5,0,31.1,Rainy,Field C
2022-08-11,21:30,Cow_449,3,7,5,0,31.1,Rainy,Field B
2022-08-11,21:30,Cow_450,2,5,8,0,31.1,Rainy,Field C
2022-08-11,21:30,Cow_451,10,0,5,0,31.1,Rainy,Field A
2022-08-11,21:30,Cow_452,0,9,6,0,31.1,Rainy,Field A
2022-08-11,21:30,Cow_453,13,5,0,0,31.1,Rainy,Field B
2022-08-11,21:30,Cow_454,7,5,3,0,31.1,Rainy,Field C
2022-08-11,21:30,Cow_455,10,0,7,0,31.1,Rainy,Field A
2022-08-11,21:30,Cow_456,5,2,8,0,31.1,Rainy,Field C
2022-08-11,21:30,Cow_457,5,6,4,0,31.1,Rainy,Field B
2022-08-11,21:30,Cow_458,2,9,4,0,31.1,Rainy,Field C
2022-08-11,21:30,Cow_459,2,5,8,0,31.1,Rainy,Field A
2022-08-11,21:30,Cow_460,13,0,6,0,31.1,Rainy,Field B
2022-08-11,21:30,Cow_461,9,0,8,0,31.1,Rainy,Field A
2022-08-11,21:30,Cow_462,10,2,3,0,31.1,Rainy,Field B
2022-08-11,21:30,Cow_463,10,8,0,0,31.1,Rainy,Field B
2022-08-11,21:30,Cow_464,12,0,3,0,31.1,Rainy,Field B
2022-08-11,21:30,Cow_465,2,9,4,0,31.1,Rainy,Field C
2022-08-11,21:30,Cow_466,13,0,6,0,31.1,Rainy,Field C
2022-08-11,21:30,Cow_467,7,0,8,0,31.1,Rainy,Field C
2022-08-11,21:30,Cow_468,4,4,7,0,31.1,Rainy,Field A
2022-08-11,21:30,Cow_469,6,2,7,0,31.1,Rainy,Field A
2022-08-11,21:30,Cow_470,5,7,3,0,31.1,Rainy,Field C
2022-08-11,21:30,Cow_471,9,3,3,0,31.1,Rainy,Field C
2022-08-11,21:30,Cow_472,5,6,4,0,31.1,Rainy,Field B
2022-08-11,21:30,Cow_473,6,6,3,0,31.1,Rainy,Field B
2022-08-11,21:30,Cow_474,0,0,0,15,31.1,Rainy,Field B
2022-08-11,21:30,Cow_475,0,0,0,15,31.1,Rainy,Field A
2022-08-11,21:30,Cow_476,13,0,5,0,31.1,Rainy,Field A
2022-08-11,21:30,Cow_477,7,4,4,0,31.1,Rainy,Field B
2022-08-11,21:30,Cow_478,0,0,0,15,31.1,Rainy,Field C
2022-08-11,21:30,Cow_479,0,0,0,15,31.1,Rainy,Field A
2022-08-11,21:30,Cow_480,0,0,0,15,31.1,Rainy,Field A
2022-08-11,21:30,Cow_481,2,10,3,0,31.1,Rainy,Field B
2022-08-11,21:30,Cow_482,5,5,5,0,31.1,Rainy,Field B
2022-08-11,21:30,Cow_483,10,0,7,0,31.1,Rainy,Field B
2022-08-11,21:30,Cow_484,2,9,4,0,31.1,Rainy,Field A
2022-08-11,21:30,Cow_485,12,0,6,0,31.1,Rainy,Field A
2022-08-11,21:30,Cow_486,6,3,6,0,31.1,Rainy,Field B
2022-08-11,21:30,Cow_487,6,3,6,0,31.1,Rainy,Field C
2022-08-11,21:30,Cow_488,3,6,6,0,31.1,Rainy,Field B
2022-08-11,21:30,Cow_489,9,3,3,0,31.1,Rainy,Field A
2022-08-11,21:30,Cow_490,0,0,0,15,31.1,Rainy,Field C
2022-08-11,21:30,Cow_491,14,0,4,0,31.1,Rainy,Field B
2022-08-11,21:30,Cow_492,10,9,0,0,31.1,Rainy,Field C
2022-08-11,21:30,Cow_493,7,2,6,0,31.1,Rainy,Field B
2022-08-11,21:30,Cow_494,8,0,8,0,31.1,Rainy,Field C
2022-08-11,21:30,Cow_495,14,0,7,0,31.1,Rainy,Field B
2022-08-11,21:30,Cow_496,8,4,3,0,31.1,Rainy,Field A
2022-08-11,21:30,Cow_497,5,5,5,0,31.1,Rainy,Field C
2022-08-11,21:30,Cow_498,9,3,3,0,31.1,Rainy,Field B
2022-08-11,21:30,Cow_499,8,3,4,0,31.1,Rainy,Field C
2022-08-11,21:30,Cow_500,3,5,7,0,31.1,Rainy,Field A
2022-08-11,21:45,Cow_1,0,0,0,15,35.1,Clear,Field C
2022-08-11,21:45,Cow_2,8,4,3,0,35.1,Clear,Field A
2022-08-11,21:45,Cow_3,5,5,5,0,35.1,Clear,Field B
2022-08-11,21:45,Cow_4,8,5,2,0,35.1,Clear,Field B
2022-08-11,21:45,Cow_5,3,8,4,0,35.1,Clear,Field B
2022-08-11,21:45,Cow_6,12,0,7,0,35.1,Clear,Field A
2022-08-11,21:45,Cow_7,12,0,4,0,35.1,Clear,Field C
2022-08-11,21:45,Cow_8,8,4,3,0,35.1,Clear,Field C
2022-08-11,21:45,Cow_9,6,5,4,0,35.1,Clear,Field A
2022-08-11,21:45,Cow_10,12,3,0,0,35.1,Clear,Field B
2022-08-11,21:45,Cow_11,0,0,0,15,35.1,Clear,Field B
2022-08-11,21:45,Cow_12,13,0,6,0,35.1,Clear,Field B
2022-08-11,21:45,Cow_13,7,5,3,0,35.1,Clear,Field C
2022-08-11,21:45,Cow_14,10,9,0,0,35.1,Clear,Field B
2022-08-11,21:45,Cow_15,14,0,6,0,35.1,Clear,Field C
2022-08-11,21:45,Cow_16,0,9,7,0,35.1,Clear,Field C
2022-08-11,21:45,Cow_17,11,0,8,0,35.1,Clear,Field C
2022-08-11,21:45,Cow_18,0,0,0,15,35.1,Clear,Field C
2022-08-11,21:45,Cow_19,5,3,7,0,35.1,Clear,Field A
2022-08-11,21:45,Cow_20,11,0,8,0,35.1,Clear,Field C
2022-08-11,21:45,Cow_21,1,12,2,0,35.1,Clear,Field C
2022-08-11,21:45,Cow_22,0,0,0,15,35.1,Clear,Field C
2022-08-11,21:45,Cow_23,6,1,8,0,35.1,Clear,Field A
2022-08-11,21:45,Cow_24,7,5,3,0,35.1,Clear,Field B
2022-08-11,21:45,Cow_25,0,0,0,15,35.1,Clear,Field B
2022-08-11,21:45,Cow_26,0,0,0,15,35.1,Clear,Field C
2022-08-11,21:45,Cow_27,8,5,2,0,35.1,Clear,Field B
2022-08-11,21:45,Cow_28,4,3,8,0,35.1,Clear,Field A
2022-08-11,21:45,Cow_29,13,6,0,0,35.1,Clear,Field C
2022-08-11,21:45,Cow_30,14,0,8,0,35.1,Clear,Field A
2022-08-11,21:45,Cow_31,14,0,5,0,35.1,Clear,Field B
2022-08-11,21:45,Cow_32,9,2,4,0,35.1,Clear,Field C
2022-08-11,21:45,Cow_33,7,2,6,0,35.1,Clear,Field A
2022-08-11,21:45,Cow_34,3,6,6,0,35.1,Clear,Field A
2022-08-11,21:45,Cow_35,14,0,4,0,35.1,Clear,Field A
2022-08-11,21:45,Cow_36,9,2,4,0,35.1,Clear,Field A
2022-08-11,21:45,Cow_37,13,9,0,0,35.1,Clear,Field A
2022-08-11,21:45,Cow_38,14,10,0,0,35.1,Clear,Field B
2022-08-11,21:45,Cow_39,5,3,7,0,35.1,Clear,Field B
2022-08-11,21:45,Cow_40,12,0,8,0,35.1,Clear,Field A
2022-08-11,21:45,Cow_41,0,9,6,0,35.1,Clear,Field C
2022-08-11,21:45,Cow_42,8,9,0,0,35.1,Clear,Field B
2022-08-11,21:45,Cow_43,6,10,0,0,35.1,Clear,Field B
2022-08-11,21:45,Cow_44,0,9,8,0,35.1,Clear,Field A
2022-08-11,21:45,Cow_45,7,0,8,0,35.1,Clear,Field B
2022-08-11,21:45,Cow_46,3,4,8,0,35.1,Clear,Field C
2022-08-11,21:45,Cow_47,14,9,0,0,35.1,Clear,Field C
2022-08-11,21:45,Cow_48,13,0,5,0,35.1,Clear,Field A
2022-08-11,21:45,Cow_49,5,5,5,0,35.1,Clear,Field A
2022-08-11,21:45,Cow_50,14,0,4,0,35.1,Clear,Field A
2022-08-11,21:45,Cow_51,10,1,4,0,35.1,Clear,Field A
2022-08-11,21:45,Cow_52,10,3,2,0,35.1,Clear,Field C
2022-08-11,21:45,Cow_53,5,4,6,0,35.1,Clear,Field B
2022-08-11,21:45,Cow_54,15,0,8,0,35.1,Clear,Field C
2022-08-11,21:45,Cow_55,14,8,0,0,35.1,Clear,Field B
2022-08-11,21:45,Cow_56,8,1,6,0,35.1,Clear,Field A
2022-08-11,21:45,Cow_57,7,3,5,0,35.1,Clear,Field B
2022-08-11,21:45,Cow_58,9,3,3,0,35.1,Clear,Field B
2022-08-11,21:45,Cow_59,14,4,0,0,35.1,Clear,Field B
2022-08-11,21:45,Cow_60,4,6,5,0,35.1,Clear,Field A
2022-08-11,21:45,Cow_61,5,2,8,0,35.1,Clear,Field A
2022-08-11,21:45,Cow_62,4,3,8,0,35.1,Clear,Field B
2022-08-11,21:45,Cow_63,6,10,0,0,35.1,Clear,Field B
2022-08-11,21:45,Cow_64,0,0,0,15,35.1,Clear,Field C
2022-08-11,21:45,Cow_65,7,3,5,0,35.1,Clear,Field B
2022-08-11,21:45,Cow_66,8,6,1,0,35.1,Clear,Field B
2022-08-11,21:45,Cow_67,5,6,4,0,35.1,Clear,Field A
2022-08-11,21:45,Cow_68,3,4,8,0,35.1,Clear,Field B
2022-08-11,21:45,Cow_69,7,1,7,0,35.1,Clear,Field C
2022-08-11,21:45,Cow_70,11,8,0,0,35.1,Clear,Field C
2022-08-11,21:45,Cow_71,0,0,0,15,35.1,Clear,Field B
2022-08-11,21:45,Cow_72,7,4,4,0,35.1,Clear,Field C
2022-08-11,21:45,Cow_73,11,0,4,0,35.1,Clear,Field A
2022-08-11,21:45,Cow_74,0,0,0,15,35.1,Clear,Field B
2022-08-11,21:45,Cow_75,12,0,6,0,35.1,Clear,Field A
2022-08-11,21:45,Cow_76,2,6,7,0,35.1,Clear,Field A
2022-08-11,21:45,Cow_77,8,4,3,0,35.1,Clear,Field B
2022-08-11,21:45,Cow_78,5,4,6,0,35.1,Clear,Field C
2022-08-11,21:45,Cow_79,5,6,4,0,35.1,Clear,Field C
2022-08-11,21:45,Cow_80,1,10,4,0,35.1,Clear,Field A
2022-08-11,21:45,Cow_81,11,10,0,0,35.1,Clear,Field A
2022-08-11,21:45,Cow_82,1,8,6,0,35.1,Clear,Field C
2022-08-11,21:45,Cow_83,0,10,7,0,35.1,Clear,Field A
2022-08-11,21:45,Cow_84,13,0,3,0,35.1,Clear,Field A
2022-08-11,21:45,Cow_85,6,4,5,0,35.1,Clear,Field A
2022-08-11,21:45,Cow_86,5,5,5,0,35.1,Clear,Field C
2022-08-11,21:45,Cow_87,7,5,3,0,35.1,Clear,Field A
2022-08-11,21:45,Cow_88,0,9,7,0,35.1,Clear,Field C
2022-08-11,21:45,Cow_89,2,7,6,0,35.1,Clear,Field B
2022-08-11,21:45,Cow_90,3,5,7,0,35.1,Clear,Field A
2022-08-11,21:45,Cow_91,11,3,1,0,35.1,Clear,Field A
2022-08-11,21:45,Cow_92,5,4,6,0,35.1,Clear,Field B
2022-08-11,21:45,Cow_93,6,3,6,0,35.1,Clear,Field B
2022-08-11,21:45,Cow_94,0,0,0,15,35.1,Clear,Field B
2022-08-11,21:45,Cow_95,11,1,3,0,35.1,Clear,Field A
2022-08-11,21:45,Cow_96,13,0,7,0,35.1,Clear,Field A
2022-08-11,21:45,Cow_97,6,8,1,0,35.1,Clear,Field A
2022-08-11,21:45,Cow_98,0,0,0,15,35.1,Clear,Field A
2022-08-11,21:45,Cow_99,5,7,3,0,35.1,Clear,Field B
2022-08-11,21:45,Cow_100,12,6,0,0,35.1,Clear,Field A
2022-08-11,21:45,Cow_101,9,3,3,0,35.1,Clear,Field A
2022-08-11,21:45,Cow_102,6,3,6,0,35.1,Clear,Field B
2022-08-11,21:45,Cow_103,1,9,5,0,35.1,Clear,Field B
2022-08-11,21:45,Cow_104,5,6,4,0,35.1,Clear,Field C
2022-08-11,21:45,Cow_105,7,2,6,0,35.1,Clear,Field C
2022-08-11,21:45,Cow_106,13,6,0,0,35.1,Clear,Field A
2022-08-11,21:45,Cow_107,4,4,7,0,35.1,Clear,Field B
2022-08-11,21:45,Cow_108,0,10,8,0,35.1,Clear,Field A
2022-08-11,21:45,Cow_109,3,5,7,0,35.1,Clear,Field B
2022-08-11,21:45,Cow_110,0,8,8,0,35.1,Clear,Field A
2022-08-11,21:45,Cow_111,6,5,4,0,35.1,Clear,Field B
2022-08-11,21:45,Cow_112,8,0,7,0,35.1,Clear,Field C
2022-08-11,21:45,Cow_113,7,9,0,0,35.1,Clear,Field C
2022-08-11,21:45,Cow_114,8,0,8,0,35.1,Clear,Field C
2022-08-11,21:45,Cow_115,6,9,0,0,35.1,Clear,Field A
2022-08-11,21:45,Cow_116,8,3,4,0,35.1,Clear,Field B
2022-08-11,21:45,Cow_117,6,6,3,0,35.1,Clear,Field C
2022-08-11,21:45,Cow_118,3,8,4,0,35.1,Clear,Field B
2022-08-11,21:45,Cow_119,0,0,0,15,35.1,Clear,Field C
2022-08-11,21:45,Cow_120,0,10,8,0,35.1,Clear,Field C
2022-08-11,21:45,Cow_121,9,5,1,0,35.1,Clear,Field C
2022-08-11,21:45,Cow_122,11,1,3,0,35.1,Clear,Field B
2022-08-11,21:45,Cow_123,11,0,5,0,35.1,Clear,Field C
2022-08-11,21:45,Cow_124,11,0,8,0,35.1,Clear,Field B
2022-08-11,21:45,Cow_125,9,9,0,0,35.1,Clear,Field C
2022-08-11,21:45,Cow_126,12,5,0,0,35.1,Clear,Field C
2022-08-11,21:45,Cow_127,13,10,0,0,35.1,Clear,Field C
2022-08-11,21:45,Cow_128,12,4,0,0,35.1,Clear,Field B
2022-08-11,21:45,Cow_129,9,2,4,0,35.1,Clear,Field B
2022-08-11,21:45,Cow_130,1,8,6,0,35.1,Clear,Field C
2022-08-11,21:45,Cow_131,7,4,4,0,35.1,Clear,Field C
2022-08-11,21:45,Cow_132,6,5,4,0,35.1,Clear,Field C
2022-08-11,21:45,Cow_133,10,3,2,0,35.1,Clear,Field C
2022-08-11,21:45,Cow_134,13,6,0,0,35.1,Clear,Field A
2022-08-11,21:45,Cow_135,7,6,2,0,35.1,Clear,Field C
2022-08-11,21:45,Cow_136,1,8,6,0,35.1,Clear,Field A
2022-08-11,21:45,Cow_137,3,5,7,0,35.1,Clear,Field A
2022-08-11,21:45,Cow_138,6,6,3,0,35.1,Clear,Field C
2022-08-11,21:45,Cow_139,13,10,0,0,35.1,Clear,Field B
2022-08-11,21:45,Cow_140,5,5,5,0,35.1,Clear,Field A
2022-08-11,21:45,Cow_141,5,7,3,0,35.1,Clear,Field B
2022-08-11,21:45,Cow_142,10,7,0,0,35.1,Clear,Field C
2022-08-11,21:45,Cow_143,5,6,4,0,35.1,Clear,Field C
2022-08-11,21:45,Cow_144,10,10,0,0,35.1,Clear,Field B
2022-08-11,21:45,Cow_145,5,7,3,0,35.1,Clear,Field A
2022-08-11,21:45,Cow_146,13,0,6,0,35.1,Clear,Field A
2022-08-11,21:45,Cow_147,12,0,4,0,35.1,Clear,Field B
2022-08-11,21:45,Cow_148,5,5,5,0,35.1,Clear,Field C
2022-08-11,21:45,Cow_149,9,10,0,0,35.1,Clear,Field C
2022-08-11,21:45,Cow_150,13,0,5,0,35.1,Clear,Field B
2022-08-11,21:45,Cow_151,14,7,0,0,35.1,Clear,Field C
2022-08-11,21:45,Cow_152,13,0,3,0,35.1,Clear,Field B
2022-08-11,21:45,Cow_153,12,5,0,0,35.1,Clear,Field B
2022-08-11,21:45,Cow_154,5,7,3,0,35.1,Clear,Field A
2022-08-11,21:45,Cow_155,12,0,5,0,35.1,Clear,Field C
2022-08-11,21:45,Cow_156,3,8,4,0,35.1,Clear,Field B
2022-08-11,21:45,Cow_157,14,0,6,0,35.1,Clear,Field B
2022-08-11,21:45,Cow_158,0,0,0,15,35.1,Clear,Field C
2022-08-11,21:45,Cow_159,6,10,0,0,35.1,Clear,Field C
2022-08-11,21:45,Cow_160,0,10,8,0,35.1,Clear,Field B
2022-08-11,21:45,Cow_161,3,7,5,0,35.1,Clear,Field A
2022-08-11,21:45,Cow_162,0,0,0,15,35.1,Clear,Field A
2022-08-11,21:45,Cow_163,5,6,4,0,35.1,Clear,Field B
2022-08-11,21:45,Cow_164,12,10,0,0,35.1,Clear,Field B
2022-08-11,21:45,Cow_165,14,0,8,0,35.1,Clear,Field A
2022-08-11,21:45,Cow_166,8,3,4,0,35.1,Clear,Field A
2022-08-11,21:45,Cow_167,8,8,0,0,35.1,Clear,Field A
2022-08-11,21:45,Cow_168,5,3,7,0,35.1,Clear,Field B
2022-08-11,21:45,Cow_169,12,0,8,0,35.1,Clear,Field B
2022-08-11,21:45,Cow_170,0,0,0,15,35.1,Clear,Field B
2022-08-11,21:45,Cow_171,12,0,5,0,35.1,Clear,Field C
2022-08-11,21:45,Cow_172,11,0,6,0,35.1,Clear,Field B
2022-08-11,21:45,Cow_173,0,10,7,0,35.1,Clear,Field A
2022-08-11,21:45,Cow_174,5,6,4,0,35.1,Clear,Field B
2022-08-11,21:45,Cow_175,9,7,0,0,35.1,Clear,Field A
2022-08-11,21:45,Cow_176,2,9,4,0,35.1,Clear,Field C
2022-08-11,21:45,Cow_177,1,8,6,0,35.1,Clear,Field C
2022-08-11,21:45,Cow_178,7,3,5,0,35.1,Clear,Field B
2022-08-11,21:45,Cow_179,5,3,7,0,35.1,Clear,Field B
2022-08-11,21:45,Cow_180,11,9,0,0,35.1,Clear,Field C
2022-08-11,21:45,Cow_181,5,7,3,0,35.1,Clear,Field C
2022-08-11,21:45,Cow_182,5,4,6,0,35.1,Clear,Field A
2022-08-11,21:45,Cow_183,7,3,5,0,35.1,Clear,Field B
2022-08-11,21:45,Cow_184,12,0,8,0,35.1,Clear,Field B
2022-08-11,21:45,Cow_185,10,3,2,0,35.1,Clear,Field B
2022-08-11,21:45,Cow_186,0,0,0,15,35.1,Clear,Field A
2022-08-11,21:45,Cow_187,1,6,8,0,35.1,Clear,Field A
2022-08-11,21:45,Cow_188,0,9,8,0,35.1,Clear,Field A
2022-08-11,21:45,Cow_189,0,9,6,0,35.1,Clear,Field B
2022-08-11,21:45,Cow_190,10,2,3,0,35.1,Clear,Field B
2022-08-11,21:45,Cow_191,6,8,1,0,35.1,Clear,Field B
2022-08-11,21:45,Cow_192,8,10,0,0,35.1,Clear,Field B
2022-08-11,21:45,Cow_193,10,8,0,0,35.1,Clear,Field C
2022-08-11,21:45,Cow_194,14,0,7,0,35.1,Clear,Field A
2022-08-11,21:45,Cow_195,13,0,7,0,35.1,Clear,Field B
2022-08-11,21:45,Cow_196,9,2,4,0,35.1,Clear,Field A
2022-08-11,21:45,Cow_197,2,5,8,0,35.1,Clear,Field B
2022-08-11,21:45,Cow_198,12,7,0,0,35.1,Clear,Field B
2022-08-11,21:45,Cow_199,11,10,0,0,35.1,Clear,Field A
2022-08-11,21:45,Cow_200,7,1,7,0,35.1,Clear,Field C
2022-08-11,21:45,Cow_201,8,9,0,0,35.1,Clear,Field C
2022-08-11,21:45,Cow_202,7,1,7,0,35.1,Clear,Field C
2022-08-11,21:45,Cow_203,5,6,4,0,35.1,Clear,Field C
2022-08-11,21:45,Cow_204,11,1,3,0,35.1,Clear,Field B
2022-08-11,21:45,Cow_205,8,3,4,0,35.1,Clear,Field C
2022-08-11,21:45,Cow_206,13,10,0,0,35.1,Clear,Field B
2022-08-11,21:45,Cow_207,11,10,0,0,35.1,Clear,Field A
2022-08-11,21:45,Cow_208,10,9,0,0,35.1,Clear,Field C
2022-08-11,21:45,Cow_209,14,6,0,0,35.1,Clear,Field C
2022-08-11,21:45,Cow_210,12,0,8,0,35.1,Clear,Field C
2022-08-11,21:45,Cow_211,1,9,5,0,35.1,Clear,Field B
2022-08-11,21:45,Cow_212,6,5,4,0,35.1,Clear,Field B
2022-08-11,21:45,Cow_213,2,7,6,0,35.1,Clear,Field A
2022-08-11,21:45,Cow_214,6,7,2,0,35.1,Clear,Field A
2022-08-11,21:45,Cow_215,7,2,6,0,35.1,Clear,Field B
2022-08-11,21:45,Cow_216,10,3,2,0,35.1,Clear,Field A
2022-08-11,21:45,Cow_217,11,0,4,0,35.1,Clear,Field C
2022-08-11,21:45,Cow_218,5,3,7,0,35.1,Clear,Field A
2022-08-11,21:45,Cow_219,5,5,5,0,35.1,Clear,Field B
2022-08-11,21:45,Cow_220,14,6,0,0,35.1,Clear,Field A
2022-08-11,21:45,Cow_221,3,6,6,0,35.1,Clear,Field C
2022-08-11,21:45,Cow_222,9,0,6,0,35.1,Clear,Field B
2022-08-11,21:45,Cow_223,13,0,4,0,35.1,Clear,Field B
2022-08-11,21:45,Cow_224,5,5,5,0,35.1,Clear,Field C
2022-08-11,21:45,Cow_225,4,5,6,0,35.1,Clear,Field A
2022-08-11,21:45,Cow_226,14,0,3,0,35.1,Clear,Field A
2022-08-11,21:45,Cow_227,13,0,8,0,35.1,Clear,Field B
2022-08-11,21:45,Cow_228,8,3,4,0,35.1,Clear,Field A
2022-08-11,21:45,Cow_229,14,4,0,0,35.1,Clear,Field B
2022-08-11,21:45,Cow_230,11,7,0,0,35.1,Clear,Field C
2022-08-11,21:45,Cow_231,10,6,0,0,35.1,Clear,Field B
2022-08-11,21:45,Cow_232,6,4,5,0,35.1,Clear,Field A
2022-08-11,21:45,Cow_233,7,5,3,0,35.1,Clear,Field A
2022-08-11,21:45,Cow_234,6,3,6,0,35.1,Clear,Field A
2022-08-11,21:45,Cow_235,8,3,4,0,35.1,Clear,Field A
2022-08-11,21:45,Cow_236,14,0,8,0,35.1,Clear,Field A
2022-08-11,21:45,Cow_237,4,8,3,0,35.1,Clear,Field A
2022-08-11,21:45,Cow_238,5,6,4,0,35.1,Clear,Field B
2022-08-11,21:45,Cow_239,13,6,0,0,35.1,Clear,Field A
2022-08-11,21:45,Cow_240,7,4,4,0,35.1,Clear,Field A
2022-08-11,21:45,Cow_241,7,3,5,0,35.1,Clear,Field A
2022-08-11,21:45,Cow_242,11,6,0,0,35.1,Clear,Field A
2022-08-11,21:45,Cow_243,12,3,0,0,35.1,Clear,Field A
2022-08-11,21:45,Cow_244,5,7,3,0,35.1,Clear,Field B
2022-08-11,21:45,Cow_245,9,3,3,0,35.1,Clear,Field A
2022-08-11,21:45,Cow_246,9,3,3,0,35.1,Clear,Field A
2022-08-11,21:45,Cow_247,0,0,0,15,35.1,Clear,Field C
2022-08-11,21:45,Cow_248,9,3,3,0,35.1,Clear,Field C
2022-08-11,21:45,Cow_249,13,10,0,0,35.1,Clear,Field A
2022-08-11,21:45,Cow_250,7,1,7,0,35.1,Clear,Field B
2022-08-11,21:45,Cow_251,9,5,1,0,35.1,Clear,Field A
2022-08-11,21:45,Cow_252,5,7,3,0,35.1,Clear,Field A
2022-08-11,21:45,Cow_253,0,0,0,15,35.1,Clear,Field C
2022-08-11,21:45,Cow_254,11,7,0,0,35.1,Clear,Field A
2022-08-11,21:45,Cow_255,12,0,3,0,35.1,Clear,Field C
2022-08-11,21:45,Cow_256,5,7,3,0,35.1,Clear,Field B
2022-08-11,21:45,Cow_257,5,9,1,0,35.1,Clear,Field C
2022-08-11,21:45,Cow_258,8,3,4,0,35.1,Clear,Field C
2022-08-11,21:45,Cow_259,14,4,0,0,35.1,Clear,Field A
2022-08-11,21:45,Cow_260,12,0,7,0,35.1,Clear,Field B
2022-08-11,21:45,Cow_261,14,9,0,0,35.1,Clear,Field A
2022-08-11,21:45,Cow_262,3,6,6,0,35.1,Clear,Field C
2022-08-11,21:45,Cow_263,4,6,5,0,35.1,Clear,Field A
2022-08-11,21:45,Cow_264,7,4,4,0,35.1,Clear,Field B
2022-08-11,21:45,Cow_265,3,6,6,0,35.1,Clear,Field C
2022-08-11,21:45,Cow_266,8,7,0,0,35.1,Clear,Field A
2022-08-11,21:45,Cow_267,1,8,6,0,35.1,Clear,Field C
2022-08-11,21:45,Cow_268,3,6,6,0,35.1,Clear,Field B
2022-08-11,21:45,Cow_269,14,5,0,0,35.1,Clear,Field C
2022-08-11,21:45,Cow_270,8,0,7,0,35.1,Clear,Field B
2022-08-11,21:45,Cow_271,8,0,8,0,35.1,Clear,Field A
2022-08-11,21:45,Cow_272,10,3,2,0,35.1,Clear,Field C
2022-08-11,21:45,Cow_273,7,4,4,0,35.1,Clear,Field C
2022-08-11,21:45,Cow_274,5,5,5,0,35.1,Clear,Field B
2022-08-11,21:45,Cow_275,9,3,3,0,35.1,Clear,Field A
2022-08-11,21:45,Cow_276,14,8,0,0,35.1,Clear,Field A
2022-08-11,21:45,Cow_277,5,3,7,0,35.1,Clear,Field A
2022-08-11,21:45,Cow_278,8,0,7,0,35.1,Clear,Field B
2022-08-11,21:45,Cow_279,12,10,0,0,35.1,Clear,Field C
2022-08-11,21:45,Cow_280,7,7,1,0,35.1,Clear,Field C
2022-08-11,21:45,Cow_281,11,0,4,0,35.1,Clear,Field A
2022-08-11,21:45,Cow_282,2,6,7,0,35.1,Clear,Field A
2022-08-11,21:45,Cow_283,1,10,4,0,35.1,Clear,Field C
2022-08-11,21:45,Cow_284,10,2,3,0,35.1,Clear,Field A
2022-08-11,21:45,Cow_285,8,4,3,0,35.1,Clear,Field B
2022-08-11,21:45,Cow_286,10,8,0,0,35.1,Clear,Field B
2022-08-11,21:45,Cow_287,14,0,3,0,35.1,Clear,Field B
2022-08-11,21:45,Cow_288,0,9,6,0,35.1,Clear,Field C
2022-08-11,21:45,Cow_289,13,10,0,0,35.1,Clear,Field A
2022-08-11,21:45,Cow_290,10,8,0,0,35.1,Clear,Field C
2022-08-11,21:45,Cow_291,10,8,0,0,35.1,Clear,Field A
2022-08-11,21:45,Cow_292,0,0,0,15,35.1,Clear,Field C
2022-08-11,21:45,Cow_293,5,9,1,0,35.1,Clear,Field A
2022-08-11,21:45,Cow_294,13,0,5,0,35.1,Clear,Field A
2022-08-11,21:45,Cow_295,5,10,0,0,35.1,Clear,Field A
2022-08-11,21:45,Cow_296,9,5,1,0,35.1,Clear,Field A
2022-08-11,21:45,Cow_297,9,3,3,0,35.1,Clear,Field A
2022-08-11,21:45,Cow_298,6,7,2,0,35.1,Clear,Field C
2022-08-11,21:45,Cow_299,10,0,6,0,35.1,Clear,Field B
2022-08-11,21:45,Cow_300,7,6,2,0,35.1,Clear,Field B
2022-08-11,21:45,Cow_301,10,3,2,0,35.1,Clear,Field B
2022-08-11,21:45,Cow_302,10,2,3,0,35.1,Clear,Field A
2022-08-11,21:45,Cow_303,14,8,0,0,35.1,Clear,Field A
2022-08-11,21:45,Cow_304,12,0,6,0,35.1,Clear,Field B
2022-08-11,21:45,Cow_305,14,0,4,0,35.1,Clear,Field A
2022-08-11,21:45,Cow_306,14,7,0,0,35.1,Clear,Field A
2022-08-11,21:45,Cow_307,12,0,6,0,35.1,Clear,Field C
2022-08-11,21:45,Cow_308,5,6,4,0,35.1,Clear,Field B
2022-08-11,21:45,Cow_309,11,0,6,0,35.1,Clear,Field A
2022-08-11,21:45,Cow_310,5,9,1,0,35.1,Clear,Field C
2022-08-11,21:45,Cow_311,7,1,7,0,35.1,Clear,Field A
2022-08-11,21:45,Cow_312,7,8,0,0,35.1,Clear,Field B
2022-08-11,21:45,Cow_313,4,8,3,0,35.1,Clear,Field B
2022-08-11,21:45,Cow_314,6,10,0,0,35.1,Clear,Field C
2022-08-11,21:45,Cow_315,11,10,0,0,35.1,Clear,Field A
2022-08-11,21:45,Cow_316,9,3,3,0,35.1,Clear,Field B
2022-08-11,21:45,Cow_317,7,4,4,0,35.1,Clear,Field A
2022-08-11,21:45,Cow_318,14,7,0,0,35.1,Clear,Field A
2022-08-11,21:45,Cow_319,3,5,7,0,35.1,Clear,Field C
2022-08-11,21:45,Cow_320,9,6,0,0,35.1,Clear,Field B
2022-08-11,21:45,Cow_321,11,0,7,0,35.1,Clear,Field B
2022-08-11,21:45,Cow_322,7,1,7,0,35.1,Clear,Field B
2022-08-11,21:45,Cow_323,12,0,4,0,35.1,Clear,Field C
2022-08-11,21:45,Cow_324,5,10,0,0,35.1,Clear,Field A
2022-08-11,21:45,Cow_325,14,0,7,0,35.1,Clear,Field C
2022-08-11,21:45,Cow_326,5,9,1,0,35.1,Clear,Field B
2022-08-11,21:45,Cow_327,14,0,4,0,35.1,Clear,Field C
2022-08-11,21:45,Cow_328,3,8,4,0,35.1,Clear,Field B
2022-08-11,21:45,Cow_329,10,1,4,0,35.1,Clear,Field C
2022-08-11,21:45,Cow_330,9,9,0,0,35.1,Clear,Field C
2022-08-11,21:45,Cow_331,2,7,6,0,35.1,Clear,Field B
2022-08-11,21:45,Cow_332,0,10,6,0,35.1,Clear,Field C
2022-08-11,21:45,Cow_333,12,10,0,0,35.1,Clear,Field B
2022-08-11,21:45,Cow_334,0,10,6,0,35.1,Clear,Field A
2022-08-11,21:45,Cow_335,0,10,5,0,35.1,Clear,Field A
2022-08-11,21:45,Cow_336,5,7,3,0,35.1,Clear,Field C
2022-08-11,21:45,Cow_337,0,0,0,15,35.1,Clear,Field A
2022-08-11,21:45,Cow_338,8,5,2,0,35.1,Clear,Field C
2022-08-11,21:45,Cow_339,7,5,3,0,35.1,Clear,Field C
2022-08-11,21:45,Cow_340,6,7,2,0,35.1,Clear,Field C
2022-08-11,21:45,Cow_341,13,0,6,0,35.1,Clear,Field B
2022-08-11,21:45,Cow_342,12,0,7,0,35.1,Clear,Field A
2022-08-11,21:45,Cow_343,5,3,7,0,35.1,Clear,Field A
2022-08-11,21:45,Cow_344,8,0,8,0,35.1,Clear,Field A
2022-08-11,21:45,Cow_345,5,4,6,0,35.1,Clear,Field C
2022-08-11,21:45,Cow_346,9,3,3,0,35.1,Clear,Field C
2022-08-11,21:45,Cow_347,8,0,8,0,35.1,Clear,Field A
2022-08-11,21:45,Cow_348,7,1,7,0,35.1,Clear,Field B
2022-08-11,21:45,Cow_349,11,8,0,0,35.1,Clear,Field B
2022-08-11,21:45,Cow_350,4,4,7,0,35.1,Clear,Field A
2022-08-11,21:45,Cow_351,9,3,3,0,35.1,Clear,Field A
2022-08-11,21:45,Cow_352,10,5,0,0,35.1,Clear,Field C
2022-08-11,21:45,Cow_353,6,5,4,0,35.1,Clear,Field C
2022-08-11,21:45,Cow_354,13,0,3,0,35.1,Clear,Field B
2022-08-11,21:45,Cow_355,0,10,5,0,35.1,Clear,Field B
2022-08-11,21:45,Cow_356,5,6,4,0,35.1,Clear,Field B
2022-08-11,21:45,Cow_357,9,0,8,0,35.1,Clear,Field A
2022-08-11,21:45,Cow_358,5,7,3,0,35.1,Clear,Field C
2022-08-11,21:45,Cow_359,5,1,9,0,35.1,Clear,Field B
2022-08-11,21:45,Cow_360,2,8,5,0,35.1,Clear,Field C
2022-08-11,21:45,Cow_361,4,3,8,0,35.1,Clear,Field A
2022-08-11,21:45,Cow_362,7,3,5,0,35.1,Clear,Field C
2022-08-11,21:45,Cow_363,2,7,6,0,35.1,Clear,Field B
2022-08-11,21:45,Cow_364,11,8,0,0,35.1,Clear,Field A
2022-08-11,21:45,Cow_365,0,7,8,0,35.1,Clear,Field C
2022-08-11,21:45,Cow_366,10,0,5,0,35.1,Clear,Field B
2022-08-11,21:45,Cow_367,1,8,6,0,35.1,Clear,Field C
2022-08-11,21:45,Cow_368,13,3,0,0,35.1,Clear,Field A
2022-08-11,21:45,Cow_369,4,5,6,0,35.1,Clear,Field C
2022-08-11,21:45,Cow_370,13,0,3,0,35.1,Clear,Field B
2022-08-11,21:45,Cow_371,9,3,3,0,35.1,Clear,Field B
2022-08-11,21:45,Cow_372,6,5,4,0,35.1,Clear,Field A
2022-08-11,21:45,Cow_373,8,3,4,0,35.1,Clear,Field A
2022-08-11,21:45,Cow_374,11,0,7,0,35.1,Clear,Field A
2022-08-11,21:45,Cow_375,8,2,5,0,35.1,Clear,Field B
2022-08-11,21:45,Cow_376,9,0,7,0,35.1,Clear,Field B
2022-08-11,21:45,Cow_377,0,0,0,15,35.1,Clear,Field B
2022-08-11,21:45,Cow_378,8,10,0,0,35.1,Clear,Field C
2022-08-11,21:45,Cow_379,7,4,4,0,35.1,Clear,Field B
2022-08-11,21:45,Cow_380,5,9,1,0,35.1,Clear,Field C
2022-08-11,21:45,Cow_381,6,3,6,0,35.1,Clear,Field C
2022-08-11,21:45,Cow_382,5,3,7,0,35.1,Clear,Field A
2022-08-11,21:45,Cow_383,0,9,6,0,35.1,Clear,Field A
2022-08-11,21:45,Cow_384,7,3,5,0,35.1,Clear,Field B
2022-08-11,21:45,Cow_385,7,9,0,0,35.1,Clear,Field B
2022-08-11,21:45,Cow_386,0,0,0,15,35.1,Clear,Field B
2022-08-11,21:45,Cow_387,7,5,3,0,35.1,Clear,Field C
2022-08-11,21:45,Cow_388,0,9,6,0,35.1,Clear,Field A
2022-08-11,21:45,Cow_389,12,0,6,0,35.1,Clear,Field A
2022-08-11,21:45,Cow_390,6,5,4,0,35.1,Clear,Field B
2022-08-11,21:45,Cow_391,0,11,9,0,35.1,Clear,Field B
2022-08-11,21:45,Cow_392,6,4,5,0,35.1,Clear,Field A
2022-08-11,21:45,Cow_393,8,10,0,0,35.1,Clear,Field A
2022-08-11,21:45,Cow_394,5,10,0,0,35.1,Clear,Field B
2022-08-11,21:45,Cow_395,7,12,0,0,35.1,Clear,Field C
2022-08-11,21:45,Cow_396,6,5,4,0,35.1,Clear,Field A
2022-08-11,21:45,Cow_397,14,0,3,0,35.1,Clear,Field C
2022-08-11,21:45,Cow_398,5,10,0,0,35.1,Clear,Field C
2022-08-11,21:45,Cow_399,0,0,0,15,35.1,Clear,Field C
2022-08-11,21:45,Cow_400,7,2,6,0,35.1,Clear,Field A
2022-08-11,21:45,Cow_401,1,7,7,0,35.1,Clear,Field A
2022-08-11,21:45,Cow_402,5,8,2,0,35.1,Clear,Field C
2022-08-11,21:45,Cow_403,10,4,1,0,35.1,Clear,Field B
2022-08-11,21:45,Cow_404,7,5,3,0,35.1,Clear,Field A
2022-08-11,21:45,Cow_405,8,8,0,0,35.1,Clear,Field C
2022-08-11,21:45,Cow_406,13,0,4,0,35.1,Clear,Field A
2022-08-11,21:45,Cow_407,0,0,0,15,35.1,Clear,Field B
2022-08-11,21:45,Cow_408,12,0,8,0,35.1,Clear,Field C
2022-08-11,21:45,Cow_409,4,4,7,0,35.1,Clear,Field B
2022-08-11,21:45,Cow_410,14,9,0,0,35.1,Clear,Field C
2022-08-11,21:45,Cow_411,2,7,6,0,35.1,Clear,Field A
2022-08-11,21:45,Cow_412,11,5,0,0,35.1,Clear,Field A
2022-08-11,21:45,Cow_413,7,9,0,0,35.1,Clear,Field A
2022-08-11,21:45,Cow_414,10,6,0,0,35.1,Clear,Field A
2022-08-11,21:45,Cow_415,14,10,0,0,35.1,Clear,Field B
2022-08-11,21:45,Cow_416,9,4,2,0,35.1,Clear,Field B
2022-08-11,21:45,Cow_417,13,9,0,0,35.1,Clear,Field B
2022-08-11,21:45,Cow_418,8,2,5,0,35.1,Clear,Field A
2022-08-11,21:45,Cow_419,11,0,6,0,35.1,Clear,Field C
2022-08-11,21:45,Cow_420,10,8,0,0,35.1,Clear,Field B
2022-08-11,21:45,Cow_421,0,0,0,15,35.1,Clear,Field C
2022-08-11,21:45,Cow_422,13,3,0,0,35.1,Clear,Field C
2022-08-11,21:45,Cow_423,5,7,3,0,35.1,Clear,Field C
2022-08-11,21:45,Cow_424,3,4,8,0,35.1,Clear,Field B
2022-08-11,21:45,Cow_425,2,10,3,0,35.1,Clear,Field C
2022-08-11,21:45,Cow_426,5,10,0,0,35.1,Clear,Field B
2022-08-11,21:45,Cow_427,13,9,0,0,35.1,Clear,Field C
2022-08-11,21:45,Cow_428,7,10,0,0,35.1,Clear,Field C
2022-08-11,21:45,Cow_429,8,0,8,0,35.1,Clear,Field A
2022-08-11,21:45,Cow_430,0,0,0,15,35.1,Clear,Field C
2022-08-11,21:45,Cow_431,8,2,5,0,35.1,Clear,Field A
2022-08-11,21:45,Cow_432,0,0,0,15,35.1,Clear,Field C
2022-08-11,21:45,Cow_433,8,9,0,0,35.1,Clear,Field C
2022-08-11,21:45,Cow_434,5,3,7,0,35.1,Clear,Field C
2022-08-11,21:45,Cow_435,14,6,0,0,35.1,Clear,Field B
2022-08-11,21:45,Cow_436,9,0,7,0,35.1,Clear,Field C
2022-08-11,21:45,Cow_437,11,4,0,0,35.1,Clear,Field C
2022-08-11,21:45,Cow_438,12,0,8,0,35.1,Clear,Field C
2022-08-11,21:45,Cow_439,2,8,5,0,35.1,Clear,Field C
2022-08-11,21:45,Cow_440,8,10,0,0,35.1,Clear,Field A
2022-08-11,21:45,Cow_441,0,9,7,0,35.1,Clear,Field C
2022-08-11,21:45,Cow_442,12,0,10,0,35.1,Clear,Field A
2022-08-11,21:45,Cow_443,14,0,7,0,35.1,Clear,Field B
2022-08-11,21:45,Cow_444,12,0,7,0,35.1,Clear,Field C
2022-08-11,21:45,Cow_445,9,3,3,0,35.1,Clear,Field A
2022-08-11,21:45,Cow_446,8,3,4,0,35.1,Clear,Field B
2022-08-11,21:45,Cow_447,0,10,6,0,35.1,Clear,Field B
2022-08-11,21:45,Cow_448,3,9,3,0,35.1,Clear,Field A
2022-08-11,21:45,Cow_449,6,4,5,0,35.1,Clear,Field C
2022-08-11,21:45,Cow_450,3,4,8,0,35.1,Clear,Field A
2022-08-11,21:45,Cow_451,11,5,0,0,35.1,Clear,Field A
2022-08-11,21:45,Cow_452,3,6,6,0,35.1,Clear,Field A
2022-08-11,21:45,Cow_453,1,7,7,0,35.1,Clear,Field C
2022-08-11,21:45,Cow_454,12,0,7,0,35.1,Clear,Field B
2022-08-11,21:45,Cow_455,0,9,8,0,35.1,Clear,Field A
2022-08-11,21:45,Cow_456,6,7,2,0,35.1,Clear,Field C
2022-08-11,21:45,Cow_457,8,8,0,0,35.1,Clear,Field A
2022-08-11,21:45,Cow_458,8,10,0,0,35.1,Clear,Field C
2022-08-11,21:45,Cow_459,10,0,7,0,35.1,Clear,Field C
2022-08-11,21:45,Cow_460,6,1,8,0,35.1,Clear,Field A
2022-08-11,21:45,Cow_461,5,7,3,0,35.1,Clear,Field A
2022-08-11,21:45,Cow_462,8,8,0,0,35.1,Clear,Field A
2022-08-11,21:45,Cow_463,8,0,8,0,35.1,Clear,Field B
2022-08-11,21:45,Cow_464,0,9,7,0,35.1,Clear,Field C
2022-08-11,21:45,Cow_465,6,5,4,0,35.1,Clear,Field A
2022-08-11,21:45,Cow_466,12,10,0,0,35.1,Clear,Field C
2022-08-11,21:45,Cow_467,14,4,0,0,35.1,Clear,Field B
2022-08-11,21:45,Cow_468,9,0,6,0,35.1,Clear,Field C
2022-08-11,21:45,Cow_469,11,4,0,0,35.1,Clear,Field B
2022-08-11,21:45,Cow_470,0,10,7,0,35.1,Clear,Field C
2022-08-11,21:45,Cow_471,0,9,6,0,35.1,Clear,Field C
2022-08-11,21:45,Cow_472,14,0,8,0,35.1,Clear,Field B
2022-08-11,21:45,Cow_473,1,6,8,0,35.1,Clear,Field B
2022-08-11,21:45,Cow_474,8,10,0,0,35.1,Clear,Field A
2022-08-11,21:45,Cow_475,0,0,0,15,35.1,Clear,Field A
2022-08-11,21:45,Cow_476,11,0,8,0,35.1,Clear,Field A
2022-08-11,21:45,Cow_477,4,7,4,0,35.1,Clear,Field C
2022-08-11,21:45,Cow_478,14,0,7,0,35.1,Clear,Field A
2022-08-11,21:45,Cow_479,9,5,1,0,35.1,Clear,Field C
2022-08-11,21:45,Cow_480,6,10,0,0,35.1,Clear,Field C
2022-08-11,21:45,Cow_481,7,2,6,0,35.1,Clear,Field C
2022-08-11,21:45,Cow_482,9,0,7,0,35.1,Clear,Field A
2022-08-11,21:45,Cow_483,8,0,7,0,35.1,Clear,Field C
2022-08-11,21:45,Cow_484,9,0,6,0,35.1,Clear,Field A
2022-08-11,21:45,Cow_485,5,7,3,0,35.1,Clear,Field C
2022-08-11,21:45,Cow_486,6,4,5,0,35.1,Clear,Field C
2022-08-11,21:45,Cow_487,13,4,0,0,35.1,Clear,Field A
2022-08-11,21:45,Cow_488,12,6,0,0,35.1,Clear,Field A
2022-08-11,21:45,Cow_489,0,0,0,15,35.1,Clear,Field B
2022-08-11,21:45,Cow_490,0,10,5,0,35.1,Clear,Field C
2022-08-11,21:45,Cow_491,13,0,5,0,35.1,Clear,Field A
2022-08-11,21:45,Cow_492,3,5,7,0,35.1,Clear,Field C
2022-08-11,21:45,Cow_493,6,10,0,0,35.1,Clear,Field C
2022-08-11,21:45,Cow_494,13,4,0,0,35.1,Clear,Field B
2022-08-11,21:45,Cow_495,6,6,3,0,35.1,Clear,Field B
2022-08-11,21:45,Cow_496,13,0,3,0,35.1,Clear,Field B
2022-08-11,21:45,Cow_497,3,7,5,0,35.1,Clear,Field C
2022-08-11,21:45,Cow_498,4,4,7,0,35.1,Clear,Field C
2022-08-11,21:45,Cow_499,7,10,0,0,35.1,Clear,Field B
2022-08-11,21:45,Cow_500,1,10,4,0,35.1,Clear,Field C
2022-08-11,22:00,Cow_1,8,6,1,0,25.6,Cloudy,Field C
2022-08-11,22:00,Cow_2,6,3,6,0,25.6,Cloudy,Field C
2022-08-11,22:00,Cow_3,4,6,5,0,25.6,Cloudy,Field A
2022-08-11,22:00,Cow_4,7,3,5,0,25.6,Cloudy,Field A
2022-08-11,22:00,Cow_5,9,3,3,0,25.6,Cloudy,Field C
2022-08-11,22:00,Cow_6,13,0,7,0,25.6,Cloudy,Field B
2022-08-11,22:00,Cow_7,9,2,4,0,25.6,Cloudy,Field C
2022-08-11,22:00,Cow_8,11,7,0,0,25.6,Cloudy,Field C
2022-08-11,22:00,Cow_9,0,0,0,15,25.6,Cloudy,Field A
2022-08-11,22:00,Cow_10,13,7,0,0,25.6,Cloudy,Field C
2022-08-11,22:00,Cow_11,9,10,0,0,25.6,Cloudy,Field A
2022-08-11,22:00,Cow_12,11,0,5,0,25.6,Cloudy,Field A
2022-08-11,22:00,Cow_13,6,4,5,0,25.6,Cloudy,Field A
2022-08-11,22:00,Cow_14,1,7,7,0,25.6,Cloudy,Field B
2022-08-11,22:00,Cow_15,3,7,5,0,25.6,Cloudy,Field C
2022-08-11,22:00,Cow_16,12,4,0,0,25.6,Cloudy,Field B
2022-08-11,22:00,Cow_17,0,0,0,15,25.6,Cloudy,Field B
2022-08-11,22:00,Cow_18,14,0,4,0,25.6,Cloudy,Field B
2022-08-11,22:00,Cow_19,0,10,8,0,25.6,Cloudy,Field B
2022-08-11,22:00,Cow_20,9,6,0,0,25.6,Cloudy,Field C
2022-08-11,22:00,Cow_21,0,0,0,15,25.6,Cloudy,Field C
2022-08-11,22:00,Cow_22,8,0,7,0,25.6,Cloudy,Field C
2022-08-11,22:00,Cow_23,11,9,0,0,25.6,Cloudy,Field A
2022-08-11,22:00,Cow_24,10,6,0,0,25.6,Cloudy,Field A
2022-08-11,22:00,Cow_25,8,8,0,0,25.6,Cloudy,Field B
2022-08-11,22:00,Cow_26,0,8,8,0,25.6,Cloudy,Field B
2022-08-11,22:00,Cow_27,12,8,0,0,25.6,Cloudy,Field A
2022-08-11,22:00,Cow_28,9,0,8,0,25.6,Cloudy,Field B
2022-08-11,22:00,Cow_29,10,1,4,0,25.6,Cloudy,Field B
2022-08-11,22:00,Cow_30,6,1,8,0,25.6,Cloudy,Field A
2022-08-11,22:00,Cow_31,14,12,0,0,25.6,Cloudy,Field A
2022-08-11,22:00,Cow_32,7,1,7,0,25.6,Cloudy,Field C
2022-08-11,22:00,Cow_33,14,8,0,0,25.6,Cloudy,Field B
2022-08-11,22:00,Cow_34,12,0,8,0,25.6,Cloudy,Field A
2022-08-11,22:00,Cow_35,5,10,0,0,25.6,Cloudy,Field C
2022-08-11,22:00,Cow_36,6,5,4,0,25.6,Cloudy,Field C
2022-08-11,22:00,Cow_37,2,5,8,0,25.6,Cloudy,Field B
2022-08-11,22:00,Cow_38,9,3,3,0,25.6,Cloudy,Field A
2022-08-11,22:00,Cow_39,2,10,3,0,25.6,Cloudy,Field A
2022-08-11,22:00,Cow_40,5,5,5,0,25.6,Cloudy,Field A
2022-08-11,22:00,Cow_41,5,3,7,0,25.6,Cloudy,Field C
2022-08-11,22:00,Cow_42,1,6,8,0,25.6,Cloudy,Field B
2022-08-11,22:00,Cow_43,10,0,5,0,25.6,Cloudy,Field B
2022-08-11,22:00,Cow_44,4,4,7,0,25.6,Cloudy,Field B
2022-08-11,22:00,Cow_45,0,10,5,0,25.6,Cloudy,Field B
2022-08-11,22:00,Cow_46,10,0,8,0,25.6,Cloudy,Field A
2022-08-11,22:00,Cow_47,8,8,0,0,25.6,Cloudy,Field A
2022-08-11,22:00,Cow_48,13,0,7,0,25.6,Cloudy,Field A
2022-08-11,22:00,Cow_49,11,4,0,0,25.6,Cloudy,Field A
2022-08-11,22:00,Cow_50,13,6,0,0,25.6,Cloudy,Field B
2022-08-11,22:00,Cow_51,10,6,0,0,25.6,Cloudy,Field A
2022-08-11,22:00,Cow_52,14,10,0,0,25.6,Cloudy,Field A
2022-08-11,22:00,Cow_53,10,0,8,0,25.6,Cloudy,Field A
2022-08-11,22:00,Cow_54,15,0,9,0,25.6,Cloudy,Field B
2022-08-11,22:00,Cow_55,14,0,8,0,25.6,Cloudy,Field A
2022-08-11,22:00,Cow_56,7,3,5,0,25.6,Cloudy,Field C
2022-08-11,22:00,Cow_57,14,0,4,0,25.6,Cloudy,Field A
2022-08-11,22:00,Cow_58,11,0,5,0,25.6,Cloudy,Field B
2022-08-11,22:00,Cow_59,13,0,7,0,25.6,Cloudy,Field B
2022-08-11,22:00,Cow_60,0,0,0,15,25.6,Cloudy,Field A
2022-08-11,22:00,Cow_61,7,5,3,0,25.6,Cloudy,Field B
2022-08-11,22:00,Cow_62,14,9,0,0,25.6,Cloudy,Field C
2022-08-11,22:00,Cow_63,0,6,9,0,25.6,Cloudy,Field C
2022-08-11,22:00,Cow_64,8,3,4,0,25.6,Cloudy,Field C
2022-08-11,22:00,Cow_65,11,0,4,0,25.6,Cloudy,Field C
2022-08-11,22:00,Cow_66,2,5,8,0,25.6,Cloudy,Field A
2022-08-11,22:00,Cow_67,5,5,5,0,25.6,Cloudy,Field C
2022-08-11,22:00,Cow_68,5,3,7,0,25.6,Cloudy,Field A
2022-08-11,22:00,Cow_69,13,7,0,0,25.6,Cloudy,Field C
2022-08-11,22:00,Cow_70,14,9,0,0,25.6,Cloudy,Field A
2022-08-11,22:00,Cow_71,8,9,0,0,25.6,Cloudy,Field A
2022-08-11,22:00,Cow_72,6,3,6,0,25.6,Cloudy,Field C
2022-08-11,22:00,Cow_73,0,10,6,0,25.6,Cloudy,Field B
2022-08-11,22:00,Cow_74,5,4,6,0,25.6,Cloudy,Field B
2022-08-11,22:00,Cow_75,14,11,0,0,25.6,Cloudy,Field C
2022-08-11,22:00,Cow_76,5,8,2,0,25.6,Cloudy,Field C
2022-08-11,22:00,Cow_77,0,0,0,15,25.6,Cloudy,Field C
2022-08-11,22:00,Cow_78,0,0,0,15,25.6,Cloudy,Field B
2022-08-11,22:00,Cow_79,6,9,0,0,25.6,Cloudy,Field B
2022-08-11,22:00,Cow_80,0,0,0,15,25.6,Cloudy,Field A
2022-08-11,22:00,Cow_81,6,6,3,0,25.6,Cloudy,Field B
2022-08-11,22:00,Cow_82,3,6,6,0,25.6,Cloudy,Field A
2022-08-11,22:00,Cow_83,7,4,4,0,25.6,Cloudy,Field B
2022-08-11,22:00,Cow_84,5,6,4,0,25.6,Cloudy,Field B
2022-08-11,22:00,Cow_85,14,3,0,0,25.6,Cloudy,Field B
2022-08-11,22:00,Cow_86,0,8,7,0,25.6,Cloudy,Field C
2022-08-11,22:00,Cow_87,6,1,8,0,25.6,Cloudy,Field A
2022-08-11,22:00,Cow_88,11,0,7,0,25.6,Cloudy,Field A
2022-08-11,22:00,Cow_89,6,6,3,0,25.6,Cloudy,Field A
2022-08-11,22:00,Cow_90,13,3,0,0,25.6,Cloudy,Field C
2022-08-11,22:00,Cow_91,3,8,4,0,25.6,Cloudy,Field B
2022-08-11,22:00,Cow_92,0,0,0,15,25.6,Cloudy,Field B
2022-08-11,22:00,Cow_93,5,6,4,0,25.6,Cloudy,Field C
2022-08-11,22:00,Cow_94,10,9,0,0,25.6,Cloudy,Field A
2022-08-11,22:00,Cow_95,11,1,3,0,25.6,Cloudy,Field B
2022-08-11,22:00,Cow_96,4,7,4,0,25.6,Cloudy,Field B
2022-08-11,22:00,Cow_97,8,4,3,0,25.6,Cloudy,Field A
2022-08-11,22:00,Cow_98,14,12,0,0,25.6,Cloudy,Field A
2022-08-11,22:00,Cow_99,0,0,0,15,25.6,Cloudy,Field A
2022-08-11,22:00,Cow_100,10,0,8,0,25.6,Cloudy,Field C
2022-08-11,22:00,Cow_101,11,10,0,0,25.6,Cloudy,Field C
2022-08-11,22:00,Cow_102,2,6,7,0,25.6,Cloudy,Field C
2022-08-11,22:00,Cow_103,0,10,5,0,25.6,Cloudy,Field B
2022-08-11,22:00,Cow_104,4,8,3,0,25.6,Cloudy,Field A
2022-08-11,22:00,Cow_105,0,10,5,0,25.6,Cloudy,Field A
2022-08-11,22:00,Cow_106,9,8,0,0,25.6,Cloudy,Field B
2022-08-11,22:00,Cow_107,11,9,0,0,25.6,Cloudy,Field A
2022-08-11,22:00,Cow_108,8,10,0,0,25.6,Cloudy,Field A
2022-08-11,22:00,Cow_109,0,0,0,15,25.6,Cloudy,Field A
2022-08-11,22:00,Cow_110,11,3,1,0,25.6,Cloudy,Field C
2022-08-11,22:00,Cow_111,8,4,3,0,25.6,Cloudy,Field B
2022-08-11,22:00,Cow_112,5,4,6,0,25.6,Cloudy,Field C
2022-08-11,22:00,Cow_113,12,0,6,0,25.6,Cloudy,Field C
2022-08-11,22:00,Cow_114,14,6,0,0,25.6,Cloudy,Field B
2022-08-11,22:00,Cow_115,7,3,5,0,25.6,Cloudy,Field B
2022-08-11,22:00,Cow_116,14,7,0,0,25.6,Cloudy,Field C
2022-08-11,22:00,Cow_117,2,5,8,0,25.6,Cloudy,Field C
2022-08-11,22:00,Cow_118,4,8,3,0,25.6,Cloudy,Field C
2022-08-11,22:00,Cow_119,9,6,0,0,25.6,Cloudy,Field B
2022-08-11,22:00,Cow_120,11,10,0,0,25.6,Cloudy,Field A
2022-08-11,22:00,Cow_121,1,7,7,0,25.6,Cloudy,Field C
2022-08-11,22:00,Cow_122,6,9,0,0,25.6,Cloudy,Field C
2022-08-11,22:00,Cow_123,13,10,0,0,25.6,Cloudy,Field C
2022-08-11,22:00,Cow_124,5,8,2,0,25.6,Cloudy,Field A
2022-08-11,22:00,Cow_125,7,4,4,0,25.6,Cloudy,Field C
2022-08-11,22:00,Cow_126,14,8,0,0,25.6,Cloudy,Field C
2022-08-11,22:00,Cow_127,6,10,0,0,25.6,Cloudy,Field B
2022-08-11,22:00,Cow_128,9,2,4,0,25.6,Cloudy,Field B
2022-08-11,22:00,Cow_129,0,9,7,0,25.6,Cloudy,Field C
2022-08-11,22:00,Cow_130,13,6,0,0,25.6,Cloudy,Field B
2022-08-11,22:00,Cow_131,7,7,1,0,25.6,Cloudy,Field B
2022-08-11,22:00,Cow_132,1,6,8,0,25.6,Cloudy,Field C
2022-08-11,22:00,Cow_133,13,4,0,0,25.6,Cloudy,Field B
2022-08-11,22:00,Cow_134,0,0,0,15,25.6,Cloudy,Field C
2022-08-11,22:00,Cow_135,10,7,0,0,25.6,Cloudy,Field B
2022-08-11,22:00,Cow_136,0,0,0,15,25.6,Cloudy,Field A
2022-08-11,22:00,Cow_137,10,8,0,0,25.6,Cloudy,Field C
2022-08-11,22:00,Cow_138,10,3,2,0,25.6,Cloudy,Field C
2022-08-11,22:00,Cow_139,10,6,0,0,25.6,Cloudy,Field B
2022-08-11,22:00,Cow_140,10,2,3,0,25.6,Cloudy,Field B
2022-08-11,22:00,Cow_141,5,5,5,0,25.6,Cloudy,Field A
2022-08-11,22:00,Cow_142,14,0,7,0,25.6,Cloudy,Field C
2022-08-11,22:00,Cow_143,7,7,1,0,25.6,Cloudy,Field C
2022-08-11,22:00,Cow_144,7,3,5,0,25.6,Cloudy,Field B
2022-08-11,22:00,Cow_145,3,8,4,0,25.6,Cloudy,Field B
2022-08-11,22:00,Cow_146,5,9,1,0,25.6,Cloudy,Field C
2022-08-11,22:00,Cow_147,14,3,0,0,25.6,Cloudy,Field C
2022-08-11,22:00,Cow_148,12,0,6,0,25.6,Cloudy,Field B
2022-08-11,22:00,Cow_149,7,5,3,0,25.6,Cloudy,Field C
2022-08-11,22:00,Cow_150,8,4,3,0,25.6,Cloudy,Field C
2022-08-11,22:00,Cow_151,5,3,7,0,25.6,Cloudy,Field A
2022-08-11,22:00,Cow_152,8,2,5,0,25.6,Cloudy,Field A
2022-08-11,22:00,Cow_153,6,3,6,0,25.6,Cloudy,Field C
2022-08-11,22:00,Cow_154,13,0,3,0,25.6,Cloudy,Field A
2022-08-11,22:00,Cow_155,7,1,7,0,25.6,Cloudy,Field B
2022-08-11,22:00,Cow_156,14,3,0,0,25.6,Cloudy,Field B
2022-08-11,22:00,Cow_157,0,0,0,15,25.6,Cloudy,Field A
2022-08-11,22:00,Cow_158,14,0,8,0,25.6,Cloudy,Field A
2022-08-11,22:00,Cow_159,14,0,7,0,25.6,Cloudy,Field C
2022-08-11,22:00,Cow_160,4,7,4,0,25.6,Cloudy,Field C
2022-08-11,22:00,Cow_161,10,8,0,0,25.6,Cloudy,Field A
2022-08-11,22:00,Cow_162,10,9,0,0,25.6,Cloudy,Field B
2022-08-11,22:00,Cow_163,4,3,8,0,25.6,Cloudy,Field B
2022-08-11,22:00,Cow_164,6,3,6,0,25.6,Cloudy,Field A
2022-08-11,22:00,Cow_165,11,7,0,0,25.6,Cloudy,Field A
2022-08-11,22:00,Cow_166,10,5,0,0,25.6,Cloudy,Field C
2022-08-11,22:00,Cow_167,6,1,8,0,25.6,Cloudy,Field A
2022-08-11,22:00,Cow_168,10,1,4,0,25.6,Cloudy,Field B
2022-08-11,22:00,Cow_169,5,5,5,0,25.6,Cloudy,Field B
2022-08-11,22:00,Cow_170,8,3,4,0,25.6,Cloudy,Field A
2022-08-11,22:00,Cow_171,7,4,4,0,25.6,Cloudy,Field B
2022-08-11,22:00,Cow_172,7,0,8,0,25.6,Cloudy,Field B
2022-08-11,22:00,Cow_173,13,8,0,0,25.6,Cloudy,Field B
2022-08-11,22:00,Cow_174,1,5,9,0,25.6,Cloudy,Field A
2022-08-11,22:00,Cow_175,8,9,0,0,25.6,Cloudy,Field B
2022-08-11,22:00,Cow_176,7,4,4,0,25.6,Cloudy,Field B
2022-08-11,22:00,Cow_177,4,3,8,0,25.6,Cloudy,Field A
2022-08-11,22:00,Cow_178,8,0,8,0,25.6,Cloudy,Field C
2022-08-11,22:00,Cow_179,6,5,4,0,25.6,Cloudy,Field C
2022-08-11,22:00,Cow_180,2,6,7,0,25.6,Cloudy,Field C
2022-08-11,22:00,Cow_181,0,0,0,15,25.6,Cloudy,Field C
2022-08-11,22:00,Cow_182,13,0,5,0,25.6,Cloudy,Field A
2022-08-11,22:00,Cow_183,10,5,0,0,25.6,Cloudy,Field A
2022-08-11,22:00,Cow_184,12,0,6,0,25.6,Cloudy,Field A
2022-08-11,22:00,Cow_185,0,8,7,0,25.6,Cloudy,Field B
2022-08-11,22:00,Cow_186,11,4,0,0,25.6,Cloudy,Field B
2022-08-11,22:00,Cow_187,10,2,3,0,25.6,Cloudy,Field B
2022-08-11,22:00,Cow_188,5,4,6,0,25.6,Cloudy,Field A
2022-08-11,22:00,Cow_189,9,6,0,0,25.6,Cloudy,Field A
2022-08-11,22:00,Cow_190,4,5,6,0,25.6,Cloudy,Field C
2022-08-11,22:00,Cow_191,4,8,3,0,25.6,Cloudy,Field B
2022-08-11,22:00,Cow_192,3,6,6,0,25.6,Cloudy,Field C
2022-08-11,22:00,Cow_193,0,10,8,0,25.6,Cloudy,Field B
2022-08-11,22:00,Cow_194,1,9,5,0,25.6,Cloudy,Field C
2022-08-11,22:00,Cow_195,5,10,0,0,25.6,Cloudy,Field A
2022-08-11,22:00,Cow_196,3,7,5,0,25.6,Cloudy,Field A
2022-08-11,22:00,Cow_197,5,7,3,0,25.6,Cloudy,Field C
2022-08-11,22:00,Cow_198,11,10,0,0,25.6,Cloudy,Field C
2022-08-11,22:00,Cow_199,7,5,3,0,25.6,Cloudy,Field B
2022-08-11,22:00,Cow_200,6,4,5,0,25.6,Cloudy,Field A
2022-08-11,22:00,Cow_201,9,0,8,0,25.6,Cloudy,Field B
2022-08-11,22:00,Cow_202,1,8,6,0,25.6,Cloudy,Field A
2022-08-11,22:00,Cow_203,0,7,8,0,25.6,Cloudy,Field C
2022-08-11,22:00,Cow_204,0,10,8,0,25.6,Cloudy,Field B
2022-08-11,22:00,Cow_205,8,3,4,0,25.6,Cloudy,Field B
2022-08-11,22:00,Cow_206,6,3,6,0,25.6,Cloudy,Field B
2022-08-11,22:00,Cow_207,7,3,5,0,25.6,Cloudy,Field B
2022-08-11,22:00,Cow_208,7,6,2,0,25.6,Cloudy,Field C
2022-08-11,22:00,Cow_209,6,3,6,0,25.6,Cloudy,Field A
2022-08-11,22:00,Cow_210,9,1,5,0,25.6,Cloudy,Field A
2022-08-11,22:00,Cow_211,11,5,0,0,25.6,Cloudy,Field B
2022-08-11,22:00,Cow_212,8,3,4,0,25.6,Cloudy,Field C
2022-08-11,22:00,Cow_213,12,0,7,0,25.6,Cloudy,Field C
2022-08-11,22:00,Cow_214,13,9,0,0,25.6,Cloudy,Field B
2022-08-11,22:00,Cow_215,0,0,0,15,25.6,Cloudy,Field C
2022-08-11,22:00,Cow_216,5,3,7,0,25.6,Cloudy,Field A
2022-08-11,22:00,Cow_217,2,6,7,0,25.6,Cloudy,Field A
2022-08-11,22:00,Cow_218,0,0,0,15,25.6,Cloudy,Field B
2022-08-11,22:00,Cow_219,9,3,3,0,25.6,Cloudy,Field B
2022-08-11,22:00,Cow_220,8,6,1,0,25.6,Cloudy,Field A
2022-08-11,22:00,Cow_221,9,3,3,0,25.6,Cloudy,Field C
2022-08-11,22:00,Cow_222,7,3,5,0,25.6,Cloudy,Field C
2022-08-11,22:00,Cow_223,0,0,0,15,25.6,Cloudy,Field A
2022-08-11,22:00,Cow_224,3,7,5,0,25.6,Cloudy,Field A
2022-08-11,22:00,Cow_225,8,1,6,0,25.6,Cloudy,Field C
2022-08-11,22:00,Cow_226,14,9,0,0,25.6,Cloudy,Field C
2022-08-11,22:00,Cow_227,14,0,5,0,25.6,Cloudy,Field B
2022-08-11,22:00,Cow_228,14,0,4,0,25.6,Cloudy,Field A
2022-08-11,22:00,Cow_229,0,0,0,15,25.6,Cloudy,Field B
2022-08-11,22:00,Cow_230,11,10,0,0,25.6,Cloudy,Field A
2022-08-11,22:00,Cow_231,7,3,5,0,25.6,Cloudy,Field B
2022-08-11,22:00,Cow_232,3,8,4,0,25.6,Cloudy,Field B
2022-08-11,22:00,Cow_233,3,7,5,0,25.6,Cloudy,Field C
2022-08-11,22:00,Cow_234,8,8,0,0,25.6,Cloudy,Field A
2022-08-11,22:00,Cow_235,12,10,0,0,25.6,Cloudy,Field C
2022-08-11,22:00,Cow_236,5,6,4,0,25.6,Cloudy,Field B
2022-08-11,22:00,Cow_237,6,3,6,0,25.6,Cloudy,Field B
2022-08-11,22:00,Cow_238,11,0,4,0,25.6,Cloudy,Field B
2022-08-11,22:00,Cow_239,8,9,0,0,25.6,Cloudy,Field C
2022-08-11,22:00,Cow_240,0,9,7,0,25.6,Cloudy,Field B
2022-08-11,22:00,Cow_241,2,5,8,0,25.6,Cloudy,Field A
2022-08-11,22:00,Cow_242,3,5,7,0,25.6,Cloudy,Field C
2022-08-11,22:00,Cow_243,0,9,7,0,25.6,Cloudy,Field B
2022-08-11,22:00,Cow_244,6,7,2,0,25.6,Cloudy,Field C
2022-08-11,22:00,Cow_245,2,8,5,0,25.6,Cloudy,Field C
2022-08-11,22:00,Cow_246,10,1,4,0,25.6,Cloudy,Field B
2022-08-11,22:00,Cow_247,8,5,2,0,25.6,Cloudy,Field C
2022-08-11,22:00,Cow_248,1,7,7,0,25.6,Cloudy,Field B
2022-08-11,22:00,Cow_249,10,0,5,0,25.6,Cloudy,Field A
2022-08-11,22:00,Cow_250,0,8,8,0,25.6,Cloudy,Field C
2022-08-11,22:00,Cow_251,10,3,2,0,25.6,Cloudy,Field C
2022-08-11,22:00,Cow_252,12,1,2,0,25.6,Cloudy,Field C
2022-08-11,22:00,Cow_253,8,3,4,0,25.6,Cloudy,Field B
2022-08-11,22:00,Cow_254,7,3,5,0,25.6,Cloudy,Field C
2022-08-11,22:00,Cow_255,5,5,5,0,25.6,Cloudy,Field B
2022-08-11,22:00,Cow_256,0,10,5,0,25.6,Cloudy,Field B
2022-08-11,22:00,Cow_257,0,0,0,15,25.6,Cloudy,Field A
2022-08-11,22:00,Cow_258,4,4,7,0,25.6,Cloudy,Field A
2022-08-11,22:00,Cow_259,13,8,0,0,25.6,Cloudy,Field B
2022-08-11,22:00,Cow_260,7,0,8,0,25.6,Cloudy,Field A
2022-08-11,22:00,Cow_261,9,2,4,0,25.6,Cloudy,Field B
2022-08-11,22:00,Cow_262,0,9,6,0,25.6,Cloudy,Field C
2022-08-11,22:00,Cow_263,10,0,8,0,25.6,Cloudy,Field B
2022-08-11,22:00,Cow_264,3,4,8,0,25.6,Cloudy,Field C
2022-08-11,22:00,Cow_265,14,9,0,0,25.6,Cloudy,Field B
2022-08-11,22:00,Cow_266,8,6,1,0,25.6,Cloudy,Field B
2022-08-11,22:00,Cow_267,3,7,5,0,25.6,Cloudy,Field A
2022-08-11,22:00,Cow_268,3,6,6,0,25.6,Cloudy,Field A
2022-08-11,22:00,Cow_269,8,9,0,0,25.6,Cloudy,Field B
2022-08-11,22:00,Cow_270,9,3,3,0,25.6,Cloudy,Field B
2022-08-11,22:00,Cow_271,14,0,5,0,25.6,Cloudy,Field B
2022-08-11,22:00,Cow_272,6,5,4,0,25.6,Cloudy,Field A
2022-08-11,22:00,Cow_273,4,3,8,0,25.6,Cloudy,Field A
2022-08-11,22:00,Cow_274,0,7,8,0,25.6,Cloudy,Field B
2022-08-11,22:00,Cow_275,14,0,5,0,25.6,Cloudy,Field B
2022-08-11,22:00,Cow_276,6,1,8,0,25.6,Cloudy,Field A
2022-08-11,22:00,Cow_277,13,3,0,0,25.6,Cloudy,Field A
2022-08-11,22:00,Cow_278,3,7,5,0,25.6,Cloudy,Field A
2022-08-11,22:00,Cow_279,3,9,3,0,25.6,Cloudy,Field A
2022-08-11,22:00,Cow_280,6,3,6,0,25.6,Cloudy,Field A
2022-08-11,22:00,Cow_281,7,5,3,0,25.6,Cloudy,Field C
2022-08-11,22:00,Cow_282,0,10,5,0,25.6,Cloudy,Field B
2022-08-11,22:00,Cow_283,8,2,5,0,25.6,Cloudy,Field C
2022-08-11,22:00,Cow_284,0,8,7,0,25.6,Cloudy,Field A
2022-08-11,22:00,Cow_285,8,3,4,0,25.6,Cloudy,Field B
2022-08-11,22:00,Cow_286,0,10,6,0,25.6,Cloudy,Field B
2022-08-11,22:00,Cow_287,12,0,7,0,25.6,Cloudy,Field C
2022-08-11,22:00,Cow_288,8,4,3,0,25.6,Cloudy,Field B
2022-08-11,22:00,Cow_289,10,2,3,0,25.6,Cloudy,Field B
2022-08-11,22:00,Cow_290,9,3,3,0,25.6,Cloudy,Field A
2022-08-11,22:00,Cow_291,13,4,0,0,25.6,Cloudy,Field C
2022-08-11,22:00,Cow_292,12,8,0,0,25.6,Cloudy,Field A
2022-08-11,22:00,Cow_293,11,12,0,0,25.6,Cloudy,Field A
2022-08-11,22:00,Cow_294,7,4,4,0,25.6,Cloudy,Field C
2022-08-11,22:00,Cow_295,11,6,0,0,25.6,Cloudy,Field A
2022-08-11,22:00,Cow_296,12,9,0,0,25.6,Cloudy,Field C
2022-08-11,22:00,Cow_297,7,5,3,0,25.6,Cloudy,Field C
2022-08-11,22:00,Cow_298,2,8,5,0,25.6,Cloudy,Field A
2022-08-11,22:00,Cow_299,11,0,8,0,25.6,Cloudy,Field C
2022-08-11,22:00,Cow_300,11,0,7,0,25.6,Cloudy,Field A
2022-08-11,22:00,Cow_301,6,5,4,0,25.6,Cloudy,Field B
2022-08-11,22:00,Cow_302,9,1,5,0,25.6,Cloudy,Field B
2022-08-11,22:00,Cow_303,4,6,5,0,25.6,Cloudy,Field A
2022-08-11,22:00,Cow_304,13,0,6,0,25.6,Cloudy,Field C
2022-08-11,22:00,Cow_305,8,0,7,0,25.6,Cloudy,Field A
2022-08-11,22:00,Cow_306,0,0,0,15,25.6,Cloudy,Field A
2022-08-11,22:00,Cow_307,6,6,3,0,25.6,Cloudy,Field B
2022-08-11,22:00,Cow_308,5,7,3,0,25.6,Cloudy,Field B
2022-08-11,22:00,Cow_309,7,0,8,0,25.6,Cloudy,Field A
2022-08-11,22:00,Cow_310,12,0,6,0,25.6,Cloudy,Field A
2022-08-11,22:00,Cow_311,5,6,4,0,25.6,Cloudy,Field B
2022-08-11,22:00,Cow_312,0,8,8,0,25.6,Cloudy,Field C
2022-08-11,22:00,Cow_313,7,3,5,0,25.6,Cloudy,Field C
2022-08-11,22:00,Cow_314,9,2,4,0,25.6,Cloudy,Field B
2022-08-11,22:00,Cow_315,5,4,6,0,25.6,Cloudy,Field B
2022-08-11,22:00,Cow_316,14,0,7,0,25.6,Cloudy,Field B
2022-08-11,22:00,Cow_317,3,9,3,0,25.6,Cloudy,Field B
2022-08-11,22:00,Cow_318,13,9,0,0,25.6,Cloudy,Field C
2022-08-11,22:00,Cow_319,8,10,0,0,25.6,Cloudy,Field C
2022-08-11,22:00,Cow_320,4,4,7,0,25.6,Cloudy,Field A
2022-08-11,22:00,Cow_321,11,0,4,0,25.6,Cloudy,Field A
2022-08-11,22:00,Cow_322,0,10,8,0,25.6,Cloudy,Field C
2022-08-11,22:00,Cow_323,7,3,5,0,25.6,Cloudy,Field A
2022-08-11,22:00,Cow_324,11,9,0,0,25.6,Cloudy,Field B
2022-08-11,22:00,Cow_325,14,6,0,0,25.6,Cloudy,Field C
2022-08-11,22:00,Cow_326,5,6,4,0,25.6,Cloudy,Field A
2022-08-11,22:00,Cow_327,6,3,6,0,25.6,Cloudy,Field B
2022-08-11,22:00,Cow_328,0,10,5,0,25.6,Cloudy,Field A
2022-08-11,22:00,Cow_329,8,3,4,0,25.6,Cloudy,Field B
2022-08-11,22:00,Cow_330,2,6,7,0,25.6,Cloudy,Field B
2022-08-11,22:00,Cow_331,11,0,5,0,25.6,Cloudy,Field C
2022-08-11,22:00,Cow_332,7,5,3,0,25.6,Cloudy,Field A
2022-08-11,22:00,Cow_333,3,5,7,0,25.6,Cloudy,Field A
2022-08-11,22:00,Cow_334,6,6,3,0,25.6,Cloudy,Field A
2022-08-11,22:00,Cow_335,3,9,3,0,25.6,Cloudy,Field B
2022-08-11,22:00,Cow_336,9,0,7,0,25.6,Cloudy,Field A
2022-08-11,22:00,Cow_337,4,3,8,0,25.6,Cloudy,Field A
2022-08-11,22:00,Cow_338,2,8,5,0,25.6,Cloudy,Field A
2022-08-11,22:00,Cow_339,14,0,5,0,25.6,Cloudy,Field A
2022-08-11,22:00,Cow_340,6,7,2,0,25.6,Cloudy,Field B
2022-08-11,22:00,Cow_341,11,0,7,0,25.6,Cloudy,Field C
2022-08-11,22:00,Cow_342,0,9,8,0,25.6,Cloudy,Field B
2022-08-11,22:00,Cow_343,3,7,5,0,25.6,Cloudy,Field B
2022-08-11,22:00,Cow_344,7,2,6,0,25.6,Cloudy,Field A
2022-08-11,22:00,Cow_345,12,5,0,0,25.6,Cloudy,Field C
2022-08-11,22:00,Cow_346,13,0,3,0,25.6,Cloudy,Field C
2022-08-11,22:00,Cow_347,11,5,0,0,25.6,Cloudy,Field B
2022-08-11,22:00,Cow_348,7,7,1,0,25.6,Cloudy,Field C
2022-08-11,22:00,Cow_349,6,4,5,0,25.6,Cloudy,Field B
2022-08-11,22:00,Cow_350,8,2,5,0,25.6,Cloudy,Field A
2022-08-11,22:00,Cow_351,8,4,3,0,25.6,Cloudy,Field A
2022-08-11,22:00,Cow_352,10,0,6,0,25.6,Cloudy,Field C
2022-08-11,22:00,Cow_353,12,10,0,0,25.6,Cloudy,Field A
2022-08-11,22:00,Cow_354,5,3,7,0,25.6,Cloudy,Field C
2022-08-11,22:00,Cow_355,8,6,1,0,25.6,Cloudy,Field B
2022-08-11,22:00,Cow_356,0,0,0,15,25.6,Cloudy,Field A
2022-08-11,22:00,Cow_357,10,3,2,0,25.6,Cloudy,Field B
2022-08-11,22:00,Cow_358,10,1,4,0,25.6,Cloudy,Field B
2022-08-11,22:00,Cow_359,10,0,9,0,25.6,Cloudy,Field B
2022-08-11,22:00,Cow_360,5,7,3,0,25.6,Cloudy,Field B
2022-08-11,22:00,Cow_361,14,4,0,0,25.6,Cloudy,Field B
2022-08-11,22:00,Cow_362,8,5,2,0,25.6,Cloudy,Field B
2022-08-11,22:00,Cow_363,14,4,0,0,25.6,Cloudy,Field A
2022-08-11,22:00,Cow_364,5,4,6,0,25.6,Cloudy,Field C
2022-08-11,22:00,Cow_365,12,9,0,0,25.6,Cloudy,Field B
2022-08-11,22:00,Cow_366,8,9,0,0,25.6,Cloudy,Field C
2022-08-11,22:00,Cow_367,10,1,4,0,25.6,Cloudy,Field C
2022-08-11,22:00,Cow_368,1,6,8,0,25.6,Cloudy,Field B
2022-08-11,22:00,Cow_369,10,9,0,0,25.6,Cloudy,Field A
2022-08-11,22:00,Cow_370,0,0,0,15,25.6,Cloudy,Field A
2022-08-11,22:00,Cow_371,12,7,0,0,25.6,Cloudy,Field C
2022-08-11,22:00,Cow_372,2,10,3,0,25.6,Cloudy,Field C
2022-08-11,22:00,Cow_373,2,5,8,0,25.6,Cloudy,Field B
2022-08-11,22:00,Cow_374,10,0,7,0,25.6,Cloudy,Field C
2022-08-11,22:00,Cow_375,7,10,0,0,25.6,Cloudy,Field A
2022-08-11,22:00,Cow_376,6,8,1,0,25.6,Cloudy,Field B
2022-08-11,22:00,Cow_377,11,0,6,0,25.6,Cloudy,Field B
2022-08-11,22:00,Cow_378,7,2,6,0,25.6,Cloudy,Field B
2022-08-11,22:00,Cow_379,10,1,4,0,25.6,Cloudy,Field B
2022-08-11,22:00,Cow_380,0,9,6,0,25.6,Cloudy,Field B
2022-08-11,22:00,Cow_381,10,0,7,0,25.6,Cloudy,Field C
2022-08-11,22:00,Cow_382,4,4,7,0,25.6,Cloudy,Field C
2022-08-11,22:00,Cow_383,4,6,5,0,25.6,Cloudy,Field B
2022-08-11,22:00,Cow_384,12,0,4,0,25.6,Cloudy,Field A
2022-08-11,22:00,Cow_385,4,4,7,0,25.6,Cloudy,Field C
2022-08-11,22:00,Cow_386,3,7,5,0,25.6,Cloudy,Field C
2022-08-11,22:00,Cow_387,14,9,0,0,25.6,Cloudy,Field A
2022-08-11,22:00,Cow_388,9,0,6,0,25.6,Cloudy,Field C
2022-08-11,22:00,Cow_389,0,0,0,15,25.6,Cloudy,Field B
2022-08-11,22:00,Cow_390,13,5,0,0,25.6,Cloudy,Field A
2022-08-11,22:00,Cow_391,11,4,0,0,25.6,Cloudy,Field B
2022-08-11,22:00,Cow_392,6,5,4,0,25.6,Cloudy,Field B
2022-08-11,22:00,Cow_393,8,0,8,0,25.6,Cloudy,Field B
2022-08-11,22:00,Cow_394,13,4,0,0,25.6,Cloudy,Field A
2022-08-11,22:00,Cow_395,10,0,9,0,25.6,Cloudy,Field B
2022-08-11,22:00,Cow_396,9,0,6,0,25.6,Cloudy,Field A
2022-08-11,22:00,Cow_397,5,4,6,0,25.6,Cloudy,Field C
2022-08-11,22:00,Cow_398,7,7,1,0,25.6,Cloudy,Field C
2022-08-11,22:00,Cow_399,0,0,0,15,25.6,Cloudy,Field C
2022-08-11,22:00,Cow_400,5,2,8,0,25.6,Cloudy,Field C
2022-08-11,22:00,Cow_401,13,0,3,0,25.6,Cloudy,Field A
2022-08-11,22:00,Cow_402,7,5,3,0,25.6,Cloudy,Field A
2022-08-11,22:00,Cow_403,0,0,0,15,25.6,Cloudy,Field C
2022-08-11,22:00,Cow_404,1,7,7,0,25.6,Cloudy,Field C
2022-08-11,22:00,Cow_405,9,7,0,0,25.6,Cloudy,Field B
2022-08-11,22:00,Cow_406,2,10,3,0,25.6,Cloudy,Field C
2022-08-11,22:00,Cow_407,0,0,0,15,25.6,Cloudy,Field A
2022-08-11,22:00,Cow_408,10,0,6,0,25.6,Cloudy,Field A
2022-08-11,22:00,Cow_409,14,0,4,0,25.6,Cloudy,Field C
2022-08-11,22:00,Cow_410,1,8,6,0,25.6,Cloudy,Field B
2022-08-11,22:00,Cow_411,6,9,0,0,25.6,Cloudy,Field C
2022-08-11,22:00,Cow_412,6,0,10,0,25.6,Cloudy,Field B
2022-08-11,22:00,Cow_413,5,7,3,0,25.6,Cloudy,Field A
2022-08-11,22:00,Cow_414,0,0,0,15,25.6,Cloudy,Field A
2022-08-11,22:00,Cow_415,13,0,3,0,25.6,Cloudy,Field A
2022-08-11,22:00,Cow_416,7,8,0,0,25.6,Cloudy,Field A
2022-08-11,22:00,Cow_417,2,7,6,0,25.6,Cloudy,Field A
2022-08-11,22:00,Cow_418,5,4,6,0,25.6,Cloudy,Field C
2022-08-11,22:00,Cow_419,0,0,0,15,25.6,Cloudy,Field A
2022-08-11,22:00,Cow_420,14,0,7,0,25.6,Cloudy,Field C
2022-08-11,22:00,Cow_421,11,5,0,0,25.6,Cloudy,Field A
2022-08-11,22:00,Cow_422,12,9,0,0,25.6,Cloudy,Field A
2022-08-11,22:00,Cow_423,5,6,4,0,25.6,Cloudy,Field A
2022-08-11,22:00,Cow_424,2,5,8,0,25.6,Cloudy,Field B
2022-08-11,22:00,Cow_425,12,0,5,0,25.6,Cloudy,Field C
2022-08-11,22:00,Cow_426,2,10,3,0,25.6,Cloudy,Field C
2022-08-11,22:00,Cow_427,5,3,7,0,25.6,Cloudy,Field B
2022-08-11,22:00,Cow_428,3,7,5,0,25.6,Cloudy,Field A
2022-08-11,22:00,Cow_429,14,0,7,0,25.6,Cloudy,Field A
2022-08-11,22:00,Cow_430,14,7,0,0,25.6,Cloudy,Field A
2022-08-11,22:00,Cow_431,0,0,0,15,25.6,Cloudy,Field C
2022-08-11,22:00,Cow_432,0,8,7,0,25.6,Cloudy,Field B
2022-08-11,22:00,Cow_433,7,3,5,0,25.6,Cloudy,Field C
2022-08-11,22:00,Cow_434,1,10,4,0,25.6,Cloudy,Field A
2022-08-11,22:00,Cow_435,6,5,4,0,25.6,Cloudy,Field B
2022-08-11,22:00,Cow_436,14,0,5,0,25.6,Cloudy,Field B
2022-08-11,22:00,Cow_437,7,5,3,0,25.6,Cloudy,Field B
2022-08-11,22:00,Cow_438,9,10,0,0,25.6,Cloudy,Field B
2022-08-11,22:00,Cow_439,11,10,0,0,25.6,Cloudy,Field C
2022-08-11,22:00,Cow_440,13,0,3,0,25.6,Cloudy,Field B
2022-08-11,22:00,Cow_441,5,10,0,0,25.6,Cloudy,Field B
2022-08-11,22:00,Cow_442,0,0,0,15,25.6,Cloudy,Field A
2022-08-11,22:00,Cow_443,12,0,8,0,25.6,Cloudy,Field A
2022-08-11,22:00,Cow_444,9,7,0,0,25.6,Cloudy,Field B
2022-08-11,22:00,Cow_445,3,7,5,0,25.6,Cloudy,Field B
2022-08-11,22:00,Cow_446,5,7,3,0,25.6,Cloudy,Field B
2022-08-11,22:00,Cow_447,9,5,1,0,25.6,Cloudy,Field C
2022-08-11,22:00,Cow_448,9,3,3,0,25.6,Cloudy,Field C
2022-08-11,22:00,Cow_449,0,0,0,15,25.6,Cloudy,Field B
2022-08-11,22:00,Cow_450,11,0,4,0,25.6,Cloudy,Field B
2022-08-11,22:00,Cow_451,14,6,0,0,25.6,Cloudy,Field C
2022-08-11,22:00,Cow_452,0,9,8,0,25.6,Cloudy,Field B
2022-08-11,22:00,Cow_453,3,6,6,0,25.6,Cloudy,Field B
2022-08-11,22:00,Cow_454,2,7,6,0,25.6,Cloudy,Field B
2022-08-11,22:00,Cow_455,10,2,3,0,25.6,Cloudy,Field C
2022-08-11,22:00,Cow_456,6,3,6,0,25.6,Cloudy,Field B
2022-08-11,22:00,Cow_457,9,0,7,0,25.6,Cloudy,Field B
2022-08-11,22:00,Cow_458,0,0,0,15,25.6,Cloudy,Field B
2022-08-11,22:00,Cow_459,13,0,3,0,25.6,Cloudy,Field C
2022-08-11,22:00,Cow_460,0,0,0,15,25.6,Cloudy,Field C
2022-08-11,22:00,Cow_461,8,4,3,0,25.6,Cloudy,Field A
2022-08-11,22:00,Cow_462,2,10,3,0,25.6,Cloudy,Field C
2022-08-11,22:00,Cow_463,13,0,4,0,25.6,Cloudy,Field B
2022-08-11,22:00,Cow_464,10,3,2,0,25.6,Cloudy,Field B
2022-08-11,22:00,Cow_465,6,7,2,0,25.6,Cloudy,Field C
2022-08-11,22:00,Cow_466,1,8,6,0,25.6,Cloudy,Field C
2022-08-11,22:00,Cow_467,0,0,0,15,25.6,Cloudy,Field B
2022-08-11,22:00,Cow_468,10,0,8,0,25.6,Cloudy,Field B
2022-08-11,22:00,Cow_469,2,7,6,0,25.6,Cloudy,Field A
2022-08-11,22:00,Cow_470,6,4,5,0,25.6,Cloudy,Field A
2022-08-11,22:00,Cow_471,8,7,0,0,25.6,Cloudy,Field C
2022-08-11,22:00,Cow_472,5,2,8,0,25.6,Cloudy,Field A
2022-08-11,22:00,Cow_473,10,2,3,0,25.6,Cloudy,Field C
2022-08-11,22:00,Cow_474,0,8,7,0,25.6,Cloudy,Field C
2022-08-11,22:00,Cow_475,4,8,3,0,25.6,Cloudy,Field B
2022-08-11,22:00,Cow_476,7,5,3,0,25.6,Cloudy,Field C
2022-08-11,22:00,Cow_477,10,1,4,0,25.6,Cloudy,Field C
2022-08-11,22:00,Cow_478,12,5,0,0,25.6,Cloudy,Field B
2022-08-11,22:00,Cow_479,10,0,10,0,25.6,Cloudy,Field A
2022-08-11,22:00,Cow_480,12,9,0,0,25.6,Cloudy,Field A
2022-08-11,22:00,Cow_481,13,0,6,0,25.6,Cloudy,Field A
2022-08-11,22:00,Cow_482,8,9,0,0,25.6,Cloudy,Field C
2022-08-11,22:00,Cow_483,6,4,5,0,25.6,Cloudy,Field A
2022-08-11,22:00,Cow_484,0,0,0,15,25.6,Cloudy,Field C
2022-08-11,22:00,Cow_485,8,4,3,0,25.6,Cloudy,Field C
2022-08-11,22:00,Cow_486,4,8,3,0,25.6,Cloudy,Field C
2022-08-11,22:00,Cow_487,0,0,0,15,25.6,Cloudy,Field A
2022-08-11,22:00,Cow_488,3,4,8,0,25.6,Cloudy,Field C
2022-08-11,22:00,Cow_489,8,4,3,0,25.6,Cloudy,Field C
2022-08-11,22:00,Cow_490,0,8,8,0,25.6,Cloudy,Field C
2022-08-11,22:00,Cow_491,13,0,7,0,25.6,Cloudy,Field C
2022-08-11,22:00,Cow_492,0,9,6,0,25.6,Cloudy,Field C
2022-08-11,22:00,Cow_493,5,7,3,0,25.6,Cloudy,Field A
2022-08-11,22:00,Cow_494,8,3,4,0,25.6,Cloudy,Field B
2022-08-11,22:00,Cow_495,5,6,4,0,25.6,Cloudy,Field A
2022-08-11,22:00,Cow_496,13,0,4,0,25.6,Cloudy,Field C
2022-08-11,22:00,Cow_497,10,0,6,0,25.6,Cloudy,Field C
2022-08-11,22:00,Cow_498,5,6,4,0,25.6,Cloudy,Field C
2022-08-11,22:00,Cow_499,4,4,7,0,25.6,Cloudy,Field C
2022-08-11,22:00,Cow_500,3,7,5,0,25.6,Cloudy,Field B
2022-08-11,22:15,Cow_1,2,9,4,0,28.0,Rainy,Field B
2022-08-11,22:15,Cow_2,1,6,8,0,28.0,Rainy,Field C
2022-08-11,22:15,Cow_3,4,8,3,0,28.0,Rainy,Field B
2022-08-11,22:15,Cow_4,5,8,2,0,28.0,Rainy,Field A
2022-08-11,22:15,Cow_5,1,6,8,0,28.0,Rainy,Field A
2022-08-11,22:15,Cow_6,0,0,0,15,28.0,Rainy,Field C
2022-08-11,22:15,Cow_7,0,9,7,0,28.0,Rainy,Field B
2022-08-11,22:15,Cow_8,3,4,8,0,28.0,Rainy,Field A
2022-08-11,22:15,Cow_9,7,3,5,0,28.0,Rainy,Field B
2022-08-11,22:15,Cow_10,0,0,0,15,28.0,Rainy,Field C
2022-08-11,22:15,Cow_11,14,10,0,0,28.0,Rainy,Field A
2022-08-11,22:15,Cow_12,3,5,7,0,28.0,Rainy,Field A
2022-08-11,22:15,Cow_13,13,9,0,0,28.0,Rainy,Field B
2022-08-11,22:15,Cow_14,10,6,0,0,28.0,Rainy,Field C
2022-08-11,22:15,Cow_15,1,9,5,0,28.0,Rainy,Field B
2022-08-11,22:15,Cow_16,13,3,0,0,28.0,Rainy,Field B
2022-08-11,22:15,Cow_17,7,1,7,0,28.0,Rainy,Field B
2022-08-11,22:15,Cow_18,5,4,6,0,28.0,Rainy,Field C
2022-08-11,22:15,Cow_19,12,3,0,0,28.0,Rainy,Field B
2022-08-11,22:15,Cow_20,7,4,4,0,28.0,Rainy,Field A
2022-08-11,22:15,Cow_21,10,0,10,0,28.0,Rainy,Field C
2022-08-11,22:15,Cow_22,0,0,0,15,28.0,Rainy,Field C
2022-08-11,22:15,Cow_23,10,2,3,0,28.0,Rainy,Field B
2022-08-11,22:15,Cow_24,10,0,7,0,28.0,Rainy,Field A
2022-08-11,22:15,Cow_25,14,9,0,0,28.0,Rainy,Field C
2022-08-11,22:15,Cow_26,2,9,4,0,28.0,Rainy,Field B
2022-08-11,22:15,Cow_27,0,10,8,0,28.0,Rainy,Field A
2022-08-11,22:15,Cow_28,5,7,3,0,28.0,Rainy,Field B
2022-08-11,22:15,Cow_29,0,0,0,15,28.0,Rainy,Field B
2022-08-11,22:15,Cow_30,1,6,8,0,28.0,Rainy,Field B
2022-08-11,22:15,Cow_31,4,9,2,0,28.0,Rainy,Field A
2022-08-11,22:15,Cow_32,6,3,6,0,28.0,Rainy,Field B
2022-08-11,22:15,Cow_33,6,10,0,0,28.0,Rainy,Field C
2022-08-11,22:15,Cow_34,10,6,0,0,28.0,Rainy,Field C
2022-08-11,22:15,Cow_35,14,0,6,0,28.0,Rainy,Field C
2022-08-11,22:15,Cow_36,9,1,5,0,28.0,Rainy,Field B
2022-08-11,22:15,Cow_37,7,7,1,0,28.0,Rainy,Field C
2022-08-11,22:15,Cow_38,14,6,0,0,28.0,Rainy,Field B
2022-08-11,22:15,Cow_39,8,2,5,0,28.0,Rainy,Field A
2022-08-11,22:15,Cow_40,0,10,7,0,28.0,Rainy,Field B
2022-08-11,22:15,Cow_41,0,0,0,15,28.0,Rainy,Field C
2022-08-11,22:15,Cow_42,12,7,0,0,28.0,Rainy,Field C
2022-08-11,22:15,Cow_43,8,10,0,0,28.0,Rainy,Field B
2022-08-11,22:15,Cow_44,0,10,7,0,28.0,Rainy,Field A
2022-08-11,22:15,Cow_45,13,5,0,0,28.0,Rainy,Field B
2022-08-11,22:15,Cow_46,2,8,5,0,28.0,Rainy,Field B
2022-08-11,22:15,Cow_47,5,6,4,0,28.0,Rainy,Field A
2022-08-11,22:15,Cow_48,6,4,5,0,28.0,Rainy,Field C
2022-08-11,22:15,Cow_49,13,0,3,0,28.0,Rainy,Field C
2022-08-11,22:15,Cow_50,1,8,6,0,28.0,Rainy,Field C
2022-08-11,22:15,Cow_51,12,0,8,0,28.0,Rainy,Field B
2022-08-11,22:15,Cow_52,6,4,5,0,28.0,Rainy,Field B
2022-08-11,22:15,Cow_53,6,9,0,0,28.0,Rainy,Field A
2022-08-11,22:15,Cow_54,0,10,9,0,28.0,Rainy,Field A
2022-08-11,22:15,Cow_55,6,5,4,0,28.0,Rainy,Field C
2022-08-11,22:15,Cow_56,8,3,4,0,28.0,Rainy,Field C
2022-08-11,22:15,Cow_57,0,8,7,0,28.0,Rainy,Field A
2022-08-11,22:15,Cow_58,5,5,5,0,28.0,Rainy,Field A
2022-08-11,22:15,Cow_59,12,5,0,0,28.0,Rainy,Field A
2022-08-11,22:15,Cow_60,14,0,3,0,28.0,Rainy,Field A
2022-08-11,22:15,Cow_61,0,0,0,15,28.0,Rainy,Field B
2022-08-11,22:15,Cow_62,10,10,0,0,28.0,Rainy,Field C
2022-08-11,22:15,Cow_63,5,3,7,0,28.0,Rainy,Field C
2022-08-11,22:15,Cow_64,9,4,2,0,28.0,Rainy,Field B
2022-08-11,22:15,Cow_65,5,2,8,0,28.0,Rainy,Field C
2022-08-11,22:15,Cow_66,7,2,6,0,28.0,Rainy,Field C
2022-08-11,22:15,Cow_67,14,0,4,0,28.0,Rainy,Field C
2022-08-11,22:15,Cow_68,10,6,0,0,28.0,Rainy,Field A
2022-08-11,22:15,Cow_69,0,0,0,15,28.0,Rainy,Field B
2022-08-11,22:15,Cow_70,11,0,7,0,28.0,Rainy,Field B
2022-08-11,22:15,Cow_71,5,5,5,0,28.0,Rainy,Field B
2022-08-11,22:15,Cow_72,11,0,4,0,28.0,Rainy,Field A
2022-08-11,22:15,Cow_73,0,0,0,15,28.0,Rainy,Field C
2022-08-11,22:15,Cow_74,6,6,3,0,28.0,Rainy,Field B
2022-08-11,22:15,Cow_75,11,1,3,0,28.0,Rainy,Field B
2022-08-11,22:15,Cow_76,5,5,5,0,28.0,Rainy,Field C
2022-08-11,22:15,Cow_77,3,8,4,0,28.0,Rainy,Field C
2022-08-11,22:15,Cow_78,11,0,6,0,28.0,Rainy,Field B
2022-08-11,22:15,Cow_79,8,3,4,0,28.0,Rainy,Field B
2022-08-11,22:15,Cow_80,5,10,0,0,28.0,Rainy,Field A
2022-08-11,22:15,Cow_81,0,7,8,0,28.0,Rainy,Field B
2022-08-11,22:15,Cow_82,1,7,7,0,28.0,Rainy,Field A
2022-08-11,22:15,Cow_83,9,1,5,0,28.0,Rainy,Field A
2022-08-11,22:15,Cow_84,12,6,0,0,28.0,Rainy,Field C
2022-08-11,22:15,Cow_85,10,0,7,0,28.0,Rainy,Field B
2022-08-11,22:15,Cow_86,2,5,8,0,28.0,Rainy,Field B
2022-08-11,22:15,Cow_87,11,7,0,0,28.0,Rainy,Field A
2022-08-11,22:15,Cow_88,14,10,0,0,28.0,Rainy,Field B
2022-08-11,22:15,Cow_89,12,0,7,0,28.0,Rainy,Field C
2022-08-11,22:15,Cow_90,6,5,4,0,28.0,Rainy,Field B
2022-08-11,22:15,Cow_91,9,3,3,0,28.0,Rainy,Field A
2022-08-11,22:15,Cow_92,5,10,0,0,28.0,Rainy,Field A
2022-08-11,22:15,Cow_93,4,3,8,0,28.0,Rainy,Field A
2022-08-11,22:15,Cow_94,9,3,3,0,28.0,Rainy,Field A
2022-08-11,22:15,Cow_95,8,1,6,0,28.0,Rainy,Field A
2022-08-11,22:15,Cow_96,2,9,4,0,28.0,Rainy,Field A
2022-08-11,22:15,Cow_97,13,0,3,0,28.0,Rainy,Field B
2022-08-11,22:15,Cow_98,10,8,0,0,28.0,Rainy,Field B
2022-08-11,22:15,Cow_99,7,4,4,0,28.0,Rainy,Field C
2022-08-11,22:15,Cow_100,2,8,5,0,28.0,Rainy,Field A
2022-08-11,22:15,Cow_101,8,3,4,0,28.0,Rainy,Field A
2022-08-11,22:15,Cow_102,6,6,3,0,28.0,Rainy,Field C
2022-08-11,22:15,Cow_103,12,0,7,0,28.0,Rainy,Field B
2022-08-11,22:15,Cow_104,6,5,4,0,28.0,Rainy,Field B
2022-08-11,22:15,Cow_105,13,0,4,0,28.0,Rainy,Field A
2022-08-11,22:15,Cow_106,8,3,4,0,28.0,Rainy,Field B
2022-08-11,22:15,Cow_107,7,10,0,0,28.0,Rainy,Field A
2022-08-11,22:15,Cow_108,8,5,2,0,28.0,Rainy,Field A
2022-08-11,22:15,Cow_109,10,0,7,0,28.0,Rainy,Field B
2022-08-11,22:15,Cow_110,7,5,3,0,28.0,Rainy,Field C
2022-08-11,22:15,Cow_111,0,0,0,15,28.0,Rainy,Field C
2022-08-11,22:15,Cow_112,13,0,6,0,28.0,Rainy,Field A
2022-08-11,22:15,Cow_113,7,5,3,0,28.0,Rainy,Field B
2022-08-11,22:15,Cow_114,12,3,0,0,28.0,Rainy,Field B
2022-08-11,22:15,Cow_115,9,0,6,0,28.0,Rainy,Field A
2022-08-11,22:15,Cow_116,4,5,6,0,28.0,Rainy,Field A
2022-08-11,22:15,Cow_117,11,10,0,0,28.0,Rainy,Field B
2022-08-11,22:15,Cow_118,11,10,0,0,28.0,Rainy,Field C
2022-08-11,22:15,Cow_119,6,9,0,0,28.0,Rainy,Field A
2022-08-11,22:15,Cow_120,11,0,6,0,28.0,Rainy,Field C
2022-08-11,22:15,Cow_121,3,4,8,0,28.0,Rainy,Field C
2022-08-11,22:15,Cow_122,6,9,0,0,28.0,Rainy,Field C
2022-08-11,22:15,Cow_123,1,6,8,0,28.0,Rainy,Field C
2022-08-11,22:15,Cow_124,7,2,6,0,28.0,Rainy,Field A
2022-08-11,22:15,Cow_125,5,7,3,0,28.0,Rainy,Field B
2022-08-11,22:15,Cow_126,9,4,2,0,28.0,Rainy,Field C
2022-08-11,22:15,Cow_127,13,0,6,0,28.0,Rainy,Field C
2022-08-11,22:15,Cow_128,9,0,8,0,28.0,Rainy,Field B
2022-08-11,22:15,Cow_129,11,10,0,0,28.0,Rainy,Field A
2022-08-11,22:15,Cow_130,7,5,3,0,28.0,Rainy,Field A
2022-08-11,22:15,Cow_131,3,9,3,0,28.0,Rainy,Field A
2022-08-11,22:15,Cow_132,8,10,0,0,28.0,Rainy,Field B
2022-08-11,22:15,Cow_133,0,9,8,0,28.0,Rainy,Field C
2022-08-11,22:15,Cow_134,12,0,7,0,28.0,Rainy,Field A
2022-08-11,22:15,Cow_135,10,1,4,0,28.0,Rainy,Field C
2022-08-11,22:15,Cow_136,1,8,6,0,28.0,Rainy,Field A
2022-08-11,22:15,Cow_137,13,0,6,0,28.0,Rainy,Field B
2022-08-11,22:15,Cow_138,14,3,0,0,28.0,Rainy,Field C
2022-08-11,22:15,Cow_139,7,5,3,0,28.0,Rainy,Field A
2022-08-11,22:15,Cow_140,1,10,4,0,28.0,Rainy,Field A
2022-08-11,22:15,Cow_141,14,0,6,0,28.0,Rainy,Field C
2022-08-11,22:15,Cow_142,5,3,7,0,28.0,Rainy,Field B
2022-08-11,22:15,Cow_143,6,4,5,0,28.0,Rainy,Field A
2022-08-11,22:15,Cow_144,3,4,8,0,28.0,Rainy,Field C
2022-08-11,22:15,Cow_145,13,0,7,0,28.0,Rainy,Field C
2022-08-11,22:15,Cow_146,0,0,0,15,28.0,Rainy,Field C
2022-08-11,22:15,Cow_147,4,8,3,0,28.0,Rainy,Field B
2022-08-11,22:15,Cow_148,9,0,8,0,28.0,Rainy,Field B
2022-08-11,22:15,Cow_149,12,9,0,0,28.0,Rainy,Field A
2022-08-11,22:15,Cow_150,12,6,0,0,28.0,Rainy,Field B
2022-08-11,22:15,Cow_151,11,9,0,0,28.0,Rainy,Field A
2022-08-11,22:15,Cow_152,2,8,5,0,28.0,Rainy,Field A
2022-08-11,22:15,Cow_153,8,0,7,0,28.0,Rainy,Field C
2022-08-11,22:15,Cow_154,13,3,0,0,28.0,Rainy,Field B
2022-08-11,22:15,Cow_155,4,3,8,0,28.0,Rainy,Field A
2022-08-11,22:15,Cow_156,12,7,0,0,28.0,Rainy,Field B
2022-08-11,22:15,Cow_157,0,0,0,15,28.0,Rainy,Field B
2022-08-11,22:15,Cow_158,7,0,8,0,28.0,Rainy,Field C
2022-08-11,22:15,Cow_159,5,2,8,0,28.0,Rainy,Field C
2022-08-11,22:15,Cow_160,6,6,3,0,28.0,Rainy,Field C
2022-08-11,22:15,Cow_161,8,4,3,0,28.0,Rainy,Field A
2022-08-11,22:15,Cow_162,6,3,6,0,28.0,Rainy,Field B
2022-08-11,22:15,Cow_163,5,3,7,0,28.0,Rainy,Field B
2022-08-11,22:15,Cow_164,14,7,0,0,28.0,Rainy,Field C
2022-08-11,22:15,Cow_165,0,10,7,0,28.0,Rainy,Field B
2022-08-11,22:15,Cow_166,0,10,5,0,28.0,Rainy,Field B
2022-08-11,22:15,Cow_167,0,10,5,0,28.0,Rainy,Field B
2022-08-11,22:15,Cow_168,14,7,0,0,28.0,Rainy,Field B
2022-08-11,22:15,Cow_169,6,3,6,0,28.0,Rainy,Field A
2022-08-11,22:15,Cow_170,3,5,7,0,28.0,Rainy,Field C
2022-08-11,22:15,Cow_171,14,4,0,0,28.0,Rainy,Field A
2022-08-11,22:15,Cow_172,5,3,7,0,28.0,Rainy,Field C
2022-08-11,22:15,Cow_173,10,8,0,0,28.0,Rainy,Field B
2022-08-11,22:15,Cow_174,14,0,10,0,28.0,Rainy,Field B
2022-08-11,22:15,Cow_175,6,1,8,0,28.0,Rainy,Field A
2022-08-11,22:15,Cow_176,7,6,2,0,28.0,Rainy,Field A
2022-08-11,22:15,Cow_177,5,4,6,0,28.0,Rainy,Field A
2022-08-11,22:15,Cow_178,8,8,0,0,28.0,Rainy,Field A
2022-08-11,22:15,Cow_179,6,5,4,0,28.0,Rainy,Field A
2022-08-11,22:15,Cow_180,9,8,0,0,28.0,Rainy,Field C
2022-08-11,22:15,Cow_181,10,2,3,0,28.0,Rainy,Field A
2022-08-11,22:15,Cow_182,7,4,4,0,28.0,Rainy,Field A
2022-08-11,22:15,Cow_183,4,8,3,0,28.0,Rainy,Field C
2022-08-11,22:15,Cow_184,14,0,7,0,28.0,Rainy,Field C
2022-08-11,22:15,Cow_185,0,0,0,15,28.0,Rainy,Field C
2022-08-11,22:15,Cow_186,7,3,5,0,28.0,Rainy,Field B
2022-08-11,22:15,Cow_187,11,7,0,0,28.0,Rainy,Field A
2022-08-11,22:15,Cow_188,5,9,1,0,28.0,Rainy,Field A
2022-08-11,22:15,Cow_189,0,10,7,0,28.0,Rainy,Field B
2022-08-11,22:15,Cow_190,0,0,0,15,28.0,Rainy,Field B
2022-08-11,22:15,Cow_191,8,4,3,0,28.0,Rainy,Field A
2022-08-11,22:15,Cow_192,10,4,1,0,28.0,Rainy,Field C
2022-08-11,22:15,Cow_193,10,9,0,0,28.0,Rainy,Field A
2022-08-11,22:15,Cow_194,11,6,0,0,28.0,Rainy,Field B
2022-08-11,22:15,Cow_195,10,0,7,0,28.0,Rainy,Field C
2022-08-11,22:15,Cow_196,0,7,8,0,28.0,Rainy,Field C
2022-08-11,22:15,Cow_197,0,0,0,15,28.0,Rainy,Field B
2022-08-11,22:15,Cow_198,12,0,8,0,28.0,Rainy,Field C
2022-08-11,22:15,Cow_199,6,3,6,0,28.0,Rainy,Field C
2022-08-11,22:15,Cow_200,0,8,8,0,28.0,Rainy,Field B
2022-08-11,22:15,Cow_201,1,8,6,0,28.0,Rainy,Field B
2022-08-11,22:15,Cow_202,12,8,0,0,28.0,Rainy,Field A
2022-08-11,22:15,Cow_203,0,9,6,0,28.0,Rainy,Field B
2022-08-11,22:15,Cow_204,13,3,0,0,28.0,Rainy,Field A
2022-08-11,22:15,Cow_205,8,1,6,0,28.0,Rainy,Field C
2022-08-11,22:15,Cow_206,6,1,8,0,28.0,Rainy,Field A
2022-08-11,22:15,Cow_207,12,9,0,0,28.0,Rainy,Field B
2022-08-11,22:15,Cow_208,7,5,3,0,28.0,Rainy,Field A
2022-08-11,22:15,Cow_209,11,10,0,0,28.0,Rainy,Field C
2022-08-11,22:15,Cow_210,8,9,0,0,28.0,Rainy,Field B
2022-08-11,22:15,Cow_211,9,9,0,0,28.0,Rainy,Field A
2022-08-11,22:15,Cow_212,3,8,4,0,28.0,Rainy,Field A
2022-08-11,22:15,Cow_213,5,6,4,0,28.0,Rainy,Field C
2022-08-11,22:15,Cow_214,14,5,0,0,28.0,Rainy,Field A
2022-08-11,22:15,Cow_215,9,6,0,0,28.0,Rainy,Field C
2022-08-11,22:15,Cow_216,14,9,0,0,28.0,Rainy,Field A
2022-08-11,22:15,Cow_217,6,5,4,0,28.0,Rainy,Field A
2022-08-11,22:15,Cow_218,0,0,0,15,28.0,Rainy,Field A
2022-08-11,22:15,Cow_219,10,2,3,0,28.0,Rainy,Field A
2022-08-11,22:15,Cow_220,9,4,2,0,28.0,Rainy,Field C
2022-08-11,22:15,Cow_221,13,0,3,0,28.0,Rainy,Field A
2022-08-11,22:15,Cow_222,13,4,0,0,28.0,Rainy,Field B
2022-08-11,22:15,Cow_223,0,0,0,15,28.0,Rainy,Field B
2022-08-11,22:15,Cow_224,1,6,8,0,28.0,Rainy,Field B
2022-08-11,22:15,Cow_225,6,3,6,0,28.0,Rainy,Field A
2022-08-11,22:15,Cow_226,0,0,0,15,28.0,Rainy,Field B
2022-08-11,22:15,Cow_227,4,3,8,0,28.0,Rainy,Field B
2022-08-11,22:15,Cow_228,13,0,7,0,28.0,Rainy,Field B
2022-08-11,22:15,Cow_229,5,2,8,0,28.0,Rainy,Field C
2022-08-11,22:15,Cow_230,2,7,6,0,28.0,Rainy,Field B
2022-08-11,22:15,Cow_231,7,4,4,0,28.0,Rainy,Field C
2022-08-11,22:15,Cow_232,2,7,6,0,28.0,Rainy,Field C
2022-08-11,22:15,Cow_233,1,8,6,0,28.0,Rainy,Field A
2022-08-11,22:15,Cow_234,13,6,0,0,28.0,Rainy,Field B
2022-08-11,22:15,Cow_235,0,11,10,0,28.0,Rainy,Field A
2022-08-11,22:15,Cow_236,1,6,8,0,28.0,Rainy,Field A
2022-08-11,22:15,Cow_237,9,10,0,0,28.0,Rainy,Field C
2022-08-11,22:15,Cow_238,13,0,5,0,28.0,Rainy,Field A
2022-08-11,22:15,Cow_239,10,6,0,0,28.0,Rainy,Field A
2022-08-11,22:15,Cow_240,0,0,0,15,28.0,Rainy,Field C
2022-08-11,22:15,Cow_241,3,6,6,0,28.0,Rainy,Field C
2022-08-11,22:15,Cow_242,10,0,8,0,28.0,Rainy,Field C
2022-08-11,22:15,Cow_243,10,5,0,0,28.0,Rainy,Field C
2022-08-11,22:15,Cow_244,5,3,7,0,28.0,Rainy,Field C
2022-08-11,22:15,Cow_245,12,0,3,0,28.0,Rainy,Field C
2022-08-11,22:15,Cow_246,9,4,2,0,28.0,Rainy,Field C
2022-08-11,22:15,Cow_247,11,4,0,0,28.0,Rainy,Field A
2022-08-11,22:15,Cow_248,12,0,8,0,28.0,Rainy,Field C
2022-08-11,22:15,Cow_249,7,5,3,0,28.0,Rainy,Field C
2022-08-11,22:15,Cow_250,0,9,8,0,28.0,Rainy,Field C
2022-08-11,22:15,Cow_251,7,8,0,0,28.0,Rainy,Field B
2022-08-11,22:15,Cow_252,11,12,0,0,28.0,Rainy,Field C
2022-08-11,22:15,Cow_253,9,0,7,0,28.0,Rainy,Field A
2022-08-11,22:15,Cow_254,6,5,4,0,28.0,Rainy,Field C
2022-08-11,22:15,Cow_255,8,4,3,0,28.0,Rainy,Field A
2022-08-11,22:15,Cow_256,5,4,6,0,28.0,Rainy,Field C
2022-08-11,22:15,Cow_257,5,3,7,0,28.0,Rainy,Field C
2022-08-11,22:15,Cow_258,14,5,0,0,28.0,Rainy,Field C
2022-08-11,22:15,Cow_259,6,6,3,0,28.0,Rainy,Field B
2022-08-11,22:15,Cow_260,6,10,0,0,28.0,Rainy,Field C
2022-08-11,22:15,Cow_261,0,7,8,0,28.0,Rainy,Field B
2022-08-11,22:15,Cow_262,8,0,8,0,28.0,Rainy,Field B
2022-08-11,22:15,Cow_263,14,9,0,0,28.0,Rainy,Field C
2022-08-11,22:15,Cow_264,8,3,4,0,28.0,Rainy,Field B
2022-08-11,22:15,Cow_265,2,10,3,0,28.0,Rainy,Field B
2022-08-11,22:15,Cow_266,9,7,0,0,28.0,Rainy,Field C
2022-08-11,22:15,Cow_267,10,5,0,0,28.0,Rainy,Field C
2022-08-11,22:15,Cow_268,8,6,1,0,28.0,Rainy,Field A
2022-08-11,22:15,Cow_269,8,4,3,0,28.0,Rainy,Field A
2022-08-11,22:15,Cow_270,2,9,4,0,28.0,Rainy,Field C
2022-08-11,22:15,Cow_271,7,4,4,0,28.0,Rainy,Field B
2022-08-11,22:15,Cow_272,0,8,7,0,28.0,Rainy,Field A
2022-08-11,22:15,Cow_273,14,0,6,0,28.0,Rainy,Field A
2022-08-11,22:15,Cow_274,1,8,6,0,28.0,Rainy,Field B
2022-08-11,22:15,Cow_275,11,0,4,0,28.0,Rainy,Field A
2022-08-11,22:15,Cow_276,9,10,0,0,28.0,Rainy,Field A
2022-08-11,22:15,Cow_277,5,6,4,0,28.0,Rainy,Field C
2022-08-11,22:15,Cow_278,12,0,7,0,28.0,Rainy,Field C
2022-08-11,22:15,Cow_279,14,4,0,0,28.0,Rainy,Field B
2022-08-11,22:15,Cow_280,5,3,7,0,28.0,Rainy,Field C
2022-08-11,22:15,Cow_281,5,3,7,0,28.0,Rainy,Field B
2022-08-11,22:15,Cow_282,0,10,5,0,28.0,Rainy,Field B
2022-08-11,22:15,Cow_283,6,5,4,0,28.0,Rainy,Field B
2022-08-11,22:15,Cow_284,0,0,0,15,28.0,Rainy,Field A
2022-08-11,22:15,Cow_285,0,7,8,0,28.0,Rainy,Field A
2022-08-11,22:15,Cow_286,10,0,6,0,28.0,Rainy,Field C
2022-08-11,22:15,Cow_287,12,0,7,0,28.0,Rainy,Field A
2022-08-11,22:15,Cow_288,13,0,6,0,28.0,Rainy,Field C
2022-08-11,22:15,Cow_289,5,5,5,0,28.0,Rainy,Field B
2022-08-11,22:15,Cow_290,4,8,3,0,28.0,Rainy,Field B
2022-08-11,22:15,Cow_291,8,4,3,0,28.0,Rainy,Field B
2022-08-11,22:15,Cow_292,0,0,0,15,28.0,Rainy,Field A
2022-08-11,22:15,Cow_293,7,3,5,0,28.0,Rainy,Field C
2022-08-11,22:15,Cow_294,0,0,0,15,28.0,Rainy,Field C
2022-08-11,22:15,Cow_295,12,0,4,0,28.0,Rainy,Field C
2022-08-11,22:15,Cow_296,11,0,5,0,28.0,Rainy,Field B
2022-08-11,22:15,Cow_297,6,4,5,0,28.0,Rainy,Field C
2022-08-11,22:15,Cow_298,0,0,0,15,28.0,Rainy,Field B
2022-08-11,22:15,Cow_299,0,9,6,0,28.0,Rainy,Field C
2022-08-11,22:15,Cow_300,5,4,6,0,28.0,Rainy,Field C
2022-08-11,22:15,Cow_301,9,9,0,0,28.0,Rainy,Field B
2022-08-11,22:15,Cow_302,3,9,3,0,28.0,Rainy,Field C
2022-08-11,22:15,Cow_303,12,4,0,0,28.0,Rainy,Field A
2022-08-11,22:15,Cow_304,13,0,3,0,28.0,Rainy,Field C
2022-08-11,22:15,Cow_305,0,0,0,15,28.0,Rainy,Field C
2022-08-11,22:15,Cow_306,0,0,0,15,28.0,Rainy,Field A
2022-08-11,22:15,Cow_307,14,0,4,0,28.0,Rainy,Field B
2022-08-11,22:15,Cow_308,0,10,8,0,28.0,Rainy,Field B
2022-08-11,22:15,Cow_309,3,6,6,0,28.0,Rainy,Field A
2022-08-11,22:15,Cow_310,0,0,0,15,28.0,Rainy,Field C
2022-08-11,22:15,Cow_311,5,7,3,0,28.0,Rainy,Field A
2022-08-11,22:15,Cow_312,14,0,5,0,28.0,Rainy,Field B
2022-08-11,22:15,Cow_313,7,4,4,0,28.0,Rainy,Field C
2022-08-11,22:15,Cow_314,2,9,4,0,28.0,Rainy,Field A
2022-08-11,22:15,Cow_315,7,10,0,0,28.0,Rainy,Field B
2022-08-11,22:15,Cow_316,10,2,3,0,28.0,Rainy,Field A
2022-08-11,22:15,Cow_317,0,0,0,15,28.0,Rainy,Field A
2022-08-11,22:15,Cow_318,12,3,0,0,28.0,Rainy,Field B
2022-08-11,22:15,Cow_319,3,4,8,0,28.0,Rainy,Field A
2022-08-11,22:15,Cow_320,12,7,0,0,28.0,Rainy,Field C
2022-08-11,22:15,Cow_321,0,10,6,0,28.0,Rainy,Field A
2022-08-11,22:15,Cow_322,0,0,0,15,28.0,Rainy,Field C
2022-08-11,22:15,Cow_323,1,7,7,0,28.0,Rainy,Field A
2022-08-11,22:15,Cow_324,1,6,8,0,28.0,Rainy,Field A
2022-08-11,22:15,Cow_325,7,10,0,0,28.0,Rainy,Field B
2022-08-11,22:15,Cow_326,10,6,0,0,28.0,Rainy,Field A
2022-08-11,22:15,Cow_327,6,6,3,0,28.0,Rainy,Field A
2022-08-11,22:15,Cow_328,11,0,8,0,28.0,Rainy,Field C
2022-08-11,22:15,Cow_329,5,4,6,0,28.0,Rainy,Field C
2022-08-11,22:15,Cow_330,6,10,0,0,28.0,Rainy,Field C
2022-08-11,22:15,Cow_331,0,0,0,15,28.0,Rainy,Field C
2022-08-11,22:15,Cow_332,3,9,3,0,28.0,Rainy,Field C
2022-08-11,22:15,Cow_333,7,4,4,0,28.0,Rainy,Field A
2022-08-11,22:15,Cow_334,3,9,3,0,28.0,Rainy,Field A
2022-08-11,22:15,Cow_335,5,7,3,0,28.0,Rainy,Field C
2022-08-11,22:15,Cow_336,5,3,7,0,28.0,Rainy,Field C
2022-08-11,22:15,Cow_337,9,9,0,0,28.0,Rainy,Field C
2022-08-11,22:15,Cow_338,0,0,0,15,28.0,Rainy,Field C
2022-08-11,22:15,Cow_339,0,0,0,15,28.0,Rainy,Field B
2022-08-11,22:15,Cow_340,0,0,0,15,28.0,Rainy,Field B
2022-08-11,22:15,Cow_341,7,4,4,0,28.0,Rainy,Field B
2022-08-11,22:15,Cow_342,6,6,3,0,28.0,Rainy,Field A
2022-08-11,22:15,Cow_343,7,3,5,0,28.0,Rainy,Field B
2022-08-11,22:15,Cow_344,14,0,5,0,28.0,Rainy,Field A
2022-08-11,22:15,Cow_345,12,3,0,0,28.0,Rainy,Field C
2022-08-11,22:15,Cow_346,13,8,0,0,28.0,Rainy,Field C
2022-08-11,22:15,Cow_347,7,4,4,0,28.0,Rainy,Field A
2022-08-11,22:15,Cow_348,10,1,4,0,28.0,Rainy,Field C
2022-08-11,22:15,Cow_349,6,3,6,0,28.0,Rainy,Field B
2022-08-11,22:15,Cow_350,8,9,0,0,28.0,Rainy,Field C
2022-08-11,22:15,Cow_351,2,6,7,0,28.0,Rainy,Field B
2022-08-11,22:15,Cow_352,14,0,3,0,28.0,Rainy,Field A
2022-08-11,22:15,Cow_353,14,10,0,0,28.0,Rainy,Field B
2022-08-11,22:15,Cow_354,9,8,0,0,28.0,Rainy,Field C
2022-08-11,22:15,Cow_355,14,5,0,0,28.0,Rainy,Field B
2022-08-11,22:15,Cow_356,13,5,0,0,28.0,Rainy,Field C
2022-08-11,22:15,Cow_357,14,6,0,0,28.0,Rainy,Field A
2022-08-11,22:15,Cow_358,4,6,5,0,28.0,Rainy,Field C
2022-08-11,22:15,Cow_359,13,0,6,0,28.0,Rainy,Field B
2022-08-11,22:15,Cow_360,5,7,3,0,28.0,Rainy,Field B
2022-08-11,22:15,Cow_361,10,6,0,0,28.0,Rainy,Field B
2022-08-11,22:15,Cow_362,6,2,7,0,28.0,Rainy,Field C
2022-08-11,22:15,Cow_363,0,0,0,15,28.0,Rainy,Field C
2022-08-11,22:15,Cow_364,0,10,6,0,28.0,Rainy,Field C
2022-08-11,22:15,Cow_365,2,10,3,0,28.0,Rainy,Field B
2022-08-11,22:15,Cow_366,14,0,5,0,28.0,Rainy,Field A
2022-08-11,22:15,Cow_367,6,6,3,0,28.0,Rainy,Field B
2022-08-11,22:15,Cow_368,0,0,0,15,28.0,Rainy,Field C
2022-08-11,22:15,Cow_369,9,0,6,0,28.0,Rainy,Field A
2022-08-11,22:15,Cow_370,5,5,5,0,28.0,Rainy,Field C
2022-08-11,22:15,Cow_371,5,5,5,0,28.0,Rainy,Field B
2022-08-11,22:15,Cow_372,6,9,0,0,28.0,Rainy,Field C
2022-08-11,22:15,Cow_373,13,9,0,0,28.0,Rainy,Field A
2022-08-11,22:15,Cow_374,10,0,7,0,28.0,Rainy,Field C
2022-08-11,22:15,Cow_375,8,2,5,0,28.0,Rainy,Field A
2022-08-11,22:15,Cow_376,7,10,0,0,28.0,Rainy,Field B
2022-08-11,22:15,Cow_377,11,6,0,0,28.0,Rainy,Field B
2022-08-11,22:15,Cow_378,0,0,0,15,28.0,Rainy,Field A
2022-08-11,22:15,Cow_379,9,3,3,0,28.0,Rainy,Field B
2022-08-11,22:15,Cow_380,10,0,7,0,28.0,Rainy,Field A
2022-08-11,22:15,Cow_381,3,6,6,0,28.0,Rainy,Field B
2022-08-11,22:15,Cow_382,8,3,4,0,28.0,Rainy,Field A
2022-08-11,22:15,Cow_383,5,7,3,0,28.0,Rainy,Field A
2022-08-11,22:15,Cow_384,13,0,3,0,28.0,Rainy,Field A
2022-08-11,22:15,Cow_385,13,4,0,0,28.0,Rainy,Field B
2022-08-11,22:15,Cow_386,7,5,3,0,28.0,Rainy,Field B
2022-08-11,22:15,Cow_387,0,0,0,15,28.0,Rainy,Field C
2022-08-11,22:15,Cow_388,6,3,6,0,28.0,Rainy,Field A
2022-08-11,22:15,Cow_389,8,1,6,0,28.0,Rainy,Field B
2022-08-11,22:15,Cow_390,11,0,7,0,28.0,Rainy,Field B
2022-08-11,22:15,Cow_391,15,4,0,0,28.0,Rainy,Field A
2022-08-11,22:15,Cow_392,3,9,3,0,28.0,Rainy,Field C
2022-08-11,22:15,Cow_393,1,7,7,0,28.0,Rainy,Field A
2022-08-11,22:15,Cow_394,1,7,7,0,28.0,Rainy,Field C
2022-08-11,22:15,Cow_395,0,7,10,0,28.0,Rainy,Field B
2022-08-11,22:15,Cow_396,14,0,7,0,28.0,Rainy,Field C
2022-08-11,22:15,Cow_397,5,2,8,0,28.0,Rainy,Field B
2022-08-11,22:15,Cow_398,0,8,7,0,28.0,Rainy,Field A
2022-08-11,22:15,Cow_399,13,0,4,0,28.0,Rainy,Field C
2022-08-11,22:15,Cow_400,0,9,7,0,28.0,Rainy,Field C
2022-08-11,22:15,Cow_401,9,8,0,0,28.0,Rainy,Field B
2022-08-11,22:15,Cow_402,10,9,0,0,28.0,Rainy,Field C
2022-08-11,22:15,Cow_403,10,2,3,0,28.0,Rainy,Field A
2022-08-11,22:15,Cow_404,5,5,5,0,28.0,Rainy,Field C
2022-08-11,22:15,Cow_405,4,4,7,0,28.0,Rainy,Field B
2022-08-11,22:15,Cow_406,6,5,4,0,28.0,Rainy,Field C
2022-08-11,22:15,Cow_407,10,1,4,0,28.0,Rainy,Field B
2022-08-11,22:15,Cow_408,0,0,0,15,28.0,Rainy,Field C
2022-08-11,22:15,Cow_409,0,10,5,0,28.0,Rainy,Field A
2022-08-11,22:15,Cow_410,10,5,0,0,28.0,Rainy,Field A
2022-08-11,22:15,Cow_411,11,6,0,0,28.0,Rainy,Field C
2022-08-11,22:15,Cow_412,6,12,0,0,28.0,Rainy,Field C
2022-08-11,22:15,Cow_413,10,0,5,0,28.0,Rainy,Field B
2022-08-11,22:15,Cow_414,6,3,6,0,28.0,Rainy,Field A
2022-08-11,22:15,Cow_415,0,8,7,0,28.0,Rainy,Field B
2022-08-11,22:15,Cow_416,9,9,0,0,28.0,Rainy,Field B
2022-08-11,22:15,Cow_417,8,1,6,0,28.0,Rainy,Field C
2022-08-11,22:15,Cow_418,9,3,3,0,28.0,Rainy,Field C
2022-08-11,22:15,Cow_419,10,0,7,0,28.0,Rainy,Field B
2022-08-11,22:15,Cow_420,0,10,8,0,28.0,Rainy,Field B
2022-08-11,22:15,Cow_421,8,2,5,0,28.0,Rainy,Field A
2022-08-11,22:15,Cow_422,12,0,3,0,28.0,Rainy,Field C
2022-08-11,22:15,Cow_423,0,9,7,0,28.0,Rainy,Field A
2022-08-11,22:15,Cow_424,2,7,6,0,28.0,Rainy,Field A
2022-08-11,22:15,Cow_425,6,10,0,0,28.0,Rainy,Field A
2022-08-11,22:15,Cow_426,8,7,0,0,28.0,Rainy,Field A
2022-08-11,22:15,Cow_427,8,5,2,0,28.0,Rainy,Field B
2022-08-11,22:15,Cow_428,1,10,4,0,28.0,Rainy,Field C
2022-08-11,22:15,Cow_429,6,4,5,0,28.0,Rainy,Field C
2022-08-11,22:15,Cow_430,5,4,6,0,28.0,Rainy,Field B
2022-08-11,22:15,Cow_431,0,10,6,0,28.0,Rainy,Field C
2022-08-11,22:15,Cow_432,14,6,0,0,28.0,Rainy,Field C
2022-08-11,22:15,Cow_433,8,0,8,0,28.0,Rainy,Field A
2022-08-11,22:15,Cow_434,4,4,7,0,28.0,Rainy,Field C
2022-08-11,22:15,Cow_435,5,9,1,0,28.0,Rainy,Field A
2022-08-11,22:15,Cow_436,11,5,0,0,28.0,Rainy,Field A
2022-08-11,22:15,Cow_437,7,5,3,0,28.0,Rainy,Field B
2022-08-11,22:15,Cow_438,11,0,5,0,28.0,Rainy,Field B
2022-08-11,22:15,Cow_439,12,0,4,0,28.0,Rainy,Field B
2022-08-11,22:15,Cow_440,6,3,6,0,28.0,Rainy,Field C
2022-08-11,22:15,Cow_441,0,9,8,0,28.0,Rainy,Field A
2022-08-11,22:15,Cow_442,5,7,3,0,28.0,Rainy,Field B
2022-08-11,22:15,Cow_443,12,0,8,0,28.0,Rainy,Field A
2022-08-11,22:15,Cow_444,14,7,0,0,28.0,Rainy,Field A
2022-08-11,22:15,Cow_445,8,0,7,0,28.0,Rainy,Field C
2022-08-11,22:15,Cow_446,11,7,0,0,28.0,Rainy,Field B
2022-08-11,22:15,Cow_447,14,0,5,0,28.0,Rainy,Field A
2022-08-11,22:15,Cow_448,6,1,8,0,28.0,Rainy,Field A
2022-08-11,22:15,Cow_449,4,4,7,0,28.0,Rainy,Field A
2022-08-11,22:15,Cow_450,6,7,2,0,28.0,Rainy,Field C
2022-08-11,22:15,Cow_451,13,0,5,0,28.0,Rainy,Field B
2022-08-11,22:15,Cow_452,7,2,6,0,28.0,Rainy,Field B
2022-08-11,22:15,Cow_453,10,3,2,0,28.0,Rainy,Field B
2022-08-11,22:15,Cow_454,12,5,0,0,28.0,Rainy,Field B
2022-08-11,22:15,Cow_455,12,8,0,0,28.0,Rainy,Field B
2022-08-11,22:15,Cow_456,0,8,7,0,28.0,Rainy,Field C
2022-08-11,22:15,Cow_457,9,2,4,0,28.0,Rainy,Field B
2022-08-11,22:15,Cow_458,0,10,8,0,28.0,Rainy,Field C
2022-08-11,22:15,Cow_459,6,4,5,0,28.0,Rainy,Field C
2022-08-11,22:15,Cow_460,0,8,7,0,28.0,Rainy,Field B
2022-08-11,22:15,Cow_461,9,7,0,0,28.0,Rainy,Field B
2022-08-11,22:15,Cow_462,7,2,6,0,28.0,Rainy,Field C
2022-08-11,22:15,Cow_463,5,10,0,0,28.0,Rainy,Field C
2022-08-11,22:15,Cow_464,6,10,0,0,28.0,Rainy,Field A
2022-08-11,22:15,Cow_465,0,9,8,0,28.0,Rainy,Field C
2022-08-11,22:15,Cow_466,14,0,7,0,28.0,Rainy,Field A
2022-08-11,22:15,Cow_467,8,5,2,0,28.0,Rainy,Field C
2022-08-11,22:15,Cow_468,1,9,5,0,28.0,Rainy,Field A
2022-08-11,22:15,Cow_469,3,6,6,0,28.0,Rainy,Field A
2022-08-11,22:15,Cow_470,6,4,5,0,28.0,Rainy,Field B
2022-08-11,22:15,Cow_471,10,9,0,0,28.0,Rainy,Field A
2022-08-11,22:15,Cow_472,13,0,5,0,28.0,Rainy,Field B
2022-08-11,22:15,Cow_473,4,7,4,0,28.0,Rainy,Field A
2022-08-11,22:15,Cow_474,8,3,4,0,28.0,Rainy,Field C
2022-08-11,22:15,Cow_475,10,1,4,0,28.0,Rainy,Field B
2022-08-11,22:15,Cow_476,6,6,3,0,28.0,Rainy,Field B
2022-08-11,22:15,Cow_477,14,7,0,0,28.0,Rainy,Field B
2022-08-11,22:15,Cow_478,8,3,4,0,28.0,Rainy,Field C
2022-08-11,22:15,Cow_479,0,11,9,0,28.0,Rainy,Field A
2022-08-11,22:15,Cow_480,5,5,5,0,28.0,Rainy,Field C
2022-08-11,22:15,Cow_481,4,3,8,0,28.0,Rainy,Field C
2022-08-11,22:15,Cow_482,0,9,6,0,28.0,Rainy,Field C
2022-08-11,22:15,Cow_483,11,0,8,0,28.0,Rainy,Field A
2022-08-11,22:15,Cow_484,4,4,7,0,28.0,Rainy,Field C
2022-08-11,22:15,Cow_485,9,3,3,0,28.0,Rainy,Field A
2022-08-11,22:15,Cow_486,7,5,3,0,28.0,Rainy,Field A
2022-08-11,22:15,Cow_487,0,0,0,15,28.0,Rainy,Field C
2022-08-11,22:15,Cow_488,9,0,7,0,28.0,Rainy,Field C
2022-08-11,22:15,Cow_489,5,8,2,0,28.0,Rainy,Field B
2022-08-11,22:15,Cow_490,3,9,3,0,28.0,Rainy,Field B
2022-08-11,22:15,Cow_491,8,3,4,0,28.0,Rainy,Field A
2022-08-11,22:15,Cow_492,9,0,6,0,28.0,Rainy,Field C
2022-08-11,22:15,Cow_493,0,10,6,0,28.0,Rainy,Field B
2022-08-11,22:15,Cow_494,9,3,3,0,28.0,Rainy,Field C
2022-08-11,22:15,Cow_495,0,0,0,15,28.0,Rainy,Field C
2022-08-11,22:15,Cow_496,1,6,8,0,28.0,Rainy,Field A
2022-08-11,22:15,Cow_497,0,0,0,15,28.0,Rainy,Field C
2022-08-11,22:15,Cow_498,6,4,5,0,28.0,Rainy,Field B
2022-08-11,22:15,Cow_499,5,2,8,0,28.0,Rainy,Field C
2022-08-11,22:15,Cow_500,0,0,0,15,28.0,Rainy,Field A
2022-08-11,22:30,Cow_1,0,10,5,0,30.1,Rainy,Field A
2022-08-11,22:30,Cow_2,8,4,3,0,30.1,Rainy,Field B
2022-08-11,22:30,Cow_3,0,0,0,15,30.1,Rainy,Field B
2022-08-11,22:30,Cow_4,7,5,3,0,30.1,Rainy,Field B
2022-08-11,22:30,Cow_5,10,6,0,0,30.1,Rainy,Field A
2022-08-11,22:30,Cow_6,2,7,6,0,30.1,Rainy,Field C
2022-08-11,22:30,Cow_7,0,0,0,15,30.1,Rainy,Field B
2022-08-11,22:30,Cow_8,2,9,4,0,30.1,Rainy,Field B
2022-08-11,22:30,Cow_9,14,0,4,0,30.1,Rainy,Field B
2022-08-11,22:30,Cow_10,12,5,0,0,30.1,Rainy,Field A
2022-08-11,22:30,Cow_11,9,10,0,0,30.1,Rainy,Field B
2022-08-11,22:30,Cow_12,4,5,6,0,30.1,Rainy,Field A
2022-08-11,22:30,Cow_13,7,0,8,0,30.1,Rainy,Field A
2022-08-11,22:30,Cow_14,9,8,0,0,30.1,Rainy,Field B
2022-08-11,22:30,Cow_15,7,4,4,0,30.1,Rainy,Field C
2022-08-11,22:30,Cow_16,10,1,4,0,30.1,Rainy,Field B
2022-08-11,22:30,Cow_17,14,0,4,0,30.1,Rainy,Field C
2022-08-11,22:30,Cow_18,0,10,6,0,30.1,Rainy,Field B
2022-08-11,22:30,Cow_19,5,2,8,0,30.1,Rainy,Field B
2022-08-11,22:30,Cow_20,8,1,6,0,30.1,Rainy,Field C
2022-08-11,22:30,Cow_21,7,12,0,0,30.1,Rainy,Field B
2022-08-11,22:30,Cow_22,13,0,5,0,30.1,Rainy,Field C
2022-08-11,22:30,Cow_23,14,5,0,0,30.1,Rainy,Field B
2022-08-11,22:30,Cow_24,6,2,7,0,30.1,Rainy,Field C
2022-08-11,22:30,Cow_25,5,10,0,0,30.1,Rainy,Field C
2022-08-11,22:30,Cow_26,14,0,7,0,30.1,Rainy,Field A
2022-08-11,22:30,Cow_27,6,6,3,0,30.1,Rainy,Field C
2022-08-11,22:30,Cow_28,10,5,0,0,30.1,Rainy,Field A
2022-08-11,22:30,Cow_29,7,4,4,0,30.1,Rainy,Field B
2022-08-11,22:30,Cow_30,8,9,0,0,30.1,Rainy,Field A
2022-08-11,22:30,Cow_31,8,0,8,0,30.1,Rainy,Field B
2022-08-11,22:30,Cow_32,0,0,0,15,30.1,Rainy,Field B
2022-08-11,22:30,Cow_33,5,9,1,0,30.1,Rainy,Field B
2022-08-11,22:30,Cow_34,0,8,7,0,30.1,Rainy,Field A
2022-08-11,22:30,Cow_35,3,4,8,0,30.1,Rainy,Field A
2022-08-11,22:30,Cow_36,9,0,7,0,30.1,Rainy,Field B
2022-08-11,22:30,Cow_37,8,4,3,0,30.1,Rainy,Field C
2022-08-11,22:30,Cow_38,13,0,5,0,30.1,Rainy,Field A
2022-08-11,22:30,Cow_39,8,9,0,0,30.1,Rainy,Field B
2022-08-11,22:30,Cow_40,0,0,0,15,30.1,Rainy,Field A
2022-08-11,22:30,Cow_41,13,0,6,0,30.1,Rainy,Field A
2022-08-11,22:30,Cow_42,4,4,7,0,30.1,Rainy,Field A
2022-08-11,22:30,Cow_43,0,0,0,15,30.1,Rainy,Field A
2022-08-11,22:30,Cow_44,9,0,6,0,30.1,Rainy,Field C
2022-08-11,22:30,Cow_45,0,9,7,0,30.1,Rainy,Field A
2022-08-11,22:30,Cow_46,7,10,0,0,30.1,Rainy,Field B
2022-08-11,22:30,Cow_47,0,9,6,0,30.1,Rainy,Field B
2022-08-11,22:30,Cow_48,14,0,8,0,30.1,Rainy,Field B
2022-08-11,22:30,Cow_49,0,9,6,0,30.1,Rainy,Field A
2022-08-11,22:30,Cow_50,8,6,1,0,30.1,Rainy,Field B
2022-08-11,22:30,Cow_51,14,0,5,0,30.1,Rainy,Field B
2022-08-11,22:30,Cow_52,1,6,8,0,30.1,Rainy,Field B
2022-08-11,22:30,Cow_53,11,0,5,0,30.1,Rainy,Field B
2022-08-11,22:30,Cow_54,8,12,0,0,30.1,Rainy,Field A
2022-08-11,22:30,Cow_55,8,0,8,0,30.1,Rainy,Field A
2022-08-11,22:30,Cow_56,11,0,8,0,30.1,Rainy,Field A
2022-08-11,22:30,Cow_57,0,0,0,15,30.1,Rainy,Field B
2022-08-11,22:30,Cow_58,5,6,4,0,30.1,Rainy,Field C
2022-08-11,22:30,Cow_59,9,0,6,0,30.1,Rainy,Field B
2022-08-11,22:30,Cow_60,7,0,8,0,30.1,Rainy,Field B
2022-08-11,22:30,Cow_61,3,7,5,0,30.1,Rainy,Field A
2022-08-11,22:30,Cow_62,8,4,3,0,30.1,Rainy,Field A
2022-08-11,22:30,Cow_63,15,0,2,0,30.1,Rainy,Field B
2022-08-11,22:30,Cow_64,9,3,3,0,30.1,Rainy,Field B
2022-08-11,22:30,Cow_65,4,8,3,0,30.1,Rainy,Field A
2022-08-11,22:30,Cow_66,0,0,0,15,30.1,Rainy,Field C
2022-08-11,22:30,Cow_67,5,9,1,0,30.1,Rainy,Field B
2022-08-11,22:30,Cow_68,11,0,7,0,30.1,Rainy,Field B
2022-08-11,22:30,Cow_69,9,4,2,0,30.1,Rainy,Field A
2022-08-11,22:30,Cow_70,4,3,8,0,30.1,Rainy,Field C
2022-08-11,22:30,Cow_71,7,8,0,0,30.1,Rainy,Field B
2022-08-11,22:30,Cow_72,0,0,0,15,30.1,Rainy,Field A
2022-08-11,22:30,Cow_73,0,0,0,15,30.1,Rainy,Field C
2022-08-11,22:30,Cow_74,7,8,0,0,30.1,Rainy,Field A
2022-08-11,22:30,Cow_75,13,0,4,0,30.1,Rainy,Field B
2022-08-11,22:30,Cow_76,5,5,5,0,30.1,Rainy,Field B
2022-08-11,22:30,Cow_77,8,0,8,0,30.1,Rainy,Field B
2022-08-11,22:30,Cow_78,5,6,4,0,30.1,Rainy,Field B
2022-08-11,22:30,Cow_79,12,8,0,0,30.1,Rainy,Field A
2022-08-11,22:30,Cow_80,2,5,8,0,30.1,Rainy,Field B
2022-08-11,22:30,Cow_81,7,2,6,0,30.1,Rainy,Field A
2022-08-11,22:30,Cow_82,12,0,7,0,30.1,Rainy,Field C
2022-08-11,22:30,Cow_83,8,0,8,0,30.1,Rainy,Field C
2022-08-11,22:30,Cow_84,3,8,4,0,30.1,Rainy,Field A
2022-08-11,22:30,Cow_85,14,3,0,0,30.1,Rainy,Field B
2022-08-11,22:30,Cow_86,8,0,7,0,30.1,Rainy,Field C
2022-08-11,22:30,Cow_87,6,3,6,0,30.1,Rainy,Field C
2022-08-11,22:30,Cow_88,12,0,7,0,30.1,Rainy,Field A
2022-08-11,22:30,Cow_89,0,0,0,15,30.1,Rainy,Field B
2022-08-11,22:30,Cow_90,2,8,5,0,30.1,Rainy,Field A
2022-08-11,22:30,Cow_91,7,6,2,0,30.1,Rainy,Field C
2022-08-11,22:30,Cow_92,6,5,4,0,30.1,Rainy,Field B
2022-08-11,22:30,Cow_93,0,10,7,0,30.1,Rainy,Field B
2022-08-11,22:30,Cow_94,11,4,0,0,30.1,Rainy,Field C
2022-08-11,22:30,Cow_95,6,5,4,0,30.1,Rainy,Field B
2022-08-11,22:30,Cow_96,6,8,1,0,30.1,Rainy,Field C
2022-08-11,22:30,Cow_97,8,1,6,0,30.1,Rainy,Field B
2022-08-11,22:30,Cow_98,12,1,2,0,30.1,Rainy,Field B
2022-08-11,22:30,Cow_99,8,4,3,0,30.1,Rainy,Field B
2022-08-11,22:30,Cow_100,9,3,3,0,30.1,Rainy,Field C
2022-08-11,22:30,Cow_101,0,8,7,0,30.1,Rainy,Field B
2022-08-11,22:30,Cow_102,12,0,3,0,30.1,Rainy,Field A
2022-08-11,22:30,Cow_103,12,0,8,0,30.1,Rainy,Field A
2022-08-11,22:30,Cow_104,1,9,5,0,30.1,Rainy,Field B
2022-08-11,22:30,Cow_105,7,4,4,0,30.1,Rainy,Field C
2022-08-11,22:30,Cow_106,13,4,0,0,30.1,Rainy,Field B
2022-08-11,22:30,Cow_107,4,3,8,0,30.1,Rainy,Field B
2022-08-11,22:30,Cow_108,11,4,0,0,30.1,Rainy,Field B
2022-08-11,22:30,Cow_109,13,0,3,0,30.1,Rainy,Field A
2022-08-11,22:30,Cow_110,10,6,0,0,30.1,Rainy,Field A
2022-08-11,22:30,Cow_111,0,9,6,0,30.1,Rainy,Field B
2022-08-11,22:30,Cow_112,0,10,8,0,30.1,Rainy,Field C
2022-08-11,22:30,Cow_113,14,0,4,0,30.1,Rainy,Field A
2022-08-11,22:30,Cow_114,6,1,8,0,30.1,Rainy,Field A
2022-08-11,22:30,Cow_115,6,2,7,0,30.1,Rainy,Field C
2022-08-11,22:30,Cow_116,11,3,1,0,30.1,Rainy,Field B
2022-08-11,22:30,Cow_117,7,0,8,0,30.1,Rainy,Field A
2022-08-11,22:30,Cow_118,13,6,0,0,30.1,Rainy,Field C
2022-08-11,22:30,Cow_119,9,7,0,0,30.1,Rainy,Field B
2022-08-11,22:30,Cow_120,14,0,4,0,30.1,Rainy,Field B
2022-08-11,22:30,Cow_121,7,1,7,0,30.1,Rainy,Field A
2022-08-11,22:30,Cow_122,6,6,3,0,30.1,Rainy,Field A
2022-08-11,22:30,Cow_123,8,5,2,0,30.1,Rainy,Field C
2022-08-11,22:30,Cow_124,6,2,7,0,30.1,Rainy,Field A
2022-08-11,22:30,Cow_125,9,7,0,0,30.1,Rainy,Field C
2022-08-11,22:30,Cow_126,6,7,2,0,30.1,Rainy,Field A
2022-08-11,22:30,Cow_127,6,9,0,0,30.1,Rainy,Field C
2022-08-11,22:30,Cow_128,9,3,3,0,30.1,Rainy,Field B
2022-08-11,22:30,Cow_129,11,1,3,0,30.1,Rainy,Field C
2022-08-11,22:30,Cow_130,9,10,0,0,30.1,Rainy,Field A
2022-08-11,22:30,Cow_131,13,6,0,0,30.1,Rainy,Field C
2022-08-11,22:30,Cow_132,13,3,0,0,30.1,Rainy,Field A
2022-08-11,22:30,Cow_133,14,0,8,0,30.1,Rainy,Field B
2022-08-11,22:30,Cow_134,8,3,4,0,30.1,Rainy,Field A
2022-08-11,22:30,Cow_135,8,0,8,0,30.1,Rainy,Field A
2022-08-11,22:30,Cow_136,0,0,0,15,30.1,Rainy,Field A
2022-08-11,22:30,Cow_137,0,0,0,15,30.1,Rainy,Field B
2022-08-11,22:30,Cow_138,0,7,8,0,30.1,Rainy,Field A
2022-08-11,22:30,Cow_139,5,10,0,0,30.1,Rainy,Field B
2022-08-11,22:30,Cow_140,13,0,3,0,30.1,Rainy,Field A
2022-08-11,22:30,Cow_141,12,4,0,0,30.1,Rainy,Field B
2022-08-11,22:30,Cow_142,10,1,4,0,30.1,Rainy,Field B
2022-08-11,22:30,Cow_143,6,1,8,0,30.1,Rainy,Field C
2022-08-11,22:30,Cow_144,5,6,4,0,30.1,Rainy,Field C
2022-08-11,22:30,Cow_145,11,6,0,0,30.1,Rainy,Field B
2022-08-11,22:30,Cow_146,7,9,0,0,30.1,Rainy,Field C
2022-08-11,22:30,Cow_147,2,5,8,0,30.1,Rainy,Field C
2022-08-11,22:30,Cow_148,4,6,5,0,30.1,Rainy,Field B
2022-08-11,22:30,Cow_149,3,9,3,0,30.1,Rainy,Field B
2022-08-11,22:30,Cow_150,11,9,0,0,30.1,Rainy,Field C
2022-08-11,22:30,Cow_151,2,6,7,0,30.1,Rainy,Field C
2022-08-11,22:30,Cow_152,5,7,3,0,30.1,Rainy,Field B
2022-08-11,22:30,Cow_153,7,6,2,0,30.1,Rainy,Field A
2022-08-11,22:30,Cow_154,8,4,3,0,30.1,Rainy,Field B
2022-08-11,22:30,Cow_155,4,5,6,0,30.1,Rainy,Field C
2022-08-11,22:30,Cow_156,8,10,0,0,30.1,Rainy,Field A
2022-08-11,22:30,Cow_157,0,8,8,0,30.1,Rainy,Field C
2022-08-11,22:30,Cow_158,0,10,8,0,30.1,Rainy,Field A
2022-08-11,22:30,Cow_159,14,0,6,0,30.1,Rainy,Field A
2022-08-11,22:30,Cow_160,11,10,0,0,30.1,Rainy,Field C
2022-08-11,22:30,Cow_161,9,3,3,0,30.1,Rainy,Field B
2022-08-11,22:30,Cow_162,5,3,7,0,30.1,Rainy,Field A
2022-08-11,22:30,Cow_163,0,0,0,15,30.1,Rainy,Field B
2022-08-11,22:30,Cow_164,6,3,6,0,30.1,Rainy,Field C
2022-08-11,22:30,Cow_165,13,7,0,0,30.1,Rainy,Field B
2022-08-11,22:30,Cow_166,13,0,8,0,30.1,Rainy,Field B
2022-08-11,22:30,Cow_167,5,7,3,0,30.1,Rainy,Field A
2022-08-11,22:30,Cow_168,10,10,0,0,30.1,Rainy,Field A
2022-08-11,22:30,Cow_169,0,0,0,15,30.1,Rainy,Field C
2022-08-11,22:30,Cow_170,9,0,6,0,30.1,Rainy,Field B
2022-08-11,22:30,Cow_171,0,9,8,0,30.1,Rainy,Field C
2022-08-11,22:30,Cow_172,8,6,1,0,30.1,Rainy,Field B
2022-08-11,22:30,Cow_173,5,3,7,0,30.1,Rainy,Field C
2022-08-11,22:30,Cow_174,0,0,0,15,30.1,Rainy,Field A
2022-08-11,22:30,Cow_175,3,9,3,0,30.1,Rainy,Field A
2022-08-11,22:30,Cow_176,10,4,1,0,30.1,Rainy,Field C
2022-08-11,22:30,Cow_177,6,7,2,0,30.1,Rainy,Field C
2022-08-11,22:30,Cow_178,14,0,5,0,30.1,Rainy,Field B
2022-08-11,22:30,Cow_179,2,6,7,0,30.1,Rainy,Field B
2022-08-11,22:30,Cow_180,11,8,0,0,30.1,Rainy,Field C
2022-08-11,22:30,Cow_181,3,7,5,0,30.1,Rainy,Field C
2022-08-11,22:30,Cow_182,11,0,5,0,30.1,Rainy,Field B
2022-08-11,22:30,Cow_183,2,5,8,0,30.1,Rainy,Field B
2022-08-11,22:30,Cow_184,8,3,4,0,30.1,Rainy,Field A
2022-08-11,22:30,Cow_185,13,0,6,0,30.1,Rainy,Field A
2022-08-11,22:30,Cow_186,9,10,0,0,30.1,Rainy,Field B
2022-08-11,22:30,Cow_187,9,2,4,0,30.1,Rainy,Field B
2022-08-11,22:30,Cow_188,0,0,0,15,30.1,Rainy,Field C
2022-08-11,22:30,Cow_189,14,3,0,0,30.1,Rainy,Field A
2022-08-11,22:30,Cow_190,2,9,4,0,30.1,Rainy,Field C
2022-08-11,22:30,Cow_191,11,5,0,0,30.1,Rainy,Field A
2022-08-11,22:30,Cow_192,5,5,5,0,30.1,Rainy,Field B
2022-08-11,22:30,Cow_193,9,2,4,0,30.1,Rainy,Field C
2022-08-11,22:30,Cow_194,5,4,6,0,30.1,Rainy,Field B
2022-08-11,22:30,Cow_195,13,0,4,0,30.1,Rainy,Field A
2022-08-11,22:30,Cow_196,5,9,1,0,30.1,Rainy,Field C
2022-08-11,22:30,Cow_197,4,4,7,0,30.1,Rainy,Field A
2022-08-11,22:30,Cow_198,14,0,6,0,30.1,Rainy,Field C
2022-08-11,22:30,Cow_199,5,7,3,0,30.1,Rainy,Field B
2022-08-11,22:30,Cow_200,8,0,8,0,30.1,Rainy,Field A
2022-08-11,22:30,Cow_201,5,8,2,0,30.1,Rainy,Field C
2022-08-11,22:30,Cow_202,11,7,0,0,30.1,Rainy,Field A
2022-08-11,22:30,Cow_203,5,6,4,0,30.1,Rainy,Field C
2022-08-11,22:30,Cow_204,13,8,0,0,30.1,Rainy,Field A
2022-08-11,22:30,Cow_205,13,0,5,0,30.1,Rainy,Field B
2022-08-11,22:30,Cow_206,8,4,3,0,30.1,Rainy,Field A
2022-08-11,22:30,Cow_207,5,3,7,0,30.1,Rainy,Field B
2022-08-11,22:30,Cow_208,8,5,2,0,30.1,Rainy,Field C
2022-08-11,22:30,Cow_209,11,4,0,0,30.1,Rainy,Field A
2022-08-11,22:30,Cow_210,5,6,4,0,30.1,Rainy,Field C
2022-08-11,22:30,Cow_211,9,2,4,0,30.1,Rainy,Field B
2022-08-11,22:30,Cow_212,5,10,0,0,30.1,Rainy,Field A
2022-08-11,22:30,Cow_213,5,6,4,0,30.1,Rainy,Field B
2022-08-11,22:30,Cow_214,0,0,0,15,30.1,Rainy,Field C
2022-08-11,22:30,Cow_215,12,9,0,0,30.1,Rainy,Field B
2022-08-11,22:30,Cow_216,11,0,6,0,30.1,Rainy,Field C
2022-08-11,22:30,Cow_217,14,4,0,0,30.1,Rainy,Field A
2022-08-11,22:30,Cow_218,8,0,8,0,30.1,Rainy,Field C
2022-08-11,22:30,Cow_219,10,0,7,0,30.1,Rainy,Field C
2022-08-11,22:30,Cow_220,2,7,6,0,30.1,Rainy,Field B
2022-08-11,22:30,Cow_221,10,0,5,0,30.1,Rainy,Field B
2022-08-11,22:30,Cow_222,5,4,6,0,30.1,Rainy,Field B
2022-08-11,22:30,Cow_223,0,0,0,15,30.1,Rainy,Field B
2022-08-11,22:30,Cow_224,5,9,1,0,30.1,Rainy,Field C
2022-08-11,22:30,Cow_225,6,3,6,0,30.1,Rainy,Field C
2022-08-11,22:30,Cow_226,14,0,8,0,30.1,Rainy,Field A
2022-08-11,22:30,Cow_227,10,10,0,0,30.1,Rainy,Field C
2022-08-11,22:30,Cow_228,11,4,0,0,30.1,Rainy,Field A
2022-08-11,22:30,Cow_229,12,8,0,0,30.1,Rainy,Field C
2022-08-11,22:30,Cow_230,9,1,5,0,30.1,Rainy,Field A
2022-08-11,22:30,Cow_231,12,0,3,0,30.1,Rainy,Field A
2022-08-11,22:30,Cow_232,0,0,0,15,30.1,Rainy,Field A
2022-08-11,22:30,Cow_233,6,4,5,0,30.1,Rainy,Field B
2022-08-11,22:30,Cow_234,4,5,6,0,30.1,Rainy,Field B
2022-08-11,22:30,Cow_235,11,11,0,0,30.1,Rainy,Field B
2022-08-11,22:30,Cow_236,9,0,8,0,30.1,Rainy,Field B
2022-08-11,22:30,Cow_237,5,8,2,0,30.1,Rainy,Field B
2022-08-11,22:30,Cow_238,11,6,0,0,30.1,Rainy,Field C
2022-08-11,22:30,Cow_239,7,6,2,0,30.1,Rainy,Field C
2022-08-11,22:30,Cow_240,0,9,6,0,30.1,Rainy,Field C
2022-08-11,22:30,Cow_241,7,10,0,0,30.1,Rainy,Field C
2022-08-11,22:30,Cow_242,0,0,0,15,30.1,Rainy,Field C
2022-08-11,22:30,Cow_243,0,0,0,15,30.1,Rainy,Field B
2022-08-11,22:30,Cow_244,5,2,8,0,30.1,Rainy,Field C
2022-08-11,22:30,Cow_245,9,6,0,0,30.1,Rainy,Field C
2022-08-11,22:30,Cow_246,14,0,8,0,30.1,Rainy,Field A
2022-08-11,22:30,Cow_247,2,8,5,0,30.1,Rainy,Field B
2022-08-11,22:30,Cow_248,8,6,1,0,30.1,Rainy,Field C
2022-08-11,22:30,Cow_249,7,3,5,0,30.1,Rainy,Field B
2022-08-11,22:30,Cow_250,4,6,5,0,30.1,Rainy,Field B
2022-08-11,22:30,Cow_251,6,6,3,0,30.1,Rainy,Field C
2022-08-11,22:30,Cow_252,5,5,5,0,30.1,Rainy,Field C
2022-08-11,22:30,Cow_253,10,1,4,0,30.1,Rainy,Field A
2022-08-11,22:30,Cow_254,2,5,8,0,30.1,Rainy,Field B
2022-08-11,22:30,Cow_255,11,6,0,0,30.1,Rainy,Field C
2022-08-11,22:30,Cow_256,0,0,0,15,30.1,Rainy,Field B
2022-08-11,22:30,Cow_257,7,4,4,0,30.1,Rainy,Field B
2022-08-11,22:30,Cow_258,9,4,2,0,30.1,Rainy,Field C
2022-08-11,22:30,Cow_259,11,4,0,0,30.1,Rainy,Field A
2022-08-11,22:30,Cow_260,9,0,8,0,30.1,Rainy,Field C
2022-08-11,22:30,Cow_261,7,7,1,0,30.1,Rainy,Field B
2022-08-11,22:30,Cow_262,12,0,5,0,30.1,Rainy,Field C
2022-08-11,22:30,Cow_263,11,0,4,0,30.1,Rainy,Field C
2022-08-11,22:30,Cow_264,14,0,7,0,30.1,Rainy,Field B
2022-08-11,22:30,Cow_265,0,0,0,15,30.1,Rainy,Field A
2022-08-11,22:30,Cow_266,5,6,4,0,30.1,Rainy,Field C
2022-08-11,22:30,Cow_267,8,3,4,0,30.1,Rainy,Field B
2022-08-11,22:30,Cow_268,13,0,5,0,30.1,Rainy,Field A
2022-08-11,22:30,Cow_269,12,6,0,0,30.1,Rainy,Field C
2022-08-11,22:30,Cow_270,10,1,4,0,30.1,Rainy,Field B
2022-08-11,22:30,Cow_271,12,3,0,0,30.1,Rainy,Field C
2022-08-11,22:30,Cow_272,5,5,5,0,30.1,Rainy,Field C
2022-08-11,22:30,Cow_273,14,4,0,0,30.1,Rainy,Field A
2022-08-11,22:30,Cow_274,9,0,7,0,30.1,Rainy,Field C
2022-08-11,22:30,Cow_275,9,3,3,0,30.1,Rainy,Field A
2022-08-11,22:30,Cow_276,9,3,3,0,30.1,Rainy,Field A
2022-08-11,22:30,Cow_277,7,0,8,0,30.1,Rainy,Field C
2022-08-11,22:30,Cow_278,8,4,3,0,30.1,Rainy,Field A
2022-08-11,22:30,Cow_279,6,3,6,0,30.1,Rainy,Field C
2022-08-11,22:30,Cow_280,4,4,7,0,30.1,Rainy,Field B
2022-08-11,22:30,Cow_281,13,0,4,0,30.1,Rainy,Field C
2022-08-11,22:30,Cow_282,14,0,6,0,30.1,Rainy,Field B
2022-08-11,22:30,Cow_283,0,10,5,0,30.1,Rainy,Field B
2022-08-11,22:30,Cow_284,7,4,4,0,30.1,Rainy,Field C
2022-08-11,22:30,Cow_285,7,8,0,0,30.1,Rainy,Field B
2022-08-11,22:30,Cow_286,12,8,0,0,30.1,Rainy,Field A
2022-08-11,22:30,Cow_287,4,5,6,0,30.1,Rainy,Field C
2022-08-11,22:30,Cow_288,0,10,5,0,30.1,Rainy,Field C
2022-08-11,22:30,Cow_289,6,1,8,0,30.1,Rainy,Field C
2022-08-11,22:30,Cow_290,0,0,0,15,30.1,Rainy,Field A
2022-08-11,22:30,Cow_291,0,10,7,0,30.1,Rainy,Field A
2022-08-11,22:30,Cow_292,13,5,0,0,30.1,Rainy,Field C
2022-08-11,22:30,Cow_293,10,3,2,0,30.1,Rainy,Field B
2022-08-11,22:30,Cow_294,10,1,4,0,30.1,Rainy,Field A
2022-08-11,22:30,Cow_295,8,1,6,0,30.1,Rainy,Field A
2022-08-11,22:30,Cow_296,7,3,5,0,30.1,Rainy,Field C
2022-08-11,22:30,Cow_297,6,10,0,0,30.1,Rainy,Field C
2022-08-11,22:30,Cow_298,14,0,7,0,30.1,Rainy,Field C
2022-08-11,22:30,Cow_299,8,9,0,0,30.1,Rainy,Field C
2022-08-11,22:30,Cow_300,6,5,4,0,30.1,Rainy,Field A
2022-08-11,22:30,Cow_301,5,3,7,0,30.1,Rainy,Field B
2022-08-11,22:30,Cow_302,0,0,0,15,30.1,Rainy,Field C
2022-08-11,22:30,Cow_303,9,3,3,0,30.1,Rainy,Field C
2022-08-11,22:30,Cow_304,5,4,6,0,30.1,Rainy,Field A
2022-08-11,22:30,Cow_305,14,0,7,0,30.1,Rainy,Field A
2022-08-11,22:30,Cow_306,1,10,4,0,30.1,Rainy,Field A
2022-08-11,22:30,Cow_307,5,3,7,0,30.1,Rainy,Field B
2022-08-11,22:30,Cow_308,10,10,0,0,30.1,Rainy,Field A
2022-08-11,22:30,Cow_309,0,10,6,0,30.1,Rainy,Field C
2022-08-11,22:30,Cow_310,6,10,0,0,30.1,Rainy,Field A
2022-08-11,22:30,Cow_311,11,0,8,0,30.1,Rainy,Field B
2022-08-11,22:30,Cow_312,5,3,7,0,30.1,Rainy,Field B
2022-08-11,22:30,Cow_313,10,5,0,0,30.1,Rainy,Field B
2022-08-11,22:30,Cow_314,0,7,8,0,30.1,Rainy,Field C
2022-08-11,22:30,Cow_315,9,4,2,0,30.1,Rainy,Field A
2022-08-11,22:30,Cow_316,11,0,6,0,30.1,Rainy,Field A
2022-08-11,22:30,Cow_317,3,5,7,0,30.1,Rainy,Field A
2022-08-11,22:30,Cow_318,2,10,3,0,30.1,Rainy,Field A
2022-08-11,22:30,Cow_319,0,10,6,0,30.1,Rainy,Field A
2022-08-11,22:30,Cow_320,1,10,4,0,30.1,Rainy,Field B
2022-08-11,22:30,Cow_321,0,0,0,15,30.1,Rainy,Field A
2022-08-11,22:30,Cow_322,14,3,0,0,30.1,Rainy,Field C
2022-08-11,22:30,Cow_323,5,2,8,0,30.1,Rainy,Field C
2022-08-11,22:30,Cow_324,12,5,0,0,30.1,Rainy,Field A
2022-08-11,22:30,Cow_325,4,3,8,0,30.1,Rainy,Field B
2022-08-11,22:30,Cow_326,6,4,5,0,30.1,Rainy,Field B
2022-08-11,22:30,Cow_327,7,4,4,0,30.1,Rainy,Field C
2022-08-11,22:30,Cow_328,10,8,0,0,30.1,Rainy,Field A
2022-08-11,22:30,Cow_329,3,8,4,0,30.1,Rainy,Field C
2022-08-11,22:30,Cow_330,14,0,4,0,30.1,Rainy,Field B
2022-08-11,22:30,Cow_331,2,10,3,0,30.1,Rainy,Field C
2022-08-11,22:30,Cow_332,5,3,7,0,30.1,Rainy,Field C
2022-08-11,22:30,Cow_333,8,5,2,0,30.1,Rainy,Field A
2022-08-11,22:30,Cow_334,11,10,0,0,30.1,Rainy,Field B
2022-08-11,22:30,Cow_335,14,3,0,0,30.1,Rainy,Field B
2022-08-11,22:30,Cow_336,0,0,0,15,30.1,Rainy,Field C
2022-08-11,22:30,Cow_337,5,3,7,0,30.1,Rainy,Field A
2022-08-11,22:30,Cow_338,11,3,1,0,30.1,Rainy,Field C
2022-08-11,22:30,Cow_339,9,3,3,0,30.1,Rainy,Field A
2022-08-11,22:30,Cow_340,0,0,0,15,30.1,Rainy,Field B
2022-08-11,22:30,Cow_341,7,5,3,0,30.1,Rainy,Field C
2022-08-11,22:30,Cow_342,7,2,6,0,30.1,Rainy,Field C
2022-08-11,22:30,Cow_343,8,10,0,0,30.1,Rainy,Field B
2022-08-11,22:30,Cow_344,10,10,0,0,30.1,Rainy,Field B
2022-08-11,22:30,Cow_345,13,0,3,0,30.1,Rainy,Field A
2022-08-11,22:30,Cow_346,6,4,5,0,30.1,Rainy,Field A
2022-08-11,22:30,Cow_347,5,2,8,0,30.1,Rainy,Field A
2022-08-11,22:30,Cow_348,12,0,7,0,30.1,Rainy,Field B
2022-08-11,22:30,Cow_349,7,5,3,0,30.1,Rainy,Field A
2022-08-11,22:30,Cow_350,1,9,5,0,30.1,Rainy,Field C
2022-08-11,22:30,Cow_351,2,5,8,0,30.1,Rainy,Field B
2022-08-11,22:30,Cow_352,14,0,4,0,30.1,Rainy,Field B
2022-08-11,22:30,Cow_353,10,10,0,0,30.1,Rainy,Field C
2022-08-11,22:30,Cow_354,7,0,8,0,30.1,Rainy,Field B
2022-08-11,22:30,Cow_355,3,6,6,0,30.1,Rainy,Field B
2022-08-11,22:30,Cow_356,7,4,4,0,30.1,Rainy,Field A
2022-08-11,22:30,Cow_357,13,0,8,0,30.1,Rainy,Field C
2022-08-11,22:30,Cow_358,6,5,4,0,30.1,Rainy,Field B
2022-08-11,22:30,Cow_359,6,6,3,0,30.1,Rainy,Field C
2022-08-11,22:30,Cow_360,5,4,6,0,30.1,Rainy,Field A
2022-08-11,22:30,Cow_361,5,9,1,0,30.1,Rainy,Field B
2022-08-11,22:30,Cow_362,14,0,3,0,30.1,Rainy,Field A
2022-08-11,22:30,Cow_363,10,0,9,0,30.1,Rainy,Field C
2022-08-11,22:30,Cow_364,9,2,4,0,30.1,Rainy,Field B
2022-08-11,22:30,Cow_365,10,8,0,0,30.1,Rainy,Field B
2022-08-11,22:30,Cow_366,1,10,4,0,30.1,Rainy,Field B
2022-08-11,22:30,Cow_367,8,0,7,0,30.1,Rainy,Field C
2022-08-11,22:30,Cow_368,2,6,7,0,30.1,Rainy,Field A
2022-08-11,22:30,Cow_369,7,10,0,0,30.1,Rainy,Field B
2022-08-11,22:30,Cow_370,7,8,0,0,30.1,Rainy,Field C
2022-08-11,22:30,Cow_371,12,8,0,0,30.1,Rainy,Field C
2022-08-11,22:30,Cow_372,4,6,5,0,30.1,Rainy,Field A
2022-08-11,22:30,Cow_373,11,10,0,0,30.1,Rainy,Field A
2022-08-11,22:30,Cow_374,5,7,3,0,30.1,Rainy,Field C
2022-08-11,22:30,Cow_375,3,5,7,0,30.1,Rainy,Field C
2022-08-11,22:30,Cow_376,5,4,6,0,30.1,Rainy,Field C
2022-08-11,22:30,Cow_377,3,6,6,0,30.1,Rainy,Field A
2022-08-11,22:30,Cow_378,5,6,4,0,30.1,Rainy,Field B
2022-08-11,22:30,Cow_379,0,0,0,15,30.1,Rainy,Field B
2022-08-11,22:30,Cow_380,6,5,4,0,30.1,Rainy,Field A
2022-08-11,22:30,Cow_381,14,0,4,0,30.1,Rainy,Field B
2022-08-11,22:30,Cow_382,7,3,5,0,30.1,Rainy,Field A
2022-08-11,22:30,Cow_383,4,3,8,0,30.1,Rainy,Field A
2022-08-11,22:30,Cow_384,14,0,4,0,30.1,Rainy,Field C
2022-08-11,22:30,Cow_385,5,8,2,0,30.1,Rainy,Field B
2022-08-11,22:30,Cow_386,14,3,0,0,30.1,Rainy,Field B
2022-08-11,22:30,Cow_387,9,3,3,0,30.1,Rainy,Field A
2022-08-11,22:30,Cow_388,9,0,7,0,30.1,Rainy,Field B
2022-08-11,22:30,Cow_389,3,5,7,0,30.1,Rainy,Field B
2022-08-11,22:30,Cow_390,3,6,6,0,30.1,Rainy,Field C
2022-08-11,22:30,Cow_391,8,5,2,0,30.1,Rainy,Field A
2022-08-11,22:30,Cow_392,13,3,0,0,30.1,Rainy,Field B
2022-08-11,22:30,Cow_393,1,6,8,0,30.1,Rainy,Field A
2022-08-11,22:30,Cow_394,5,10,0,0,30.1,Rainy,Field C
2022-08-11,22:30,Cow_395,8,0,10,0,30.1,Rainy,Field C
2022-08-11,22:30,Cow_396,0,0,0,15,30.1,Rainy,Field C
2022-08-11,22:30,Cow_397,8,7,0,0,30.1,Rainy,Field A
2022-08-11,22:30,Cow_398,10,0,5,0,30.1,Rainy,Field A
2022-08-11,22:30,Cow_399,10,0,5,0,30.1,Rainy,Field A
2022-08-11,22:30,Cow_400,10,1,4,0,30.1,Rainy,Field A
2022-08-11,22:30,Cow_401,9,0,6,0,30.1,Rainy,Field C
2022-08-11,22:30,Cow_402,9,3,3,0,30.1,Rainy,Field B
2022-08-11,22:30,Cow_403,14,0,8,0,30.1,Rainy,Field A
2022-08-11,22:30,Cow_404,9,0,6,0,30.1,Rainy,Field A
2022-08-11,22:30,Cow_405,13,7,0,0,30.1,Rainy,Field A
2022-08-11,22:30,Cow_406,7,4,4,0,30.1,Rainy,Field A
2022-08-11,22:30,Cow_407,0,9,7,0,30.1,Rainy,Field A
2022-08-11,22:30,Cow_408,5,5,5,0,30.1,Rainy,Field A
2022-08-11,22:30,Cow_409,9,9,0,0,30.1,Rainy,Field B
2022-08-11,22:30,Cow_410,11,9,0,0,30.1,Rainy,Field C
2022-08-11,22:30,Cow_411,12,0,5,0,30.1,Rainy,Field A
2022-08-11,22:30,Cow_412,1,9,5,0,30.1,Rainy,Field B
2022-08-11,22:30,Cow_413,2,6,7,0,30.1,Rainy,Field A
2022-08-11,22:30,Cow_414,5,3,7,0,30.1,Rainy,Field C
2022-08-11,22:30,Cow_415,0,10,8,0,30.1,Rainy,Field B
2022-08-11,22:30,Cow_416,5,5,5,0,30.1,Rainy,Field C
2022-08-11,22:30,Cow_417,7,5,3,0,30.1,Rainy,Field A
2022-08-11,22:30,Cow_418,12,9,0,0,30.1,Rainy,Field C
2022-08-11,22:30,Cow_419,0,8,8,0,30.1,Rainy,Field B
2022-08-11,22:30,Cow_420,10,7,0,0,30.1,Rainy,Field C
2022-08-11,22:30,Cow_421,0,8,7,0,30.1,Rainy,Field C
2022-08-11,22:30,Cow_422,13,0,8,0,30.1,Rainy,Field C
2022-08-11,22:30,Cow_423,7,5,3,0,30.1,Rainy,Field B
2022-08-11,22:30,Cow_424,12,8,0,0,30.1,Rainy,Field C
2022-08-11,22:30,Cow_425,0,7,8,0,30.1,Rainy,Field C
2022-08-11,22:30,Cow_426,9,1,5,0,30.1,Rainy,Field C
2022-08-11,22:30,Cow_427,0,0,0,15,30.1,Rainy,Field B
2022-08-11,22:30,Cow_428,2,10,3,0,30.1,Rainy,Field A
2022-08-11,22:30,Cow_429,5,5,5,0,30.1,Rainy,Field C
2022-08-11,22:30,Cow_430,13,10,0,0,30.1,Rainy,Field A
2022-08-11,22:30,Cow_431,1,6,8,0,30.1,Rainy,Field C
2022-08-11,22:30,Cow_432,6,8,1,0,30.1,Rainy,Field C
2022-08-11,22:30,Cow_433,10,9,0,0,30.1,Rainy,Field A
2022-08-11,22:30,Cow_434,0,8,8,0,30.1,Rainy,Field B
2022-08-11,22:30,Cow_435,0,0,0,15,30.1,Rainy,Field A
2022-08-11,22:30,Cow_436,0,10,7,0,30.1,Rainy,Field B
2022-08-11,22:30,Cow_437,13,7,0,0,30.1,Rainy,Field C
2022-08-11,22:30,Cow_438,13,6,0,0,30.1,Rainy,Field B
2022-08-11,22:30,Cow_439,5,5,5,0,30.1,Rainy,Field A
2022-08-11,22:30,Cow_440,10,6,0,0,30.1,Rainy,Field C
2022-08-11,22:30,Cow_441,4,4,7,0,30.1,Rainy,Field C
2022-08-11,22:30,Cow_442,8,3,4,0,30.1,Rainy,Field A
2022-08-11,22:30,Cow_443,5,5,5,0,30.1,Rainy,Field A
2022-08-11,22:30,Cow_444,11,6,0,0,30.1,Rainy,Field C
2022-08-11,22:30,Cow_445,7,1,7,0,30.1,Rainy,Field C
2022-08-11,22:30,Cow_446,10,0,5,0,30.1,Rainy,Field B
2022-08-11,22:30,Cow_447,1,6,8,0,30.1,Rainy,Field A
2022-08-11,22:30,Cow_448,13,9,0,0,30.1,Rainy,Field C
2022-08-11,22:30,Cow_449,1,7,7,0,30.1,Rainy,Field A
2022-08-11,22:30,Cow_450,0,8,7,0,30.1,Rainy,Field B
2022-08-11,22:30,Cow_451,4,3,8,0,30.1,Rainy,Field B
2022-08-11,22:30,Cow_452,7,4,4,0,30.1,Rainy,Field A
2022-08-11,22:30,Cow_453,8,7,0,0,30.1,Rainy,Field B
2022-08-11,22:30,Cow_454,7,6,2,0,30.1,Rainy,Field B
2022-08-11,22:30,Cow_455,0,10,7,0,30.1,Rainy,Field B
2022-08-11,22:30,Cow_456,0,10,8,0,30.1,Rainy,Field A
2022-08-11,22:30,Cow_457,5,4,6,0,30.1,Rainy,Field A
2022-08-11,22:30,Cow_458,11,8,0,0,30.1,Rainy,Field B
2022-08-11,22:30,Cow_459,13,4,0,0,30.1,Rainy,Field A
2022-08-11,22:30,Cow_460,1,10,4,0,30.1,Rainy,Field B
2022-08-11,22:30,Cow_461,9,5,1,0,30.1,Rainy,Field C
2022-08-11,22:30,Cow_462,6,5,4,0,30.1,Rainy,Field C
2022-08-11,22:30,Cow_463,10,0,7,0,30.1,Rainy,Field B
2022-08-11,22:30,Cow_464,8,0,7,0,30.1,Rainy,Field C
2022-08-11,22:30,Cow_465,6,6,3,0,30.1,Rainy,Field B
2022-08-11,22:30,Cow_466,7,3,5,0,30.1,Rainy,Field B
2022-08-11,22:30,Cow_467,3,9,3,0,30.1,Rainy,Field C
2022-08-11,22:30,Cow_468,0,10,7,0,30.1,Rainy,Field B
2022-08-11,22:30,Cow_469,9,3,3,0,30.1,Rainy,Field B
2022-08-11,22:30,Cow_470,11,0,7,0,30.1,Rainy,Field C
2022-08-11,22:30,Cow_471,8,6,1,0,30.1,Rainy,Field A
2022-08-11,22:30,Cow_472,11,3,1,0,30.1,Rainy,Field A
2022-08-11,22:30,Cow_473,6,3,6,0,30.1,Rainy,Field B
2022-08-11,22:30,Cow_474,6,2,7,0,30.1,Rainy,Field A
2022-08-11,22:30,Cow_475,2,5,8,0,30.1,Rainy,Field C
2022-08-11,22:30,Cow_476,5,8,2,0,30.1,Rainy,Field A
2022-08-11,22:30,Cow_477,8,6,1,0,30.1,Rainy,Field B
2022-08-11,22:30,Cow_478,5,3,7,0,30.1,Rainy,Field A
2022-08-11,22:30,Cow_479,12,9,0,0,30.1,Rainy,Field B
2022-08-11,22:30,Cow_480,14,3,0,0,30.1,Rainy,Field B
2022-08-11,22:30,Cow_481,7,3,5,0,30.1,Rainy,Field A
2022-08-11,22:30,Cow_482,1,10,4,0,30.1,Rainy,Field B
2022-08-11,22:30,Cow_483,11,6,0,0,30.1,Rainy,Field C
2022-08-11,22:30,Cow_484,5,6,4,0,30.1,Rainy,Field A
2022-08-11,22:30,Cow_485,3,4,8,0,30.1,Rainy,Field B
2022-08-11,22:30,Cow_486,12,7,0,0,30.1,Rainy,Field A
2022-08-11,22:30,Cow_487,9,7,0,0,30.1,Rainy,Field A
2022-08-11,22:30,Cow_488,6,6,3,0,30.1,Rainy,Field B
2022-08-11,22:30,Cow_489,10,2,3,0,30.1,Rainy,Field B
2022-08-11,22:30,Cow_490,6,4,5,0,30.1,Rainy,Field A
2022-08-11,22:30,Cow_491,6,5,4,0,30.1,Rainy,Field B
2022-08-11,22:30,Cow_492,13,0,4,0,30.1,Rainy,Field A
2022-08-11,22:30,Cow_493,1,6,8,0,30.1,Rainy,Field C
2022-08-11,22:30,Cow_494,14,0,4,0,30.1,Rainy,Field A
2022-08-11,22:30,Cow_495,0,0,0,15,30.1,Rainy,Field B
2022-08-11,22:30,Cow_496,12,8,0,0,30.1,Rainy,Field B
2022-08-11,22:30,Cow_497,10,0,6,0,30.1,Rainy,Field A
2022-08-11,22:30,Cow_498,14,8,0,0,30.1,Rainy,Field A
2022-08-11,22:30,Cow_499,6,4,5,0,30.1,Rainy,Field C
2022-08-11,22:30,Cow_500,6,4,5,0,30.1,Rainy,Field B
2022-08-11,22:45,Cow_1,5,7,3,0,25.9,Cloudy,Field B
2022-08-11,22:45,Cow_2,0,0,0,15,25.9,Cloudy,Field A
2022-08-11,22:45,Cow_3,12,0,3,0,25.9,Cloudy,Field C
2022-08-11,22:45,Cow_4,0,9,6,0,25.9,Cloudy,Field A
2022-08-11,22:45,Cow_5,6,6,3,0,25.9,Cloudy,Field A
2022-08-11,22:45,Cow_6,5,6,4,0,25.9,Cloudy,Field C
2022-08-11,22:45,Cow_7,12,9,0,0,25.9,Cloudy,Field C
2022-08-11,22:45,Cow_8,5,7,3,0,25.9,Cloudy,Field C
2022-08-11,22:45,Cow_9,13,0,3,0,25.9,Cloudy,Field B
2022-08-11,22:45,Cow_10,5,7,3,0,25.9,Cloudy,Field A
2022-08-11,22:45,Cow_11,4,5,6,0,25.9,Cloudy,Field A
2022-08-11,22:45,Cow_12,8,7,0,0,25.9,Cloudy,Field C
2022-08-11,22:45,Cow_13,5,7,3,0,25.9,Cloudy,Field C
2022-08-11,22:45,Cow_14,7,2,6,0,25.9,Cloudy,Field B
2022-08-11,22:45,Cow_15,5,4,6,0,25.9,Cloudy,Field C
2022-08-11,22:45,Cow_16,0,9,7,0,25.9,Cloudy,Field A
2022-08-11,22:45,Cow_17,5,5,5,0,25.9,Cloudy,Field A
2022-08-11,22:45,Cow_18,0,5,10,0,25.9,Cloudy,Field A
2022-08-11,22:45,Cow_19,10,0,5,0,25.9,Cloudy,Field C
2022-08-11,22:45,Cow_20,10,1,4,0,25.9,Cloudy,Field C
2022-08-11,22:45,Cow_21,11,4,0,0,25.9,Cloudy,Field C
2022-08-11,22:45,Cow_22,6,4,5,0,25.9,Cloudy,Field A
2022-08-11,22:45,Cow_23,5,3,7,0,25.9,Cloudy,Field C
2022-08-11,22:45,Cow_24,14,8,0,0,25.9,Cloudy,Field C
2022-08-11,22:45,Cow_25,11,8,0,0,25.9,Cloudy,Field C
2022-08-11,22:45,Cow_26,6,3,6,0,25.9,Cloudy,Field C
2022-08-11,22:45,Cow_27,11,0,7,0,25.9,Cloudy,Field A
2022-08-11,22:45,Cow_28,5,4,6,0,25.9,Cloudy,Field B
2022-08-11,22:45,Cow_29,5,6,4,0,25.9,Cloudy,Field A
2022-08-11,22:45,Cow_30,0,8,8,0,25.9,Cloudy,Field C
2022-08-11,22:45,Cow_31,14,0,2,0,25.9,Cloudy,Field A
2022-08-11,22:45,Cow_32,4,8,3,0,25.9,Cloudy,Field C
2022-08-11,22:45,Cow_33,10,2,3,0,25.9,Cloudy,Field B
2022-08-11,22:45,Cow_34,5,5,5,0,25.9,Cloudy,Field A
2022-08-11,22:45,Cow_35,0,10,8,0,25.9,Cloudy,Field A
2022-08-11,22:45,Cow_36,6,6,3,0,25.9,Cloudy,Field C
2022-08-11,22:45,Cow_37,11,7,0,0,25.9,Cloudy,Field B
2022-08-11,22:45,Cow_38,10,6,0,0,25.9,Cloudy,Field B
2022-08-11,22:45,Cow_39,7,10,0,0,25.9,Cloudy,Field C
2022-08-11,22:45,Cow_40,7,5,3,0,25.9,Cloudy,Field B
2022-08-11,22:45,Cow_41,0,0,0,15,25.9,Cloudy,Field C
2022-08-11,22:45,Cow_42,12,9,0,0,25.9,Cloudy,Field C
2022-08-11,22:45,Cow_43,0,0,0,15,25.9,Cloudy,Field C
2022-08-11,22:45,Cow_44,1,8,6,0,25.9,Cloudy,Field A
2022-08-11,22:45,Cow_45,9,0,8,0,25.9,Cloudy,Field B
2022-08-11,22:45,Cow_46,5,8,2,0,25.9,Cloudy,Field B
2022-08-11,22:45,Cow_47,10,1,4,0,25.9,Cloudy,Field C
2022-08-11,22:45,Cow_48,13,3,0,0,25.9,Cloudy,Field B
2022-08-11,22:45,Cow_49,13,6,0,0,25.9,Cloudy,Field A
2022-08-11,22:45,Cow_50,0,8,8,0,25.9,Cloudy,Field A
2022-08-11,22:45,Cow_51,2,9,4,0,25.9,Cloudy,Field A
2022-08-11,22:45,Cow_52,12,10,0,0,25.9,Cloudy,Field A
2022-08-11,22:45,Cow_53,5,7,3,0,25.9,Cloudy,Field C
2022-08-11,22:45,Cow_54,6,0,10,0,25.9,Cloudy,Field C
2022-08-11,22:45,Cow_55,8,4,3,0,25.9,Cloudy,Field C
2022-08-11,22:45,Cow_56,0,0,0,15,25.9,Cloudy,Field C
2022-08-11,22:45,Cow_57,7,0,8,0,25.9,Cloudy,Field C
2022-08-11,22:45,Cow_58,7,4,4,0,25.9,Cloudy,Field A
2022-08-11,22:45,Cow_59,11,8,0,0,25.9,Cloudy,Field C
2022-08-11,22:45,Cow_60,10,0,8,0,25.9,Cloudy,Field A
2022-08-11,22:45,Cow_61,1,9,5,0,25.9,Cloudy,Field B
2022-08-11,22:45,Cow_62,13,3,0,0,25.9,Cloudy,Field A
2022-08-11,22:45,Cow_63,10,8,0,0,25.9,Cloudy,Field A
2022-08-11,22:45,Cow_64,5,7,3,0,25.9,Cloudy,Field B
2022-08-11,22:45,Cow_65,6,8,1,0,25.9,Cloudy,Field A
2022-08-11,22:45,Cow_66,10,4,1,0,25.9,Cloudy,Field B
2022-08-11,22:45,Cow_67,5,7,3,0,25.9,Cloudy,Field B
2022-08-11,22:45,Cow_68,14,6,0,0,25.9,Cloudy,Field A
2022-08-11,22:45,Cow_69,14,7,0,0,25.9,Cloudy,Field C
2022-08-11,22:45,Cow_70,7,10,0,0,25.9,Cloudy,Field B
2022-08-11,22:45,Cow_71,11,0,8,0,25.9,Cloudy,Field A
2022-08-11,22:45,Cow_72,1,8,6,0,25.9,Cloudy,Field C
2022-08-11,22:45,Cow_73,8,4,3,0,25.9,Cloudy,Field B
2022-08-11,22:45,Cow_74,5,6,4,0,25.9,Cloudy,Field A
2022-08-11,22:45,Cow_75,3,8,4,0,25.9,Cloudy,Field A
2022-08-11,22:45,Cow_76,5,2,8,0,25.9,Cloudy,Field B
2022-08-11,22:45,Cow_77,0,9,6,0,25.9,Cloudy,Field C
2022-08-11,22:45,Cow_78,7,6,2,0,25.9,Cloudy,Field C
2022-08-11,22:45,Cow_79,7,9,0,0,25.9,Cloudy,Field A
2022-08-11,22:45,Cow_80,7,5,3,0,25.9,Cloudy,Field B
2022-08-11,22:45,Cow_81,9,9,0,0,25.9,Cloudy,Field B
2022-08-11,22:45,Cow_82,13,0,5,0,25.9,Cloudy,Field C
2022-08-11,22:45,Cow_83,11,1,3,0,25.9,Cloudy,Field C
2022-08-11,22:45,Cow_84,6,4,5,0,25.9,Cloudy,Field C
2022-08-11,22:45,Cow_85,14,5,0,0,25.9,Cloudy,Field B
2022-08-11,22:45,Cow_86,6,4,5,0,25.9,Cloudy,Field B
2022-08-11,22:45,Cow_87,10,4,1,0,25.9,Cloudy,Field A
2022-08-11,22:45,Cow_88,13,0,5,0,25.9,Cloudy,Field C
2022-08-11,22:45,Cow_89,1,7,7,0,25.9,Cloudy,Field A
2022-08-11,22:45,Cow_90,5,4,6,0,25.9,Cloudy,Field A
2022-08-11,22:45,Cow_91,2,8,5,0,25.9,Cloudy,Field A
2022-08-11,22:45,Cow_92,4,5,6,0,25.9,Cloudy,Field A
2022-08-11,22:45,Cow_93,10,0,5,0,25.9,Cloudy,Field B
2022-08-11,22:45,Cow_94,5,10,0,0,25.9,Cloudy,Field C
2022-08-11,22:45,Cow_95,0,10,6,0,25.9,Cloudy,Field B
2022-08-11,22:45,Cow_96,9,0,7,0,25.9,Cloudy,Field B
2022-08-11,22:45,Cow_97,0,8,7,0,25.9,Cloudy,Field C
2022-08-11,22:45,Cow_98,7,4,4,0,25.9,Cloudy,Field B
2022-08-11,22:45,Cow_99,5,6,4,0,25.9,Cloudy,Field A
2022-08-11,22:45,Cow_100,5,8,2,0,25.9,Cloudy,Field B
2022-08-11,22:45,Cow_101,4,6,5,0,25.9,Cloudy,Field B
2022-08-11,22:45,Cow_102,8,1,6,0,25.9,Cloudy,Field B
2022-08-11,22:45,Cow_103,6,2,7,0,25.9,Cloudy,Field B
2022-08-11,22:45,Cow_104,11,0,8,0,25.9,Cloudy,Field B
2022-08-11,22:45,Cow_105,2,7,6,0,25.9,Cloudy,Field C
2022-08-11,22:45,Cow_106,3,6,6,0,25.9,Cloudy,Field A
2022-08-11,22:45,Cow_107,4,7,4,0,25.9,Cloudy,Field C
2022-08-11,22:45,Cow_108,12,3,0,0,25.9,Cloudy,Field B
2022-08-11,22:45,Cow_109,14,0,3,0,25.9,Cloudy,Field C
2022-08-11,22:45,Cow_110,12,8,0,0,25.9,Cloudy,Field C
2022-08-11,22:45,Cow_111,9,5,1,0,25.9,Cloudy,Field B
2022-08-11,22:45,Cow_112,0,10,7,0,25.9,Cloudy,Field B
2022-08-11,22:45,Cow_113,3,9,3,0,25.9,Cloudy,Field B
2022-08-11,22:45,Cow_114,14,0,3,0,25.9,Cloudy,Field A
2022-08-11,22:45,Cow_115,1,7,7,0,25.9,Cloudy,Field C
2022-08-11,22:45,Cow_116,4,7,4,0,25.9,Cloudy,Field C
2022-08-11,22:45,Cow_117,0,8,8,0,25.9,Cloudy,Field B
2022-08-11,22:45,Cow_118,8,6,1,0,25.9,Cloudy,Field B
2022-08-11,22:45,Cow_119,7,6,2,0,25.9,Cloudy,Field A
2022-08-11,22:45,Cow_120,13,3,0,0,25.9,Cloudy,Field A
2022-08-11,22:45,Cow_121,7,0,8,0,25.9,Cloudy,Field C
2022-08-11,22:45,Cow_122,8,0,7,0,25.9,Cloudy,Field C
2022-08-11,22:45,Cow_123,6,3,6,0,25.9,Cloudy,Field B
2022-08-11,22:45,Cow_124,0,0,0,15,25.9,Cloudy,Field C
2022-08-11,22:45,Cow_125,6,3,6,0,25.9,Cloudy,Field B
2022-08-11,22:45,Cow_126,5,5,5,0,25.9,Cloudy,Field A
2022-08-11,22:45,Cow_127,9,4,2,0,25.9,Cloudy,Field B
2022-08-11,22:45,Cow_128,0,8,7,0,25.9,Cloudy,Field B
2022-08-11,22:45,Cow_129,8,2,5,0,25.9,Cloudy,Field C
2022-08-11,22:45,Cow_130,7,3,5,0,25.9,Cloudy,Field B
2022-08-11,22:45,Cow_131,7,4,4,0,25.9,Cloudy,Field A
2022-08-11,22:45,Cow_132,5,5,5,0,25.9,Cloudy,Field C
2022-08-11,22:45,Cow_133,11,10,0,0,25.9,Cloudy,Field B
2022-08-11,22:45,Cow_134,7,0,8,0,25.9,Cloudy,Field B
2022-08-11,22:45,Cow_135,6,5,4,0,25.9,Cloudy,Field B
2022-08-11,22:45,Cow_136,14,6,0,0,25.9,Cloudy,Field A
2022-08-11,22:45,Cow_137,8,0,7,0,25.9,Cloudy,Field B
2022-08-11,22:45,Cow_138,9,3,3,0,25.9,Cloudy,Field A
2022-08-11,22:45,Cow_139,0,0,0,15,25.9,Cloudy,Field C
2022-08-11,22:45,Cow_140,12,5,0,0,25.9,Cloudy,Field C
2022-08-11,22:45,Cow_141,8,4,3,0,25.9,Cloudy,Field C
2022-08-11,22:45,Cow_142,0,8,7,0,25.9,Cloudy,Field C
2022-08-11,22:45,Cow_143,7,5,3,0,25.9,Cloudy,Field A
2022-08-11,22:45,Cow_144,12,3,0,0,25.9,Cloudy,Field A
2022-08-11,22:45,Cow_145,10,9,0,0,25.9,Cloudy,Field C
2022-08-11,22:45,Cow_146,10,9,0,0,25.9,Cloudy,Field B
2022-08-11,22:45,Cow_147,12,3,0,0,25.9,Cloudy,Field C
2022-08-11,22:45,Cow_148,13,8,0,0,25.9,Cloudy,Field C
2022-08-11,22:45,Cow_149,8,4,3,0,25.9,Cloudy,Field A
2022-08-11,22:45,Cow_150,0,0,0,15,25.9,Cloudy,Field B
2022-08-11,22:45,Cow_151,5,6,4,0,25.9,Cloudy,Field C
2022-08-11,22:45,Cow_152,12,0,5,0,25.9,Cloudy,Field B
2022-08-11,22:45,Cow_153,8,10,0,0,25.9,Cloudy,Field C
2022-08-11,22:45,Cow_154,0,0,0,15,25.9,Cloudy,Field B
2022-08-11,22:45,Cow_155,8,0,7,0,25.9,Cloudy,Field C
2022-08-11,22:45,Cow_156,7,4,4,0,25.9,Cloudy,Field B
2022-08-11,22:45,Cow_157,12,4,0,0,25.9,Cloudy,Field C
2022-08-11,22:45,Cow_158,5,6,4,0,25.9,Cloudy,Field B
2022-08-11,22:45,Cow_159,5,3,7,0,25.9,Cloudy,Field C
2022-08-11,22:45,Cow_160,1,7,7,0,25.9,Cloudy,Field C
2022-08-11,22:45,Cow_161,6,5,4,0,25.9,Cloudy,Field A
2022-08-11,22:45,Cow_162,3,4,8,0,25.9,Cloudy,Field B
2022-08-11,22:45,Cow_163,0,0,0,15,25.9,Cloudy,Field A
2022-08-11,22:45,Cow_164,0,0,0,15,25.9,Cloudy,Field A
2022-08-11,22:45,Cow_165,3,8,4,0,25.9,Cloudy,Field B
2022-08-11,22:45,Cow_166,0,0,0,15,25.9,Cloudy,Field B
2022-08-11,22:45,Cow_167,7,2,6,0,25.9,Cloudy,Field C
2022-08-11,22:45,Cow_168,10,2,3,0,25.9,Cloudy,Field A
2022-08-11,22:45,Cow_169,0,9,6,0,25.9,Cloudy,Field B
2022-08-11,22:45,Cow_170,5,6,4,0,25.9,Cloudy,Field A
2022-08-11,22:45,Cow_171,6,3,6,0,25.9,Cloudy,Field C
2022-08-11,22:45,Cow_172,9,3,3,0,25.9,Cloudy,Field A
2022-08-11,22:45,Cow_173,10,0,6,0,25.9,Cloudy,Field C
2022-08-11,22:45,Cow_174,12,5,0,0,25.9,Cloudy,Field A
2022-08-11,22:45,Cow_175,11,0,7,0,25.9,Cloudy,Field A
2022-08-11,22:45,Cow_176,6,4,5,0,25.9,Cloudy,Field C
2022-08-11,22:45,Cow_177,8,5,2,0,25.9,Cloudy,Field B
2022-08-11,22:45,Cow_178,8,10,0,0,25.9,Cloudy,Field B
2022-08-11,22:45,Cow_179,7,3,5,0,25.9,Cloudy,Field C
2022-08-11,22:45,Cow_180,5,7,3,0,25.9,Cloudy,Field B
2022-08-11,22:45,Cow_181,10,0,6,0,25.9,Cloudy,Field C
2022-08-11,22:45,Cow_182,7,6,2,0,25.9,Cloudy,Field A
2022-08-11,22:45,Cow_183,4,8,3,0,25.9,Cloudy,Field A
2022-08-11,22:45,Cow_184,0,0,0,15,25.9,Cloudy,Field B
2022-08-11,22:45,Cow_185,4,6,5,0,25.9,Cloudy,Field A
2022-08-11,22:45,Cow_186,6,1,8,0,25.9,Cloudy,Field B
2022-08-11,22:45,Cow_187,7,6,2,0,25.9,Cloudy,Field C
2022-08-11,22:45,Cow_188,10,10,0,0,25.9,Cloudy,Field A
2022-08-11,22:45,Cow_189,5,7,3,0,25.9,Cloudy,Field B
2022-08-11,22:45,Cow_190,0,7,8,0,25.9,Cloudy,Field A
2022-08-11,22:45,Cow_191,10,4,1,0,25.9,Cloudy,Field B
2022-08-11,22:45,Cow_192,0,0,0,15,25.9,Cloudy,Field C
2022-08-11,22:45,Cow_193,4,8,3,0,25.9,Cloudy,Field B
2022-08-11,22:45,Cow_194,9,4,2,0,25.9,Cloudy,Field A
2022-08-11,22:45,Cow_195,9,0,6,0,25.9,Cloudy,Field B
2022-08-11,22:45,Cow_196,3,4,8,0,25.9,Cloudy,Field B
2022-08-11,22:45,Cow_197,0,0,0,15,25.9,Cloudy,Field B
2022-08-11,22:45,Cow_198,11,6,0,0,25.9,Cloudy,Field C
2022-08-11,22:45,Cow_199,4,8,3,0,25.9,Cloudy,Field A
2022-08-11,22:45,Cow_200,8,5,2,0,25.9,Cloudy,Field B
2022-08-11,22:45,Cow_201,0,9,8,0,25.9,Cloudy,Field A
2022-08-11,22:45,Cow_202,8,7,0,0,25.9,Cloudy,Field C
2022-08-11,22:45,Cow_203,0,0,0,15,25.9,Cloudy,Field C
2022-08-11,22:45,Cow_204,0,10,5,0,25.9,Cloudy,Field A
2022-08-11,22:45,Cow_205,9,0,7,0,25.9,Cloudy,Field B
2022-08-11,22:45,Cow_206,2,10,3,0,25.9,Cloudy,Field B
2022-08-11,22:45,Cow_207,0,0,0,15,25.9,Cloudy,Field A
2022-08-11,22:45,Cow_208,11,0,5,0,25.9,Cloudy,Field A
2022-08-11,22:45,Cow_209,13,0,3,0,25.9,Cloudy,Field B
2022-08-11,22:45,Cow_210,13,0,6,0,25.9,Cloudy,Field A
2022-08-11,22:45,Cow_211,1,9,5,0,25.9,Cloudy,Field C
2022-08-11,22:45,Cow_212,8,3,4,0,25.9,Cloudy,Field C
2022-08-11,22:45,Cow_213,3,8,4,0,25.9,Cloudy,Field A
2022-08-11,22:45,Cow_214,4,6,5,0,25.9,Cloudy,Field B
2022-08-11,22:45,Cow_215,10,8,0,0,25.9,Cloudy,Field B
2022-08-11,22:45,Cow_216,1,10,4,0,25.9,Cloudy,Field B
2022-08-11,22:45,Cow_217,11,0,6,0,25.9,Cloudy,Field C
2022-08-11,22:45,Cow_218,6,4,5,0,25.9,Cloudy,Field B
2022-08-11,22:45,Cow_219,8,3,4,0,25.9,Cloudy,Field B
2022-08-11,22:45,Cow_220,1,6,8,0,25.9,Cloudy,Field C
2022-08-11,22:45,Cow_221,14,0,7,0,25.9,Cloudy,Field B
2022-08-11,22:45,Cow_222,6,3,6,0,25.9,Cloudy,Field C
2022-08-11,22:45,Cow_223,8,8,0,0,25.9,Cloudy,Field C
2022-08-11,22:45,Cow_224,14,0,4,0,25.9,Cloudy,Field C
2022-08-11,22:45,Cow_225,10,5,0,0,25.9,Cloudy,Field B
2022-08-11,22:45,Cow_226,6,2,7,0,25.9,Cloudy,Field B
2022-08-11,22:45,Cow_227,7,6,2,0,25.9,Cloudy,Field C
2022-08-11,22:45,Cow_228,14,5,0,0,25.9,Cloudy,Field A
2022-08-11,22:45,Cow_229,9,3,3,0,25.9,Cloudy,Field A
2022-08-11,22:45,Cow_230,3,6,6,0,25.9,Cloudy,Field A
2022-08-11,22:45,Cow_231,10,6,0,0,25.9,Cloudy,Field B
2022-08-11,22:45,Cow_232,11,0,8,0,25.9,Cloudy,Field C
2022-08-11,22:45,Cow_233,13,10,0,0,25.9,Cloudy,Field B
2022-08-11,22:45,Cow_234,14,0,8,0,25.9,Cloudy,Field B
2022-08-11,22:45,Cow_235,2,4,9,0,25.9,Cloudy,Field B
2022-08-11,22:45,Cow_236,1,6,8,0,25.9,Cloudy,Field A
2022-08-11,22:45,Cow_237,9,3,3,0,25.9,Cloudy,Field C
2022-08-11,22:45,Cow_238,7,10,0,0,25.9,Cloudy,Field A
2022-08-11,22:45,Cow_239,13,5,0,0,25.9,Cloudy,Field C
2022-08-11,22:45,Cow_240,7,5,3,0,25.9,Cloudy,Field B
2022-08-11,22:45,Cow_241,13,0,7,0,25.9,Cloudy,Field A
2022-08-11,22:45,Cow_242,0,0,0,15,25.9,Cloudy,Field A
2022-08-11,22:45,Cow_243,6,5,4,0,25.9,Cloudy,Field B
2022-08-11,22:45,Cow_244,0,0,0,15,25.9,Cloudy,Field B
2022-08-11,22:45,Cow_245,9,3,3,0,25.9,Cloudy,Field C
2022-08-11,22:45,Cow_246,0,10,5,0,25.9,Cloudy,Field B
2022-08-11,22:45,Cow_247,6,3,6,0,25.9,Cloudy,Field A
2022-08-11,22:45,Cow_248,12,10,0,0,25.9,Cloudy,Field A
2022-08-11,22:45,Cow_249,0,0,0,15,25.9,Cloudy,Field C
2022-08-11,22:45,Cow_250,7,7,1,0,25.9,Cloudy,Field A
2022-08-11,22:45,Cow_251,1,6,8,0,25.9,Cloudy,Field A
2022-08-11,22:45,Cow_252,8,6,1,0,25.9,Cloudy,Field B
2022-08-11,22:45,Cow_253,14,3,0,0,25.9,Cloudy,Field A
2022-08-11,22:45,Cow_254,11,0,5,0,25.9,Cloudy,Field C
2022-08-11,22:45,Cow_255,5,7,3,0,25.9,Cloudy,Field B
2022-08-11,22:45,Cow_256,12,7,0,0,25.9,Cloudy,Field B
2022-08-11,22:45,Cow_257,0,10,7,0,25.9,Cloudy,Field A
2022-08-11,22:45,Cow_258,13,0,4,0,25.9,Cloudy,Field C
2022-08-11,22:45,Cow_259,14,7,0,0,25.9,Cloudy,Field B
2022-08-11,22:45,Cow_260,7,4,4,0,25.9,Cloudy,Field B
2022-08-11,22:45,Cow_261,11,6,0,0,25.9,Cloudy,Field C
2022-08-11,22:45,Cow_262,4,6,5,0,25.9,Cloudy,Field A
2022-08-11,22:45,Cow_263,5,6,4,0,25.9,Cloudy,Field A
2022-08-11,22:45,Cow_264,0,9,6,0,25.9,Cloudy,Field B
2022-08-11,22:45,Cow_265,6,3,6,0,25.9,Cloudy,Field A
2022-08-11,22:45,Cow_266,14,10,0,0,25.9,Cloudy,Field B
2022-08-11,22:45,Cow_267,8,7,0,0,25.9,Cloudy,Field A
2022-08-11,22:45,Cow_268,0,8,7,0,25.9,Cloudy,Field B
2022-08-11,22:45,Cow_269,14,3,0,0,25.9,Cloudy,Field B
2022-08-11,22:45,Cow_270,13,10,0,0,25.9,Cloudy,Field B
2022-08-11,22:45,Cow_271,0,7,8,0,25.9,Cloudy,Field C
2022-08-11,22:45,Cow_272,5,7,3,0,25.9,Cloudy,Field C
2022-08-11,22:45,Cow_273,9,6,0,0,25.9,Cloudy,Field B
2022-08-11,22:45,Cow_274,14,0,7,0,25.9,Cloudy,Field A
2022-08-11,22:45,Cow_275,10,0,6,0,25.9,Cloudy,Field B
2022-08-11,22:45,Cow_276,7,8,0,0,25.9,Cloudy,Field A
2022-08-11,22:45,Cow_277,13,9,0,0,25.9,Cloudy,Field B
2022-08-11,22:45,Cow_278,6,1,8,0,25.9,Cloudy,Field A
2022-08-11,22:45,Cow_279,6,2,7,0,25.9,Cloudy,Field C
2022-08-11,22:45,Cow_280,14,0,8,0,25.9,Cloudy,Field A
2022-08-11,22:45,Cow_281,7,5,3,0,25.9,Cloudy,Field C
2022-08-11,22:45,Cow_282,2,8,5,0,25.9,Cloudy,Field C
2022-08-11,22:45,Cow_283,12,9,0,0,25.9,Cloudy,Field B
2022-08-11,22:45,Cow_284,6,10,0,0,25.9,Cloudy,Field B
2022-08-11,22:45,Cow_285,4,4,7,0,25.9,Cloudy,Field B
2022-08-11,22:45,Cow_286,3,9,3,0,25.9,Cloudy,Field A
2022-08-11,22:45,Cow_287,9,0,7,0,25.9,Cloudy,Field B
2022-08-11,22:45,Cow_288,7,6,2,0,25.9,Cloudy,Field A
2022-08-11,22:45,Cow_289,6,5,4,0,25.9,Cloudy,Field A
2022-08-11,22:45,Cow_290,5,6,4,0,25.9,Cloudy,Field B
2022-08-11,22:45,Cow_291,1,9,5,0,25.9,Cloudy,Field B
2022-08-11,22:45,Cow_292,10,1,4,0,25.9,Cloudy,Field C
2022-08-11,22:45,Cow_293,8,12,0,0,25.9,Cloudy,Field A
2022-08-11,22:45,Cow_294,0,9,8,0,25.9,Cloudy,Field A
2022-08-11,22:45,Cow_295,14,8,0,0,25.9,Cloudy,Field A
2022-08-11,22:45,Cow_296,8,2,5,0,25.9,Cloudy,Field A
2022-08-11,22:45,Cow_297,4,4,7,0,25.9,Cloudy,Field C
2022-08-11,22:45,Cow_298,7,4,4,0,25.9,Cloudy,Field A
2022-08-11,22:45,Cow_299,9,0,9,0,25.9,Cloudy,Field B
2022-08-11,22:45,Cow_300,8,3,4,0,25.9,Cloudy,Field A
2022-08-11,22:45,Cow_301,9,9,0,0,25.9,Cloudy,Field C
2022-08-11,22:45,Cow_302,6,7,2,0,25.9,Cloudy,Field C
2022-08-11,22:45,Cow_303,8,4,3,0,25.9,Cloudy,Field A
2022-08-11,22:45,Cow_304,8,3,4,0,25.9,Cloudy,Field A
2022-08-11,22:45,Cow_305,4,5,6,0,25.9,Cloudy,Field C
2022-08-11,22:45,Cow_306,11,0,8,0,25.9,Cloudy,Field B
2022-08-11,22:45,Cow_307,5,4,6,0,25.9,Cloudy,Field C
2022-08-11,22:45,Cow_308,0,0,0,15,25.9,Cloudy,Field A
2022-08-11,22:45,Cow_309,8,4,3,0,25.9,Cloudy,Field C
2022-08-11,22:45,Cow_310,6,3,6,0,25.9,Cloudy,Field C
2022-08-11,22:45,Cow_311,8,3,4,0,25.9,Cloudy,Field B
2022-08-11,22:45,Cow_312,0,0,0,15,25.9,Cloudy,Field C
2022-08-11,22:45,Cow_313,7,7,1,0,25.9,Cloudy,Field B
2022-08-11,22:45,Cow_314,5,6,4,0,25.9,Cloudy,Field C
2022-08-11,22:45,Cow_315,5,3,7,0,25.9,Cloudy,Field B
2022-08-11,22:45,Cow_316,5,10,0,0,25.9,Cloudy,Field C
2022-08-11,22:45,Cow_317,0,10,6,0,25.9,Cloudy,Field C
2022-08-11,22:45,Cow_318,5,5,5,0,25.9,Cloudy,Field A
2022-08-11,22:45,Cow_319,10,4,1,0,25.9,Cloudy,Field A
2022-08-11,22:45,Cow_320,14,0,6,0,25.9,Cloudy,Field B
2022-08-11,22:45,Cow_321,5,7,3,0,25.9,Cloudy,Field B
2022-08-11,22:45,Cow_322,14,8,0,0,25.9,Cloudy,Field C
2022-08-11,22:45,Cow_323,8,4,3,0,25.9,Cloudy,Field B
2022-08-11,22:45,Cow_324,7,9,0,0,25.9,Cloudy,Field B
2022-08-11,22:45,Cow_325,11,9,0,0,25.9,Cloudy,Field B
2022-08-11,22:45,Cow_326,12,0,8,0,25.9,Cloudy,Field B
2022-08-11,22:45,Cow_327,0,8,8,0,25.9,Cloudy,Field C
2022-08-11,22:45,Cow_328,7,2,6,0,25.9,Cloudy,Field A
2022-08-11,22:45,Cow_329,5,4,6,0,25.9,Cloudy,Field A
2022-08-11,22:45,Cow_330,0,9,6,0,25.9,Cloudy,Field C
2022-08-11,22:45,Cow_331,4,4,7,0,25.9,Cloudy,Field B
2022-08-11,22:45,Cow_332,12,6,0,0,25.9,Cloudy,Field B
2022-08-11,22:45,Cow_333,6,4,5,0,25.9,Cloudy,Field A
2022-08-11,22:45,Cow_334,12,0,3,0,25.9,Cloudy,Field B
2022-08-11,22:45,Cow_335,6,5,4,0,25.9,Cloudy,Field A
2022-08-11,22:45,Cow_336,7,2,6,0,25.9,Cloudy,Field B
2022-08-11,22:45,Cow_337,4,3,8,0,25.9,Cloudy,Field B
2022-08-11,22:45,Cow_338,7,8,0,0,25.9,Cloudy,Field C
2022-08-11,22:45,Cow_339,7,6,2,0,25.9,Cloudy,Field A
2022-08-11,22:45,Cow_340,12,8,0,0,25.9,Cloudy,Field C
2022-08-11,22:45,Cow_341,9,3,3,0,25.9,Cloudy,Field C
2022-08-11,22:45,Cow_342,3,7,5,0,25.9,Cloudy,Field B
2022-08-11,22:45,Cow_343,0,9,7,0,25.9,Cloudy,Field B
2022-08-11,22:45,Cow_344,14,9,0,0,25.9,Cloudy,Field C
2022-08-11,22:45,Cow_345,12,6,0,0,25.9,Cloudy,Field A
2022-08-11,22:45,Cow_346,3,5,7,0,25.9,Cloudy,Field B
2022-08-11,22:45,Cow_347,11,0,7,0,25.9,Cloudy,Field B
2022-08-11,22:45,Cow_348,5,9,1,0,25.9,Cloudy,Field B
2022-08-11,22:45,Cow_349,5,6,4,0,25.9,Cloudy,Field C
2022-08-11,22:45,Cow_350,0,0,0,15,25.9,Cloudy,Field C
2022-08-11,22:45,Cow_351,5,3,7,0,25.9,Cloudy,Field A
2022-08-11,22:45,Cow_352,13,0,4,0,25.9,Cloudy,Field C
2022-08-11,22:45,Cow_353,0,8,8,0,25.9,Cloudy,Field B
2022-08-11,22:45,Cow_354,7,8,0,0,25.9,Cloudy,Field C
2022-08-11,22:45,Cow_355,9,5,1,0,25.9,Cloudy,Field A
2022-08-11,22:45,Cow_356,0,0,0,15,25.9,Cloudy,Field B
2022-08-11,22:45,Cow_357,5,4,6,0,25.9,Cloudy,Field B
2022-08-11,22:45,Cow_358,7,1,7,0,25.9,Cloudy,Field A
2022-08-11,22:45,Cow_359,13,0,9,0,25.9,Cloudy,Field C
2022-08-11,22:45,Cow_360,8,0,7,0,25.9,Cloudy,Field A
2022-08-11,22:45,Cow_361,4,3,8,0,25.9,Cloudy,Field C
2022-08-11,22:45,Cow_362,2,8,5,0,25.9,Cloudy,Field B
2022-08-11,22:45,Cow_363,11,11,0,0,25.9,Cloudy,Field A
2022-08-11,22:45,Cow_364,0,0,0,15,25.9,Cloudy,Field A
2022-08-11,22:45,Cow_365,9,0,8,0,25.9,Cloudy,Field B
2022-08-11,22:45,Cow_366,5,5,5,0,25.9,Cloudy,Field A
2022-08-11,22:45,Cow_367,7,4,4,0,25.9,Cloudy,Field B
2022-08-11,22:45,Cow_368,10,0,5,0,25.9,Cloudy,Field C
2022-08-11,22:45,Cow_369,2,5,8,0,25.9,Cloudy,Field A
2022-08-11,22:45,Cow_370,14,0,3,0,25.9,Cloudy,Field B
2022-08-11,22:45,Cow_371,14,0,5,0,25.9,Cloudy,Field B
2022-08-11,22:45,Cow_372,5,7,3,0,25.9,Cloudy,Field C
2022-08-11,22:45,Cow_373,5,5,5,0,25.9,Cloudy,Field B
2022-08-11,22:45,Cow_374,13,5,0,0,25.9,Cloudy,Field C
2022-08-11,22:45,Cow_375,2,8,5,0,25.9,Cloudy,Field B
2022-08-11,22:45,Cow_376,13,0,6,0,25.9,Cloudy,Field B
2022-08-11,22:45,Cow_377,1,7,7,0,25.9,Cloudy,Field B
2022-08-11,22:45,Cow_378,6,3,6,0,25.9,Cloudy,Field A
2022-08-11,22:45,Cow_379,10,0,6,0,25.9,Cloudy,Field A
2022-08-11,22:45,Cow_380,7,1,7,0,25.9,Cloudy,Field C
2022-08-11,22:45,Cow_381,12,0,8,0,25.9,Cloudy,Field C
2022-08-11,22:45,Cow_382,9,10,0,0,25.9,Cloudy,Field C
2022-08-11,22:45,Cow_383,0,0,0,15,25.9,Cloudy,Field C
2022-08-11,22:45,Cow_384,10,4,1,0,25.9,Cloudy,Field A
2022-08-11,22:45,Cow_385,3,5,7,0,25.9,Cloudy,Field B
2022-08-11,22:45,Cow_386,12,0,6,0,25.9,Cloudy,Field A
2022-08-11,22:45,Cow_387,11,1,3,0,25.9,Cloudy,Field A
2022-08-11,22:45,Cow_388,0,0,0,15,25.9,Cloudy,Field B
2022-08-11,22:45,Cow_389,8,3,4,0,25.9,Cloudy,Field C
2022-08-11,22:45,Cow_390,5,7,3,0,25.9,Cloudy,Field B
2022-08-11,22:45,Cow_391,10,0,5,0,25.9,Cloudy,Field C
2022-08-11,22:45,Cow_392,6,6,3,0,25.9,Cloudy,Field A
2022-08-11,22:45,Cow_393,8,4,3,0,25.9,Cloudy,Field A
2022-08-11,22:45,Cow_394,10,7,0,0,25.9,Cloudy,Field C
2022-08-11,22:45,Cow_395,7,9,0,0,25.9,Cloudy,Field B
2022-08-11,22:45,Cow_396,8,0,8,0,25.9,Cloudy,Field B
2022-08-11,22:45,Cow_397,11,7,0,0,25.9,Cloudy,Field A
2022-08-11,22:45,Cow_398,14,7,0,0,25.9,Cloudy,Field B
2022-08-11,22:45,Cow_399,9,6,0,0,25.9,Cloudy,Field C
2022-08-11,22:45,Cow_400,5,5,5,0,25.9,Cloudy,Field B
2022-08-11,22:45,Cow_401,0,10,6,0,25.9,Cloudy,Field C
2022-08-11,22:45,Cow_402,6,1,8,0,25.9,Cloudy,Field B
2022-08-11,22:45,Cow_403,10,2,3,0,25.9,Cloudy,Field A
2022-08-11,22:45,Cow_404,7,3,5,0,25.9,Cloudy,Field C
2022-08-11,22:45,Cow_405,1,10,4,0,25.9,Cloudy,Field B
2022-08-11,22:45,Cow_406,8,3,4,0,25.9,Cloudy,Field B
2022-08-11,22:45,Cow_407,5,10,0,0,25.9,Cloudy,Field A
2022-08-11,22:45,Cow_408,7,2,6,0,25.9,Cloudy,Field B
2022-08-11,22:45,Cow_409,13,0,8,0,25.9,Cloudy,Field A
2022-08-11,22:45,Cow_410,3,4,8,0,25.9,Cloudy,Field A
2022-08-11,22:45,Cow_411,12,5,0,0,25.9,Cloudy,Field A
2022-08-11,22:45,Cow_412,12,0,8,0,25.9,Cloudy,Field B
2022-08-11,22:45,Cow_413,5,9,1,0,25.9,Cloudy,Field A
2022-08-11,22:45,Cow_414,9,3,3,0,25.9,Cloudy,Field A
2022-08-11,22:45,Cow_415,3,7,5,0,25.9,Cloudy,Field B
2022-08-11,22:45,Cow_416,5,5,5,0,25.9,Cloudy,Field C
2022-08-11,22:45,Cow_417,10,4,1,0,25.9,Cloudy,Field C
2022-08-11,22:45,Cow_418,11,6,0,0,25.9,Cloudy,Field B
2022-08-11,22:45,Cow_419,8,9,0,0,25.9,Cloudy,Field B
2022-08-11,22:45,Cow_420,5,7,3,0,25.9,Cloudy,Field B
2022-08-11,22:45,Cow_421,1,6,8,0,25.9,Cloudy,Field B
2022-08-11,22:45,Cow_422,9,9,0,0,25.9,Cloudy,Field C
2022-08-11,22:45,Cow_423,7,3,5,0,25.9,Cloudy,Field C
2022-08-11,22:45,Cow_424,7,3,5,0,25.9,Cloudy,Field C
2022-08-11,22:45,Cow_425,11,0,4,0,25.9,Cloudy,Field A
2022-08-11,22:45,Cow_426,6,9,0,0,25.9,Cloudy,Field C
2022-08-11,22:45,Cow_427,14,3,0,0,25.9,Cloudy,Field B
2022-08-11,22:45,Cow_428,5,10,0,0,25.9,Cloudy,Field C
2022-08-11,22:45,Cow_429,6,1,8,0,25.9,Cloudy,Field C
2022-08-11,22:45,Cow_430,6,1,8,0,25.9,Cloudy,Field C
2022-08-11,22:45,Cow_431,5,4,6,0,25.9,Cloudy,Field A
2022-08-11,22:45,Cow_432,7,4,4,0,25.9,Cloudy,Field A
2022-08-11,22:45,Cow_433,13,9,0,0,25.9,Cloudy,Field B
2022-08-11,22:45,Cow_434,2,7,6,0,25.9,Cloudy,Field A
2022-08-11,22:45,Cow_435,11,6,0,0,25.9,Cloudy,Field A
2022-08-11,22:45,Cow_436,3,9,3,0,25.9,Cloudy,Field B
2022-08-11,22:45,Cow_437,11,0,4,0,25.9,Cloudy,Field A
2022-08-11,22:45,Cow_438,9,1,5,0,25.9,Cloudy,Field C
2022-08-11,22:45,Cow_439,2,5,8,0,25.9,Cloudy,Field A
2022-08-11,22:45,Cow_440,6,9,0,0,25.9,Cloudy,Field C
2022-08-11,22:45,Cow_441,7,1,7,0,25.9,Cloudy,Field B
2022-08-11,22:45,Cow_442,5,8,2,0,25.9,Cloudy,Field C
2022-08-11,22:45,Cow_443,11,0,7,0,25.9,Cloudy,Field B
2022-08-11,22:45,Cow_444,11,0,5,0,25.9,Cloudy,Field C
2022-08-11,22:45,Cow_445,7,3,5,0,25.9,Cloudy,Field A
2022-08-11,22:45,Cow_446,10,2,3,0,25.9,Cloudy,Field B
2022-08-11,22:45,Cow_447,14,0,7,0,25.9,Cloudy,Field C
2022-08-11,22:45,Cow_448,9,3,3,0,25.9,Cloudy,Field B
2022-08-11,22:45,Cow_449,12,4,0,0,25.9,Cloudy,Field A
2022-08-11,22:45,Cow_450,8,3,4,0,25.9,Cloudy,Field A
2022-08-11,22:45,Cow_451,12,0,4,0,25.9,Cloudy,Field A
2022-08-11,22:45,Cow_452,14,6,0,0,25.9,Cloudy,Field C
2022-08-11,22:45,Cow_453,6,5,4,0,25.9,Cloudy,Field B
2022-08-11,22:45,Cow_454,14,0,8,0,25.9,Cloudy,Field B
2022-08-11,22:45,Cow_455,7,4,4,0,25.9,Cloudy,Field B
2022-08-11,22:45,Cow_456,12,7,0,0,25.9,Cloudy,Field B
2022-08-11,22:45,Cow_457,13,0,7,0,25.9,Cloudy,Field B
2022-08-11,22:45,Cow_458,5,7,3,0,25.9,Cloudy,Field B
2022-08-11,22:45,Cow_459,9,1,5,0,25.9,Cloudy,Field C
2022-08-11,22:45,Cow_460,9,5,1,0,25.9,Cloudy,Field A
2022-08-11,22:45,Cow_461,1,6,8,0,25.9,Cloudy,Field C
2022-08-11,22:45,Cow_462,14,7,0,0,25.9,Cloudy,Field B
2022-08-11,22:45,Cow_463,6,7,2,0,25.9,Cloudy,Field A
2022-08-11,22:45,Cow_464,9,0,7,0,25.9,Cloudy,Field B
2022-08-11,22:45,Cow_465,9,3,3,0,25.9,Cloudy,Field B
2022-08-11,22:45,Cow_466,14,0,8,0,25.9,Cloudy,Field A
2022-08-11,22:45,Cow_467,10,1,4,0,25.9,Cloudy,Field C
2022-08-11,22:45,Cow_468,10,1,4,0,25.9,Cloudy,Field C
2022-08-11,22:45,Cow_469,1,7,7,0,25.9,Cloudy,Field C
2022-08-11,22:45,Cow_470,6,6,3,0,25.9,Cloudy,Field A
2022-08-11,22:45,Cow_471,7,10,0,0,25.9,Cloudy,Field C
2022-08-11,22:45,Cow_472,11,8,0,0,25.9,Cloudy,Field B
2022-08-11,22:45,Cow_473,3,5,7,0,25.9,Cloudy,Field A
2022-08-11,22:45,Cow_474,11,1,3,0,25.9,Cloudy,Field B
2022-08-11,22:45,Cow_475,7,5,3,0,25.9,Cloudy,Field A
2022-08-11,22:45,Cow_476,9,3,3,0,25.9,Cloudy,Field A
2022-08-11,22:45,Cow_477,5,8,2,0,25.9,Cloudy,Field B
2022-08-11,22:45,Cow_478,8,4,3,0,25.9,Cloudy,Field A
2022-08-11,22:45,Cow_479,14,0,7,0,25.9,Cloudy,Field B
2022-08-11,22:45,Cow_480,10,1,4,0,25.9,Cloudy,Field A
2022-08-11,22:45,Cow_481,9,3,3,0,25.9,Cloudy,Field A
2022-08-11,22:45,Cow_482,7,5,3,0,25.9,Cloudy,Field C
2022-08-11,22:45,Cow_483,0,7,8,0,25.9,Cloudy,Field B
2022-08-11,22:45,Cow_484,12,0,3,0,25.9,Cloudy,Field C
2022-08-11,22:45,Cow_485,5,6,4,0,25.9,Cloudy,Field C
2022-08-11,22:45,Cow_486,9,10,0,0,25.9,Cloudy,Field B
2022-08-11,22:45,Cow_487,1,6,8,0,25.9,Cloudy,Field C
2022-08-11,22:45,Cow_488,14,0,3,0,25.9,Cloudy,Field B
2022-08-11,22:45,Cow_489,0,10,8,0,25.9,Cloudy,Field A
2022-08-11,22:45,Cow_490,13,0,8,0,25.9,Cloudy,Field B
2022-08-11,22:45,Cow_491,0,0,0,15,25.9,Cloudy,Field C
2022-08-11,22:45,Cow_492,6,5,4,0,25.9,Cloudy,Field C
2022-08-11,22:45,Cow_493,13,4,0,0,25.9,Cloudy,Field A
2022-08-11,22:45,Cow_494,11,1,3,0,25.9,Cloudy,Field B
2022-08-11,22:45,Cow_495,9,0,7,0,25.9,Cloudy,Field B
2022-08-11,22:45,Cow_496,6,4,5,0,25.9,Cloudy,Field B
2022-08-11,22:45,Cow_497,9,9,0,0,25.9,Cloudy,Field C
2022-08-11,22:45,Cow_498,5,6,4,0,25.9,Cloudy,Field B
2022-08-11,22:45,Cow_499,1,7,7,0,25.9,Cloudy,Field B
2022-08-11,22:45,Cow_500,10,1,4,0,25.9,Cloudy,Field C
2022-08-11,23:00,Cow_1,6,9,0,0,24.3,Cloudy,Field A
2022-08-11,23:00,Cow_2,10,2,3,0,24.3,Cloudy,Field A
2022-08-11,23:00,Cow_3,12,9,0,0,24.3,Cloudy,Field C
2022-08-11,23:00,Cow_4,9,0,7,0,24.3,Cloudy,Field A
2022-08-11,23:00,Cow_5,11,6,0,0,24.3,Cloudy,Field B
2022-08-11,23:00,Cow_6,12,0,8,0,24.3,Cloudy,Field C
2022-08-11,23:00,Cow_7,8,4,3,0,24.3,Cloudy,Field C
2022-08-11,23:00,Cow_8,9,10,0,0,24.3,Cloudy,Field C
2022-08-11,23:00,Cow_9,9,1,5,0,24.3,Cloudy,Field C
2022-08-11,23:00,Cow_10,6,4,5,0,24.3,Cloudy,Field B
2022-08-11,23:00,Cow_11,11,0,7,0,24.3,Cloudy,Field C
2022-08-11,23:00,Cow_12,14,0,4,0,24.3,Cloudy,Field A
2022-08-11,23:00,Cow_13,8,2,5,0,24.3,Cloudy,Field B
2022-08-11,23:00,Cow_14,0,0,0,15,24.3,Cloudy,Field B
2022-08-11,23:00,Cow_15,6,6,3,0,24.3,Cloudy,Field B
2022-08-11,23:00,Cow_16,13,0,8,0,24.3,Cloudy,Field A
2022-08-11,23:00,Cow_17,5,8,2,0,24.3,Cloudy,Field C
2022-08-11,23:00,Cow_18,11,0,9,0,24.3,Cloudy,Field B
2022-08-11,23:00,Cow_19,14,0,3,0,24.3,Cloudy,Field A
2022-08-11,23:00,Cow_20,5,3,7,0,24.3,Cloudy,Field B
2022-08-11,23:00,Cow_21,0,0,0,15,24.3,Cloudy,Field B
2022-08-11,23:00,Cow_22,14,0,5,0,24.3,Cloudy,Field B
2022-08-11,23:00,Cow_23,8,8,0,0,24.3,Cloudy,Field B
2022-08-11,23:00,Cow_24,0,8,8,0,24.3,Cloudy,Field B
2022-08-11,23:00,Cow_25,7,5,3,0,24.3,Cloudy,Field A
2022-08-11,23:00,Cow_26,6,4,5,0,24.3,Cloudy,Field A
2022-08-11,23:00,Cow_27,6,2,7,0,24.3,Cloudy,Field C
2022-08-11,23:00,Cow_28,9,7,0,0,24.3,Cloudy,Field C
2022-08-11,23:00,Cow_29,5,7,3,0,24.3,Cloudy,Field C
2022-08-11,23:00,Cow_30,10,1,4,0,24.3,Cloudy,Field A
2022-08-11,23:00,Cow_31,12,8,0,0,24.3,Cloudy,Field C
2022-08-11,23:00,Cow_32,1,10,4,0,24.3,Cloudy,Field C
2022-08-11,23:00,Cow_33,12,0,6,0,24.3,Cloudy,Field A
2022-08-11,23:00,Cow_34,10,1,4,0,24.3,Cloudy,Field A
2022-08-11,23:00,Cow_35,7,3,5,0,24.3,Cloudy,Field B
2022-08-11,23:00,Cow_36,0,9,6,0,24.3,Cloudy,Field B
2022-08-11,23:00,Cow_37,8,3,4,0,24.3,Cloudy,Field B
2022-08-11,23:00,Cow_38,13,0,3,0,24.3,Cloudy,Field B
2022-08-11,23:00,Cow_39,1,8,6,0,24.3,Cloudy,Field C
2022-08-11,23:00,Cow_40,8,4,3,0,24.3,Cloudy,Field B
2022-08-11,23:00,Cow_41,0,0,0,15,24.3,Cloudy,Field B
2022-08-11,23:00,Cow_42,11,1,3,0,24.3,Cloudy,Field C
2022-08-11,23:00,Cow_43,11,0,8,0,24.3,Cloudy,Field A
2022-08-11,23:00,Cow_44,11,0,7,0,24.3,Cloudy,Field B
2022-08-11,23:00,Cow_45,12,7,0,0,24.3,Cloudy,Field A
2022-08-11,23:00,Cow_46,9,4,2,0,24.3,Cloudy,Field C
2022-08-11,23:00,Cow_47,0,9,8,0,24.3,Cloudy,Field B
2022-08-11,23:00,Cow_48,7,5,3,0,24.3,Cloudy,Field A
2022-08-11,23:00,Cow_49,5,4,6,0,24.3,Cloudy,Field C
2022-08-11,23:00,Cow_50,7,4,4,0,24.3,Cloudy,Field B
2022-08-11,23:00,Cow_51,8,0,8,0,24.3,Cloudy,Field A
2022-08-11,23:00,Cow_52,12,0,4,0,24.3,Cloudy,Field C
2022-08-11,23:00,Cow_53,6,2,7,0,24.3,Cloudy,Field B
2022-08-11,23:00,Cow_54,12,12,0,0,24.3,Cloudy,Field A
2022-08-11,23:00,Cow_55,12,9,0,0,24.3,Cloudy,Field A
2022-08-11,23:00,Cow_56,7,5,3,0,24.3,Cloudy,Field C
2022-08-11,23:00,Cow_57,5,7,3,0,24.3,Cloudy,Field C
2022-08-11,23:00,Cow_58,8,7,0,0,24.3,Cloudy,Field A
2022-08-11,23:00,Cow_59,10,0,5,0,24.3,Cloudy,Field A
2022-08-11,23:00,Cow_60,5,3,7,0,24.3,Cloudy,Field C
2022-08-11,23:00,Cow_61,5,7,3,0,24.3,Cloudy,Field A
2022-08-11,23:00,Cow_62,1,10,4,0,24.3,Cloudy,Field B
2022-08-11,23:00,Cow_63,14,4,0,0,24.3,Cloudy,Field A
2022-08-11,23:00,Cow_64,13,0,3,0,24.3,Cloudy,Field C
2022-08-11,23:00,Cow_65,5,6,4,0,24.3,Cloudy,Field C
2022-08-11,23:00,Cow_66,11,1,3,0,24.3,Cloudy,Field B
2022-08-11,23:00,Cow_67,5,7,3,0,24.3,Cloudy,Field C
2022-08-11,23:00,Cow_68,0,0,0,15,24.3,Cloudy,Field A
2022-08-11,23:00,Cow_69,2,7,6,0,24.3,Cloudy,Field B
2022-08-11,23:00,Cow_70,6,1,8,0,24.3,Cloudy,Field A
2022-08-11,23:00,Cow_71,5,5,5,0,24.3,Cloudy,Field B
2022-08-11,23:00,Cow_72,9,0,8,0,24.3,Cloudy,Field A
2022-08-11,23:00,Cow_73,10,0,7,0,24.3,Cloudy,Field B
2022-08-11,23:00,Cow_74,8,4,3,0,24.3,Cloudy,Field A
2022-08-11,23:00,Cow_75,14,0,8,0,24.3,Cloudy,Field A
2022-08-11,23:00,Cow_76,7,4,4,0,24.3,Cloudy,Field B
2022-08-11,23:00,Cow_77,3,4,8,0,24.3,Cloudy,Field B
2022-08-11,23:00,Cow_78,14,7,0,0,24.3,Cloudy,Field C
2022-08-11,23:00,Cow_79,2,9,4,0,24.3,Cloudy,Field B
2022-08-11,23:00,Cow_80,9,0,6,0,24.3,Cloudy,Field C
2022-08-11,23:00,Cow_81,10,0,7,0,24.3,Cloudy,Field A
2022-08-11,23:00,Cow_82,6,3,6,0,24.3,Cloudy,Field B
2022-08-11,23:00,Cow_83,7,1,7,0,24.3,Cloudy,Field C
2022-08-11,23:00,Cow_84,11,0,5,0,24.3,Cloudy,Field B
2022-08-11,23:00,Cow_85,13,0,8,0,24.3,Cloudy,Field A
2022-08-11,23:00,Cow_86,0,10,8,0,24.3,Cloudy,Field C
2022-08-11,23:00,Cow_87,9,3,3,0,24.3,Cloudy,Field B
2022-08-11,23:00,Cow_88,8,4,3,0,24.3,Cloudy,Field C
2022-08-11,23:00,Cow_89,5,9,1,0,24.3,Cloudy,Field C
2022-08-11,23:00,Cow_90,11,0,4,0,24.3,Cloudy,Field C
2022-08-11,23:00,Cow_91,11,3,1,0,24.3,Cloudy,Field C
2022-08-11,23:00,Cow_92,8,8,0,0,24.3,Cloudy,Field C
2022-08-11,23:00,Cow_93,5,4,6,0,24.3,Cloudy,Field A
2022-08-11,23:00,Cow_94,14,0,8,0,24.3,Cloudy,Field C
2022-08-11,23:00,Cow_95,12,0,4,0,24.3,Cloudy,Field B
2022-08-11,23:00,Cow_96,5,7,3,0,24.3,Cloudy,Field C
2022-08-11,23:00,Cow_97,12,10,0,0,24.3,Cloudy,Field C
2022-08-11,23:00,Cow_98,8,6,1,0,24.3,Cloudy,Field C
2022-08-11,23:00,Cow_99,12,0,4,0,24.3,Cloudy,Field C
2022-08-11,23:00,Cow_100,5,8,2,0,24.3,Cloudy,Field A
2022-08-11,23:00,Cow_101,8,7,0,0,24.3,Cloudy,Field A
2022-08-11,23:00,Cow_102,5,6,4,0,24.3,Cloudy,Field C
2022-08-11,23:00,Cow_103,10,5,0,0,24.3,Cloudy,Field A
2022-08-11,23:00,Cow_104,9,5,1,0,24.3,Cloudy,Field B
2022-08-11,23:00,Cow_105,12,0,8,0,24.3,Cloudy,Field B
2022-08-11,23:00,Cow_106,5,6,4,0,24.3,Cloudy,Field A
2022-08-11,23:00,Cow_107,9,0,7,0,24.3,Cloudy,Field A
2022-08-11,23:00,Cow_108,11,0,4,0,24.3,Cloudy,Field A
2022-08-11,23:00,Cow_109,5,4,6,0,24.3,Cloudy,Field A
2022-08-11,23:00,Cow_110,7,3,5,0,24.3,Cloudy,Field B
2022-08-11,23:00,Cow_111,8,9,0,0,24.3,Cloudy,Field C
2022-08-11,23:00,Cow_112,12,0,8,0,24.3,Cloudy,Field C
2022-08-11,23:00,Cow_113,7,10,0,0,24.3,Cloudy,Field C
2022-08-11,23:00,Cow_114,0,10,7,0,24.3,Cloudy,Field B
2022-08-11,23:00,Cow_115,2,9,4,0,24.3,Cloudy,Field A
2022-08-11,23:00,Cow_116,4,4,7,0,24.3,Cloudy,Field B
2022-08-11,23:00,Cow_117,0,10,6,0,24.3,Cloudy,Field C
2022-08-11,23:00,Cow_118,12,0,3,0,24.3,Cloudy,Field B
2022-08-11,23:00,Cow_119,10,0,5,0,24.3,Cloudy,Field C
2022-08-11,23:00,Cow_120,12,0,3,0,24.3,Cloudy,Field B
2022-08-11,23:00,Cow_121,10,3,2,0,24.3,Cloudy,Field A
2022-08-11,23:00,Cow_122,7,5,3,0,24.3,Cloudy,Field B
2022-08-11,23:00,Cow_123,2,5,8,0,24.3,Cloudy,Field C
2022-08-11,23:00,Cow_124,11,8,0,0,24.3,Cloudy,Field B
2022-08-11,23:00,Cow_125,11,7,0,0,24.3,Cloudy,Field C
2022-08-11,23:00,Cow_126,12,4,0,0,24.3,Cloudy,Field C
2022-08-11,23:00,Cow_127,3,6,6,0,24.3,Cloudy,Field C
2022-08-11,23:00,Cow_128,10,0,6,0,24.3,Cloudy,Field C
2022-08-11,23:00,Cow_129,11,0,5,0,24.3,Cloudy,Field B
2022-08-11,23:00,Cow_130,4,4,7,0,24.3,Cloudy,Field A
2022-08-11,23:00,Cow_131,1,10,4,0,24.3,Cloudy,Field B
2022-08-11,23:00,Cow_132,6,10,0,0,24.3,Cloudy,Field A
2022-08-11,23:00,Cow_133,13,0,5,0,24.3,Cloudy,Field B
2022-08-11,23:00,Cow_134,11,0,8,0,24.3,Cloudy,Field B
2022-08-11,23:00,Cow_135,6,2,7,0,24.3,Cloudy,Field B
2022-08-11,23:00,Cow_136,12,9,0,0,24.3,Cloudy,Field A
2022-08-11,23:00,Cow_137,0,0,0,15,24.3,Cloudy,Field C
2022-08-11,23:00,Cow_138,0,0,0,15,24.3,Cloudy,Field B
2022-08-11,23:00,Cow_139,1,9,5,0,24.3,Cloudy,Field B
2022-08-11,23:00,Cow_140,4,6,5,0,24.3,Cloudy,Field A
2022-08-11,23:00,Cow_141,1,9,5,0,24.3,Cloudy,Field C
2022-08-11,23:00,Cow_142,4,7,4,0,24.3,Cloudy,Field B
2022-08-11,23:00,Cow_143,7,4,4,0,24.3,Cloudy,Field A
2022-08-11,23:00,Cow_144,5,7,3,0,24.3,Cloudy,Field C
2022-08-11,23:00,Cow_145,0,0,0,15,24.3,Cloudy,Field C
2022-08-11,23:00,Cow_146,6,4,5,0,24.3,Cloudy,Field A
2022-08-11,23:00,Cow_147,11,4,0,0,24.3,Cloudy,Field C
2022-08-11,23:00,Cow_148,10,0,8,0,24.3,Cloudy,Field C
2022-08-11,23:00,Cow_149,0,7,8,0,24.3,Cloudy,Field A
2022-08-11,23:00,Cow_150,9,0,6,0,24.3,Cloudy,Field C
2022-08-11,23:00,Cow_151,8,0,7,0,24.3,Cloudy,Field B
2022-08-11,23:00,Cow_152,9,0,6,0,24.3,Cloudy,Field C
2022-08-11,23:00,Cow_153,10,3,2,0,24.3,Cloudy,Field B
2022-08-11,23:00,Cow_154,4,5,6,0,24.3,Cloudy,Field B
2022-08-11,23:00,Cow_155,14,10,0,0,24.3,Cloudy,Field B
2022-08-11,23:00,Cow_156,11,0,8,0,24.3,Cloudy,Field B
2022-08-11,23:00,Cow_157,1,8,6,0,24.3,Cloudy,Field C
2022-08-11,23:00,Cow_158,11,0,6,0,24.3,Cloudy,Field B
2022-08-11,23:00,Cow_159,1,9,5,0,24.3,Cloudy,Field B
2022-08-11,23:00,Cow_160,14,7,0,0,24.3,Cloudy,Field B
2022-08-11,23:00,Cow_161,6,6,3,0,24.3,Cloudy,Field B
2022-08-11,23:00,Cow_162,0,0,0,15,24.3,Cloudy,Field A
2022-08-11,23:00,Cow_163,12,0,7,0,24.3,Cloudy,Field A
2022-08-11,23:00,Cow_164,1,6,8,0,24.3,Cloudy,Field C
2022-08-11,23:00,Cow_165,5,6,4,0,24.3,Cloudy,Field A
2022-08-11,23:00,Cow_166,1,7,7,0,24.3,Cloudy,Field C
2022-08-11,23:00,Cow_167,6,1,8,0,24.3,Cloudy,Field B
2022-08-11,23:00,Cow_168,13,0,8,0,24.3,Cloudy,Field A
2022-08-11,23:00,Cow_169,12,0,3,0,24.3,Cloudy,Field B
2022-08-11,23:00,Cow_170,4,3,8,0,24.3,Cloudy,Field B
2022-08-11,23:00,Cow_171,3,9,3,0,24.3,Cloudy,Field A
2022-08-11,23:00,Cow_172,13,0,8,0,24.3,Cloudy,Field B
2022-08-11,23:00,Cow_173,0,8,8,0,24.3,Cloudy,Field A
2022-08-11,23:00,Cow_174,5,5,5,0,24.3,Cloudy,Field B
2022-08-11,23:00,Cow_175,7,3,5,0,24.3,Cloudy,Field B
2022-08-11,23:00,Cow_176,5,4,6,0,24.3,Cloudy,Field A
2022-08-11,23:00,Cow_177,6,6,3,0,24.3,Cloudy,Field B
2022-08-11,23:00,Cow_178,6,2,7,0,24.3,Cloudy,Field C
2022-08-11,23:00,Cow_179,3,9,3,0,24.3,Cloudy,Field A
2022-08-11,23:00,Cow_180,2,7,6,0,24.3,Cloudy,Field C
2022-08-11,23:00,Cow_181,0,0,0,15,24.3,Cloudy,Field C
2022-08-11,23:00,Cow_182,3,5,7,0,24.3,Cloudy,Field A
2022-08-11,23:00,Cow_183,13,8,0,0,24.3,Cloudy,Field C
2022-08-11,23:00,Cow_184,0,0,0,15,24.3,Cloudy,Field C
2022-08-11,23:00,Cow_185,12,3,0,0,24.3,Cloudy,Field C
2022-08-11,23:00,Cow_186,2,10,3,0,24.3,Cloudy,Field C
2022-08-11,23:00,Cow_187,8,4,3,0,24.3,Cloudy,Field C
2022-08-11,23:00,Cow_188,11,5,0,0,24.3,Cloudy,Field A
2022-08-11,23:00,Cow_189,7,5,3,0,24.3,Cloudy,Field A
2022-08-11,23:00,Cow_190,12,0,4,0,24.3,Cloudy,Field A
2022-08-11,23:00,Cow_191,12,7,0,0,24.3,Cloudy,Field B
2022-08-11,23:00,Cow_192,13,0,4,0,24.3,Cloudy,Field A
2022-08-11,23:00,Cow_193,4,7,4,0,24.3,Cloudy,Field C
2022-08-11,23:00,Cow_194,11,0,4,0,24.3,Cloudy,Field B
2022-08-11,23:00,Cow_195,0,0,0,15,24.3,Cloudy,Field C
2022-08-11,23:00,Cow_196,7,6,2,0,24.3,Cloudy,Field A
2022-08-11,23:00,Cow_197,14,4,0,0,24.3,Cloudy,Field A
2022-08-11,23:00,Cow_198,11,0,6,0,24.3,Cloudy,Field C
2022-08-11,23:00,Cow_199,9,0,8,0,24.3,Cloudy,Field B
2022-08-11,23:00,Cow_200,0,0,0,15,24.3,Cloudy,Field C
2022-08-11,23:00,Cow_201,10,0,5,0,24.3,Cloudy,Field C
2022-08-11,23:00,Cow_202,7,4,4,0,24.3,Cloudy,Field A
2022-08-11,23:00,Cow_203,10,7,0,0,24.3,Cloudy,Field B
2022-08-11,23:00,Cow_204,7,3,5,0,24.3,Cloudy,Field C
2022-08-11,23:00,Cow_205,0,0,0,15,24.3,Cloudy,Field B
2022-08-11,23:00,Cow_206,7,4,4,0,24.3,Cloudy,Field B
2022-08-11,23:00,Cow_207,8,10,0,0,24.3,Cloudy,Field C
2022-08-11,23:00,Cow_208,7,3,5,0,24.3,Cloudy,Field B
2022-08-11,23:00,Cow_209,10,1,4,0,24.3,Cloudy,Field A
2022-08-11,23:00,Cow_210,1,10,4,0,24.3,Cloudy,Field A
2022-08-11,23:00,Cow_211,13,7,0,0,24.3,Cloudy,Field B
2022-08-11,23:00,Cow_212,10,2,3,0,24.3,Cloudy,Field C
2022-08-11,23:00,Cow_213,11,1,3,0,24.3,Cloudy,Field C
2022-08-11,23:00,Cow_214,13,6,0,0,24.3,Cloudy,Field C
2022-08-11,23:00,Cow_215,7,7,1,0,24.3,Cloudy,Field B
2022-08-11,23:00,Cow_216,14,0,7,0,24.3,Cloudy,Field B
2022-08-11,23:00,Cow_217,3,7,5,0,24.3,Cloudy,Field B
2022-08-11,23:00,Cow_218,13,0,3,0,24.3,Cloudy,Field B
2022-08-11,23:00,Cow_219,6,5,4,0,24.3,Cloudy,Field B
2022-08-11,23:00,Cow_220,9,0,6,0,24.3,Cloudy,Field C
2022-08-11,23:00,Cow_221,13,4,0,0,24.3,Cloudy,Field A
2022-08-11,23:00,Cow_222,12,5,0,0,24.3,Cloudy,Field C
2022-08-11,23:00,Cow_223,8,1,6,0,24.3,Cloudy,Field C
2022-08-11,23:00,Cow_224,13,0,6,0,24.3,Cloudy,Field A
2022-08-11,23:00,Cow_225,10,1,4,0,24.3,Cloudy,Field C
2022-08-11,23:00,Cow_226,13,8,0,0,24.3,Cloudy,Field B
2022-08-11,23:00,Cow_227,12,0,7,0,24.3,Cloudy,Field A
2022-08-11,23:00,Cow_228,2,5,8,0,24.3,Cloudy,Field B
2022-08-11,23:00,Cow_229,11,0,5,0,24.3,Cloudy,Field A
2022-08-11,23:00,Cow_230,6,3,6,0,24.3,Cloudy,Field B
2022-08-11,23:00,Cow_231,1,6,8,0,24.3,Cloudy,Field B
2022-08-11,23:00,Cow_232,5,5,5,0,24.3,Cloudy,Field A
2022-08-11,23:00,Cow_233,13,0,5,0,24.3,Cloudy,Field B
2022-08-11,23:00,Cow_234,8,5,2,0,24.3,Cloudy,Field A
2022-08-11,23:00,Cow_235,0,10,10,0,24.3,Cloudy,Field A
2022-08-11,23:00,Cow_236,13,0,5,0,24.3,Cloudy,Field C
2022-08-11,23:00,Cow_237,5,6,4,0,24.3,Cloudy,Field B
2022-08-11,23:00,Cow_238,5,3,7,0,24.3,Cloudy,Field B
2022-08-11,23:00,Cow_239,0,8,7,0,24.3,Cloudy,Field B
2022-08-11,23:00,Cow_240,0,10,8,0,24.3,Cloudy,Field C
2022-08-11,23:00,Cow_241,8,0,7,0,24.3,Cloudy,Field C
2022-08-11,23:00,Cow_242,9,4,2,0,24.3,Cloudy,Field A
2022-08-11,23:00,Cow_243,8,5,2,0,24.3,Cloudy,Field A
2022-08-11,23:00,Cow_244,14,0,3,0,24.3,Cloudy,Field B
2022-08-11,23:00,Cow_245,0,0,0,15,24.3,Cloudy,Field C
2022-08-11,23:00,Cow_246,9,3,3,0,24.3,Cloudy,Field C
2022-08-11,23:00,Cow_247,2,6,7,0,24.3,Cloudy,Field B
2022-08-11,23:00,Cow_248,3,7,5,0,24.3,Cloudy,Field C
2022-08-11,23:00,Cow_249,10,8,0,0,24.3,Cloudy,Field A
2022-08-11,23:00,Cow_250,10,3,2,0,24.3,Cloudy,Field B
2022-08-11,23:00,Cow_251,7,3,5,0,24.3,Cloudy,Field A
2022-08-11,23:00,Cow_252,6,7,2,0,24.3,Cloudy,Field C
2022-08-11,23:00,Cow_253,1,9,5,0,24.3,Cloudy,Field C
2022-08-11,23:00,Cow_254,7,8,0,0,24.3,Cloudy,Field C
2022-08-11,23:00,Cow_255,14,0,5,0,24.3,Cloudy,Field C
2022-08-11,23:00,Cow_256,14,0,4,0,24.3,Cloudy,Field A
2022-08-11,23:00,Cow_257,11,5,0,0,24.3,Cloudy,Field B
2022-08-11,23:00,Cow_258,14,0,5,0,24.3,Cloudy,Field A
2022-08-11,23:00,Cow_259,0,0,0,15,24.3,Cloudy,Field B
2022-08-11,23:00,Cow_260,6,5,4,0,24.3,Cloudy,Field C
2022-08-11,23:00,Cow_261,13,8,0,0,24.3,Cloudy,Field C
2022-08-11,23:00,Cow_262,9,1,5,0,24.3,Cloudy,Field C
2022-08-11,23:00,Cow_263,11,10,0,0,24.3,Cloudy,Field B
2022-08-11,23:00,Cow_264,2,10,3,0,24.3,Cloudy,Field C
2022-08-11,23:00,Cow_265,9,0,6,0,24.3,Cloudy,Field C
2022-08-11,23:00,Cow_266,11,0,5,0,24.3,Cloudy,Field A
2022-08-11,23:00,Cow_267,9,0,6,0,24.3,Cloudy,Field A
2022-08-11,23:00,Cow_268,13,4,0,0,24.3,Cloudy,Field A
2022-08-11,23:00,Cow_269,12,10,0,0,24.3,Cloudy,Field B
2022-08-11,23:00,Cow_270,0,8,8,0,24.3,Cloudy,Field B
2022-08-11,23:00,Cow_271,9,1,5,0,24.3,Cloudy,Field B
2022-08-11,23:00,Cow_272,2,7,6,0,24.3,Cloudy,Field B
2022-08-11,23:00,Cow_273,4,7,4,0,24.3,Cloudy,Field A
2022-08-11,23:00,Cow_274,11,8,0,0,24.3,Cloudy,Field C
2022-08-11,23:00,Cow_275,3,6,6,0,24.3,Cloudy,Field A
2022-08-11,23:00,Cow_276,3,6,6,0,24.3,Cloudy,Field A
2022-08-11,23:00,Cow_277,13,7,0,0,24.3,Cloudy,Field B
2022-08-11,23:00,Cow_278,1,9,5,0,24.3,Cloudy,Field B
2022-08-11,23:00,Cow_279,7,5,3,0,24.3,Cloudy,Field C
2022-08-11,23:00,Cow_280,11,6,0,0,24.3,Cloudy,Field A
2022-08-11,23:00,Cow_281,1,8,6,0,24.3,Cloudy,Field A
2022-08-11,23:00,Cow_282,9,9,0,0,24.3,Cloudy,Field B
2022-08-11,23:00,Cow_283,4,4,7,0,24.3,Cloudy,Field B
2022-08-11,23:00,Cow_284,13,0,5,0,24.3,Cloudy,Field A
2022-08-11,23:00,Cow_285,10,8,0,0,24.3,Cloudy,Field C
2022-08-11,23:00,Cow_286,3,8,4,0,24.3,Cloudy,Field C
2022-08-11,23:00,Cow_287,2,10,3,0,24.3,Cloudy,Field A
2022-08-11,23:00,Cow_288,10,9,0,0,24.3,Cloudy,Field C
2022-08-11,23:00,Cow_289,6,4,5,0,24.3,Cloudy,Field B
2022-08-11,23:00,Cow_290,7,0,8,0,24.3,Cloudy,Field A
2022-08-11,23:00,Cow_291,6,5,4,0,24.3,Cloudy,Field C
2022-08-11,23:00,Cow_292,14,4,0,0,24.3,Cloudy,Field C
2022-08-11,23:00,Cow_293,14,0,10,0,24.3,Cloudy,Field C
2022-08-11,23:00,Cow_294,2,6,7,0,24.3,Cloudy,Field B
2022-08-11,23:00,Cow_295,13,0,7,0,24.3,Cloudy,Field B
2022-08-11,23:00,Cow_296,4,5,6,0,24.3,Cloudy,Field A
2022-08-11,23:00,Cow_297,6,2,7,0,24.3,Cloudy,Field A
2022-08-11,23:00,Cow_298,0,0,0,15,24.3,Cloudy,Field B
2022-08-11,23:00,Cow_299,15,0,4,0,24.3,Cloudy,Field C
2022-08-11,23:00,Cow_300,0,10,7,0,24.3,Cloudy,Field A
2022-08-11,23:00,Cow_301,7,4,4,0,24.3,Cloudy,Field B
2022-08-11,23:00,Cow_302,10,0,7,0,24.3,Cloudy,Field A
2022-08-11,23:00,Cow_303,0,0,0,15,24.3,Cloudy,Field C
2022-08-11,23:00,Cow_304,10,4,1,0,24.3,Cloudy,Field A
2022-08-11,23:00,Cow_305,2,6,7,0,24.3,Cloudy,Field B
2022-08-11,23:00,Cow_306,6,2,7,0,24.3,Cloudy,Field B
2022-08-11,23:00,Cow_307,13,0,7,0,24.3,Cloudy,Field A
2022-08-11,23:00,Cow_308,12,0,3,0,24.3,Cloudy,Field C
2022-08-11,23:00,Cow_309,7,0,8,0,24.3,Cloudy,Field B
2022-08-11,23:00,Cow_310,4,7,4,0,24.3,Cloudy,Field A
2022-08-11,23:00,Cow_311,12,0,4,0,24.3,Cloudy,Field B
2022-08-11,23:00,Cow_312,9,3,3,0,24.3,Cloudy,Field A
2022-08-11,23:00,Cow_313,7,3,5,0,24.3,Cloudy,Field B
2022-08-11,23:00,Cow_314,7,3,5,0,24.3,Cloudy,Field B
2022-08-11,23:00,Cow_315,14,0,5,0,24.3,Cloudy,Field B
2022-08-11,23:00,Cow_316,5,8,2,0,24.3,Cloudy,Field B
2022-08-11,23:00,Cow_317,1,9,5,0,24.3,Cloudy,Field B
2022-08-11,23:00,Cow_318,14,0,4,0,24.3,Cloudy,Field A
2022-08-11,23:00,Cow_319,4,6,5,0,24.3,Cloudy,Field A
2022-08-11,23:00,Cow_320,12,3,0,0,24.3,Cloudy,Field A
2022-08-11,23:00,Cow_321,5,7,3,0,24.3,Cloudy,Field B
2022-08-11,23:00,Cow_322,5,7,3,0,24.3,Cloudy,Field A
2022-08-11,23:00,Cow_323,5,4,6,0,24.3,Cloudy,Field B
2022-08-11,23:00,Cow_324,14,10,0,0,24.3,Cloudy,Field B
2022-08-11,23:00,Cow_325,12,0,8,0,24.3,Cloudy,Field C
2022-08-11,23:00,Cow_326,5,5,5,0,24.3,Cloudy,Field A
2022-08-11,23:00,Cow_327,13,0,8,0,24.3,Cloudy,Field B
2022-08-11,23:00,Cow_328,8,0,8,0,24.3,Cloudy,Field A
2022-08-11,23:00,Cow_329,1,8,6,0,24.3,Cloudy,Field A
2022-08-11,23:00,Cow_330,9,2,4,0,24.3,Cloudy,Field A
2022-08-11,23:00,Cow_331,2,10,3,0,24.3,Cloudy,Field B
2022-08-11,23:00,Cow_332,6,2,7,0,24.3,Cloudy,Field C
2022-08-11,23:00,Cow_333,5,7,3,0,24.3,Cloudy,Field C
2022-08-11,23:00,Cow_334,8,2,5,0,24.3,Cloudy,Field A
2022-08-11,23:00,Cow_335,13,0,5,0,24.3,Cloudy,Field C
2022-08-11,23:00,Cow_336,9,3,3,0,24.3,Cloudy,Field C
2022-08-11,23:00,Cow_337,10,0,6,0,24.3,Cloudy,Field C
2022-08-11,23:00,Cow_338,6,4,5,0,24.3,Cloudy,Field B
2022-08-11,23:00,Cow_339,13,0,6,0,24.3,Cloudy,Field C
2022-08-11,23:00,Cow_340,7,4,4,0,24.3,Cloudy,Field A
2022-08-11,23:00,Cow_341,11,0,7,0,24.3,Cloudy,Field A
2022-08-11,23:00,Cow_342,10,3,2,0,24.3,Cloudy,Field B
2022-08-11,23:00,Cow_343,7,5,3,0,24.3,Cloudy,Field A
2022-08-11,23:00,Cow_344,5,4,6,0,24.3,Cloudy,Field C
2022-08-11,23:00,Cow_345,10,0,5,0,24.3,Cloudy,Field B
2022-08-11,23:00,Cow_346,12,0,5,0,24.3,Cloudy,Field A
2022-08-11,23:00,Cow_347,5,7,3,0,24.3,Cloudy,Field A
2022-08-11,23:00,Cow_348,10,8,0,0,24.3,Cloudy,Field B
2022-08-11,23:00,Cow_349,13,7,0,0,24.3,Cloudy,Field A
2022-08-11,23:00,Cow_350,12,3,0,0,24.3,Cloudy,Field A
2022-08-11,23:00,Cow_351,8,7,0,0,24.3,Cloudy,Field B
2022-08-11,23:00,Cow_352,0,7,8,0,24.3,Cloudy,Field C
2022-08-11,23:00,Cow_353,9,1,5,0,24.3,Cloudy,Field B
2022-08-11,23:00,Cow_354,10,3,2,0,24.3,Cloudy,Field B
2022-08-11,23:00,Cow_355,8,0,8,0,24.3,Cloudy,Field C
2022-08-11,23:00,Cow_356,3,5,7,0,24.3,Cloudy,Field B
2022-08-11,23:00,Cow_357,5,3,7,0,24.3,Cloudy,Field B
2022-08-11,23:00,Cow_358,8,0,7,0,24.3,Cloudy,Field A
2022-08-11,23:00,Cow_359,1,12,2,0,24.3,Cloudy,Field C
2022-08-11,23:00,Cow_360,12,7,0,0,24.3,Cloudy,Field A
2022-08-11,23:00,Cow_361,1,10,4,0,24.3,Cloudy,Field A
2022-08-11,23:00,Cow_362,8,4,3,0,24.3,Cloudy,Field A
2022-08-11,23:00,Cow_363,0,0,0,15,24.3,Cloudy,Field C
2022-08-11,23:00,Cow_364,0,10,7,0,24.3,Cloudy,Field A
2022-08-11,23:00,Cow_365,7,7,1,0,24.3,Cloudy,Field B
2022-08-11,23:00,Cow_366,6,4,5,0,24.3,Cloudy,Field C
2022-08-11,23:00,Cow_367,8,9,0,0,24.3,Cloudy,Field B
2022-08-11,23:00,Cow_368,9,9,0,0,24.3,Cloudy,Field B
2022-08-11,23:00,Cow_369,9,1,5,0,24.3,Cloudy,Field B
2022-08-11,23:00,Cow_370,6,6,3,0,24.3,Cloudy,Field A
2022-08-11,23:00,Cow_371,12,0,8,0,24.3,Cloudy,Field A
2022-08-11,23:00,Cow_372,6,4,5,0,24.3,Cloudy,Field C
2022-08-11,23:00,Cow_373,7,5,3,0,24.3,Cloudy,Field A
2022-08-11,23:00,Cow_374,14,5,0,0,24.3,Cloudy,Field A
2022-08-11,23:00,Cow_375,10,8,0,0,24.3,Cloudy,Field C
2022-08-11,23:00,Cow_376,14,4,0,0,24.3,Cloudy,Field C
2022-08-11,23:00,Cow_377,11,4,0,0,24.3,Cloudy,Field B
2022-08-11,23:00,Cow_378,11,7,0,0,24.3,Cloudy,Field C
2022-08-11,23:00,Cow_379,6,7,2,0,24.3,Cloudy,Field C
2022-08-11,23:00,Cow_380,5,5,5,0,24.3,Cloudy,Field C
2022-08-11,23:00,Cow_381,0,12,5,0,24.3,Cloudy,Field A
2022-08-11,23:00,Cow_382,0,9,8,0,24.3,Cloudy,Field C
2022-08-11,23:00,Cow_383,7,3,5,0,24.3,Cloudy,Field B
2022-08-11,23:00,Cow_384,1,10,4,0,24.3,Cloudy,Field C
2022-08-11,23:00,Cow_385,14,4,0,0,24.3,Cloudy,Field B
2022-08-11,23:00,Cow_386,10,0,5,0,24.3,Cloudy,Field C
2022-08-11,23:00,Cow_387,13,0,8,0,24.3,Cloudy,Field B
2022-08-11,23:00,Cow_388,10,10,0,0,24.3,Cloudy,Field C
2022-08-11,23:00,Cow_389,7,0,8,0,24.3,Cloudy,Field A
2022-08-11,23:00,Cow_390,6,7,2,0,24.3,Cloudy,Field B
2022-08-11,23:00,Cow_391,2,10,3,0,24.3,Cloudy,Field B
2022-08-11,23:00,Cow_392,6,6,3,0,24.3,Cloudy,Field A
2022-08-11,23:00,Cow_393,7,4,4,0,24.3,Cloudy,Field A
2022-08-11,23:00,Cow_394,5,3,7,0,24.3,Cloudy,Field A
2022-08-11,23:00,Cow_395,13,0,5,0,24.3,Cloudy,Field C
2022-08-11,23:00,Cow_396,1,9,5,0,24.3,Cloudy,Field C
2022-08-11,23:00,Cow_397,5,5,5,0,24.3,Cloudy,Field C
2022-08-11,23:00,Cow_398,1,10,4,0,24.3,Cloudy,Field B
2022-08-11,23:00,Cow_399,7,3,5,0,24.3,Cloudy,Field C
2022-08-11,23:00,Cow_400,13,0,3,0,24.3,Cloudy,Field C
2022-08-11,23:00,Cow_401,0,10,7,0,24.3,Cloudy,Field B
2022-08-11,23:00,Cow_402,9,3,3,0,24.3,Cloudy,Field C
2022-08-11,23:00,Cow_403,1,6,8,0,24.3,Cloudy,Field C
2022-08-11,23:00,Cow_404,4,8,3,0,24.3,Cloudy,Field B
2022-08-11,23:00,Cow_405,12,6,0,0,24.3,Cloudy,Field B
2022-08-11,23:00,Cow_406,8,4,3,0,24.3,Cloudy,Field A
2022-08-11,23:00,Cow_407,12,0,7,0,24.3,Cloudy,Field B
2022-08-11,23:00,Cow_408,7,9,0,0,24.3,Cloudy,Field B
2022-08-11,23:00,Cow_409,7,0,8,0,24.3,Cloudy,Field B
2022-08-11,23:00,Cow_410,9,7,0,0,24.3,Cloudy,Field A
2022-08-11,23:00,Cow_411,11,0,6,0,24.3,Cloudy,Field B
2022-08-11,23:00,Cow_412,0,0,0,15,24.3,Cloudy,Field C
2022-08-11,23:00,Cow_413,5,4,6,0,24.3,Cloudy,Field C
2022-08-11,23:00,Cow_414,10,5,0,0,24.3,Cloudy,Field B
2022-08-11,23:00,Cow_415,9,0,6,0,24.3,Cloudy,Field B
2022-08-11,23:00,Cow_416,10,2,3,0,24.3,Cloudy,Field B
2022-08-11,23:00,Cow_417,10,6,0,0,24.3,Cloudy,Field B
2022-08-11,23:00,Cow_418,0,7,8,0,24.3,Cloudy,Field B
2022-08-11,23:00,Cow_419,5,7,3,0,24.3,Cloudy,Field B
2022-08-11,23:00,Cow_420,5,4,6,0,24.3,Cloudy,Field A
2022-08-11,23:00,Cow_421,7,8,0,0,24.3,Cloudy,Field C
2022-08-11,23:00,Cow_422,9,4,2,0,24.3,Cloudy,Field A
2022-08-11,23:00,Cow_423,4,5,6,0,24.3,Cloudy,Field C
2022-08-11,23:00,Cow_424,1,6,8,0,24.3,Cloudy,Field A
2022-08-11,23:00,Cow_425,6,5,4,0,24.3,Cloudy,Field A
2022-08-11,23:00,Cow_426,12,9,0,0,24.3,Cloudy,Field B
2022-08-11,23:00,Cow_427,0,12,8,0,24.3,Cloudy,Field A
2022-08-11,23:00,Cow_428,10,10,0,0,24.3,Cloudy,Field A
2022-08-11,23:00,Cow_429,5,6,4,0,24.3,Cloudy,Field A
2022-08-11,23:00,Cow_430,6,6,3,0,24.3,Cloudy,Field B
2022-08-11,23:00,Cow_431,6,5,4,0,24.3,Cloudy,Field C
2022-08-11,23:00,Cow_432,11,10,0,0,24.3,Cloudy,Field C
2022-08-11,23:00,Cow_433,11,5,0,0,24.3,Cloudy,Field C
2022-08-11,23:00,Cow_434,5,6,4,0,24.3,Cloudy,Field C
2022-08-11,23:00,Cow_435,3,9,3,0,24.3,Cloudy,Field B
2022-08-11,23:00,Cow_436,0,8,7,0,24.3,Cloudy,Field A
2022-08-11,23:00,Cow_437,11,0,4,0,24.3,Cloudy,Field C
2022-08-11,23:00,Cow_438,5,4,6,0,24.3,Cloudy,Field A
2022-08-11,23:00,Cow_439,9,0,8,0,24.3,Cloudy,Field A
2022-08-11,23:00,Cow_440,4,6,5,0,24.3,Cloudy,Field C
2022-08-11,23:00,Cow_441,7,6,2,0,24.3,Cloudy,Field A
2022-08-11,23:00,Cow_442,15,12,0,0,24.3,Cloudy,Field C
2022-08-11,23:00,Cow_443,6,10,0,0,24.3,Cloudy,Field B
2022-08-11,23:00,Cow_444,5,4,6,0,24.3,Cloudy,Field C
2022-08-11,23:00,Cow_445,2,6,7,0,24.3,Cloudy,Field B
2022-08-11,23:00,Cow_446,2,8,5,0,24.3,Cloudy,Field A
2022-08-11,23:00,Cow_447,0,0,0,15,24.3,Cloudy,Field A
2022-08-11,23:00,Cow_448,5,7,3,0,24.3,Cloudy,Field A
2022-08-11,23:00,Cow_449,5,6,4,0,24.3,Cloudy,Field B
2022-08-11,23:00,Cow_450,10,4,1,0,24.3,Cloudy,Field C
2022-08-11,23:00,Cow_451,14,10,0,0,24.3,Cloudy,Field B
2022-08-11,23:00,Cow_452,8,3,4,0,24.3,Cloudy,Field A
2022-08-11,23:00,Cow_453,0,7,8,0,24.3,Cloudy,Field B
2022-08-11,23:00,Cow_454,13,0,8,0,24.3,Cloudy,Field B
2022-08-11,23:00,Cow_455,12,8,0,0,24.3,Cloudy,Field B
2022-08-11,23:00,Cow_456,2,10,3,0,24.3,Cloudy,Field A
2022-08-11,23:00,Cow_457,13,6,0,0,24.3,Cloudy,Field C
2022-08-11,23:00,Cow_458,0,0,0,15,24.3,Cloudy,Field B
2022-08-11,23:00,Cow_459,9,6,0,0,24.3,Cloudy,Field A
2022-08-11,23:00,Cow_460,12,6,0,0,24.3,Cloudy,Field B
2022-08-11,23:00,Cow_461,3,6,6,0,24.3,Cloudy,Field A
2022-08-11,23:00,Cow_462,7,3,5,0,24.3,Cloudy,Field A
2022-08-11,23:00,Cow_463,5,4,6,0,24.3,Cloudy,Field C
2022-08-11,23:00,Cow_464,6,4,5,0,24.3,Cloudy,Field A
2022-08-11,23:00,Cow_465,13,5,0,0,24.3,Cloudy,Field B
2022-08-11,23:00,Cow_466,12,0,6,0,24.3,Cloudy,Field A
2022-08-11,23:00,Cow_467,8,7,0,0,24.3,Cloudy,Field B
2022-08-11,23:00,Cow_468,5,5,5,0,24.3,Cloudy,Field C
2022-08-11,23:00,Cow_469,1,9,5,0,24.3,Cloudy,Field A
2022-08-11,23:00,Cow_470,9,8,0,0,24.3,Cloudy,Field A
2022-08-11,23:00,Cow_471,11,4,0,0,24.3,Cloudy,Field A
2022-08-11,23:00,Cow_472,6,7,2,0,24.3,Cloudy,Field A
2022-08-11,23:00,Cow_473,1,8,6,0,24.3,Cloudy,Field A
2022-08-11,23:00,Cow_474,4,6,5,0,24.3,Cloudy,Field C
2022-08-11,23:00,Cow_475,6,3,6,0,24.3,Cloudy,Field A
2022-08-11,23:00,Cow_476,7,5,3,0,24.3,Cloudy,Field C
2022-08-11,23:00,Cow_477,12,0,6,0,24.3,Cloudy,Field A
2022-08-11,23:00,Cow_478,10,5,0,0,24.3,Cloudy,Field A
2022-08-11,23:00,Cow_479,5,11,0,0,24.3,Cloudy,Field A
2022-08-11,23:00,Cow_480,8,7,0,0,24.3,Cloudy,Field C
2022-08-11,23:00,Cow_481,6,4,5,0,24.3,Cloudy,Field B
2022-08-11,23:00,Cow_482,13,0,3,0,24.3,Cloudy,Field C
2022-08-11,23:00,Cow_483,7,5,3,0,24.3,Cloudy,Field A
2022-08-11,23:00,Cow_484,14,0,3,0,24.3,Cloudy,Field B
2022-08-11,23:00,Cow_485,0,0,0,15,24.3,Cloudy,Field B
2022-08-11,23:00,Cow_486,7,3,5,0,24.3,Cloudy,Field C
2022-08-11,23:00,Cow_487,0,10,6,0,24.3,Cloudy,Field B
2022-08-11,23:00,Cow_488,7,5,3,0,24.3,Cloudy,Field B
2022-08-11,23:00,Cow_489,10,8,0,0,24.3,Cloudy,Field C
2022-08-11,23:00,Cow_490,5,6,4,0,24.3,Cloudy,Field A
2022-08-11,23:00,Cow_491,6,3,6,0,24.3,Cloudy,Field A
2022-08-11,23:00,Cow_492,11,0,8,0,24.3,Cloudy,Field A
2022-08-11,23:00,Cow_493,11,10,0,0,24.3,Cloudy,Field C
2022-08-11,23:00,Cow_494,8,3,4,0,24.3,Cloudy,Field C
2022-08-11,23:00,Cow_495,0,8,8,0,24.3,Cloudy,Field A
2022-08-11,23:00,Cow_496,10,0,7,0,24.3,Cloudy,Field A
2022-08-11,23:00,Cow_497,12,0,8,0,24.3,Cloudy,Field C
2022-08-11,23:00,Cow_498,5,8,2,0,24.3,Cloudy,Field C
2022-08-11,23:00,Cow_499,0,10,5,0,24.3,Cloudy,Field A
2022-08-11,23:00,Cow_500,8,8,0,0,24.3,Cloudy,Field B
2022-08-11,23:15,Cow_1,6,1,8,0,28.1,Clear,Field B
2022-08-11,23:15,Cow_2,0,0,0,15,28.1,Clear,Field C
2022-08-11,23:15,Cow_3,4,7,4,0,28.1,Clear,Field B
2022-08-11,23:15,Cow_4,12,0,6,0,28.1,Clear,Field A
2022-08-11,23:15,Cow_5,13,0,7,0,28.1,Clear,Field C
2022-08-11,23:15,Cow_6,0,0,0,15,28.1,Clear,Field B
2022-08-11,23:15,Cow_7,9,2,4,0,28.1,Clear,Field A
2022-08-11,23:15,Cow_8,9,3,3,0,28.1,Clear,Field A
2022-08-11,23:15,Cow_9,5,3,7,0,28.1,Clear,Field B
2022-08-11,23:15,Cow_10,12,9,0,0,28.1,Clear,Field A
2022-08-11,23:15,Cow_11,7,0,8,0,28.1,Clear,Field B
2022-08-11,23:15,Cow_12,10,0,8,0,28.1,Clear,Field A
2022-08-11,23:15,Cow_13,13,0,7,0,28.1,Clear,Field B
2022-08-11,23:15,Cow_14,4,4,7,0,28.1,Clear,Field A
2022-08-11,23:15,Cow_15,12,0,8,0,28.1,Clear,Field C
2022-08-11,23:15,Cow_16,14,3,0,0,28.1,Clear,Field B
2022-08-11,23:15,Cow_17,12,4,0,0,28.1,Clear,Field A
2022-08-11,23:15,Cow_18,5,7,3,0,28.1,Clear,Field B
2022-08-11,23:15,Cow_19,4,3,8,0,28.1,Clear,Field C
2022-08-11,23:15,Cow_20,3,7,5,0,28.1,Clear,Field B
2022-08-11,23:15,Cow_21,4,9,2,0,28.1,Clear,Field C
2022-08-11,23:15,Cow_22,4,8,3,0,28.1,Clear,Field B
2022-08-11,23:15,Cow_23,8,2,5,0,28.1,Clear,Field B
2022-08-11,23:15,Cow_24,1,8,6,0,28.1,Clear,Field C
2022-08-11,23:15,Cow_25,4,4,7,0,28.1,Clear,Field C
2022-08-11,23:15,Cow_26,9,1,5,0,28.1,Clear,Field B
2022-08-11,23:15,Cow_27,8,4,3,0,28.1,Clear,Field C
2022-08-11,23:15,Cow_28,0,0,0,15,28.1,Clear,Field C
2022-08-11,23:15,Cow_29,14,5,0,0,28.1,Clear,Field C
2022-08-11,23:15,Cow_30,13,9,0,0,28.1,Clear,Field B
2022-08-11,23:15,Cow_31,13,0,7,0,28.1,Clear,Field A
2022-08-11,23:15,Cow_32,7,5,3,0,28.1,Clear,Field A
2022-08-11,23:15,Cow_33,0,10,6,0,28.1,Clear,Field A
2022-08-11,23:15,Cow_34,0,0,0,15,28.1,Clear,Field C
2022-08-11,23:15,Cow_35,8,3,4,0,28.1,Clear,Field A
2022-08-11,23:15,Cow_36,13,0,8,0,28.1,Clear,Field B
2022-08-11,23:15,Cow_37,5,9,1,0,28.1,Clear,Field B
2022-08-11,23:15,Cow_38,13,0,8,0,28.1,Clear,Field A
2022-08-11,23:15,Cow_39,9,0,7,0,28.1,Clear,Field A
2022-08-11,23:15,Cow_40,0,0,0,15,28.1,Clear,Field A
2022-08-11,23:15,Cow_41,14,0,7,0,28.1,Clear,Field A
2022-08-11,23:15,Cow_42,6,10,0,0,28.1,Clear,Field B
2022-08-11,23:15,Cow_43,10,1,4,0,28.1,Clear,Field C
2022-08-11,23:15,Cow_44,8,3,4,0,28.1,Clear,Field B
2022-08-11,23:15,Cow_45,11,0,6,0,28.1,Clear,Field B
2022-08-11,23:15,Cow_46,5,3,7,0,28.1,Clear,Field C
2022-08-11,23:15,Cow_47,5,8,2,0,28.1,Clear,Field C
2022-08-11,23:15,Cow_48,6,6,3,0,28.1,Clear,Field C
2022-08-11,23:15,Cow_49,11,9,0,0,28.1,Clear,Field A
2022-08-11,23:15,Cow_50,0,7,8,0,28.1,Clear,Field C
2022-08-11,23:15,Cow_51,4,5,6,0,28.1,Clear,Field B
2022-08-11,23:15,Cow_52,7,3,5,0,28.1,Clear,Field C
2022-08-11,23:15,Cow_53,9,9,0,0,28.1,Clear,Field A
2022-08-11,23:15,Cow_54,0,10,7,0,28.1,Clear,Field C
2022-08-11,23:15,Cow_55,0,10,8,0,28.1,Clear,Field B
2022-08-11,23:15,Cow_56,7,4,4,0,28.1,Clear,Field B
2022-08-11,23:15,Cow_57,13,4,0,0,28.1,Clear,Field B
2022-08-11,23:15,Cow_58,9,5,1,0,28.1,Clear,Field C
2022-08-11,23:15,Cow_59,3,6,6,0,28.1,Clear,Field C
2022-08-11,23:15,Cow_60,3,6,6,0,28.1,Clear,Field B
2022-08-11,23:15,Cow_61,13,0,3,0,28.1,Clear,Field B
2022-08-11,23:15,Cow_62,9,3,3,0,28.1,Clear,Field B
2022-08-11,23:15,Cow_63,15,0,9,0,28.1,Clear,Field A
2022-08-11,23:15,Cow_64,4,8,3,0,28.1,Clear,Field A
2022-08-11,23:15,Cow_65,13,8,0,0,28.1,Clear,Field B
2022-08-11,23:15,Cow_66,10,3,2,0,28.1,Clear,Field B
2022-08-11,23:15,Cow_67,0,9,7,0,28.1,Clear,Field C
2022-08-11,23:15,Cow_68,12,0,4,0,28.1,Clear,Field A
2022-08-11,23:15,Cow_69,5,6,4,0,28.1,Clear,Field A
2022-08-11,23:15,Cow_70,5,5,5,0,28.1,Clear,Field A
2022-08-11,23:15,Cow_71,11,4,0,0,28.1,Clear,Field C
2022-08-11,23:15,Cow_72,6,1,8,0,28.1,Clear,Field A
2022-08-11,23:15,Cow_73,11,0,8,0,28.1,Clear,Field C
2022-08-11,23:15,Cow_74,10,0,7,0,28.1,Clear,Field B
2022-08-11,23:15,Cow_75,9,6,0,0,28.1,Clear,Field A
2022-08-11,23:15,Cow_76,13,0,4,0,28.1,Clear,Field A
2022-08-11,23:15,Cow_77,0,0,0,15,28.1,Clear,Field A
2022-08-11,23:15,Cow_78,13,0,6,0,28.1,Clear,Field B
2022-08-11,23:15,Cow_79,9,3,3,0,28.1,Clear,Field C
2022-08-11,23:15,Cow_80,7,1,7,0,28.1,Clear,Field C
2022-08-11,23:15,Cow_81,12,0,6,0,28.1,Clear,Field B
2022-08-11,23:15,Cow_82,2,9,4,0,28.1,Clear,Field A
2022-08-11,23:15,Cow_83,0,0,0,15,28.1,Clear,Field C
2022-08-11,23:15,Cow_84,6,7,2,0,28.1,Clear,Field B
2022-08-11,23:15,Cow_85,8,3,4,0,28.1,Clear,Field C
2022-08-11,23:15,Cow_86,5,2,8,0,28.1,Clear,Field C
2022-08-11,23:15,Cow_87,0,10,7,0,28.1,Clear,Field A
2022-08-11,23:15,Cow_88,6,6,3,0,28.1,Clear,Field B
2022-08-11,23:15,Cow_89,11,0,4,0,28.1,Clear,Field B
2022-08-11,23:15,Cow_90,9,0,8,0,28.1,Clear,Field A
2022-08-11,23:15,Cow_91,8,9,0,0,28.1,Clear,Field B
2022-08-11,23:15,Cow_92,12,8,0,0,28.1,Clear,Field C
2022-08-11,23:15,Cow_93,14,0,5,0,28.1,Clear,Field C
2022-08-11,23:15,Cow_94,9,4,2,0,28.1,Clear,Field B
2022-08-11,23:15,Cow_95,3,8,4,0,28.1,Clear,Field C
2022-08-11,23:15,Cow_96,14,0,6,0,28.1,Clear,Field A
2022-08-11,23:15,Cow_97,14,0,5,0,28.1,Clear,Field B
2022-08-11,23:15,Cow_98,5,2,8,0,28.1,Clear,Field A
2022-08-11,23:15,Cow_99,10,5,0,0,28.1,Clear,Field C
2022-08-11,23:15,Cow_100,9,0,6,0,28.1,Clear,Field B
2022-08-11,23:15,Cow_101,6,9,0,0,28.1,Clear,Field A
2022-08-11,23:15,Cow_102,7,4,4,0,28.1,Clear,Field C
2022-08-11,23:15,Cow_103,14,3,0,0,28.1,Clear,Field A
2022-08-11,23:15,Cow_104,11,10,0,0,28.1,Clear,Field B
2022-08-11,23:15,Cow_105,8,9,0,0,28.1,Clear,Field C
2022-08-11,23:15,Cow_106,7,2,6,0,28.1,Clear,Field B
2022-08-11,23:15,Cow_107,0,0,0,15,28.1,Clear,Field B
2022-08-11,23:15,Cow_108,10,10,0,0,28.1,Clear,Field A
2022-08-11,23:15,Cow_109,0,0,0,15,28.1,Clear,Field B
2022-08-11,23:15,Cow_110,12,6,0,0,28.1,Clear,Field C
2022-08-11,23:15,Cow_111,4,7,4,0,28.1,Clear,Field C
2022-08-11,23:15,Cow_112,3,9,3,0,28.1,Clear,Field A
2022-08-11,23:15,Cow_113,9,10,0,0,28.1,Clear,Field B
2022-08-11,23:15,Cow_114,0,0,0,15,28.1,Clear,Field B
2022-08-11,23:15,Cow_115,9,0,6,0,28.1,Clear,Field B
2022-08-11,23:15,Cow_116,5,3,7,0,28.1,Clear,Field B
2022-08-11,23:15,Cow_117,12,0,5,0,28.1,Clear,Field A
2022-08-11,23:15,Cow_118,8,1,6,0,28.1,Clear,Field B
2022-08-11,23:15,Cow_119,7,9,0,0,28.1,Clear,Field C
2022-08-11,23:15,Cow_120,10,5,0,0,28.1,Clear,Field B
2022-08-11,23:15,Cow_121,8,4,3,0,28.1,Clear,Field A
2022-08-11,23:15,Cow_122,6,4,5,0,28.1,Clear,Field A
2022-08-11,23:15,Cow_123,0,9,7,0,28.1,Clear,Field A
2022-08-11,23:15,Cow_124,0,8,7,0,28.1,Clear,Field B
2022-08-11,23:15,Cow_125,7,7,1,0,28.1,Clear,Field B
2022-08-11,23:15,Cow_126,7,0,8,0,28.1,Clear,Field B
2022-08-11,23:15,Cow_127,9,2,4,0,28.1,Clear,Field B
2022-08-11,23:15,Cow_128,0,0,0,15,28.1,Clear,Field B
2022-08-11,23:15,Cow_129,13,0,4,0,28.1,Clear,Field C
2022-08-11,23:15,Cow_130,2,9,4,0,28.1,Clear,Field C
2022-08-11,23:15,Cow_131,0,10,6,0,28.1,Clear,Field A
2022-08-11,23:15,Cow_132,1,10,4,0,28.1,Clear,Field C
2022-08-11,23:15,Cow_133,2,9,4,0,28.1,Clear,Field A
2022-08-11,23:15,Cow_134,8,4,3,0,28.1,Clear,Field C
2022-08-11,23:15,Cow_135,12,6,0,0,28.1,Clear,Field A
2022-08-11,23:15,Cow_136,8,1,6,0,28.1,Clear,Field B
2022-08-11,23:15,Cow_137,5,5,5,0,28.1,Clear,Field C
2022-08-11,23:15,Cow_138,13,8,0,0,28.1,Clear,Field A
2022-08-11,23:15,Cow_139,9,2,4,0,28.1,Clear,Field C
2022-08-11,23:15,Cow_140,9,2,4,0,28.1,Clear,Field C
2022-08-11,23:15,Cow_141,0,10,8,0,28.1,Clear,Field C
2022-08-11,23:15,Cow_142,9,5,1,0,28.1,Clear,Field C
2022-08-11,23:15,Cow_143,0,0,0,15,28.1,Clear,Field B
2022-08-11,23:15,Cow_144,10,0,8,0,28.1,Clear,Field C
2022-08-11,23:15,Cow_145,0,10,7,0,28.1,Clear,Field C
2022-08-11,23:15,Cow_146,3,8,4,0,28.1,Clear,Field B
2022-08-11,23:15,Cow_147,14,0,6,0,28.1,Clear,Field C
2022-08-11,23:15,Cow_148,10,9,0,0,28.1,Clear,Field A
2022-08-11,23:15,Cow_149,6,3,6,0,28.1,Clear,Field A
2022-08-11,23:15,Cow_150,10,8,0,0,28.1,Clear,Field A
2022-08-11,23:15,Cow_151,0,9,7,0,28.1,Clear,Field A
2022-08-11,23:15,Cow_152,1,9,5,0,28.1,Clear,Field C
2022-08-11,23:15,Cow_153,5,7,3,0,28.1,Clear,Field A
2022-08-11,23:15,Cow_154,6,3,6,0,28.1,Clear,Field B
2022-08-11,23:15,Cow_155,7,4,4,0,28.1,Clear,Field C
2022-08-11,23:15,Cow_156,9,7,0,0,28.1,Clear,Field C
2022-08-11,23:15,Cow_157,3,8,4,0,28.1,Clear,Field B
2022-08-11,23:15,Cow_158,10,0,8,0,28.1,Clear,Field A
2022-08-11,23:15,Cow_159,7,4,4,0,28.1,Clear,Field C
2022-08-11,23:15,Cow_160,6,3,6,0,28.1,Clear,Field C
2022-08-11,23:15,Cow_161,0,10,8,0,28.1,Clear,Field B
2022-08-11,23:15,Cow_162,8,0,7,0,28.1,Clear,Field B
2022-08-11,23:15,Cow_163,6,3,6,0,28.1,Clear,Field A
2022-08-11,23:15,Cow_164,9,3,3,0,28.1,Clear,Field C
2022-08-11,23:15,Cow_165,0,10,7,0,28.1,Clear,Field C
2022-08-11,23:15,Cow_166,7,3,5,0,28.1,Clear,Field B
2022-08-11,23:15,Cow_167,14,0,7,0,28.1,Clear,Field A
2022-08-11,23:15,Cow_168,3,5,7,0,28.1,Clear,Field C
2022-08-11,23:15,Cow_169,5,3,7,0,28.1,Clear,Field C
2022-08-11,23:15,Cow_170,13,0,7,0,28.1,Clear,Field B
2022-08-11,23:15,Cow_171,4,8,3,0,28.1,Clear,Field A
2022-08-11,23:15,Cow_172,3,4,8,0,28.1,Clear,Field B
2022-08-11,23:15,Cow_173,0,8,8,0,28.1,Clear,Field C
2022-08-11,23:15,Cow_174,0,12,5,0,28.1,Clear,Field C
2022-08-11,23:15,Cow_175,5,5,5,0,28.1,Clear,Field A
2022-08-11,23:15,Cow_176,2,10,3,0,28.1,Clear,Field A
2022-08-11,23:15,Cow_177,0,7,8,0,28.1,Clear,Field B
2022-08-11,23:15,Cow_178,6,2,7,0,28.1,Clear,Field A
2022-08-11,23:15,Cow_179,6,2,7,0,28.1,Clear,Field C
2022-08-11,23:15,Cow_180,2,7,6,0,28.1,Clear,Field A
2022-08-11,23:15,Cow_181,0,0,0,15,28.1,Clear,Field B
2022-08-11,23:15,Cow_182,12,0,3,0,28.1,Clear,Field A
2022-08-11,23:15,Cow_183,14,10,0,0,28.1,Clear,Field B
2022-08-11,23:15,Cow_184,0,10,5,0,28.1,Clear,Field C
2022-08-11,23:15,Cow_185,1,9,5,0,28.1,Clear,Field B
2022-08-11,23:15,Cow_186,0,0,0,15,28.1,Clear,Field B
2022-08-11,23:15,Cow_187,12,0,5,0,28.1,Clear,Field A
2022-08-11,23:15,Cow_188,2,6,7,0,28.1,Clear,Field C
2022-08-11,23:15,Cow_189,2,9,4,0,28.1,Clear,Field B
2022-08-11,23:15,Cow_190,6,8,1,0,28.1,Clear,Field A
2022-08-11,23:15,Cow_191,14,0,8,0,28.1,Clear,Field C
2022-08-11,23:15,Cow_192,0,0,0,15,28.1,Clear,Field B
2022-08-11,23:15,Cow_193,7,1,7,0,28.1,Clear,Field A
2022-08-11,23:15,Cow_194,14,0,5,0,28.1,Clear,Field B
2022-08-11,23:15,Cow_195,13,4,0,0,28.1,Clear,Field A
2022-08-11,23:15,Cow_196,14,0,3,0,28.1,Clear,Field C
2022-08-11,23:15,Cow_197,5,7,3,0,28.1,Clear,Field B
2022-08-11,23:15,Cow_198,14,0,6,0,28.1,Clear,Field C
2022-08-11,23:15,Cow_199,2,7,6,0,28.1,Clear,Field B
2022-08-11,23:15,Cow_200,7,3,5,0,28.1,Clear,Field C
2022-08-11,23:15,Cow_201,5,3,7,0,28.1,Clear,Field A
2022-08-11,23:15,Cow_202,6,5,4,0,28.1,Clear,Field C
2022-08-11,23:15,Cow_203,5,3,7,0,28.1,Clear,Field A
2022-08-11,23:15,Cow_204,5,7,3,0,28.1,Clear,Field B
2022-08-11,23:15,Cow_205,5,7,3,0,28.1,Clear,Field B
2022-08-11,23:15,Cow_206,0,10,7,0,28.1,Clear,Field A
2022-08-11,23:15,Cow_207,1,10,4,0,28.1,Clear,Field A
2022-08-11,23:15,Cow_208,13,0,4,0,28.1,Clear,Field B
2022-08-11,23:15,Cow_209,7,5,3,0,28.1,Clear,Field C
2022-08-11,23:15,Cow_210,5,5,5,0,28.1,Clear,Field A
2022-08-11,23:15,Cow_211,14,3,0,0,28.1,Clear,Field C
2022-08-11,23:15,Cow_212,7,3,5,0,28.1,Clear,Field C
2022-08-11,23:15,Cow_213,5,7,3,0,28.1,Clear,Field C
2022-08-11,23:15,Cow_214,8,3,4,0,28.1,Clear,Field B
2022-08-11,23:15,Cow_215,13,0,7,0,28.1,Clear,Field A
2022-08-11,23:15,Cow_216,0,9,7,0,28.1,Clear,Field B
2022-08-11,23:15,Cow_217,11,0,4,0,28.1,Clear,Field B
2022-08-11,23:15,Cow_218,8,3,4,0,28.1,Clear,Field B
2022-08-11,23:15,Cow_219,10,0,5,0,28.1,Clear,Field C
2022-08-11,23:15,Cow_220,1,9,5,0,28.1,Clear,Field B
2022-08-11,23:15,Cow_221,11,0,8,0,28.1,Clear,Field A
2022-08-11,23:15,Cow_222,11,0,6,0,28.1,Clear,Field A
2022-08-11,23:15,Cow_223,10,1,4,0,28.1,Clear,Field A
2022-08-11,23:15,Cow_224,5,5,5,0,28.1,Clear,Field A
2022-08-11,23:15,Cow_225,1,8,6,0,28.1,Clear,Field B
2022-08-11,23:15,Cow_226,7,3,5,0,28.1,Clear,Field B
2022-08-11,23:15,Cow_227,0,10,5,0,28.1,Clear,Field A
2022-08-11,23:15,Cow_228,3,6,6,0,28.1,Clear,Field C
2022-08-11,23:15,Cow_229,12,0,4,0,28.1,Clear,Field A
2022-08-11,23:15,Cow_230,5,4,6,0,28.1,Clear,Field A
2022-08-11,23:15,Cow_231,2,9,4,0,28.1,Clear,Field B
2022-08-11,23:15,Cow_232,8,3,4,0,28.1,Clear,Field B
2022-08-11,23:15,Cow_233,8,2,5,0,28.1,Clear,Field B
2022-08-11,23:15,Cow_234,14,7,0,0,28.1,Clear,Field C
2022-08-11,23:15,Cow_235,10,12,0,0,28.1,Clear,Field C
2022-08-11,23:15,Cow_236,10,7,0,0,28.1,Clear,Field C
2022-08-11,23:15,Cow_237,12,3,0,0,28.1,Clear,Field B
2022-08-11,23:15,Cow_238,11,0,4,0,28.1,Clear,Field C
2022-08-11,23:15,Cow_239,14,8,0,0,28.1,Clear,Field A
2022-08-11,23:15,Cow_240,10,0,5,0,28.1,Clear,Field B
2022-08-11,23:15,Cow_241,0,8,8,0,28.1,Clear,Field C
2022-08-11,23:15,Cow_242,1,6,8,0,28.1,Clear,Field B
2022-08-11,23:15,Cow_243,3,8,4,0,28.1,Clear,Field B
2022-08-11,23:15,Cow_244,10,9,0,0,28.1,Clear,Field C
2022-08-11,23:15,Cow_245,0,10,5,0,28.1,Clear,Field B
2022-08-11,23:15,Cow_246,11,10,0,0,28.1,Clear,Field A
2022-08-11,23:15,Cow_247,14,0,2,0,28.1,Clear,Field B
2022-08-11,23:15,Cow_248,9,8,0,0,28.1,Clear,Field B
2022-08-11,23:15,Cow_249,13,0,5,0,28.1,Clear,Field C
2022-08-11,23:15,Cow_250,0,0,0,15,28.1,Clear,Field B
2022-08-11,23:15,Cow_251,5,7,3,0,28.1,Clear,Field A
2022-08-11,23:15,Cow_252,8,6,1,0,28.1,Clear,Field B
2022-08-11,23:15,Cow_253,6,1,8,0,28.1,Clear,Field C
2022-08-11,23:15,Cow_254,13,9,0,0,28.1,Clear,Field B
2022-08-11,23:15,Cow_255,11,0,7,0,28.1,Clear,Field B
2022-08-11,23:15,Cow_256,12,0,4,0,28.1,Clear,Field B
2022-08-11,23:15,Cow_257,6,9,0,0,28.1,Clear,Field C
2022-08-11,23:15,Cow_258,0,8,8,0,28.1,Clear,Field C
2022-08-11,23:15,Cow_259,11,1,3,0,28.1,Clear,Field A
2022-08-11,23:15,Cow_260,4,4,7,0,28.1,Clear,Field B
2022-08-11,23:15,Cow_261,10,0,5,0,28.1,Clear,Field A
2022-08-11,23:15,Cow_262,6,4,5,0,28.1,Clear,Field A
2022-08-11,23:15,Cow_263,7,0,8,0,28.1,Clear,Field B
2022-08-11,23:15,Cow_264,12,5,0,0,28.1,Clear,Field C
2022-08-11,23:15,Cow_265,11,4,0,0,28.1,Clear,Field A
2022-08-11,23:15,Cow_266,13,0,3,0,28.1,Clear,Field B
2022-08-11,23:15,Cow_267,5,5,5,0,28.1,Clear,Field A
2022-08-11,23:15,Cow_268,5,5,5,0,28.1,Clear,Field A
2022-08-11,23:15,Cow_269,6,4,5,0,28.1,Clear,Field A
2022-08-11,23:15,Cow_270,11,7,0,0,28.1,Clear,Field A
2022-08-11,23:15,Cow_271,6,4,5,0,28.1,Clear,Field B
2022-08-11,23:15,Cow_272,5,5,5,0,28.1,Clear,Field A
2022-08-11,23:15,Cow_273,6,3,6,0,28.1,Clear,Field C
2022-08-11,23:15,Cow_274,1,6,8,0,28.1,Clear,Field A
2022-08-11,23:15,Cow_275,2,8,5,0,28.1,Clear,Field A
2022-08-11,23:15,Cow_276,8,3,4,0,28.1,Clear,Field A
2022-08-11,23:15,Cow_277,10,5,0,0,28.1,Clear,Field B
2022-08-11,23:15,Cow_278,7,4,4,0,28.1,Clear,Field B
2022-08-11,23:15,Cow_279,0,10,8,0,28.1,Clear,Field C
2022-08-11,23:15,Cow_280,6,10,0,0,28.1,Clear,Field C
2022-08-11,23:15,Cow_281,0,0,0,15,28.1,Clear,Field C
2022-08-11,23:15,Cow_282,11,10,0,0,28.1,Clear,Field B
2022-08-11,23:15,Cow_283,10,1,4,0,28.1,Clear,Field C
2022-08-11,23:15,Cow_284,0,0,0,15,28.1,Clear,Field A
2022-08-11,23:15,Cow_285,6,6,3,0,28.1,Clear,Field C
2022-08-11,23:15,Cow_286,5,8,2,0,28.1,Clear,Field C
2022-08-11,23:15,Cow_287,6,3,6,0,28.1,Clear,Field B
2022-08-11,23:15,Cow_288,2,6,7,0,28.1,Clear,Field A
2022-08-11,23:15,Cow_289,0,0,0,15,28.1,Clear,Field C
2022-08-11,23:15,Cow_290,13,0,7,0,28.1,Clear,Field A
2022-08-11,23:15,Cow_291,1,8,6,0,28.1,Clear,Field A
2022-08-11,23:15,Cow_292,14,0,5,0,28.1,Clear,Field B
2022-08-11,23:15,Cow_293,13,10,0,0,28.1,Clear,Field C
2022-08-11,23:15,Cow_294,10,7,0,0,28.1,Clear,Field A
2022-08-11,23:15,Cow_295,12,4,0,0,28.1,Clear,Field B
2022-08-11,23:15,Cow_296,8,2,5,0,28.1,Clear,Field B
2022-08-11,23:15,Cow_297,9,0,7,0,28.1,Clear,Field B
2022-08-11,23:15,Cow_298,14,3,0,0,28.1,Clear,Field C
2022-08-11,23:15,Cow_299,6,4,5,0,28.1,Clear,Field C
2022-08-11,23:15,Cow_300,0,0,0,15,28.1,Clear,Field B
2022-08-11,23:15,Cow_301,7,4,4,0,28.1,Clear,Field C
2022-08-11,23:15,Cow_302,14,9,0,0,28.1,Clear,Field B
2022-08-11,23:15,Cow_303,14,0,8,0,28.1,Clear,Field B
2022-08-11,23:15,Cow_304,0,0,0,15,28.1,Clear,Field C
2022-08-11,23:15,Cow_305,6,4,5,0,28.1,Clear,Field B
2022-08-11,23:15,Cow_306,9,9,0,0,28.1,Clear,Field B
2022-08-11,23:15,Cow_307,0,9,7,0,28.1,Clear,Field A
2022-08-11,23:15,Cow_308,13,3,0,0,28.1,Clear,Field A
2022-08-11,23:15,Cow_309,11,0,7,0,28.1,Clear,Field C
2022-08-11,23:15,Cow_310,11,3,1,0,28.1,Clear,Field B
2022-08-11,23:15,Cow_311,6,1,8,0,28.1,Clear,Field A
2022-08-11,23:15,Cow_312,6,3,6,0,28.1,Clear,Field A
2022-08-11,23:15,Cow_313,0,7,8,0,28.1,Clear,Field A
2022-08-11,23:15,Cow_314,13,5,0,0,28.1,Clear,Field C
2022-08-11,23:15,Cow_315,9,4,2,0,28.1,Clear,Field A
2022-08-11,23:15,Cow_316,9,2,4,0,28.1,Clear,Field A
2022-08-11,23:15,Cow_317,5,3,7,0,28.1,Clear,Field A
2022-08-11,23:15,Cow_318,6,5,4,0,28.1,Clear,Field A
2022-08-11,23:15,Cow_319,7,3,5,0,28.1,Clear,Field C
2022-08-11,23:15,Cow_320,14,3,0,0,28.1,Clear,Field B
2022-08-11,23:15,Cow_321,9,0,7,0,28.1,Clear,Field C
2022-08-11,23:15,Cow_322,8,2,5,0,28.1,Clear,Field A
2022-08-11,23:15,Cow_323,5,3,7,0,28.1,Clear,Field A
2022-08-11,23:15,Cow_324,6,7,2,0,28.1,Clear,Field C
2022-08-11,23:15,Cow_325,11,4,0,0,28.1,Clear,Field A
2022-08-11,23:15,Cow_326,14,5,0,0,28.1,Clear,Field C
2022-08-11,23:15,Cow_327,6,3,6,0,28.1,Clear,Field B
2022-08-11,23:15,Cow_328,5,6,4,0,28.1,Clear,Field A
2022-08-11,23:15,Cow_329,5,7,3,0,28.1,Clear,Field B
2022-08-11,23:15,Cow_330,3,6,6,0,28.1,Clear,Field C
2022-08-11,23:15,Cow_331,5,6,4,0,28.1,Clear,Field A
2022-08-11,23:15,Cow_332,9,10,0,0,28.1,Clear,Field A
2022-08-11,23:15,Cow_333,5,5,5,0,28.1,Clear,Field C
2022-08-11,23:15,Cow_334,13,0,6,0,28.1,Clear,Field A
2022-08-11,23:15,Cow_335,6,9,0,0,28.1,Clear,Field B
2022-08-11,23:15,Cow_336,8,1,6,0,28.1,Clear,Field C
2022-08-11,23:15,Cow_337,7,4,4,0,28.1,Clear,Field C
2022-08-11,23:15,Cow_338,5,9,1,0,28.1,Clear,Field C
2022-08-11,23:15,Cow_339,2,8,5,0,28.1,Clear,Field A
2022-08-11,23:15,Cow_340,9,4,2,0,28.1,Clear,Field A
2022-08-11,23:15,Cow_341,8,8,0,0,28.1,Clear,Field C
2022-08-11,23:15,Cow_342,5,4,6,0,28.1,Clear,Field B
2022-08-11,23:15,Cow_343,7,4,4,0,28.1,Clear,Field B
2022-08-11,23:15,Cow_344,2,8,5,0,28.1,Clear,Field C
2022-08-11,23:15,Cow_345,5,7,3,0,28.1,Clear,Field C
2022-08-11,23:15,Cow_346,2,5,8,0,28.1,Clear,Field A
2022-08-11,23:15,Cow_347,13,0,6,0,28.1,Clear,Field B
2022-08-11,23:15,Cow_348,11,4,0,0,28.1,Clear,Field B
2022-08-11,23:15,Cow_349,0,8,8,0,28.1,Clear,Field B
2022-08-11,23:15,Cow_350,13,3,0,0,28.1,Clear,Field A
2022-08-11,23:15,Cow_351,6,5,4,0,28.1,Clear,Field C
2022-08-11,23:15,Cow_352,6,5,4,0,28.1,Clear,Field A
2022-08-11,23:15,Cow_353,12,3,0,0,28.1,Clear,Field B
2022-08-11,23:15,Cow_354,10,0,7,0,28.1,Clear,Field A
2022-08-11,23:15,Cow_355,14,0,4,0,28.1,Clear,Field A
2022-08-11,23:15,Cow_356,13,8,0,0,28.1,Clear,Field B
2022-08-11,23:15,Cow_357,4,5,6,0,28.1,Clear,Field C
2022-08-11,23:15,Cow_358,0,10,7,0,28.1,Clear,Field A
2022-08-11,23:15,Cow_359,15,0,2,0,28.1,Clear,Field C
2022-08-11,23:15,Cow_360,0,0,0,15,28.1,Clear,Field A
2022-08-11,23:15,Cow_361,9,4,2,0,28.1,Clear,Field A
2022-08-11,23:15,Cow_362,0,9,7,0,28.1,Clear,Field B
2022-08-11,23:15,Cow_363,0,8,10,0,28.1,Clear,Field C
2022-08-11,23:15,Cow_364,11,0,6,0,28.1,Clear,Field A
2022-08-11,23:15,Cow_365,12,0,7,0,28.1,Clear,Field B
2022-08-11,23:15,Cow_366,8,3,4,0,28.1,Clear,Field C
2022-08-11,23:15,Cow_367,5,9,1,0,28.1,Clear,Field A
2022-08-11,23:15,Cow_368,1,9,5,0,28.1,Clear,Field A
2022-08-11,23:15,Cow_369,6,3,6,0,28.1,Clear,Field A
2022-08-11,23:15,Cow_370,0,0,0,15,28.1,Clear,Field B
2022-08-11,23:15,Cow_371,5,6,4,0,28.1,Clear,Field B
2022-08-11,23:15,Cow_372,14,0,6,0,28.1,Clear,Field C
2022-08-11,23:15,Cow_373,6,5,4,0,28.1,Clear,Field B
2022-08-11,23:15,Cow_374,12,9,0,0,28.1,Clear,Field A
2022-08-11,23:15,Cow_375,6,1,8,0,28.1,Clear,Field C
2022-08-11,23:15,Cow_376,2,9,4,0,28.1,Clear,Field B
2022-08-11,23:15,Cow_377,7,8,0,0,28.1,Clear,Field C
2022-08-11,23:15,Cow_378,3,7,5,0,28.1,Clear,Field C
2022-08-11,23:15,Cow_379,8,10,0,0,28.1,Clear,Field C
2022-08-11,23:15,Cow_380,11,5,0,0,28.1,Clear,Field A
2022-08-11,23:15,Cow_381,11,0,4,0,28.1,Clear,Field A
2022-08-11,23:15,Cow_382,13,3,0,0,28.1,Clear,Field A
2022-08-11,23:15,Cow_383,5,4,6,0,28.1,Clear,Field C
2022-08-11,23:15,Cow_384,9,0,7,0,28.1,Clear,Field A
2022-08-11,23:15,Cow_385,13,7,0,0,28.1,Clear,Field B
2022-08-11,23:15,Cow_386,0,8,7,0,28.1,Clear,Field A
2022-08-11,23:15,Cow_387,7,5,3,0,28.1,Clear,Field B
2022-08-11,23:15,Cow_388,8,0,8,0,28.1,Clear,Field C
2022-08-11,23:15,Cow_389,5,5,5,0,28.1,Clear,Field B
2022-08-11,23:15,Cow_390,2,8,5,0,28.1,Clear,Field A
2022-08-11,23:15,Cow_391,0,11,7,0,28.1,Clear,Field A
2022-08-11,23:15,Cow_392,5,6,4,0,28.1,Clear,Field B
2022-08-11,23:15,Cow_393,9,3,3,0,28.1,Clear,Field C
2022-08-11,23:15,Cow_394,8,0,7,0,28.1,Clear,Field A
2022-08-11,23:15,Cow_395,13,0,6,0,28.1,Clear,Field C
2022-08-11,23:15,Cow_396,0,0,0,15,28.1,Clear,Field B
2022-08-11,23:15,Cow_397,12,5,0,0,28.1,Clear,Field A
2022-08-11,23:15,Cow_398,14,3,0,0,28.1,Clear,Field B
2022-08-11,23:15,Cow_399,14,7,0,0,28.1,Clear,Field B
2022-08-11,23:15,Cow_400,9,0,6,0,28.1,Clear,Field C
2022-08-11,23:15,Cow_401,14,0,4,0,28.1,Clear,Field A
2022-08-11,23:15,Cow_402,7,3,5,0,28.1,Clear,Field C
2022-08-11,23:15,Cow_403,11,4,0,0,28.1,Clear,Field A
2022-08-11,23:15,Cow_404,14,0,6,0,28.1,Clear,Field B
2022-08-11,23:15,Cow_405,0,0,0,15,28.1,Clear,Field C
2022-08-11,23:15,Cow_406,0,9,7,0,28.1,Clear,Field C
2022-08-11,23:15,Cow_407,9,0,6,0,28.1,Clear,Field A
2022-08-11,23:15,Cow_408,10,4,1,0,28.1,Clear,Field A
2022-08-11,23:15,Cow_409,9,3,3,0,28.1,Clear,Field B
2022-08-11,23:15,Cow_410,6,5,4,0,28.1,Clear,Field A
2022-08-11,23:15,Cow_411,3,9,3,0,28.1,Clear,Field A
2022-08-11,23:15,Cow_412,6,6,3,0,28.1,Clear,Field C
2022-08-11,23:15,Cow_413,5,3,7,0,28.1,Clear,Field B
2022-08-11,23:15,Cow_414,8,3,4,0,28.1,Clear,Field B
2022-08-11,23:15,Cow_415,3,7,5,0,28.1,Clear,Field B
2022-08-11,23:15,Cow_416,8,4,3,0,28.1,Clear,Field A
2022-08-11,23:15,Cow_417,3,9,3,0,28.1,Clear,Field A
2022-08-11,23:15,Cow_418,5,6,4,0,28.1,Clear,Field C
2022-08-11,23:15,Cow_419,7,3,5,0,28.1,Clear,Field A
2022-08-11,23:15,Cow_420,13,0,3,0,28.1,Clear,Field A
2022-08-11,23:15,Cow_421,5,7,3,0,28.1,Clear,Field A
2022-08-11,23:15,Cow_422,8,10,0,0,28.1,Clear,Field B
2022-08-11,23:15,Cow_423,11,7,0,0,28.1,Clear,Field C
2022-08-11,23:15,Cow_424,10,6,0,0,28.1,Clear,Field A
2022-08-11,23:15,Cow_425,12,0,4,0,28.1,Clear,Field C
2022-08-11,23:15,Cow_426,9,7,0,0,28.1,Clear,Field B
2022-08-11,23:15,Cow_427,5,8,2,0,28.1,Clear,Field A
2022-08-11,23:15,Cow_428,12,0,5,0,28.1,Clear,Field C
2022-08-11,23:15,Cow_429,6,5,4,0,28.1,Clear,Field B
2022-08-11,23:15,Cow_430,11,0,5,0,28.1,Clear,Field C
2022-08-11,23:15,Cow_431,12,0,6,0,28.1,Clear,Field A
2022-08-11,23:15,Cow_432,10,0,6,0,28.1,Clear,Field B
2022-08-11,23:15,Cow_433,12,0,3,0,28.1,Clear,Field C
2022-08-11,23:15,Cow_434,8,0,7,0,28.1,Clear,Field C
2022-08-11,23:15,Cow_435,6,5,4,0,28.1,Clear,Field A
2022-08-11,23:15,Cow_436,13,0,8,0,28.1,Clear,Field C
2022-08-11,23:15,Cow_437,0,10,6,0,28.1,Clear,Field B
2022-08-11,23:15,Cow_438,9,0,8,0,28.1,Clear,Field B
2022-08-11,23:15,Cow_439,0,0,0,15,28.1,Clear,Field C
2022-08-11,23:15,Cow_440,5,8,2,0,28.1,Clear,Field A
2022-08-11,23:15,Cow_441,0,0,0,15,28.1,Clear,Field C
2022-08-11,23:15,Cow_442,0,8,10,0,28.1,Clear,Field B
2022-08-11,23:15,Cow_443,9,3,3,0,28.1,Clear,Field B
2022-08-11,23:15,Cow_444,6,4,5,0,28.1,Clear,Field B
2022-08-11,23:15,Cow_445,2,9,4,0,28.1,Clear,Field B
2022-08-11,23:15,Cow_446,9,1,5,0,28.1,Clear,Field B
2022-08-11,23:15,Cow_447,7,8,0,0,28.1,Clear,Field A
2022-08-11,23:15,Cow_448,12,3,0,0,28.1,Clear,Field A
2022-08-11,23:15,Cow_449,7,5,3,0,28.1,Clear,Field A
2022-08-11,23:15,Cow_450,9,3,3,0,28.1,Clear,Field C
2022-08-11,23:15,Cow_451,5,5,5,0,28.1,Clear,Field A
2022-08-11,23:15,Cow_452,12,0,5,0,28.1,Clear,Field A
2022-08-11,23:15,Cow_453,6,3,6,0,28.1,Clear,Field C
2022-08-11,23:15,Cow_454,0,0,0,15,28.1,Clear,Field A
2022-08-11,23:15,Cow_455,9,4,2,0,28.1,Clear,Field B
2022-08-11,23:15,Cow_456,14,9,0,0,28.1,Clear,Field B
2022-08-11,23:15,Cow_457,5,7,3,0,28.1,Clear,Field B
2022-08-11,23:15,Cow_458,7,1,7,0,28.1,Clear,Field A
2022-08-11,23:15,Cow_459,10,4,1,0,28.1,Clear,Field A
2022-08-11,23:15,Cow_460,7,0,8,0,28.1,Clear,Field A
2022-08-11,23:15,Cow_461,6,3,6,0,28.1,Clear,Field B
2022-08-11,23:15,Cow_462,8,1,6,0,28.1,Clear,Field A
2022-08-11,23:15,Cow_463,12,0,6,0,28.1,Clear,Field B
2022-08-11,23:15,Cow_464,3,7,5,0,28.1,Clear,Field B
2022-08-11,23:15,Cow_465,11,4,0,0,28.1,Clear,Field C
2022-08-11,23:15,Cow_466,14,8,0,0,28.1,Clear,Field A
2022-08-11,23:15,Cow_467,0,9,7,0,28.1,Clear,Field B
2022-08-11,23:15,Cow_468,0,10,6,0,28.1,Clear,Field C
2022-08-11,23:15,Cow_469,14,0,7,0,28.1,Clear,Field A
2022-08-11,23:15,Cow_470,13,4,0,0,28.1,Clear,Field A
2022-08-11,23:15,Cow_471,12,5,0,0,28.1,Clear,Field A
2022-08-11,23:15,Cow_472,9,2,4,0,28.1,Clear,Field B
2022-08-11,23:15,Cow_473,6,10,0,0,28.1,Clear,Field A
2022-08-11,23:15,Cow_474,13,0,6,0,28.1,Clear,Field A
2022-08-11,23:15,Cow_475,2,6,7,0,28.1,Clear,Field C
2022-08-11,23:15,Cow_476,10,6,0,0,28.1,Clear,Field C
2022-08-11,23:15,Cow_477,4,6,5,0,28.1,Clear,Field B
2022-08-11,23:15,Cow_478,11,0,4,0,28.1,Clear,Field B
2022-08-11,23:15,Cow_479,0,7,8,0,28.1,Clear,Field B
2022-08-11,23:15,Cow_480,13,3,0,0,28.1,Clear,Field A
2022-08-11,23:15,Cow_481,8,9,0,0,28.1,Clear,Field B
2022-08-11,23:15,Cow_482,2,9,4,0,28.1,Clear,Field B
2022-08-11,23:15,Cow_483,9,3,3,0,28.1,Clear,Field B
2022-08-11,23:15,Cow_484,0,0,0,15,28.1,Clear,Field C
2022-08-11,23:15,Cow_485,4,6,5,0,28.1,Clear,Field B
2022-08-11,23:15,Cow_486,9,9,0,0,28.1,Clear,Field A
2022-08-11,23:15,Cow_487,7,0,8,0,28.1,Clear,Field B
2022-08-11,23:15,Cow_488,5,2,8,0,28.1,Clear,Field B
2022-08-11,23:15,Cow_489,14,4,0,0,28.1,Clear,Field C
2022-08-11,23:15,Cow_490,8,0,8,0,28.1,Clear,Field C
2022-08-11,23:15,Cow_491,14,7,0,0,28.1,Clear,Field B
2022-08-11,23:15,Cow_492,6,8,1,0,28.1,Clear,Field B
2022-08-11,23:15,Cow_493,2,5,8,0,28.1,Clear,Field A
2022-08-11,23:15,Cow_494,10,0,8,0,28.1,Clear,Field B
2022-08-11,23:15,Cow_495,8,9,0,0,28.1,Clear,Field A
2022-08-11,23:15,Cow_496,9,3,3,0,28.1,Clear,Field C
2022-08-11,23:15,Cow_497,7,8,0,0,28.1,Clear,Field B
2022-08-11,23:15,Cow_498,11,0,6,0,28.1,Clear,Field A
2022-08-11,23:15,Cow_499,11,8,0,0,28.1,Clear,Field B
2022-08-11,23:15,Cow_500,0,8,7,0,28.1,Clear,Field B
2022-08-11,23:30,Cow_1,9,1,5,0,36.7,Clear,Field B
2022-08-11,23:30,Cow_2,0,0,0,15,36.7,Clear,Field A
2022-08-11,23:30,Cow_3,10,0,5,0,36.7,Clear,Field C
2022-08-11,23:30,Cow_4,14,0,5,0,36.7,Clear,Field C
2022-08-11,23:30,Cow_5,12,6,0,0,36.7,Clear,Field C
2022-08-11,23:30,Cow_6,6,4,5,0,36.7,Clear,Field C
2022-08-11,23:30,Cow_7,2,6,7,0,36.7,Clear,Field B
2022-08-11,23:30,Cow_8,3,9,3,0,36.7,Clear,Field C
2022-08-11,23:30,Cow_9,12,9,0,0,36.7,Clear,Field A
2022-08-11,23:30,Cow_10,5,5,5,0,36.7,Clear,Field C
2022-08-11,23:30,Cow_11,13,0,4,0,36.7,Clear,Field A
2022-08-11,23:30,Cow_12,0,0,0,15,36.7,Clear,Field A
2022-08-11,23:30,Cow_13,1,8,6,0,36.7,Clear,Field A
2022-08-11,23:30,Cow_14,13,0,3,0,36.7,Clear,Field A
2022-08-11,23:30,Cow_15,6,5,4,0,36.7,Clear,Field C
2022-08-11,23:30,Cow_16,11,0,8,0,36.7,Clear,Field C
2022-08-11,23:30,Cow_17,0,8,8,0,36.7,Clear,Field A
2022-08-11,23:30,Cow_18,15,9,0,0,36.7,Clear,Field A
2022-08-11,23:30,Cow_19,1,7,7,0,36.7,Clear,Field A
2022-08-11,23:30,Cow_20,8,6,1,0,36.7,Clear,Field A
2022-08-11,23:30,Cow_21,7,3,5,0,36.7,Clear,Field B
2022-08-11,23:30,Cow_22,5,5,5,0,36.7,Clear,Field A
2022-08-11,23:30,Cow_23,13,10,0,0,36.7,Clear,Field C
2022-08-11,23:30,Cow_24,12,0,3,0,36.7,Clear,Field A
2022-08-11,23:30,Cow_25,13,6,0,0,36.7,Clear,Field A
2022-08-11,23:30,Cow_26,0,8,8,0,36.7,Clear,Field B
2022-08-11,23:30,Cow_27,10,1,4,0,36.7,Clear,Field C
2022-08-11,23:30,Cow_28,13,0,6,0,36.7,Clear,Field B
2022-08-11,23:30,Cow_29,5,3,7,0,36.7,Clear,Field A
2022-08-11,23:30,Cow_30,6,6,3,0,36.7,Clear,Field A
2022-08-11,23:30,Cow_31,5,3,7,0,36.7,Clear,Field A
2022-08-11,23:30,Cow_32,4,3,8,0,36.7,Clear,Field B
2022-08-11,23:30,Cow_33,9,1,5,0,36.7,Clear,Field B
2022-08-11,23:30,Cow_34,0,10,6,0,36.7,Clear,Field B
2022-08-11,23:30,Cow_35,13,10,0,0,36.7,Clear,Field A
2022-08-11,23:30,Cow_36,6,8,1,0,36.7,Clear,Field C
2022-08-11,23:30,Cow_37,7,7,1,0,36.7,Clear,Field A
2022-08-11,23:30,Cow_38,1,6,8,0,36.7,Clear,Field A
2022-08-11,23:30,Cow_39,12,0,8,0,36.7,Clear,Field A
2022-08-11,23:30,Cow_40,3,7,5,0,36.7,Clear,Field A
2022-08-11,23:30,Cow_41,10,6,0,0,36.7,Clear,Field B
2022-08-11,23:30,Cow_42,10,7,0,0,36.7,Clear,Field C
2022-08-11,23:30,Cow_43,0,10,8,0,36.7,Clear,Field C
2022-08-11,23:30,Cow_44,0,9,7,0,36.7,Clear,Field B
2022-08-11,23:30,Cow_45,5,5,5,0,36.7,Clear,Field B
2022-08-11,23:30,Cow_46,12,3,0,0,36.7,Clear,Field B
2022-08-11,23:30,Cow_47,12,6,0,0,36.7,Clear,Field A
2022-08-11,23:30,Cow_48,1,8,6,0,36.7,Clear,Field C
2022-08-11,23:30,Cow_49,12,0,6,0,36.7,Clear,Field A
2022-08-11,23:30,Cow_50,0,10,8,0,36.7,Clear,Field B
2022-08-11,23:30,Cow_51,11,1,3,0,36.7,Clear,Field A
2022-08-11,23:30,Cow_52,13,0,3,0,36.7,Clear,Field C
2022-08-11,23:30,Cow_53,10,7,0,0,36.7,Clear,Field C
2022-08-11,23:30,Cow_54,6,10,0,0,36.7,Clear,Field A
2022-08-11,23:30,Cow_55,5,6,4,0,36.7,Clear,Field B
2022-08-11,23:30,Cow_56,2,8,5,0,36.7,Clear,Field A
2022-08-11,23:30,Cow_57,0,0,0,15,36.7,Clear,Field B
2022-08-11,23:30,Cow_58,14,4,0,0,36.7,Clear,Field A
2022-08-11,23:30,Cow_59,6,1,8,0,36.7,Clear,Field A
2022-08-11,23:30,Cow_60,3,5,7,0,36.7,Clear,Field A
2022-08-11,23:30,Cow_61,10,5,0,0,36.7,Clear,Field A
2022-08-11,23:30,Cow_62,8,10,0,0,36.7,Clear,Field C
2022-08-11,23:30,Cow_63,9,9,0,0,36.7,Clear,Field A
2022-08-11,23:30,Cow_64,2,7,6,0,36.7,Clear,Field A
2022-08-11,23:30,Cow_65,5,7,3,0,36.7,Clear,Field A
2022-08-11,23:30,Cow_66,2,6,7,0,36.7,Clear,Field B
2022-08-11,23:30,Cow_67,7,3,5,0,36.7,Clear,Field B
2022-08-11,23:30,Cow_68,14,0,8,0,36.7,Clear,Field C
2022-08-11,23:30,Cow_69,14,6,0,0,36.7,Clear,Field A
2022-08-11,23:30,Cow_70,12,0,5,0,36.7,Clear,Field C
2022-08-11,23:30,Cow_71,3,8,4,0,36.7,Clear,Field B
2022-08-11,23:30,Cow_72,5,4,6,0,36.7,Clear,Field B
2022-08-11,23:30,Cow_73,13,0,6,0,36.7,Clear,Field A
2022-08-11,23:30,Cow_74,5,7,3,0,36.7,Clear,Field B
2022-08-11,23:30,Cow_75,12,4,0,0,36.7,Clear,Field B
2022-08-11,23:30,Cow_76,8,3,4,0,36.7,Clear,Field C
2022-08-11,23:30,Cow_77,6,4,5,0,36.7,Clear,Field A
2022-08-11,23:30,Cow_78,5,4,6,0,36.7,Clear,Field A
2022-08-11,23:30,Cow_79,14,8,0,0,36.7,Clear,Field C
2022-08-11,23:30,Cow_80,5,6,4,0,36.7,Clear,Field C
2022-08-11,23:30,Cow_81,12,0,6,0,36.7,Clear,Field C
2022-08-11,23:30,Cow_82,0,0,0,15,36.7,Clear,Field C
2022-08-11,23:30,Cow_83,6,4,5,0,36.7,Clear,Field C
2022-08-11,23:30,Cow_84,4,6,5,0,36.7,Clear,Field B
2022-08-11,23:30,Cow_85,5,9,1,0,36.7,Clear,Field A
2022-08-11,23:30,Cow_86,9,6,0,0,36.7,Clear,Field C
2022-08-11,23:30,Cow_87,10,0,7,0,36.7,Clear,Field B
2022-08-11,23:30,Cow_88,14,0,7,0,36.7,Clear,Field B
2022-08-11,23:30,Cow_89,7,3,5,0,36.7,Clear,Field A
2022-08-11,23:30,Cow_90,14,0,6,0,36.7,Clear,Field C
2022-08-11,23:30,Cow_91,9,7,0,0,36.7,Clear,Field A
2022-08-11,23:30,Cow_92,1,7,7,0,36.7,Clear,Field B
2022-08-11,23:30,Cow_93,4,3,8,0,36.7,Clear,Field C
2022-08-11,23:30,Cow_94,0,9,8,0,36.7,Clear,Field C
2022-08-11,23:30,Cow_95,7,3,5,0,36.7,Clear,Field B
2022-08-11,23:30,Cow_96,10,3,2,0,36.7,Clear,Field A
2022-08-11,23:30,Cow_97,6,5,4,0,36.7,Clear,Field C
2022-08-11,23:30,Cow_98,10,5,0,0,36.7,Clear,Field B
2022-08-11,23:30,Cow_99,6,2,7,0,36.7,Clear,Field C
2022-08-11,23:30,Cow_100,5,3,7,0,36.7,Clear,Field B
2022-08-11,23:30,Cow_101,13,7,0,0,36.7,Clear,Field B
2022-08-11,23:30,Cow_102,6,4,5,0,36.7,Clear,Field A
2022-08-11,23:30,Cow_103,5,5,5,0,36.7,Clear,Field C
2022-08-11,23:30,Cow_104,14,0,6,0,36.7,Clear,Field B
2022-08-11,23:30,Cow_105,8,1,6,0,36.7,Clear,Field A
2022-08-11,23:30,Cow_106,9,0,7,0,36.7,Clear,Field C
2022-08-11,23:30,Cow_107,7,10,0,0,36.7,Clear,Field A
2022-08-11,23:30,Cow_108,5,5,5,0,36.7,Clear,Field C
2022-08-11,23:30,Cow_109,13,9,0,0,36.7,Clear,Field A
2022-08-11,23:30,Cow_110,8,3,4,0,36.7,Clear,Field C
2022-08-11,23:30,Cow_111,9,0,6,0,36.7,Clear,Field B
2022-08-11,23:30,Cow_112,5,7,3,0,36.7,Clear,Field B
2022-08-11,23:30,Cow_113,5,10,0,0,36.7,Clear,Field C
2022-08-11,23:30,Cow_114,9,9,0,0,36.7,Clear,Field B
2022-08-11,23:30,Cow_115,9,3,3,0,36.7,Clear,Field B
2022-08-11,23:30,Cow_116,10,2,3,0,36.7,Clear,Field A
2022-08-11,23:30,Cow_117,0,0,0,15,36.7,Clear,Field A
2022-08-11,23:30,Cow_118,7,0,8,0,36.7,Clear,Field B
2022-08-11,23:30,Cow_119,1,10,4,0,36.7,Clear,Field B
2022-08-11,23:30,Cow_120,0,0,0,15,36.7,Clear,Field B
2022-08-11,23:30,Cow_121,8,4,3,0,36.7,Clear,Field B
2022-08-11,23:30,Cow_122,9,4,2,0,36.7,Clear,Field B
2022-08-11,23:30,Cow_123,11,5,0,0,36.7,Clear,Field C
2022-08-11,23:30,Cow_124,2,5,8,0,36.7,Clear,Field B
2022-08-11,23:30,Cow_125,0,0,0,15,36.7,Clear,Field A
2022-08-11,23:30,Cow_126,9,3,3,0,36.7,Clear,Field A
2022-08-11,23:30,Cow_127,11,7,0,0,36.7,Clear,Field A
2022-08-11,23:30,Cow_128,8,7,0,0,36.7,Clear,Field C
2022-08-11,23:30,Cow_129,10,0,7,0,36.7,Clear,Field B
2022-08-11,23:30,Cow_130,10,1,4,0,36.7,Clear,Field C
2022-08-11,23:30,Cow_131,0,0,0,15,36.7,Clear,Field A
2022-08-11,23:30,Cow_132,0,0,0,15,36.7,Clear,Field C
2022-08-11,23:30,Cow_133,9,5,1,0,36.7,Clear,Field C
2022-08-11,23:30,Cow_134,6,6,3,0,36.7,Clear,Field B
2022-08-11,23:30,Cow_135,12,0,8,0,36.7,Clear,Field B
2022-08-11,23:30,Cow_136,13,5,0,0,36.7,Clear,Field C
2022-08-11,23:30,Cow_137,14,8,0,0,36.7,Clear,Field B
2022-08-11,23:30,Cow_138,12,0,4,0,36.7,Clear,Field B
2022-08-11,23:30,Cow_139,8,1,6,0,36.7,Clear,Field C
2022-08-11,23:30,Cow_140,13,0,8,0,36.7,Clear,Field C
2022-08-11,23:30,Cow_141,6,4,5,0,36.7,Clear,Field B
2022-08-11,23:30,Cow_142,6,4,5,0,36.7,Clear,Field A
2022-08-11,23:30,Cow_143,0,0,0,15,36.7,Clear,Field A
2022-08-11,23:30,Cow_144,2,10,3,0,36.7,Clear,Field B
2022-08-11,23:30,Cow_145,4,5,6,0,36.7,Clear,Field C
2022-08-11,23:30,Cow_146,1,8,6,0,36.7,Clear,Field B
2022-08-11,23:30,Cow_147,6,5,4,0,36.7,Clear,Field B
2022-08-11,23:30,Cow_148,6,6,3,0,36.7,Clear,Field B
2022-08-11,23:30,Cow_149,6,5,4,0,36.7,Clear,Field C
2022-08-11,23:30,Cow_150,14,3,0,0,36.7,Clear,Field A
2022-08-11,23:30,Cow_151,0,9,6,0,36.7,Clear,Field A
2022-08-11,23:30,Cow_152,0,0,0,15,36.7,Clear,Field B
2022-08-11,23:30,Cow_153,13,4,0,0,36.7,Clear,Field B
2022-08-11,23:30,Cow_154,14,0,6,0,36.7,Clear,Field C
2022-08-11,23:30,Cow_155,8,1,6,0,36.7,Clear,Field C
2022-08-11,23:30,Cow_156,14,0,7,0,36.7,Clear,Field A
2022-08-11,23:30,Cow_157,7,2,6,0,36.7,Clear,Field A
2022-08-11,23:30,Cow_158,12,4,0,0,36.7,Clear,Field B
2022-08-11,23:30,Cow_159,0,10,5,0,36.7,Clear,Field B
2022-08-11,23:30,Cow_160,7,4,4,0,36.7,Clear,Field C
2022-08-11,23:30,Cow_161,10,7,0,0,36.7,Clear,Field C
2022-08-11,23:30,Cow_162,14,3,0,0,36.7,Clear,Field A
2022-08-11,23:30,Cow_163,5,2,8,0,36.7,Clear,Field C
2022-08-11,23:30,Cow_164,6,5,4,0,36.7,Clear,Field C
2022-08-11,23:30,Cow_165,13,3,0,0,36.7,Clear,Field B
2022-08-11,23:30,Cow_166,4,8,3,0,36.7,Clear,Field B
2022-08-11,23:30,Cow_167,2,5,8,0,36.7,Clear,Field B
2022-08-11,23:30,Cow_168,9,1,5,0,36.7,Clear,Field C
2022-08-11,23:30,Cow_169,8,0,8,0,36.7,Clear,Field B
2022-08-11,23:30,Cow_170,5,7,3,0,36.7,Clear,Field B
2022-08-11,23:30,Cow_171,7,10,0,0,36.7,Clear,Field C
2022-08-11,23:30,Cow_172,13,0,7,0,36.7,Clear,Field C
2022-08-11,23:30,Cow_173,0,10,6,0,36.7,Clear,Field A
2022-08-11,23:30,Cow_174,12,3,0,0,36.7,Clear,Field B
2022-08-11,23:30,Cow_175,13,10,0,0,36.7,Clear,Field C
2022-08-11,23:30,Cow_176,12,0,6,0,36.7,Clear,Field C
2022-08-11,23:30,Cow_177,8,4,3,0,36.7,Clear,Field B
2022-08-11,23:30,Cow_178,5,5,5,0,36.7,Clear,Field C
2022-08-11,23:30,Cow_179,7,5,3,0,36.7,Clear,Field A
2022-08-11,23:30,Cow_180,8,7,0,0,36.7,Clear,Field B
2022-08-11,23:30,Cow_181,13,0,8,0,36.7,Clear,Field C
2022-08-11,23:30,Cow_182,14,3,0,0,36.7,Clear,Field C
2022-08-11,23:30,Cow_183,14,6,0,0,36.7,Clear,Field A
2022-08-11,23:30,Cow_184,11,0,7,0,36.7,Clear,Field A
2022-08-11,23:30,Cow_185,6,10,0,0,36.7,Clear,Field B
2022-08-11,23:30,Cow_186,2,5,8,0,36.7,Clear,Field C
2022-08-11,23:30,Cow_187,9,8,0,0,36.7,Clear,Field B
2022-08-11,23:30,Cow_188,4,8,3,0,36.7,Clear,Field B
2022-08-11,23:30,Cow_189,5,3,7,0,36.7,Clear,Field C
2022-08-11,23:30,Cow_190,13,7,0,0,36.7,Clear,Field B
2022-08-11,23:30,Cow_191,5,5,5,0,36.7,Clear,Field A
2022-08-11,23:30,Cow_192,2,5,8,0,36.7,Clear,Field C
2022-08-11,23:30,Cow_193,13,4,0,0,36.7,Clear,Field C
2022-08-11,23:30,Cow_194,9,8,0,0,36.7,Clear,Field A
2022-08-11,23:30,Cow_195,5,3,7,0,36.7,Clear,Field A
2022-08-11,23:30,Cow_196,7,4,4,0,36.7,Clear,Field A
2022-08-11,23:30,Cow_197,5,3,7,0,36.7,Clear,Field C
2022-08-11,23:30,Cow_198,8,0,8,0,36.7,Clear,Field C
2022-08-11,23:30,Cow_199,10,0,5,0,36.7,Clear,Field A
2022-08-11,23:30,Cow_200,7,2,6,0,36.7,Clear,Field A
2022-08-11,23:30,Cow_201,5,7,3,0,36.7,Clear,Field B
2022-08-11,23:30,Cow_202,11,0,8,0,36.7,Clear,Field C
2022-08-11,23:30,Cow_203,6,9,0,0,36.7,Clear,Field A
2022-08-11,23:30,Cow_204,11,7,0,0,36.7,Clear,Field C
2022-08-11,23:30,Cow_205,0,10,8,0,36.7,Clear,Field C
2022-08-11,23:30,Cow_206,0,9,7,0,36.7,Clear,Field A
2022-08-11,23:30,Cow_207,11,0,7,0,36.7,Clear,Field B
2022-08-11,23:30,Cow_208,10,2,3,0,36.7,Clear,Field C
2022-08-11,23:30,Cow_209,13,8,0,0,36.7,Clear,Field A
2022-08-11,23:30,Cow_210,5,3,7,0,36.7,Clear,Field A
2022-08-11,23:30,Cow_211,10,6,0,0,36.7,Clear,Field A
2022-08-11,23:30,Cow_212,5,5,5,0,36.7,Clear,Field A
2022-08-11,23:30,Cow_213,10,2,3,0,36.7,Clear,Field A
2022-08-11,23:30,Cow_214,9,0,8,0,36.7,Clear,Field A
2022-08-11,23:30,Cow_215,7,5,3,0,36.7,Clear,Field B
2022-08-11,23:30,Cow_216,14,0,7,0,36.7,Clear,Field A
2022-08-11,23:30,Cow_217,7,3,5,0,36.7,Clear,Field C
2022-08-11,23:30,Cow_218,2,7,6,0,36.7,Clear,Field B
2022-08-11,23:30,Cow_219,13,6,0,0,36.7,Clear,Field B
2022-08-11,23:30,Cow_220,14,0,3,0,36.7,Clear,Field C
2022-08-11,23:30,Cow_221,14,8,0,0,36.7,Clear,Field A
2022-08-11,23:30,Cow_222,12,0,3,0,36.7,Clear,Field B
2022-08-11,23:30,Cow_223,8,2,5,0,36.7,Clear,Field C
2022-08-11,23:30,Cow_224,5,3,7,0,36.7,Clear,Field A
2022-08-11,23:30,Cow_225,12,0,3,0,36.7,Clear,Field A
2022-08-11,23:30,Cow_226,12,0,7,0,36.7,Clear,Field A
2022-08-11,23:30,Cow_227,7,2,6,0,36.7,Clear,Field C
2022-08-11,23:30,Cow_228,0,8,8,0,36.7,Clear,Field B
2022-08-11,23:30,Cow_229,0,0,0,15,36.7,Clear,Field A
2022-08-11,23:30,Cow_230,11,6,0,0,36.7,Clear,Field A
2022-08-11,23:30,Cow_231,6,1,8,0,36.7,Clear,Field C
2022-08-11,23:30,Cow_232,7,3,5,0,36.7,Clear,Field B
2022-08-11,23:30,Cow_233,7,3,5,0,36.7,Clear,Field C
2022-08-11,23:30,Cow_234,9,2,4,0,36.7,Clear,Field C
2022-08-11,23:30,Cow_235,11,10,0,0,36.7,Clear,Field A
2022-08-11,23:30,Cow_236,11,1,3,0,36.7,Clear,Field A
2022-08-11,23:30,Cow_237,3,4,8,0,36.7,Clear,Field B
2022-08-11,23:30,Cow_238,9,7,0,0,36.7,Clear,Field A
2022-08-11,23:30,Cow_239,5,4,6,0,36.7,Clear,Field B
2022-08-11,23:30,Cow_240,6,5,4,0,36.7,Clear,Field C
2022-08-11,23:30,Cow_241,6,6,3,0,36.7,Clear,Field A
2022-08-11,23:30,Cow_242,0,9,7,0,36.7,Clear,Field C
2022-08-11,23:30,Cow_243,4,8,3,0,36.7,Clear,Field B
2022-08-11,23:30,Cow_244,14,8,0,0,36.7,Clear,Field B
2022-08-11,23:30,Cow_245,2,7,6,0,36.7,Clear,Field A
2022-08-11,23:30,Cow_246,10,1,4,0,36.7,Clear,Field C
2022-08-11,23:30,Cow_247,10,3,2,0,36.7,Clear,Field C
2022-08-11,23:30,Cow_248,7,6,2,0,36.7,Clear,Field B
2022-08-11,23:30,Cow_249,0,8,7,0,36.7,Clear,Field A
2022-08-11,23:30,Cow_250,5,6,4,0,36.7,Clear,Field C
2022-08-11,23:30,Cow_251,1,7,7,0,36.7,Clear,Field B
2022-08-11,23:30,Cow_252,2,4,9,0,36.7,Clear,Field B
2022-08-11,23:30,Cow_253,14,0,3,0,36.7,Clear,Field A
2022-08-11,23:30,Cow_254,13,0,7,0,36.7,Clear,Field A
2022-08-11,23:30,Cow_255,13,0,8,0,36.7,Clear,Field B
2022-08-11,23:30,Cow_256,6,9,0,0,36.7,Clear,Field B
2022-08-11,23:30,Cow_257,9,3,3,0,36.7,Clear,Field A
2022-08-11,23:30,Cow_258,8,2,5,0,36.7,Clear,Field C
2022-08-11,23:30,Cow_259,13,7,0,0,36.7,Clear,Field C
2022-08-11,23:30,Cow_260,11,1,3,0,36.7,Clear,Field C
2022-08-11,23:30,Cow_261,10,1,4,0,36.7,Clear,Field B
2022-08-11,23:30,Cow_262,8,0,7,0,36.7,Clear,Field B
2022-08-11,23:30,Cow_263,7,5,3,0,36.7,Clear,Field C
2022-08-11,23:30,Cow_264,8,7,0,0,36.7,Clear,Field A
2022-08-11,23:30,Cow_265,7,2,6,0,36.7,Clear,Field B
2022-08-11,23:30,Cow_266,0,9,7,0,36.7,Clear,Field A
2022-08-11,23:30,Cow_267,11,0,4,0,36.7,Clear,Field A
2022-08-11,23:30,Cow_268,6,9,0,0,36.7,Clear,Field C
2022-08-11,23:30,Cow_269,14,0,8,0,36.7,Clear,Field C
2022-08-11,23:30,Cow_270,8,2,5,0,36.7,Clear,Field B
2022-08-11,23:30,Cow_271,6,6,3,0,36.7,Clear,Field A
2022-08-11,23:30,Cow_272,0,0,0,15,36.7,Clear,Field C
2022-08-11,23:30,Cow_273,5,2,8,0,36.7,Clear,Field B
2022-08-11,23:30,Cow_274,0,0,0,15,36.7,Clear,Field B
2022-08-11,23:30,Cow_275,4,8,3,0,36.7,Clear,Field A
2022-08-11,23:30,Cow_276,1,9,5,0,36.7,Clear,Field C
2022-08-11,23:30,Cow_277,12,3,0,0,36.7,Clear,Field A
2022-08-11,23:30,Cow_278,10,2,3,0,36.7,Clear,Field B
2022-08-11,23:30,Cow_279,7,4,4,0,36.7,Clear,Field C
2022-08-11,23:30,Cow_280,0,0,0,15,36.7,Clear,Field C
2022-08-11,23:30,Cow_281,7,5,3,0,36.7,Clear,Field C
2022-08-11,23:30,Cow_282,2,6,7,0,36.7,Clear,Field B
2022-08-11,23:30,Cow_283,3,6,6,0,36.7,Clear,Field C
2022-08-11,23:30,Cow_284,9,0,8,0,36.7,Clear,Field A
2022-08-11,23:30,Cow_285,6,5,4,0,36.7,Clear,Field C
2022-08-11,23:30,Cow_286,0,10,8,0,36.7,Clear,Field B
2022-08-11,23:30,Cow_287,1,7,7,0,36.7,Clear,Field C
2022-08-11,23:30,Cow_288,12,9,0,0,36.7,Clear,Field C
2022-08-11,23:30,Cow_289,6,6,3,0,36.7,Clear,Field A
2022-08-11,23:30,Cow_290,10,9,0,0,36.7,Clear,Field A
2022-08-11,23:30,Cow_291,5,7,3,0,36.7,Clear,Field B
2022-08-11,23:30,Cow_292,5,7,3,0,36.7,Clear,Field C
2022-08-11,23:30,Cow_293,15,0,6,0,36.7,Clear,Field A
2022-08-11,23:30,Cow_294,2,10,3,0,36.7,Clear,Field C
2022-08-11,23:30,Cow_295,6,6,3,0,36.7,Clear,Field B
2022-08-11,23:30,Cow_296,14,6,0,0,36.7,Clear,Field B
2022-08-11,23:30,Cow_297,13,0,3,0,36.7,Clear,Field C
2022-08-11,23:30,Cow_298,12,9,0,0,36.7,Clear,Field A
2022-08-11,23:30,Cow_299,8,9,0,0,36.7,Clear,Field A
2022-08-11,23:30,Cow_300,1,8,6,0,36.7,Clear,Field C
2022-08-11,23:30,Cow_301,0,9,6,0,36.7,Clear,Field C
2022-08-11,23:30,Cow_302,5,3,7,0,36.7,Clear,Field A
2022-08-11,23:30,Cow_303,12,0,8,0,36.7,Clear,Field A
2022-08-11,23:30,Cow_304,11,4,0,0,36.7,Clear,Field C
2022-08-11,23:30,Cow_305,1,9,5,0,36.7,Clear,Field B
2022-08-11,23:30,Cow_306,5,7,3,0,36.7,Clear,Field A
2022-08-11,23:30,Cow_307,6,5,4,0,36.7,Clear,Field C
2022-08-11,23:30,Cow_308,0,0,0,15,36.7,Clear,Field B
2022-08-11,23:30,Cow_309,6,5,4,0,36.7,Clear,Field B
2022-08-11,23:30,Cow_310,6,2,7,0,36.7,Clear,Field B
2022-08-11,23:30,Cow_311,3,6,6,0,36.7,Clear,Field B
2022-08-11,23:30,Cow_312,12,7,0,0,36.7,Clear,Field A
2022-08-11,23:30,Cow_313,11,9,0,0,36.7,Clear,Field A
2022-08-11,23:30,Cow_314,14,7,0,0,36.7,Clear,Field C
2022-08-11,23:30,Cow_315,5,4,6,0,36.7,Clear,Field C
2022-08-11,23:30,Cow_316,7,0,8,0,36.7,Clear,Field B
2022-08-11,23:30,Cow_317,0,8,8,0,36.7,Clear,Field A
2022-08-11,23:30,Cow_318,13,0,6,0,36.7,Clear,Field C
2022-08-11,23:30,Cow_319,0,0,0,15,36.7,Clear,Field B
2022-08-11,23:30,Cow_320,3,5,7,0,36.7,Clear,Field B
2022-08-11,23:30,Cow_321,7,4,4,0,36.7,Clear,Field B
2022-08-11,23:30,Cow_322,5,5,5,0,36.7,Clear,Field A
2022-08-11,23:30,Cow_323,9,3,3,0,36.7,Clear,Field B
2022-08-11,23:30,Cow_324,0,10,5,0,36.7,Clear,Field C
2022-08-11,23:30,Cow_325,0,0,0,15,36.7,Clear,Field B
2022-08-11,23:30,Cow_326,5,7,3,0,36.7,Clear,Field C
2022-08-11,23:30,Cow_327,0,0,0,15,36.7,Clear,Field B
2022-08-11,23:30,Cow_328,2,8,5,0,36.7,Clear,Field A
2022-08-11,23:30,Cow_329,11,0,8,0,36.7,Clear,Field A
2022-08-11,23:30,Cow_330,10,8,0,0,36.7,Clear,Field C
2022-08-11,23:30,Cow_331,6,10,0,0,36.7,Clear,Field C
2022-08-11,23:30,Cow_332,11,1,3,0,36.7,Clear,Field A
2022-08-11,23:30,Cow_333,6,2,7,0,36.7,Clear,Field A
2022-08-11,23:30,Cow_334,2,5,8,0,36.7,Clear,Field C
2022-08-11,23:30,Cow_335,0,0,0,15,36.7,Clear,Field C
2022-08-11,23:30,Cow_336,0,8,8,0,36.7,Clear,Field A
2022-08-11,23:30,Cow_337,11,0,5,0,36.7,Clear,Field B
2022-08-11,23:30,Cow_338,8,7,0,0,36.7,Clear,Field C
2022-08-11,23:30,Cow_339,6,2,7,0,36.7,Clear,Field C
2022-08-11,23:30,Cow_340,9,0,7,0,36.7,Clear,Field A
2022-08-11,23:30,Cow_341,0,0,0,15,36.7,Clear,Field C
2022-08-11,23:30,Cow_342,8,1,6,0,36.7,Clear,Field C
2022-08-11,23:30,Cow_343,0,9,6,0,36.7,Clear,Field A
2022-08-11,23:30,Cow_344,7,7,1,0,36.7,Clear,Field C
2022-08-11,23:30,Cow_345,7,10,0,0,36.7,Clear,Field A
2022-08-11,23:30,Cow_346,9,1,5,0,36.7,Clear,Field B
2022-08-11,23:30,Cow_347,3,6,6,0,36.7,Clear,Field C
2022-08-11,23:30,Cow_348,9,3,3,0,36.7,Clear,Field A
2022-08-11,23:30,Cow_349,7,8,0,0,36.7,Clear,Field A
2022-08-11,23:30,Cow_350,4,8,3,0,36.7,Clear,Field B
2022-08-11,23:30,Cow_351,13,0,8,0,36.7,Clear,Field B
2022-08-11,23:30,Cow_352,9,2,4,0,36.7,Clear,Field B
2022-08-11,23:30,Cow_353,5,4,6,0,36.7,Clear,Field B
2022-08-11,23:30,Cow_354,9,1,5,0,36.7,Clear,Field B
2022-08-11,23:30,Cow_355,14,3,0,0,36.7,Clear,Field A
2022-08-11,23:30,Cow_356,7,5,3,0,36.7,Clear,Field B
2022-08-11,23:30,Cow_357,12,9,0,0,36.7,Clear,Field A
2022-08-11,23:30,Cow_358,2,9,4,0,36.7,Clear,Field B
2022-08-11,23:30,Cow_359,14,0,3,0,36.7,Clear,Field A
2022-08-11,23:30,Cow_360,3,9,3,0,36.7,Clear,Field B
2022-08-11,23:30,Cow_361,6,2,7,0,36.7,Clear,Field C
2022-08-11,23:30,Cow_362,9,0,8,0,36.7,Clear,Field A
2022-08-11,23:30,Cow_363,0,9,10,0,36.7,Clear,Field A
2022-08-11,23:30,Cow_364,12,6,0,0,36.7,Clear,Field B
2022-08-11,23:30,Cow_365,5,3,7,0,36.7,Clear,Field A
2022-08-11,23:30,Cow_366,0,11,10,0,36.7,Clear,Field C
2022-08-11,23:30,Cow_367,9,3,3,0,36.7,Clear,Field A
2022-08-11,23:30,Cow_368,13,9,0,0,36.7,Clear,Field A
2022-08-11,23:30,Cow_369,4,4,7,0,36.7,Clear,Field B
2022-08-11,23:30,Cow_370,0,0,0,15,36.7,Clear,Field A
2022-08-11,23:30,Cow_371,8,3,4,0,36.7,Clear,Field C
2022-08-11,23:30,Cow_372,8,2,5,0,36.7,Clear,Field B
2022-08-11,23:30,Cow_373,2,5,8,0,36.7,Clear,Field C
2022-08-11,23:30,Cow_374,5,5,5,0,36.7,Clear,Field A
2022-08-11,23:30,Cow_375,14,5,0,0,36.7,Clear,Field B
2022-08-11,23:30,Cow_376,3,5,7,0,36.7,Clear,Field C
2022-08-11,23:30,Cow_377,8,9,0,0,36.7,Clear,Field C
2022-08-11,23:30,Cow_378,10,2,3,0,36.7,Clear,Field A
2022-08-11,23:30,Cow_379,13,5,0,0,36.7,Clear,Field B
2022-08-11,23:30,Cow_380,7,3,5,0,36.7,Clear,Field A
2022-08-11,23:30,Cow_381,5,5,5,0,36.7,Clear,Field A
2022-08-11,23:30,Cow_382,0,0,0,15,36.7,Clear,Field B
2022-08-11,23:30,Cow_383,14,0,7,0,36.7,Clear,Field A
2022-08-11,23:30,Cow_384,14,0,3,0,36.7,Clear,Field A
2022-08-11,23:30,Cow_385,5,10,0,0,36.7,Clear,Field A
2022-08-11,23:30,Cow_386,5,2,8,0,36.7,Clear,Field C
2022-08-11,23:30,Cow_387,13,0,5,0,36.7,Clear,Field A
2022-08-11,23:30,Cow_388,5,8,2,0,36.7,Clear,Field A
2022-08-11,23:30,Cow_389,6,4,5,0,36.7,Clear,Field B
2022-08-11,23:30,Cow_390,9,4,2,0,36.7,Clear,Field A
2022-08-11,23:30,Cow_391,0,11,9,0,36.7,Clear,Field B
2022-08-11,23:30,Cow_392,13,6,0,0,36.7,Clear,Field A
2022-08-11,23:30,Cow_393,5,7,3,0,36.7,Clear,Field C
2022-08-11,23:30,Cow_394,5,9,1,0,36.7,Clear,Field B
2022-08-11,23:30,Cow_395,1,5,9,0,36.7,Clear,Field B
2022-08-11,23:30,Cow_396,9,3,3,0,36.7,Clear,Field B
2022-08-11,23:30,Cow_397,9,3,3,0,36.7,Clear,Field B
2022-08-11,23:30,Cow_398,2,7,6,0,36.7,Clear,Field B
2022-08-11,23:30,Cow_399,11,4,0,0,36.7,Clear,Field C
2022-08-11,23:30,Cow_400,5,8,2,0,36.7,Clear,Field B
2022-08-11,23:30,Cow_401,5,4,6,0,36.7,Clear,Field C
2022-08-11,23:30,Cow_402,5,4,6,0,36.7,Clear,Field C
2022-08-11,23:30,Cow_403,9,0,7,0,36.7,Clear,Field C
2022-08-11,23:30,Cow_404,4,8,3,0,36.7,Clear,Field A
2022-08-11,23:30,Cow_405,0,8,8,0,36.7,Clear,Field C
2022-08-11,23:30,Cow_406,13,5,0,0,36.7,Clear,Field A
2022-08-11,23:30,Cow_407,4,8,3,0,36.7,Clear,Field A
2022-08-11,23:30,Cow_408,4,3,8,0,36.7,Clear,Field B
2022-08-11,23:30,Cow_409,7,5,3,0,36.7,Clear,Field A
2022-08-11,23:30,Cow_410,8,7,0,0,36.7,Clear,Field B
2022-08-11,23:30,Cow_411,12,0,5,0,36.7,Clear,Field C
2022-08-11,23:30,Cow_412,4,9,2,0,36.7,Clear,Field B
2022-08-11,23:30,Cow_413,8,3,4,0,36.7,Clear,Field A
2022-08-11,23:30,Cow_414,8,4,3,0,36.7,Clear,Field B
2022-08-11,23:30,Cow_415,0,0,0,15,36.7,Clear,Field A
2022-08-11,23:30,Cow_416,11,8,0,0,36.7,Clear,Field C
2022-08-11,23:30,Cow_417,2,9,4,0,36.7,Clear,Field A
2022-08-11,23:30,Cow_418,7,1,7,0,36.7,Clear,Field C
2022-08-11,23:30,Cow_419,13,0,5,0,36.7,Clear,Field B
2022-08-11,23:30,Cow_420,8,0,8,0,36.7,Clear,Field B
2022-08-11,23:30,Cow_421,6,2,7,0,36.7,Clear,Field B
2022-08-11,23:30,Cow_422,9,7,0,0,36.7,Clear,Field B
2022-08-11,23:30,Cow_423,2,5,8,0,36.7,Clear,Field C
2022-08-11,23:30,Cow_424,11,9,0,0,36.7,Clear,Field C
2022-08-11,23:30,Cow_425,13,0,5,0,36.7,Clear,Field B
2022-08-11,23:30,Cow_426,6,3,6,0,36.7,Clear,Field B
2022-08-11,23:30,Cow_427,9,5,1,0,36.7,Clear,Field B
2022-08-11,23:30,Cow_428,13,0,5,0,36.7,Clear,Field C
2022-08-11,23:30,Cow_429,10,8,0,0,36.7,Clear,Field B
2022-08-11,23:30,Cow_430,8,0,8,0,36.7,Clear,Field C
2022-08-11,23:30,Cow_431,9,0,8,0,36.7,Clear,Field B
2022-08-11,23:30,Cow_432,8,0,7,0,36.7,Clear,Field B
2022-08-11,23:30,Cow_433,0,0,0,15,36.7,Clear,Field B
2022-08-11,23:30,Cow_434,9,3,3,0,36.7,Clear,Field B
2022-08-11,23:30,Cow_435,9,6,0,0,36.7,Clear,Field B
2022-08-11,23:30,Cow_436,8,4,3,0,36.7,Clear,Field A
2022-08-11,23:30,Cow_437,6,3,6,0,36.7,Clear,Field B
2022-08-11,23:30,Cow_438,3,4,8,0,36.7,Clear,Field C
2022-08-11,23:30,Cow_439,5,6,4,0,36.7,Clear,Field B
2022-08-11,23:30,Cow_440,14,7,0,0,36.7,Clear,Field A
2022-08-11,23:30,Cow_441,8,9,0,0,36.7,Clear,Field A
2022-08-11,23:30,Cow_442,6,7,2,0,36.7,Clear,Field A
2022-08-11,23:30,Cow_443,0,8,7,0,36.7,Clear,Field B
2022-08-11,23:30,Cow_444,10,1,4,0,36.7,Clear,Field B
2022-08-11,23:30,Cow_445,0,0,0,15,36.7,Clear,Field C
2022-08-11,23:30,Cow_446,10,8,0,0,36.7,Clear,Field C
2022-08-11,23:30,Cow_447,12,0,7,0,36.7,Clear,Field A
2022-08-11,23:30,Cow_448,13,0,5,0,36.7,Clear,Field C
2022-08-11,23:30,Cow_449,14,0,5,0,36.7,Clear,Field C
2022-08-11,23:30,Cow_450,12,10,0,0,36.7,Clear,Field A
2022-08-11,23:30,Cow_451,5,5,5,0,36.7,Clear,Field C
2022-08-11,23:30,Cow_452,10,10,0,0,36.7,Clear,Field A
2022-08-11,23:30,Cow_453,14,0,4,0,36.7,Clear,Field C
2022-08-11,23:30,Cow_454,1,7,7,0,36.7,Clear,Field B
2022-08-11,23:30,Cow_455,14,3,0,0,36.7,Clear,Field B
2022-08-11,23:30,Cow_456,11,8,0,0,36.7,Clear,Field C
2022-08-11,23:30,Cow_457,0,7,8,0,36.7,Clear,Field A
2022-08-11,23:30,Cow_458,8,0,8,0,36.7,Clear,Field C
2022-08-11,23:30,Cow_459,0,0,0,15,36.7,Clear,Field B
2022-08-11,23:30,Cow_460,5,3,7,0,36.7,Clear,Field A
2022-08-11,23:30,Cow_461,4,7,4,0,36.7,Clear,Field C
2022-08-11,23:30,Cow_462,0,0,0,15,36.7,Clear,Field B
2022-08-11,23:30,Cow_463,5,7,3,0,36.7,Clear,Field C
2022-08-11,23:30,Cow_464,5,6,4,0,36.7,Clear,Field A
2022-08-11,23:30,Cow_465,7,2,6,0,36.7,Clear,Field B
2022-08-11,23:30,Cow_466,5,3,7,0,36.7,Clear,Field C
2022-08-11,23:30,Cow_467,5,10,0,0,36.7,Clear,Field C
2022-08-11,23:30,Cow_468,12,5,0,0,36.7,Clear,Field A
2022-08-11,23:30,Cow_469,6,2,7,0,36.7,Clear,Field A
2022-08-11,23:30,Cow_470,7,10,0,0,36.7,Clear,Field A
2022-08-11,23:30,Cow_471,9,3,3,0,36.7,Clear,Field B
2022-08-11,23:30,Cow_472,12,10,0,0,36.7,Clear,Field A
2022-08-11,23:30,Cow_473,10,0,8,0,36.7,Clear,Field C
2022-08-11,23:30,Cow_474,13,5,0,0,36.7,Clear,Field B
2022-08-11,23:30,Cow_475,7,3,5,0,36.7,Clear,Field B
2022-08-11,23:30,Cow_476,14,0,4,0,36.7,Clear,Field B
2022-08-11,23:30,Cow_477,12,9,0,0,36.7,Clear,Field C
2022-08-11,23:30,Cow_478,12,10,0,0,36.7,Clear,Field C
2022-08-11,23:30,Cow_479,9,8,0,0,36.7,Clear,Field B
2022-08-11,23:30,Cow_480,10,3,2,0,36.7,Clear,Field C
2022-08-11,23:30,Cow_481,5,3,7,0,36.7,Clear,Field B
2022-08-11,23:30,Cow_482,1,8,6,0,36.7,Clear,Field C
2022-08-11,23:30,Cow_483,14,0,5,0,36.7,Clear,Field A
2022-08-11,23:30,Cow_484,7,5,3,0,36.7,Clear,Field C
2022-08-11,23:30,Cow_485,11,10,0,0,36.7,Clear,Field C
2022-08-11,23:30,Cow_486,7,3,5,0,36.7,Clear,Field C
2022-08-11,23:30,Cow_487,9,0,8,0,36.7,Clear,Field B
2022-08-11,23:30,Cow_488,8,6,1,0,36.7,Clear,Field C
2022-08-11,23:30,Cow_489,9,5,1,0,36.7,Clear,Field B
2022-08-11,23:30,Cow_490,12,0,7,0,36.7,Clear,Field A
2022-08-11,23:30,Cow_491,0,10,8,0,36.7,Clear,Field B
2022-08-11,23:30,Cow_492,11,0,8,0,36.7,Clear,Field C
2022-08-11,23:30,Cow_493,1,9,5,0,36.7,Clear,Field B
2022-08-11,23:30,Cow_494,2,7,6,0,36.7,Clear,Field B
2022-08-11,23:30,Cow_495,9,3,3,0,36.7,Clear,Field C
2022-08-11,23:30,Cow_496,5,4,6,0,36.7,Clear,Field A
2022-08-11,23:30,Cow_497,8,0,7,0,36.7,Clear,Field A
2022-08-11,23:30,Cow_498,14,6,0,0,36.7,Clear,Field B
2022-08-11,23:30,Cow_499,5,9,1,0,36.7,Clear,Field B
2022-08-11,23:30,Cow_500,8,0,8,0,36.7,Clear,Field A
2022-08-11,23:45,Cow_1,14,0,3,0,31.1,Cloudy,Field C
2022-08-11,23:45,Cow_2,14,8,0,0,31.1,Cloudy,Field A
2022-08-11,23:45,Cow_3,5,8,2,0,31.1,Cloudy,Field B
2022-08-11,23:45,Cow_4,2,10,3,0,31.1,Cloudy,Field C
2022-08-11,23:45,Cow_5,11,6,0,0,31.1,Cloudy,Field A
2022-08-11,23:45,Cow_6,5,6,4,0,31.1,Cloudy,Field B
2022-08-11,23:45,Cow_7,0,9,6,0,31.1,Cloudy,Field B
2022-08-11,23:45,Cow_8,2,6,7,0,31.1,Cloudy,Field B
2022-08-11,23:45,Cow_9,10,2,3,0,31.1,Cloudy,Field C
2022-08-11,23:45,Cow_10,5,4,6,0,31.1,Cloudy,Field B
2022-08-11,23:45,Cow_11,8,5,2,0,31.1,Cloudy,Field C
2022-08-11,23:45,Cow_12,0,9,8,0,31.1,Cloudy,Field C
2022-08-11,23:45,Cow_13,14,0,6,0,31.1,Cloudy,Field B
2022-08-11,23:45,Cow_14,5,4,6,0,31.1,Cloudy,Field B
2022-08-11,23:45,Cow_15,0,8,7,0,31.1,Cloudy,Field A
2022-08-11,23:45,Cow_16,11,0,6,0,31.1,Cloudy,Field A
2022-08-11,23:45,Cow_17,9,0,8,0,31.1,Cloudy,Field B
2022-08-11,23:45,Cow_18,7,3,5,0,31.1,Cloudy,Field A
2022-08-11,23:45,Cow_19,0,9,8,0,31.1,Cloudy,Field B
2022-08-11,23:45,Cow_20,7,3,5,0,31.1,Cloudy,Field B
2022-08-11,23:45,Cow_21,0,7,9,0,31.1,Cloudy,Field A
2022-08-11,23:45,Cow_22,0,0,0,15,31.1,Cloudy,Field A
2022-08-11,23:45,Cow_23,14,0,4,0,31.1,Cloudy,Field C
2022-08-11,23:45,Cow_24,0,0,0,15,31.1,Cloudy,Field A
2022-08-11,23:45,Cow_25,0,8,8,0,31.1,Cloudy,Field C
2022-08-11,23:45,Cow_26,7,10,0,0,31.1,Cloudy,Field B
2022-08-11,23:45,Cow_27,8,1,6,0,31.1,Cloudy,Field C
2022-08-11,23:45,Cow_28,9,1,5,0,31.1,Cloudy,Field B
2022-08-11,23:45,Cow_29,13,0,7,0,31.1,Cloudy,Field A
2022-08-11,23:45,Cow_30,6,4,5,0,31.1,Cloudy,Field C
2022-08-11,23:45,Cow_31,13,0,8,0,31.1,Cloudy,Field A
2022-08-11,23:45,Cow_32,5,7,3,0,31.1,Cloudy,Field C
2022-08-11,23:45,Cow_33,14,10,0,0,31.1,Cloudy,Field B
2022-08-11,23:45,Cow_34,7,4,4,0,31.1,Cloudy,Field A
2022-08-11,23:45,Cow_35,6,3,6,0,31.1,Cloudy,Field A
2022-08-11,23:45,Cow_36,0,10,8,0,31.1,Cloudy,Field C
2022-08-11,23:45,Cow_37,13,0,8,0,31.1,Cloudy,Field A
2022-08-11,23:45,Cow_38,5,5,5,0,31.1,Cloudy,Field A
2022-08-11,23:45,Cow_39,0,10,6,0,31.1,Cloudy,Field B
2022-08-11,23:45,Cow_40,1,10,4,0,31.1,Cloudy,Field A
2022-08-11,23:45,Cow_41,0,10,5,0,31.1,Cloudy,Field A
2022-08-11,23:45,Cow_42,9,6,0,0,31.1,Cloudy,Field A
2022-08-11,23:45,Cow_43,9,0,7,0,31.1,Cloudy,Field A
2022-08-11,23:45,Cow_44,5,3,7,0,31.1,Cloudy,Field A
2022-08-11,23:45,Cow_45,6,6,3,0,31.1,Cloudy,Field A
2022-08-11,23:45,Cow_46,8,8,0,0,31.1,Cloudy,Field B
2022-08-11,23:45,Cow_47,7,10,0,0,31.1,Cloudy,Field B
2022-08-11,23:45,Cow_48,10,3,2,0,31.1,Cloudy,Field C
2022-08-11,23:45,Cow_49,0,0,0,15,31.1,Cloudy,Field C
2022-08-11,23:45,Cow_50,5,7,3,0,31.1,Cloudy,Field B
2022-08-11,23:45,Cow_51,13,0,3,0,31.1,Cloudy,Field C
2022-08-11,23:45,Cow_52,8,1,6,0,31.1,Cloudy,Field A
2022-08-11,23:45,Cow_53,3,9,3,0,31.1,Cloudy,Field A
2022-08-11,23:45,Cow_54,8,4,3,0,31.1,Cloudy,Field A
2022-08-11,23:45,Cow_55,5,6,4,0,31.1,Cloudy,Field A
2022-08-11,23:45,Cow_56,3,7,5,0,31.1,Cloudy,Field A
2022-08-11,23:45,Cow_57,8,8,0,0,31.1,Cloudy,Field C
2022-08-11,23:45,Cow_58,9,0,7,0,31.1,Cloudy,Field A
2022-08-11,23:45,Cow_59,8,4,3,0,31.1,Cloudy,Field C
2022-08-11,23:45,Cow_60,7,5,3,0,31.1,Cloudy,Field B
2022-08-11,23:45,Cow_61,11,3,1,0,31.1,Cloudy,Field C
2022-08-11,23:45,Cow_62,7,9,0,0,31.1,Cloudy,Field B
2022-08-11,23:45,Cow_63,3,7,5,0,31.1,Cloudy,Field C
2022-08-11,23:45,Cow_64,4,5,6,0,31.1,Cloudy,Field B
2022-08-11,23:45,Cow_65,14,0,5,0,31.1,Cloudy,Field A
2022-08-11,23:45,Cow_66,13,7,0,0,31.1,Cloudy,Field C
2022-08-11,23:45,Cow_67,10,9,0,0,31.1,Cloudy,Field C
2022-08-11,23:45,Cow_68,14,5,0,0,31.1,Cloudy,Field C
2022-08-11,23:45,Cow_69,2,9,4,0,31.1,Cloudy,Field A
2022-08-11,23:45,Cow_70,10,0,5,0,31.1,Cloudy,Field B
2022-08-11,23:45,Cow_71,12,0,6,0,31.1,Cloudy,Field B
2022-08-11,23:45,Cow_72,7,2,6,0,31.1,Cloudy,Field A
2022-08-11,23:45,Cow_73,10,7,0,0,31.1,Cloudy,Field A
2022-08-11,23:45,Cow_74,5,6,4,0,31.1,Cloudy,Field A
2022-08-11,23:45,Cow_75,0,0,0,15,31.1,Cloudy,Field C
2022-08-11,23:45,Cow_76,7,2,6,0,31.1,Cloudy,Field C
2022-08-11,23:45,Cow_77,8,0,8,0,31.1,Cloudy,Field C
2022-08-11,23:45,Cow_78,12,7,0,0,31.1,Cloudy,Field C
2022-08-11,23:45,Cow_79,0,10,8,0,31.1,Cloudy,Field B
2022-08-11,23:45,Cow_80,0,0,0,15,31.1,Cloudy,Field C
2022-08-11,23:45,Cow_81,7,5,3,0,31.1,Cloudy,Field A
2022-08-11,23:45,Cow_82,4,5,6,0,31.1,Cloudy,Field A
2022-08-11,23:45,Cow_83,8,3,4,0,31.1,Cloudy,Field B
2022-08-11,23:45,Cow_84,11,4,0,0,31.1,Cloudy,Field B
2022-08-11,23:45,Cow_85,6,3,6,0,31.1,Cloudy,Field B
2022-08-11,23:45,Cow_86,8,7,0,0,31.1,Cloudy,Field A
2022-08-11,23:45,Cow_87,11,3,1,0,31.1,Cloudy,Field C
2022-08-11,23:45,Cow_88,0,7,8,0,31.1,Cloudy,Field B
2022-08-11,23:45,Cow_89,8,0,7,0,31.1,Cloudy,Field B
2022-08-11,23:45,Cow_90,0,8,7,0,31.1,Cloudy,Field B
2022-08-11,23:45,Cow_91,6,4,5,0,31.1,Cloudy,Field B
2022-08-11,23:45,Cow_92,7,1,7,0,31.1,Cloudy,Field C
2022-08-11,23:45,Cow_93,8,8,0,0,31.1,Cloudy,Field A
2022-08-11,23:45,Cow_94,9,9,0,0,31.1,Cloudy,Field B
2022-08-11,23:45,Cow_95,10,0,8,0,31.1,Cloudy,Field A
2022-08-11,23:45,Cow_96,7,5,3,0,31.1,Cloudy,Field B
2022-08-11,23:45,Cow_97,1,8,6,0,31.1,Cloudy,Field B
2022-08-11,23:45,Cow_98,14,0,6,0,31.1,Cloudy,Field C
2022-08-11,23:45,Cow_99,0,0,0,15,31.1,Cloudy,Field C
2022-08-11,23:45,Cow_100,3,9,3,0,31.1,Cloudy,Field C
2022-08-11,23:45,Cow_101,1,10,4,0,31.1,Cloudy,Field C
2022-08-11,23:45,Cow_102,5,6,4,0,31.1,Cloudy,Field C
2022-08-11,23:45,Cow_103,4,3,8,0,31.1,Cloudy,Field B
2022-08-11,23:45,Cow_104,7,3,5,0,31.1,Cloudy,Field B
2022-08-11,23:45,Cow_105,7,3,5,0,31.1,Cloudy,Field C
2022-08-11,23:45,Cow_106,12,10,0,0,31.1,Cloudy,Field A
2022-08-11,23:45,Cow_107,8,4,3,0,31.1,Cloudy,Field C
2022-08-11,23:45,Cow_108,6,8,1,0,31.1,Cloudy,Field B
2022-08-11,23:45,Cow_109,0,0,0,15,31.1,Cloudy,Field C
2022-08-11,23:45,Cow_110,7,4,4,0,31.1,Cloudy,Field B
2022-08-11,23:45,Cow_111,6,4,5,0,31.1,Cloudy,Field A
2022-08-11,23:45,Cow_112,9,3,3,0,31.1,Cloudy,Field A
2022-08-11,23:45,Cow_113,6,5,4,0,31.1,Cloudy,Field A
2022-08-11,23:45,Cow_114,10,0,5,0,31.1,Cloudy,Field C
2022-08-11,23:45,Cow_115,0,9,8,0,31.1,Cloudy,Field A
2022-08-11,23:45,Cow_116,0,9,7,0,31.1,Cloudy,Field B
2022-08-11,23:45,Cow_117,14,4,0,0,31.1,Cloudy,Field A
2022-08-11,23:45,Cow_118,5,6,4,0,31.1,Cloudy,Field A
2022-08-11,23:45,Cow_119,6,8,1,0,31.1,Cloudy,Field B
2022-08-11,23:45,Cow_120,5,6,4,0,31.1,Cloudy,Field B
2022-08-11,23:45,Cow_121,14,3,0,0,31.1,Cloudy,Field A
2022-08-11,23:45,Cow_122,12,7,0,0,31.1,Cloudy,Field A
2022-08-11,23:45,Cow_123,6,2,7,0,31.1,Cloudy,Field A
2022-08-11,23:45,Cow_124,10,6,0,0,31.1,Cloudy,Field B
2022-08-11,23:45,Cow_125,5,3,7,0,31.1,Cloudy,Field C
2022-08-11,23:45,Cow_126,0,8,8,0,31.1,Cloudy,Field B
2022-08-11,23:45,Cow_127,14,0,4,0,31.1,Cloudy,Field A
2022-08-11,23:45,Cow_128,6,1,8,0,31.1,Cloudy,Field B
2022-08-11,23:45,Cow_129,2,5,8,0,31.1,Cloudy,Field A
2022-08-11,23:45,Cow_130,10,5,0,0,31.1,Cloudy,Field A
2022-08-11,23:45,Cow_131,12,0,4,0,31.1,Cloudy,Field A
2022-08-11,23:45,Cow_132,2,8,5,0,31.1,Cloudy,Field A
2022-08-11,23:45,Cow_133,13,0,4,0,31.1,Cloudy,Field B
2022-08-11,23:45,Cow_134,11,4,0,0,31.1,Cloudy,Field C
2022-08-11,23:45,Cow_135,6,5,4,0,31.1,Cloudy,Field A
2022-08-11,23:45,Cow_136,3,7,5,0,31.1,Cloudy,Field B
2022-08-11,23:45,Cow_137,11,3,1,0,31.1,Cloudy,Field A
2022-08-11,23:45,Cow_138,12,9,0,0,31.1,Cloudy,Field C
2022-08-11,23:45,Cow_139,11,10,0,0,31.1,Cloudy,Field A
2022-08-11,23:45,Cow_140,3,8,4,0,31.1,Cloudy,Field B
2022-08-11,23:45,Cow_141,8,3,4,0,31.1,Cloudy,Field A
2022-08-11,23:45,Cow_142,9,5,1,0,31.1,Cloudy,Field B
2022-08-11,23:45,Cow_143,14,0,4,0,31.1,Cloudy,Field B
2022-08-11,23:45,Cow_144,6,6,3,0,31.1,Cloudy,Field C
2022-08-11,23:45,Cow_145,11,9,0,0,31.1,Cloudy,Field C
2022-08-11,23:45,Cow_146,11,5,0,0,31.1,Cloudy,Field A
2022-08-11,23:45,Cow_147,6,2,7,0,31.1,Cloudy,Field A
2022-08-11,23:45,Cow_148,0,10,8,0,31.1,Cloudy,Field B
2022-08-11,23:45,Cow_149,0,0,0,15,31.1,Cloudy,Field C
2022-08-11,23:45,Cow_150,8,3,4,0,31.1,Cloudy,Field A
2022-08-11,23:45,Cow_151,2,8,5,0,31.1,Cloudy,Field C
2022-08-11,23:45,Cow_152,12,6,0,0,31.1,Cloudy,Field C
2022-08-11,23:45,Cow_153,9,7,0,0,31.1,Cloudy,Field C
2022-08-11,23:45,Cow_154,11,10,0,0,31.1,Cloudy,Field B
2022-08-11,23:45,Cow_155,3,4,8,0,31.1,Cloudy,Field B
2022-08-11,23:45,Cow_156,14,0,7,0,31.1,Cloudy,Field C
2022-08-11,23:45,Cow_157,0,0,0,15,31.1,Cloudy,Field B
2022-08-11,23:45,Cow_158,0,9,8,0,31.1,Cloudy,Field C
2022-08-11,23:45,Cow_159,7,8,0,0,31.1,Cloudy,Field B
2022-08-11,23:45,Cow_160,5,10,0,0,31.1,Cloudy,Field A
2022-08-11,23:45,Cow_161,5,3,7,0,31.1,Cloudy,Field C
2022-08-11,23:45,Cow_162,9,3,3,0,31.1,Cloudy,Field A
2022-08-11,23:45,Cow_163,4,6,5,0,31.1,Cloudy,Field A
2022-08-11,23:45,Cow_164,4,7,4,0,31.1,Cloudy,Field A
2022-08-11,23:45,Cow_165,13,8,0,0,31.1,Cloudy,Field C
2022-08-11,23:45,Cow_166,13,0,5,0,31.1,Cloudy,Field A
2022-08-11,23:45,Cow_167,11,0,5,0,31.1,Cloudy,Field C
2022-08-11,23:45,Cow_168,0,0,0,15,31.1,Cloudy,Field C
2022-08-11,23:45,Cow_169,11,3,1,0,31.1,Cloudy,Field B
2022-08-11,23:45,Cow_170,0,0,0,15,31.1,Cloudy,Field B
2022-08-11,23:45,Cow_171,7,4,4,0,31.1,Cloudy,Field A
2022-08-11,23:45,Cow_172,14,6,0,0,31.1,Cloudy,Field C
2022-08-11,23:45,Cow_173,8,4,3,0,31.1,Cloudy,Field B
2022-08-11,23:45,Cow_174,0,11,4,0,31.1,Cloudy,Field B
2022-08-11,23:45,Cow_175,10,0,6,0,31.1,Cloudy,Field B
2022-08-11,23:45,Cow_176,0,0,0,15,31.1,Cloudy,Field C
2022-08-11,23:45,Cow_177,14,4,0,0,31.1,Cloudy,Field C
2022-08-11,23:45,Cow_178,12,9,0,0,31.1,Cloudy,Field C
2022-08-11,23:45,Cow_179,8,2,5,0,31.1,Cloudy,Field C
2022-08-11,23:45,Cow_180,12,0,3,0,31.1,Cloudy,Field C
2022-08-11,23:45,Cow_181,5,7,3,0,31.1,Cloudy,Field B
2022-08-11,23:45,Cow_182,4,4,7,0,31.1,Cloudy,Field A
2022-08-11,23:45,Cow_183,10,2,3,0,31.1,Cloudy,Field B
2022-08-11,23:45,Cow_184,7,3,5,0,31.1,Cloudy,Field C
2022-08-11,23:45,Cow_185,8,3,4,0,31.1,Cloudy,Field C
2022-08-11,23:45,Cow_186,9,0,8,0,31.1,Cloudy,Field B
2022-08-11,23:45,Cow_187,5,4,6,0,31.1,Cloudy,Field A
2022-08-11,23:45,Cow_188,7,0,8,0,31.1,Cloudy,Field A
2022-08-11,23:45,Cow_189,0,0,0,15,31.1,Cloudy,Field B
2022-08-11,23:45,Cow_190,5,7,3,0,31.1,Cloudy,Field C
2022-08-11,23:45,Cow_191,5,6,4,0,31.1,Cloudy,Field A
2022-08-11,23:45,Cow_192,13,0,5,0,31.1,Cloudy,Field C
2022-08-11,23:45,Cow_193,8,5,2,0,31.1,Cloudy,Field A
2022-08-11,23:45,Cow_194,3,5,7,0,31.1,Cloudy,Field B
2022-08-11,23:45,Cow_195,6,9,0,0,31.1,Cloudy,Field A
2022-08-11,23:45,Cow_196,5,3,7,0,31.1,Cloudy,Field B
2022-08-11,23:45,Cow_197,4,6,5,0,31.1,Cloudy,Field A
2022-08-11,23:45,Cow_198,5,7,3,0,31.1,Cloudy,Field B
2022-08-11,23:45,Cow_199,10,8,0,0,31.1,Cloudy,Field A
2022-08-11,23:45,Cow_200,5,5,5,0,31.1,Cloudy,Field C
2022-08-11,23:45,Cow_201,14,0,8,0,31.1,Cloudy,Field A
2022-08-11,23:45,Cow_202,5,5,5,0,31.1,Cloudy,Field A
2022-08-11,23:45,Cow_203,5,6,4,0,31.1,Cloudy,Field C
2022-08-11,23:45,Cow_204,13,0,7,0,31.1,Cloudy,Field B
2022-08-11,23:45,Cow_205,4,6,5,0,31.1,Cloudy,Field A
2022-08-11,23:45,Cow_206,6,6,3,0,31.1,Cloudy,Field A
2022-08-11,23:45,Cow_207,13,9,0,0,31.1,Cloudy,Field C
2022-08-11,23:45,Cow_208,2,5,8,0,31.1,Cloudy,Field A
2022-08-11,23:45,Cow_209,11,5,0,0,31.1,Cloudy,Field C
2022-08-11,23:45,Cow_210,0,0,0,15,31.1,Cloudy,Field A
2022-08-11,23:45,Cow_211,0,7,8,0,31.1,Cloudy,Field C
2022-08-11,23:45,Cow_212,0,7,8,0,31.1,Cloudy,Field C
2022-08-11,23:45,Cow_213,6,7,2,0,31.1,Cloudy,Field C
2022-08-11,23:45,Cow_214,5,2,8,0,31.1,Cloudy,Field C
2022-08-11,23:45,Cow_215,10,8,0,0,31.1,Cloudy,Field C
2022-08-11,23:45,Cow_216,5,7,3,0,31.1,Cloudy,Field B
2022-08-11,23:45,Cow_217,13,0,3,0,31.1,Cloudy,Field C
2022-08-11,23:45,Cow_218,13,7,0,0,31.1,Cloudy,Field A
2022-08-11,23:45,Cow_219,10,0,5,0,31.1,Cloudy,Field C
2022-08-11,23:45,Cow_220,12,5,0,0,31.1,Cloudy,Field C
2022-08-11,23:45,Cow_221,9,3,3,0,31.1,Cloudy,Field B
2022-08-11,23:45,Cow_222,2,5,8,0,31.1,Cloudy,Field B
2022-08-11,23:45,Cow_223,12,0,5,0,31.1,Cloudy,Field C
2022-08-11,23:45,Cow_224,11,5,0,0,31.1,Cloudy,Field A
2022-08-11,23:45,Cow_225,5,2,8,0,31.1,Cloudy,Field C
2022-08-11,23:45,Cow_226,14,0,8,0,31.1,Cloudy,Field C
2022-08-11,23:45,Cow_227,5,6,4,0,31.1,Cloudy,Field B
2022-08-11,23:45,Cow_228,10,1,4,0,31.1,Cloudy,Field A
2022-08-11,23:45,Cow_229,6,6,3,0,31.1,Cloudy,Field B
2022-08-11,23:45,Cow_230,11,1,3,0,31.1,Cloudy,Field A
2022-08-11,23:45,Cow_231,6,7,2,0,31.1,Cloudy,Field A
2022-08-11,23:45,Cow_232,4,5,6,0,31.1,Cloudy,Field A
2022-08-11,23:45,Cow_233,9,8,0,0,31.1,Cloudy,Field B
2022-08-11,23:45,Cow_234,11,10,0,0,31.1,Cloudy,Field B
2022-08-11,23:45,Cow_235,5,1,9,0,31.1,Cloudy,Field B
2022-08-11,23:45,Cow_236,6,10,0,0,31.1,Cloudy,Field B
2022-08-11,23:45,Cow_237,11,0,5,0,31.1,Cloudy,Field C
2022-08-11,23:45,Cow_238,1,9,5,0,31.1,Cloudy,Field C
2022-08-11,23:45,Cow_239,14,0,7,0,31.1,Cloudy,Field A
2022-08-11,23:45,Cow_240,5,7,3,0,31.1,Cloudy,Field C
2022-08-11,23:45,Cow_241,4,4,7,0,31.1,Cloudy,Field B
2022-08-11,23:45,Cow_242,9,5,1,0,31.1,Cloudy,Field B
2022-08-11,23:45,Cow_243,7,1,7,0,31.1,Cloudy,Field C
2022-08-11,23:45,Cow_244,5,5,5,0,31.1,Cloudy,Field C
2022-08-11,23:45,Cow_245,2,8,5,0,31.1,Cloudy,Field C
2022-08-11,23:45,Cow_246,9,3,3,0,31.1,Cloudy,Field A
2022-08-11,23:45,Cow_247,8,7,0,0,31.1,Cloudy,Field A
2022-08-11,23:45,Cow_248,1,9,5,0,31.1,Cloudy,Field C
2022-08-11,23:45,Cow_249,6,2,7,0,31.1,Cloudy,Field A
2022-08-11,23:45,Cow_250,0,0,0,15,31.1,Cloudy,Field B
2022-08-11,23:45,Cow_251,6,5,4,0,31.1,Cloudy,Field C
2022-08-11,23:45,Cow_252,4,9,2,0,31.1,Cloudy,Field C
2022-08-11,23:45,Cow_253,10,7,0,0,31.1,Cloudy,Field C
2022-08-11,23:45,Cow_254,10,0,8,0,31.1,Cloudy,Field C
2022-08-11,23:45,Cow_255,1,10,4,0,31.1,Cloudy,Field A
2022-08-11,23:45,Cow_256,9,0,8,0,31.1,Cloudy,Field A
2022-08-11,23:45,Cow_257,11,1,3,0,31.1,Cloudy,Field A
2022-08-11,23:45,Cow_258,7,3,5,0,31.1,Cloudy,Field B
2022-08-11,23:45,Cow_259,9,7,0,0,31.1,Cloudy,Field B
2022-08-11,23:45,Cow_260,14,3,0,0,31.1,Cloudy,Field A
2022-08-11,23:45,Cow_261,13,0,8,0,31.1,Cloudy,Field B
2022-08-11,23:45,Cow_262,2,8,5,0,31.1,Cloudy,Field C
2022-08-11,23:45,Cow_263,7,4,4,0,31.1,Cloudy,Field B
2022-08-11,23:45,Cow_264,2,10,3,0,31.1,Cloudy,Field C
2022-08-11,23:45,Cow_265,14,3,0,0,31.1,Cloudy,Field B
2022-08-11,23:45,Cow_266,8,0,7,0,31.1,Cloudy,Field B
2022-08-11,23:45,Cow_267,9,3,3,0,31.1,Cloudy,Field B
2022-08-11,23:45,Cow_268,11,10,0,0,31.1,Cloudy,Field C
2022-08-11,23:45,Cow_269,0,0,0,15,31.1,Cloudy,Field C
2022-08-11,23:45,Cow_270,14,8,0,0,31.1,Cloudy,Field B
2022-08-11,23:45,Cow_271,12,3,0,0,31.1,Cloudy,Field C
2022-08-11,23:45,Cow_272,12,5,0,0,31.1,Cloudy,Field C
2022-08-11,23:45,Cow_273,7,4,4,0,31.1,Cloudy,Field B
2022-08-11,23:45,Cow_274,0,10,6,0,31.1,Cloudy,Field B
2022-08-11,23:45,Cow_275,6,4,5,0,31.1,Cloudy,Field B
2022-08-11,23:45,Cow_276,14,6,0,0,31.1,Cloudy,Field A
2022-08-11,23:45,Cow_277,12,5,0,0,31.1,Cloudy,Field C
2022-08-11,23:45,Cow_278,5,5,5,0,31.1,Cloudy,Field C
2022-08-11,23:45,Cow_279,6,6,3,0,31.1,Cloudy,Field B
2022-08-11,23:45,Cow_280,5,3,7,0,31.1,Cloudy,Field C
2022-08-11,23:45,Cow_281,10,10,0,0,31.1,Cloudy,Field B
2022-08-11,23:45,Cow_282,1,6,8,0,31.1,Cloudy,Field B
2022-08-11,23:45,Cow_283,3,4,8,0,31.1,Cloudy,Field B
2022-08-11,23:45,Cow_284,14,4,0,0,31.1,Cloudy,Field C
2022-08-11,23:45,Cow_285,13,0,4,0,31.1,Cloudy,Field C
2022-08-11,23:45,Cow_286,7,5,3,0,31.1,Cloudy,Field B
2022-08-11,23:45,Cow_287,13,0,6,0,31.1,Cloudy,Field B
2022-08-11,23:45,Cow_288,8,5,2,0,31.1,Cloudy,Field C
2022-08-11,23:45,Cow_289,4,4,7,0,31.1,Cloudy,Field A
2022-08-11,23:45,Cow_290,3,9,3,0,31.1,Cloudy,Field C
2022-08-11,23:45,Cow_291,6,3,6,0,31.1,Cloudy,Field A
2022-08-11,23:45,Cow_292,12,0,8,0,31.1,Cloudy,Field A
2022-08-11,23:45,Cow_293,3,5,7,0,31.1,Cloudy,Field C
2022-08-11,23:45,Cow_294,7,4,4,0,31.1,Cloudy,Field B
2022-08-11,23:45,Cow_295,6,8,1,0,31.1,Cloudy,Field C
2022-08-11,23:45,Cow_296,11,7,0,0,31.1,Cloudy,Field A
2022-08-11,23:45,Cow_297,6,5,4,0,31.1,Cloudy,Field A
2022-08-11,23:45,Cow_298,8,4,3,0,31.1,Cloudy,Field A
2022-08-11,23:45,Cow_299,14,0,7,0,31.1,Cloudy,Field C
2022-08-11,23:45,Cow_300,12,0,6,0,31.1,Cloudy,Field B
2022-08-11,23:45,Cow_301,3,8,4,0,31.1,Cloudy,Field B
2022-08-11,23:45,Cow_302,9,0,6,0,31.1,Cloudy,Field B
2022-08-11,23:45,Cow_303,9,0,7,0,31.1,Cloudy,Field A
2022-08-11,23:45,Cow_304,1,8,6,0,31.1,Cloudy,Field A
2022-08-11,23:45,Cow_305,4,8,3,0,31.1,Cloudy,Field B
2022-08-11,23:45,Cow_306,3,6,6,0,31.1,Cloudy,Field C
2022-08-11,23:45,Cow_307,0,0,0,15,31.1,Cloudy,Field C
2022-08-11,23:45,Cow_308,7,10,0,0,31.1,Cloudy,Field B
2022-08-11,23:45,Cow_309,10,0,8,0,31.1,Cloudy,Field A
2022-08-11,23:45,Cow_310,9,3,3,0,31.1,Cloudy,Field C
2022-08-11,23:45,Cow_311,8,4,3,0,31.1,Cloudy,Field B
2022-08-11,23:45,Cow_312,14,0,8,0,31.1,Cloudy,Field B
2022-08-11,23:45,Cow_313,8,3,4,0,31.1,Cloudy,Field A
2022-08-11,23:45,Cow_314,12,10,0,0,31.1,Cloudy,Field B
2022-08-11,23:45,Cow_315,10,6,0,0,31.1,Cloudy,Field B
2022-08-11,23:45,Cow_316,4,6,5,0,31.1,Cloudy,Field C
2022-08-11,23:45,Cow_317,14,10,0,0,31.1,Cloudy,Field A
2022-08-11,23:45,Cow_318,0,0,0,15,31.1,Cloudy,Field C
2022-08-11,23:45,Cow_319,14,3,0,0,31.1,Cloudy,Field C
2022-08-11,23:45,Cow_320,5,2,8,0,31.1,Cloudy,Field A
2022-08-11,23:45,Cow_321,5,4,6,0,31.1,Cloudy,Field A
2022-08-11,23:45,Cow_322,9,2,4,0,31.1,Cloudy,Field C
2022-08-11,23:45,Cow_323,0,0,0,15,31.1,Cloudy,Field C
2022-08-11,23:45,Cow_324,8,1,6,0,31.1,Cloudy,Field B
2022-08-11,23:45,Cow_325,9,3,3,0,31.1,Cloudy,Field C
2022-08-11,23:45,Cow_326,2,9,4,0,31.1,Cloudy,Field C
2022-08-11,23:45,Cow_327,2,8,5,0,31.1,Cloudy,Field B
2022-08-11,23:45,Cow_328,4,5,6,0,31.1,Cloudy,Field A
2022-08-11,23:45,Cow_329,5,7,3,0,31.1,Cloudy,Field C
2022-08-11,23:45,Cow_330,5,8,2,0,31.1,Cloudy,Field A
2022-08-11,23:45,Cow_331,0,0,0,15,31.1,Cloudy,Field C
2022-08-11,23:45,Cow_332,0,0,0,15,31.1,Cloudy,Field B
2022-08-11,23:45,Cow_333,8,4,3,0,31.1,Cloudy,Field A
2022-08-11,23:45,Cow_334,0,10,7,0,31.1,Cloudy,Field A
2022-08-11,23:45,Cow_335,5,7,3,0,31.1,Cloudy,Field B
2022-08-11,23:45,Cow_336,14,5,0,0,31.1,Cloudy,Field B
2022-08-11,23:45,Cow_337,12,3,0,0,31.1,Cloudy,Field A
2022-08-11,23:45,Cow_338,10,0,7,0,31.1,Cloudy,Field B
2022-08-11,23:45,Cow_339,13,10,0,0,31.1,Cloudy,Field B
2022-08-11,23:45,Cow_340,9,2,4,0,31.1,Cloudy,Field C
2022-08-11,23:45,Cow_341,9,4,2,0,31.1,Cloudy,Field A
2022-08-11,23:45,Cow_342,8,8,0,0,31.1,Cloudy,Field B
2022-08-11,23:45,Cow_343,7,8,0,0,31.1,Cloudy,Field B
2022-08-11,23:45,Cow_344,6,3,6,0,31.1,Cloudy,Field C
2022-08-11,23:45,Cow_345,8,6,1,0,31.1,Cloudy,Field C
2022-08-11,23:45,Cow_346,3,6,6,0,31.1,Cloudy,Field A
2022-08-11,23:45,Cow_347,5,8,2,0,31.1,Cloudy,Field C
2022-08-11,23:45,Cow_348,8,5,2,0,31.1,Cloudy,Field B
2022-08-11,23:45,Cow_349,5,5,5,0,31.1,Cloudy,Field B
2022-08-11,23:45,Cow_350,14,3,0,0,31.1,Cloudy,Field C
2022-08-11,23:45,Cow_351,10,2,3,0,31.1,Cloudy,Field A
2022-08-11,23:45,Cow_352,5,6,4,0,31.1,Cloudy,Field B
2022-08-11,23:45,Cow_353,13,10,0,0,31.1,Cloudy,Field B
2022-08-11,23:45,Cow_354,8,9,0,0,31.1,Cloudy,Field A
2022-08-11,23:45,Cow_355,4,4,7,0,31.1,Cloudy,Field C
2022-08-11,23:45,Cow_356,6,7,2,0,31.1,Cloudy,Field C
2022-08-11,23:45,Cow_357,2,10,3,0,31.1,Cloudy,Field C
2022-08-11,23:45,Cow_358,12,0,5,0,31.1,Cloudy,Field A
2022-08-11,23:45,Cow_359,9,4,2,0,31.1,Cloudy,Field B
2022-08-11,23:45,Cow_360,7,5,3,0,31.1,Cloudy,Field C
2022-08-11,23:45,Cow_361,8,0,8,0,31.1,Cloudy,Field C
2022-08-11,23:45,Cow_362,14,6,0,0,31.1,Cloudy,Field C
2022-08-11,23:45,Cow_363,11,0,6,0,31.1,Cloudy,Field C
2022-08-11,23:45,Cow_364,5,2,8,0,31.1,Cloudy,Field A
2022-08-11,23:45,Cow_365,5,4,6,0,31.1,Cloudy,Field A
2022-08-11,23:45,Cow_366,15,6,0,0,31.1,Cloudy,Field C
2022-08-11,23:45,Cow_367,13,0,4,0,31.1,Cloudy,Field A
2022-08-11,23:45,Cow_368,13,5,0,0,31.1,Cloudy,Field A
2022-08-11,23:45,Cow_369,6,5,4,0,31.1,Cloudy,Field A
2022-08-11,23:45,Cow_370,10,4,1,0,31.1,Cloudy,Field C
2022-08-11,23:45,Cow_371,6,4,5,0,31.1,Cloudy,Field C
2022-08-11,23:45,Cow_372,0,0,0,15,31.1,Cloudy,Field C
2022-08-11,23:45,Cow_373,9,1,5,0,31.1,Cloudy,Field B
2022-08-11,23:45,Cow_374,11,1,3,0,31.1,Cloudy,Field A
2022-08-11,23:45,Cow_375,5,3,7,0,31.1,Cloudy,Field B
2022-08-11,23:45,Cow_376,0,0,0,15,31.1,Cloudy,Field B
2022-08-11,23:45,Cow_377,6,3,6,0,31.1,Cloudy,Field B
2022-08-11,23:45,Cow_378,4,8,3,0,31.1,Cloudy,Field C
2022-08-11,23:45,Cow_379,10,6,0,0,31.1,Cloudy,Field B
2022-08-11,23:45,Cow_380,6,8,1,0,31.1,Cloudy,Field C
2022-08-11,23:45,Cow_381,5,5,5,0,31.1,Cloudy,Field B
2022-08-11,23:45,Cow_382,12,4,0,0,31.1,Cloudy,Field A
2022-08-11,23:45,Cow_383,10,0,8,0,31.1,Cloudy,Field A
2022-08-11,23:45,Cow_384,14,10,0,0,31.1,Cloudy,Field A
2022-08-11,23:45,Cow_385,9,1,5,0,31.1,Cloudy,Field C
2022-08-11,23:45,Cow_386,6,2,7,0,31.1,Cloudy,Field B
2022-08-11,23:45,Cow_387,7,4,4,0,31.1,Cloudy,Field C
2022-08-11,23:45,Cow_388,10,10,0,0,31.1,Cloudy,Field A
2022-08-11,23:45,Cow_389,14,0,5,0,31.1,Cloudy,Field A
2022-08-11,23:45,Cow_390,0,10,8,0,31.1,Cloudy,Field C
2022-08-11,23:45,Cow_391,0,0,0,15,31.1,Cloudy,Field C
2022-08-11,23:45,Cow_392,12,0,4,0,31.1,Cloudy,Field A
2022-08-11,23:45,Cow_393,10,0,7,0,31.1,Cloudy,Field A
2022-08-11,23:45,Cow_394,5,4,6,0,31.1,Cloudy,Field B
2022-08-11,23:45,Cow_395,0,0,0,15,31.1,Cloudy,Field C
2022-08-11,23:45,Cow_396,0,0,0,15,31.1,Cloudy,Field A
2022-08-11,23:45,Cow_397,6,9,0,0,31.1,Cloudy,Field A
2022-08-11,23:45,Cow_398,7,4,4,0,31.1,Cloudy,Field A
2022-08-11,23:45,Cow_399,6,5,4,0,31.1,Cloudy,Field A
2022-08-11,23:45,Cow_400,12,3,0,0,31.1,Cloudy,Field B
2022-08-11,23:45,Cow_401,4,6,5,0,31.1,Cloudy,Field C
2022-08-11,23:45,Cow_402,8,5,2,0,31.1,Cloudy,Field B
2022-08-11,23:45,Cow_403,14,0,3,0,31.1,Cloudy,Field C
2022-08-11,23:45,Cow_404,12,0,3,0,31.1,Cloudy,Field A
2022-08-11,23:45,Cow_405,0,10,7,0,31.1,Cloudy,Field C
2022-08-11,23:45,Cow_406,10,7,0,0,31.1,Cloudy,Field C
2022-08-11,23:45,Cow_407,7,4,4,0,31.1,Cloudy,Field A
2022-08-11,23:45,Cow_408,3,6,6,0,31.1,Cloudy,Field C
2022-08-11,23:45,Cow_409,7,5,3,0,31.1,Cloudy,Field C
2022-08-11,23:45,Cow_410,5,2,8,0,31.1,Cloudy,Field A
2022-08-11,23:45,Cow_411,3,9,3,0,31.1,Cloudy,Field B
2022-08-11,23:45,Cow_412,0,11,7,0,31.1,Cloudy,Field C
2022-08-11,23:45,Cow_413,10,9,0,0,31.1,Cloudy,Field C
2022-08-11,23:45,Cow_414,13,9,0,0,31.1,Cloudy,Field C
2022-08-11,23:45,Cow_415,13,3,0,0,31.1,Cloudy,Field B
2022-08-11,23:45,Cow_416,14,0,4,0,31.1,Cloudy,Field C
2022-08-11,23:45,Cow_417,5,3,7,0,31.1,Cloudy,Field C
2022-08-11,23:45,Cow_418,8,0,7,0,31.1,Cloudy,Field A
2022-08-11,23:45,Cow_419,9,0,7,0,31.1,Cloudy,Field A
2022-08-11,23:45,Cow_420,11,10,0,0,31.1,Cloudy,Field B
2022-08-11,23:45,Cow_421,0,0,0,15,31.1,Cloudy,Field A
2022-08-11,23:45,Cow_422,13,8,0,0,31.1,Cloudy,Field A
2022-08-11,23:45,Cow_423,4,7,4,0,31.1,Cloudy,Field B
2022-08-11,23:45,Cow_424,11,9,0,0,31.1,Cloudy,Field B
2022-08-11,23:45,Cow_425,5,2,8,0,31.1,Cloudy,Field A
2022-08-11,23:45,Cow_426,3,6,6,0,31.1,Cloudy,Field C
2022-08-11,23:45,Cow_427,11,0,7,0,31.1,Cloudy,Field B
2022-08-11,23:45,Cow_428,10,7,0,0,31.1,Cloudy,Field B
2022-08-11,23:45,Cow_429,2,10,3,0,31.1,Cloudy,Field A
2022-08-11,23:45,Cow_430,14,8,0,0,31.1,Cloudy,Field B
2022-08-11,23:45,Cow_431,10,8,0,0,31.1,Cloudy,Field B
2022-08-11,23:45,Cow_432,14,0,3,0,31.1,Cloudy,Field B
2022-08-11,23:45,Cow_433,11,0,7,0,31.1,Cloudy,Field C
2022-08-11,23:45,Cow_434,4,5,6,0,31.1,Cloudy,Field C
2022-08-11,23:45,Cow_435,9,5,1,0,31.1,Cloudy,Field C
2022-08-11,23:45,Cow_436,14,0,4,0,31.1,Cloudy,Field A
2022-08-11,23:45,Cow_437,7,4,4,0,31.1,Cloudy,Field C
2022-08-11,23:45,Cow_438,9,3,3,0,31.1,Cloudy,Field A
2022-08-11,23:45,Cow_439,3,7,5,0,31.1,Cloudy,Field A
2022-08-11,23:45,Cow_440,4,5,6,0,31.1,Cloudy,Field A
2022-08-11,23:45,Cow_441,0,9,6,0,31.1,Cloudy,Field B
2022-08-11,23:45,Cow_442,11,0,7,0,31.1,Cloudy,Field C
2022-08-11,23:45,Cow_443,0,0,0,15,31.1,Cloudy,Field B
2022-08-11,23:45,Cow_444,7,5,3,0,31.1,Cloudy,Field C
2022-08-11,23:45,Cow_445,11,7,0,0,31.1,Cloudy,Field A
2022-08-11,23:45,Cow_446,9,3,3,0,31.1,Cloudy,Field A
2022-08-11,23:45,Cow_447,8,0,8,0,31.1,Cloudy,Field B
2022-08-11,23:45,Cow_448,7,5,3,0,31.1,Cloudy,Field A
2022-08-11,23:45,Cow_449,8,9,0,0,31.1,Cloudy,Field C
2022-08-11,23:45,Cow_450,8,0,7,0,31.1,Cloudy,Field B
2022-08-11,23:45,Cow_451,8,2,5,0,31.1,Cloudy,Field A
2022-08-11,23:45,Cow_452,10,5,0,0,31.1,Cloudy,Field A
2022-08-11,23:45,Cow_453,5,5,5,0,31.1,Cloudy,Field B
2022-08-11,23:45,Cow_454,0,0,0,15,31.1,Cloudy,Field A
2022-08-11,23:45,Cow_455,11,0,8,0,31.1,Cloudy,Field B
2022-08-11,23:45,Cow_456,8,4,3,0,31.1,Cloudy,Field B
2022-08-11,23:45,Cow_457,0,0,0,15,31.1,Cloudy,Field A
2022-08-11,23:45,Cow_458,5,6,4,0,31.1,Cloudy,Field B
2022-08-11,23:45,Cow_459,8,2,5,0,31.1,Cloudy,Field B
2022-08-11,23:45,Cow_460,8,7,0,0,31.1,Cloudy,Field A
2022-08-11,23:45,Cow_461,5,5,5,0,31.1,Cloudy,Field A
2022-08-11,23:45,Cow_462,0,0,0,15,31.1,Cloudy,Field C
2022-08-11,23:45,Cow_463,0,9,6,0,31.1,Cloudy,Field B
2022-08-11,23:45,Cow_464,14,3,0,0,31.1,Cloudy,Field B
2022-08-11,23:45,Cow_465,6,5,4,0,31.1,Cloudy,Field A
2022-08-11,23:45,Cow_466,6,3,6,0,31.1,Cloudy,Field B
2022-08-11,23:45,Cow_467,9,0,7,0,31.1,Cloudy,Field A
2022-08-11,23:45,Cow_468,5,8,2,0,31.1,Cloudy,Field C
2022-08-11,23:45,Cow_469,8,3,4,0,31.1,Cloudy,Field B
2022-08-11,23:45,Cow_470,5,9,1,0,31.1,Cloudy,Field A
2022-08-11,23:45,Cow_471,4,6,5,0,31.1,Cloudy,Field B
2022-08-11,23:45,Cow_472,14,0,8,0,31.1,Cloudy,Field A
2022-08-11,23:45,Cow_473,8,0,8,0,31.1,Cloudy,Field A
2022-08-11,23:45,Cow_474,8,10,0,0,31.1,Cloudy,Field C
2022-08-11,23:45,Cow_475,12,7,0,0,31.1,Cloudy,Field C
2022-08-11,23:45,Cow_476,14,6,0,0,31.1,Cloudy,Field C
2022-08-11,23:45,Cow_477,9,3,3,0,31.1,Cloudy,Field A
2022-08-11,23:45,Cow_478,14,10,0,0,31.1,Cloudy,Field A
2022-08-11,23:45,Cow_479,0,0,0,15,31.1,Cloudy,Field A
2022-08-11,23:45,Cow_480,1,9,5,0,31.1,Cloudy,Field B
2022-08-11,23:45,Cow_481,7,10,0,0,31.1,Cloudy,Field C
2022-08-11,23:45,Cow_482,4,3,8,0,31.1,Cloudy,Field B
2022-08-11,23:45,Cow_483,0,0,0,15,31.1,Cloudy,Field B
2022-08-11,23:45,Cow_484,1,8,6,0,31.1,Cloudy,Field B
2022-08-11,23:45,Cow_485,7,0,8,0,31.1,Cloudy,Field B
2022-08-11,23:45,Cow_486,9,2,4,0,31.1,Cloudy,Field A
2022-08-11,23:45,Cow_487,13,0,6,0,31.1,Cloudy,Field A
2022-08-11,23:45,Cow_488,7,0,8,0,31.1,Cloudy,Field C
2022-08-11,23:45,Cow_489,0,0,0,15,31.1,Cloudy,Field B
2022-08-11,23:45,Cow_490,12,10,0,0,31.1,Cloudy,Field B
2022-08-11,23:45,Cow_491,1,9,5,0,31.1,Cloudy,Field A
2022-08-11,23:45,Cow_492,1,8,6,0,31.1,Cloudy,Field B
2022-08-11,23:45,Cow_493,0,10,6,0,31.1,Cloudy,Field A
2022-08-11,23:45,Cow_494,9,3,3,0,31.1,Cloudy,Field A
2022-08-11,23:45,Cow_495,14,8,0,0,31.1,Cloudy,Field A
2022-08-11,23:45,Cow_496,13,0,7,0,31.1,Cloudy,Field A
2022-08-11,23:45,Cow_497,11,7,0,0,31.1,Cloudy,Field B
2022-08-11,23:45,Cow_498,6,5,4,0,31.1,Cloudy,Field C
2022-08-11,23:45,Cow_499,2,9,4,0,31.1,Cloudy,Field B
2022-08-11,23:45,Cow_500,5,7,3,0,31.1,Cloudy,Field C
